base_offset	offset	absdelta	probe_length	millis
30072765952	30067837440	4928512	512	3.122858
31877967872	31872391168	5576704	512	5.682976
58155772928	58150450176	5322752	512	12.264547
69849408512	69844050432	5358080	512	13.054966
49208380928	49201607168	6773760	512	9.750827
71185777664	71179145728	6631936	512	5.110259
34737526784	34731436544	6090240	512	8.362659
6365487616	6359149056	6338560	512	12.020629
60800276480	60795739136	4537344	512	6.503803
47816691712	47810948096	5743616	512	9.750999
53143478272	53136427008	7051264	512	12.478662
74870635520	74865178624	5456896	512	4.935759
19790420992	19784043008	6377984	512	6.190406
79493174784	79486429696	6745088	512	7.361992
48809467904	48801490432	7977472	512	4.969690
9278410240	9271731712	6678528	512	11.598928
67939506688	67931241472	8265216	512	8.164895
5102073344	5096205312	5868032	512	13.203073
72974211584	72969504768	4706816	512	2.700015
11525422080	11519711744	5710336	512	3.909210
61029715968	61023677952	6038016	512	13.585159
4321512960	4314304512	7208448	512	11.681228
22189190656	22183661056	5529600	512	5.567582
15114969088	15108058624	6910464	512	6.311844
54299320320	54291072000	8248320	512	9.478151
67065102848	67058890752	6212096	512	10.896343
77390854656	77384176640	6678016	512	4.146877
29931790336	29925672960	6117376	512	12.751916
34713823744	34707676672	6147072	512	11.643468
39787531776	39780033024	7498752	512	13.896223
53692055552	53684396032	7659520	512	8.010945
13197318144	13189891072	7427072	512	3.765283
48954985472	48946829824	8155648	512	9.499994
59686072832	59679297024	6775808	512	11.632180
17074503680	17069927936	4575744	512	9.055012
25808440320	25801761792	6678528	512	2.548464
54913174016	54907124224	6049792	512	6.427986
39389680128	39381671936	8008192	512	12.876888
67112696320	67107110912	5585408	512	13.365623
35282048512	35273950208	8098304	512	7.524072
53713338368	53705088000	8250368	512	4.833191
17449150976	17441722880	7428096	512	9.705627
78052748288	78045958656	6789632	512	8.787907
74689920000	74682656768	7263232	512	5.862583
79991042048	79984771584	6270464	512	9.794907
67978591232	67973916672	4674560	512	5.216870
13451081728	13443254272	7827456	512	4.101336
10185153024	10180685824	4467200	512	4.318631
27299502080	27295296000	4206080	512	4.569348
52775667712	52767498752	8168960	512	8.724731
34416057856	34411258368	4799488	512	4.498774
63690224640	63682223104	8001536	512	4.395090
71337081856	71330534912	6546944	512	8.127423
45119024128	45113531904	5492224	512	5.438978
29970152960	29964025856	6127104	512	3.333879
59915650048	59910203392	5446656	512	6.687171
42560321536	42555646976	4674560	512	11.361533
56563182592	56558378496	4804096	512	12.201587
69014689280	69007433728	7255552	512	7.941528
77485412352	77480581632	4830720	512	6.563409
7230786560	7223907328	6879232	512	9.247985
12542788608	12536389632	6398976	512	8.724779
20856916480	20852499456	4417024	512	3.428738
64577410048	64571091968	6318080	512	6.322720
7886183424	7881116160	5067264	512	12.689438
776639488	770786304	5853184	512	6.996025
42808923648	42803284480	5639168	512	4.393913
13625602560	13619724800	5877760	512	11.296900
25386189824	25378791424	7398400	512	3.809929
59953627136	59946101760	7525376	512	11.966365
37213583872	37206430208	7153664	512	11.410518
28486363648	28478888960	7474688	512	13.050424
20045874688	20040227328	5647360	512	10.945705
14379639808	14372648960	6990848	512	2.673204
19428260352	19423985152	4275200	512	13.237510
71687150592	71680203264	6947328	512	7.172622
60882305536	60874070016	8235520	512	7.087796
59593679360	59589133824	4545536	512	12.707862
61592842752	61587156480	5686272	512	4.120006
49817085440	49812625920	4459520	512	6.721782
27002894336	26996349440	6544896	512	5.726341
21966592512	21958244352	8348160	512	8.744822
3728958464	3721863168	7095296	512	7.614129
7350258176	7341956096	8302080	512	5.182132
7447135744	7442332672	4803072	512	7.437968
67684755968	67678906880	5849088	512	13.760928
75441081856	75436741120	4340736	512	6.608987
56398292992	56392368640	5924352	512	6.973143
23737265664	23730029568	7236096	512	7.685199
47393428992	47387829248	5599744	512	2.522826
20317975552	20312001536	5974016	512	6.244994
60167512064	60161764352	5747712	512	8.617727
8814227456	8808475648	5751808	512	4.802936
61829667328	61822426624	7240704	512	3.846003
69676208640	69668636160	7572480	512	6.278754
16871542784	16864130560	7412224	512	11.876555
41133640192	41125263360	8376832	512	12.587572
26291705344	26284701696	7003648	512	3.967672
43856939520	43851965440	4974080	512	9.877818
55056087552	55048807424	7280128	512	9.656554
6577012736	6570256384	6756352	512	13.794346
10316541440	10311752192	4789248	512	8.075325
21278628864	21272159744	6469120	512	13.306491
61764091392	61759231488	4859904	512	13.292553
74096569856	74091322368	5247488	512	3.531327
47821766144	47817202688	4563456	512	12.003936
44716254720	44708096000	8158720	512	10.886060
29081181184	29076409344	4771840	512	8.866375
23223965184	23216017920	7947264	512	10.993771
78675986432	78669496832	6489600	512	12.246109
65079921152	65074171904	5749248	512	4.356426
49883107840	49876320768	6787072	512	13.334526
53937075712	53930575872	6499840	512	2.659999
3703180288	3696774144	6406144	512	4.178655
40190281728	40182880768	7400960	512	10.084650
27725120000	27718508032	6611968	512	4.168306
54825365504	54820365312	5000192	512	9.025146
20286646272	20278368256	8278016	512	10.389816
9287680000	9282791424	4888576	512	4.021929
77998967808	77994555904	4411904	512	3.917918
9011725824	9003787264	7938560	512	12.648719
59595833344	59587495936	8337408	512	12.228034
47882498048	47875732992	6765056	512	5.346663
65295618048	65291205632	4412416	512	10.694499
11106021888	11099456512	6565376	512	3.048924
65286615040	65280391680	6223360	512	9.446786
40879651840	40875239936	4411904	512	11.549611
57368529920	57362014208	6515712	512	9.933167
7183792640	7178422272	5370368	512	4.038885
75021563904	75015400960	6162944	512	8.166960
19682500096	19676249600	6250496	512	9.262148
43285668352	43279238656	6429696	512	13.124660
2625706496	2617520128	8186368	512	13.329614
34576595968	34568275968	8320000	512	13.081351
78553996288	78545876992	8119296	512	7.009872
53989462528	53985013760	4448768	512	4.587626
13276795904	13269875200	6920704	512	6.077262
57688446976	57680175616	8271360	512	4.615835
46741369856	46735513088	5856768	512	4.873683
61066345472	61061807616	4537856	512	2.933847
11970488320	11964819456	5668864	512	4.840469
2939301376	2932989952	6311424	512	6.251647
79205868544	79198245888	7622656	512	5.556534
76064833024	76058102784	6730240	512	11.749001
45463082496	45458618368	4464128	512	3.579058
28772761088	28766224896	6536192	512	11.849282
30859988480	30854403584	5584896	512	7.434914
63722461696	63715597824	6863872	512	12.589936
72372231168	72364698624	7532544	512	6.439276
22932063744	22927410688	4653056	512	9.621289
76318420992	76310911488	7509504	512	13.601433
61590548480	61585576960	4971520	512	14.499633
58876394496	58869875200	6519296	512	13.047965
37396793344	37392034816	4758528	512	3.585447
10628410880	10623107584	5303296	512	3.857374
44090179584	44085030400	5149184	512	8.113439
496391680	491133952	5257728	512	12.417333
64848733184	64841586176	7147008	512	7.316575
7459046400	7451659776	7386624	512	13.656702
74815662080	74808100864	7561216	512	10.536703
57112872960	57108567552	4305408	512	6.499735
58111244800	58103849984	7394816	512	4.821542
38769816576	38764542976	5273600	512	5.911885
50880571904	50872788992	7782912	512	13.417265
54403847680	54396352512	7495168	512	11.599414
5978360320	5972825088	5535232	512	11.422288
9430015488	9422498816	7516672	512	12.978340
52906149376	52900170240	5979136	512	3.748484
24868551680	24862079488	6472192	512	7.498789
38801158656	38795233280	5925376	512	6.522840
29603979264	29598482432	5496832	512	4.933030
72639872000	72633495040	6376960	512	9.211059
49995439104	49989844992	5594112	512	7.527360
76268475392	76260138496	8336896	512	6.439986
38920043520	38912407040	7636480	512	13.253394
2856921600	2852238848	4682752	512	12.275701
62414533632	62409902080	4631552	512	9.321232
70265909248	70261364736	4544512	512	2.787876
57549296128	57543585792	5710336	512	4.041505
16812798464	16807804928	4993536	512	8.594432
42317374976	42309431808	7943168	512	10.079335
12191228928	12184064512	7164416	512	11.577695
33496351232	33488342528	8008704	512	11.601511
30790571008	30783098368	7472640	512	7.366983
67928977920	67921936384	7041536	512	10.569153
79959527936	79951950336	7577600	512	7.524305
35899894272	35893849600	6044672	512	3.135337
19089952768	19081863168	8089600	512	3.618129
65070602240	65064317440	6284800	512	7.390353
45101939200	45095990272	5948928	512	11.641662
65424501760	65420193792	4307968	512	2.939892
19394044928	19387560448	6484480	512	3.702575
44486277120	44480833536	5443584	512	9.587021
48863640576	48857135616	6504960	512	5.887363
559671296	553039360	6631936	512	10.581990
51772224000	51765209088	7014912	512	13.491160
6408810496	6404128256	4682240	512	11.994619
38614374400	38609420800	4953600	512	4.949503
9324625408	9319833600	4791808	512	6.167355
19326859776	19321340416	5519360	512	5.656760
16149332480	16141105152	8227328	512	11.541789
72591879168	72586358272	5520896	512	2.948627
8984366080	8977156608	7209472	512	8.820544
62931065856	62924972032	6093824	512	7.293192
60782341632	60774880768	7460864	512	2.825722
58764524032	58756152320	8371712	512	4.772320
67340744192	67335215616	5528576	512	10.725838
5872195072	5867486720	4708352	512	9.543729
3209229312	3202488320	6740992	512	6.105049
15104434688	15099677696	4756992	512	6.976637
71126464512	71118425088	8039424	512	12.868993
51831065088	51825738240	5326848	512	12.876112
73978761728	73972529664	6232064	512	12.120129
28846506496	28838952960	7553536	512	5.382794
42279514624	42273128448	6386176	512	3.110896
77670225920	77661980672	8245248	512	2.701656
77447195136	77441622016	5573120	512	13.966312
67551345664	67543201280	8144384	512	7.621487
79008950272	79004154368	4795904	512	8.302158
2061320192	2056605696	4714496	512	3.776540
77401988096	77396929024	5059072	512	6.204505
18892951552	18886127616	6823936	512	5.061921
36976408064	36969042944	7365120	512	4.222076
15089623040	15082142720	7480320	512	11.921847
41358394880	41353934336	4460544	512	10.230769
72982912512	72975224320	7688192	512	10.016343
33727954432	33722085888	5868544	512	7.503236
2751470080	2743151104	8318976	512	8.574853
44564966400	44556830208	8136192	512	4.935337
79710283264	79703838720	6444544	512	13.212529
27341570048	27337298944	4271104	512	12.286276
51583315456	51576183808	7131648	512	10.185751
37010221568	37002491904	7729664	512	10.753033
15057438208	15050117632	7320576	512	6.283177
34869434880	34862372352	7062528	512	7.399256
17086405632	17078522368	7883264	512	10.368207
10611802112	10604465152	7336960	512	12.382826
66336161792	66330007552	6154240	512	11.694257
2322902528	2317278720	5623808	512	2.662492
16307249664	16300443648	6806016	512	5.586891
29610308096	29603448320	6859776	512	10.400642
323154944	316113408	7041536	512	11.089892
2695691264	2687313920	8377344	512	4.417949
19035791872	19028058624	7733248	512	13.836904
78199380992	78192918528	6462464	512	4.119840
48394887168	48389066240	5820928	512	5.816228
78049199104	78042362880	6836224	512	15.080516
13409582080	13402947584	6634496	512	12.588699
48611221504	48605044736	6176768	512	5.578627
55079208448	55072357376	6851072	512	12.834246
28747203584	28741583872	5619712	512	6.609855
38198865920	38191391232	7474688	512	12.543805
59038793216	59033018368	5774848	512	5.955715
35106563584	35100855808	5707776	512	11.516662
15715089920	15706789376	8300544	512	10.046003
28802874368	28796388864	6485504	512	3.825812
10511898112	10506348032	5550080	512	9.508548
9956958208	9950209024	6749184	512	9.974859
53442867712	53435821056	7046656	512	5.272717
26314023424	26306391040	7632384	512	9.320028
40113980928	40108576256	5404672	512	12.606987
77985256448	77979442688	5813760	512	13.071264
38550732800	38544909824	5822976	512	2.793239
30429667840	30423045632	6622208	512	9.608555
35035041792	35029800960	5240832	512	2.737018
15012577280	15005710336	6866944	512	7.190868
73447106048	73442574848	4531200	512	2.560450
38638435328	38630621696	7813632	512	5.711489
57951319040	57946228224	5090816	512	3.702159
58893624832	58887616000	6008832	512	5.185401
50709178368	50701648384	7529984	512	11.185380
14428696064	14421914112	6781952	512	9.245634
38286864384	38282007552	4856832	512	12.216084
20522386944	20515182592	7204352	512	5.533668
52517798400	52511466496	6331904	512	9.604431
68314626560	68306609152	8017408	512	13.813235
16538372096	16533539328	4832768	512	11.237577
62794677760	62788516352	6161408	512	9.654146
13937210368	13931915264	5295104	512	4.005207
9486950400	9479854592	7095808	512	13.252410
47351003136	47346343936	4659200	512	9.413285
18180198400	18172699136	7499264	512	8.062384
5164171776	5155786752	8385024	512	13.672020
67352756224	67348444160	4312064	512	8.202678
77738058240	77733427712	4630528	512	3.930828
14980553728	14973758464	6795264	512	9.007850
76734597120	76727351808	7245312	512	6.920299
78404089856	78396395008	7694848	512	7.569447
17175004160	17170355200	4648960	512	7.299515
8507998720	8499984896	8013824	512	11.707801
58134587392	58128353280	6234112	512	12.253960
44386626048	44381801472	4824576	512	7.575635
32878886912	32874271744	4615168	512	12.688518
23927529984	23920273920	7256064	512	7.165199
15215697920	15210444800	5253120	512	5.012280
76144170496	76135984640	8185856	512	5.502464
66104154112	66099329024	4825088	512	6.637332
57461553664	57457131008	4422656	512	3.042955
35207451648	35203247616	4204032	512	11.859981
46106582016	46101091328	5490688	512	5.552900
6527714816	6522928128	4786688	512	9.582615
31102561280	31094625280	7936000	512	7.056744
55832494080	55824917504	7576576	512	10.350451
3078773248	3074006016	4767232	512	10.451037
68279382016	68274455552	4926464	512	5.943695
43333564416	43328450048	5114368	512	9.043917
34488681984	34482060800	6621184	512	7.304529
33226314240	33220134400	6179840	512	8.990664
26909839872	26904694784	5145088	512	11.627969
74131856384	74127214592	4641792	512	7.678170
53883831808	53878135808	5696000	512	7.347269
9035973632	9030407168	5566464	512	8.976925
18301185536	18295840256	5345280	512	11.510134
54596041216	54589884416	6156800	512	9.808655
41630883328	41625917952	4965376	512	4.709976
21216710656	21209555968	7154688	512	13.275583
27614872576	27609313280	5559296	512	10.919659
52412748288	52407118336	5629952	512	10.931550
7362736128	7354473984	8262144	512	6.044134
9844012032	9837361152	6650880	512	12.180756
77274584064	77268764160	5819904	512	8.139556
25319728128	25312570880	7157248	512	11.459409
75556461568	75548967936	7493632	512	12.250816
9938293248	9930141184	8152064	512	7.753423
41435331584	41429171200	6160384	512	12.601916
1728065536	1721489408	6576128	512	11.768569
24510472704	24503716864	6755840	512	10.002838
9997773312	9990146048	7627264	512	8.585725
63288385024	63282034176	6350848	512	10.262578
61560206336	61551829504	8376832	512	7.295848
39802863616	39796783104	6080512	512	5.400637
72702368768	72697128448	5240320	512	8.515266
20031650304	20024964096	6686208	512	8.407382
6374052352	6366310400	7741952	512	10.270660
45524048384	45518546944	5501440	512	5.312098
56419821056	56414995456	4825600	512	11.668569
14977527296	14970328064	7199232	512	9.018376
37424458240	37419098624	5359616	512	8.671275
78838467072	78833678336	4788736	512	8.317636
16741173760	16734627840	6545920	512	11.579470
76974915072	76967385088	7529984	512	13.624168
6254189056	6249125376	5063680	512	12.665405
26538374656	26530074112	8300544	512	11.775887
60366628864	60360518656	6110208	512	5.026481
48193136128	48185032192	8103936	512	10.886850
4426556416	4419800064	6756352	512	5.794550
55081294848	55073482752	7812096	512	3.574566
41081995264	41074120192	7875072	512	7.049626
74975299584	74970933248	4366336	512	8.777793
78161586176	78155048448	6537728	512	10.222158
24950438400	24943280640	7157760	512	11.409509
953380864	945701376	7679488	512	6.461158
63676146176	63671407616	4738560	512	3.854795
70053291520	70044918784	8372736	512	8.433576
22004601344	21997838336	6763008	512	6.568850
35096295936	35091001344	5294592	512	12.538791
15353460224	15348007424	5452800	512	9.074627
40691743744	40683643904	8099840	512	10.487657
53936562688	53930295296	6267392	512	11.241034
444268032	439058944	5209088	512	2.359300
30085833728	30079816704	6017024	512	6.043536
24298827264	24292943872	5883392	512	3.249843
58377440768	58371736576	5704192	512	14.517234
839072768	832010240	7062528	512	10.544043
22262213632	22255618560	6595072	512	10.392050
18221217792	18215529984	5687808	512	3.631427
24842703360	24837335552	5367808	512	4.378667
15245554176	15238729216	6824960	512	8.252013
32833801728	32826582016	7219712	512	4.331092
34986121728	34978444800	7676928	512	10.580613
25374773248	25369875456	4897792	512	8.258236
41750651392	41745991680	4659712	512	5.180108
75389741056	75381816832	7924224	512	3.206798
22635124736	22627566592	7558144	512	6.683684
73262589952	73258000896	4589056	512	6.969484
65690823680	65686160896	4662784	512	11.849139
39213300736	39208754176	4546560	512	6.242072
6973263360	6967898624	5364736	512	4.126169
66336045056	66331832832	4212224	512	7.890613
26653929472	26647324672	6604800	512	13.600070
47075609088	47070494208	5114880	512	6.432043
66314919424	66309596160	5323264	512	10.811039
61599916544	61591659520	8257024	512	11.038977
58067946496	58061359616	6586880	512	5.983384
14214787584	14208795648	5991936	512	8.602587
29484263424	29476796928	7466496	512	7.466780
10949912064	10941938176	7973888	512	11.865037
79663325696	79658816000	4509696	512	11.706891
63307706880	63301020160	6686720	512	8.911289
57750211072	57742839808	7371264	512	12.516010
65438548992	65430696960	7852032	512	11.148851
53502800384	53498199040	4601344	512	11.369533
22271437824	22263813632	7624192	512	5.117124
66023360512	66017897984	5462528	512	6.282234
21800475136	21792943616	7531520	512	7.341127
6614170624	6607407104	6763520	512	2.504037
2662244352	2657862144	4382208	512	9.630662
41821543936	41815968768	5575168	512	4.285341
38173133312	38165696000	7437312	512	13.478308
52378295808	52371462144	6833664	512	9.360731
783952896	778703360	5249536	512	12.625718
74700262400	74692520960	7741440	512	13.070890
43852780544	43845570560	7209984	512	10.946984
55486364160	55481387520	4976640	512	9.675744
51767161856	51760965120	6196736	512	6.852451
23892325888	23884394496	7931392	512	11.398518
20938528768	20931384320	7144448	512	8.806560
56931397632	56926240768	5156864	512	11.059417
45905376256	45898251776	7124480	512	9.536438
27049736192	27043690496	6045696	512	8.521839
77493285888	77486144512	7141376	512	3.147374
69190115328	69182708224	7407104	512	9.175563
68072360960	68064163328	8197632	512	10.406432
75292177408	75285996032	6181376	512	3.058804
51236383744	51229280256	7103488	512	2.636874
47331551232	47323853824	7697408	512	12.617465
79688933376	79683940864	4992512	512	8.907675
45471017472	45466578944	4438528	512	4.226139
35644709888	35637515776	7194112	512	13.427805
61115402752	61109473792	5928960	512	5.876195
39564004352	39557943808	6060544	512	12.396746
11427174400	11422391808	4782592	512	6.400052
21555897344	21548713472	7183872	512	6.048143
30465402368	30459204608	6197760	512	10.919190
13781430784	13774189568	7241216	512	8.074320
59463672320	59456558080	7114240	512	4.119853
25638021120	25630784512	7236608	512	7.688097
19504929792	19500456448	4473344	512	13.191665
65549611520	65541306880	8304640	512	8.709765
18485609472	18478074368	7535104	512	7.242173
70665880576	70658494976	7385600	512	12.866009
16353700352	16348979200	4721152	512	13.834398
75217898496	75212546560	5351936	512	6.953613
7056334336	7050518528	5815808	512	3.296422
21823085056	21815553024	7532032	512	9.145531
73632289280	73624923136	7366144	512	13.123213
18151620096	18145078784	6541312	512	2.373082
20833907712	20827725312	6182400	512	10.752492
32446089728	32438381056	7708672	512	8.102626
66398974976	66391120384	7854592	512	11.252642
34632501760	34624658432	7843328	512	6.495047
5866979840	5862374400	4605440	512	2.576024
5915300352	5907351552	7948800	512	3.793858
56233529344	56227310080	6219264	512	9.410432
6784364544	6779399680	4964864	512	3.870058
61152471552	61147291136	5180416	512	12.582072
63567074304	63558920704	8153600	512	8.832479
21166998528	21160312320	6686208	512	8.289624
66405404160	66399207424	6196736	512	10.301835
44569775104	44561966080	7809024	512	13.604278
35491704832	35487412736	4292096	512	7.807940
49341788672	49336562688	5225984	512	6.616145
62272604160	62265096704	7507456	512	11.315713
67672466944	67664137216	8329728	512	4.135812
2127341056	2122816000	4525056	512	7.871037
18498836992	18493165056	5671936	512	4.006976
79439411712	79434806272	4605440	512	5.696709
68084300800	68077524992	6775808	512	12.160887
4395029504	4390077952	4951552	512	6.393158
41961651200	41957395456	4255744	512	13.248731
77998982656	77992940032	6042624	512	12.632203
52113664512	52106290688	7373824	512	8.025090
52344724480	52339512320	5212160	512	5.020233
17980757504	17975814656	4942848	512	9.734164
51909085696	51901558784	7526912	512	14.822295
20965814272	20959852032	5962240	512	14.754026
68297195008	68291462656	5732352	512	8.428240
35005032960	34997398528	7634432	512	11.680661
920447488	915682816	4764672	512	10.923052
29465408000	29458770944	6637056	512	9.358954
16366967296	16360815616	6151680	512	13.276985
25435887616	25427587584	8300032	512	11.769458
43869594112	43863284736	6309376	512	5.130142
57204288512	57198920192	5368320	512	4.839621
25828175360	25821671936	6503424	512	6.732073
48038534656	48031562240	6972416	512	13.657059
8453501440	8445764608	7736832	512	8.492499
3085631488	3079511040	6120448	512	7.465683
62026907136	62019956736	6950400	512	12.934420
8516214784	8508466688	7748096	512	10.131805
46660075008	46654927360	5147648	512	3.625927
42715672064	42710940160	4731904	512	9.912131
24718239232	24710712832	7526400	512	9.984022
6336854528	6330390016	6464512	512	9.220450
32430580224	32423878656	6701568	512	9.590729
61714584576	61709023744	5560832	512	8.135221
69377943040	69369809920	8133120	512	7.351996
57923456512	57916237824	7218688	512	7.766099
58024656896	58020352512	4304384	512	6.533639
48599864832	48595418624	4446208	512	4.055890
65046675968	65042199040	4476928	512	8.602760
3870652928	3864541696	6111232	512	5.880505
67612416000	67606431744	5984256	512	9.113770
21395918848	21390697472	5221376	512	3.286409
7818237440	7812995072	5242368	512	8.751160
6292406784	6285431808	6974976	512	7.065453
78587423232	78579712512	7710720	512	13.276150
23016030720	23007849472	8181248	512	3.509319
61428311040	61422436864	5874176	512	9.419078
43933327872	43927547392	5780480	512	9.934119
42324382720	42319191040	5191680	512	7.034231
59747020800	59741919232	5101568	512	7.880712
12040874496	12034207232	6667264	512	11.828367
1067883520	1061129216	6754304	512	7.894060
2434701312	2427853312	6848000	512	5.865148
47396910592	47388837888	8072704	512	11.731990
36261235712	36253974528	7261184	512	11.667092
20434456064	20428721152	5734912	512	11.804245
22987642368	22983056384	4585984	512	14.796401
26538513920	26533575168	4938752	512	7.314393
12405343744	12397261312	8082432	512	9.385150
64756579328	64749891584	6687744	512	12.901462
79900298240	79893995520	6302720	512	8.360578
40080535552	40072482816	8052736	512	11.723489
28156672512	28151965696	4706816	512	11.037865
77684613632	77678900736	5712896	512	8.084954
65200594432	65192364032	8230400	512	11.040459
29697278464	29692413440	4865024	512	6.550390
49321691136	49316266496	5424640	512	3.001940
77273793024	77266886656	6906368	512	10.370128
79625201664	79619256832	5944832	512	12.034052
17737125888	17728873472	8252416	512	10.936989
22322687488	22316350464	6337024	512	11.872942
25699809792	25693965312	5844480	512	4.102648
49202351104	49194614784	7736320	512	6.995402
20700616192	20695474688	5141504	512	5.154615
76818238976	76811025408	7213568	512	9.354323
30590234112	30583217664	7016448	512	8.264891
8255440896	8249929728	5511168	512	10.108606
44569924608	44565709312	4215296	512	3.194053
15166547968	15158328832	8219136	512	4.437389
27976972800	27970842624	6130176	512	6.488406
78410276352	78402585088	7691264	512	9.456933
18991123968	18985747968	5376000	512	10.830791
75034205184	75029275136	4930048	512	7.998613
23355318272	23347906048	7412224	512	3.435531
48817106944	48811710976	5395968	512	8.012929
31344762880	31340301824	4461056	512	13.693446
61945546752	61939517952	6028800	512	2.790958
56823488000	56817048576	6439424	512	12.204485
49928468480	49920897536	7570944	512	10.051208
29713976320	29708146688	5829632	512	10.623777
55520448000	55513486336	6961664	512	9.606038
23914264576	23906433536	7831040	512	2.632257
54956891136	54951424000	5467136	512	4.730377
44377149952	44372091904	5058048	512	10.491940
49124871680	49116848640	8023040	512	3.838708
64487934464	64480901120	7033344	512	10.981452
33065400320	33057893888	7506432	512	6.550445
60772839424	60766467072	6372352	512	8.175660
64768468992	64763548672	4920320	512	3.490148
74306582016	74302372352	4209664	512	5.346924
25068989952	25063526912	5463040	512	3.968920
34497628160	34491885056	5743104	512	10.621642
76428737536	76422662144	6075392	512	13.752115
16895605248	16887954944	7650304	512	4.559564
60927409664	60919780864	7628800	512	10.229954
75738331648	75731196928	7134720	512	3.691266
49111730176	49104404480	7325696	512	4.137328
48117832192	48112895488	4936704	512	11.137852
39943981056	39938334720	5646336	512	5.544828
24579999232	24573482496	6516736	512	6.437496
46929473024	46925224448	4248576	512	11.255137
65292579328	65288351744	4227584	512	7.489703
22614804992	22606867456	7937536	512	7.148822
67890400256	67882415104	7985152	512	5.433176
35972287488	35966891520	5395968	512	10.032529
68155868160	68150050304	5817856	512	3.688978
51444647424	51438500352	6147072	512	12.567296
33482328576	33474949632	7378944	512	13.484042
18671412736	18664674816	6737920	512	7.113154
36342361600	36337208832	5152768	512	6.812610
45923499008	45915196416	8302592	512	5.596968
12335841792	12331242496	4599296	512	10.569983
78186485760	78178572288	7913472	512	15.830460
28132758528	28126036992	6721536	512	10.825738
29878553088	29872111104	6441984	512	4.838228
59766977536	59758647808	8329728	512	4.177988
11769840640	11764817408	5023232	512	12.086590
22770774528	22764542464	6232064	512	9.576708
26456585216	26451793920	4791296	512	11.036383
30786027008	30780137984	5889024	512	9.169677
50203249152	50196760576	6488576	512	12.318509
43999406592	43991495680	7910912	512	10.741662
3275281920	3268096512	7185408	512	5.586817
72874557952	72869252096	5305856	512	10.747189
56375519232	56367764480	7754752	512	12.322434
3257391616	3249795072	7596544	512	5.899418
13428994560	13423595520	5399040	512	12.714222
65759051776	65752046080	7005696	512	13.719591
23532331008	23527277056	5053952	512	2.561677
53265335808	53260406784	4929024	512	3.723039
15794390528	15786405376	7985152	512	7.901507
43807299584	43800734720	6564864	512	9.522939
40413942272	40407397376	6544896	512	2.613527
49985071616	49980412416	4659200	512	5.732741
33864774656	33858580992	6193664	512	8.663807
24841464320	24833122816	8341504	512	10.732961
64123747840	64115681792	8066048	512	5.207545
46670268416	46663972864	6295552	512	6.968633
26185038848	26180524032	4514816	512	6.361174
74097472512	74089428992	8043520	512	4.419030
822985216	817659904	5325312	512	11.000655
64553876992	64547807232	6069760	512	3.288427
62533426688	62526251520	7175168	512	5.816841
20874270720	20868567552	5703168	512	12.533683
37917040640	37910166528	6874112	512	9.220463
12006985728	11999038464	7947264	512	12.486537
45878409728	45872852480	5557248	512	8.382070
72439551488	72434135040	5416448	512	4.873938
6592149504	6587922944	4226560	512	11.069843
69882731008	69875096576	7634432	512	4.171284
79041891840	79033679360	8212480	512	10.974934
22662491136	22655274496	7216640	512	5.277199
66095999488	66090195456	5804032	512	13.748764
38705733120	38700436992	5296128	512	7.197885
42818141184	42811355136	6786048	512	12.925723
31657597952	31650525696	7072256	512	7.907547
29480965120	29473390080	7575040	512	4.852947
40702818816	40697659392	5159424	512	10.753208
28783043584	28777801216	5242368	512	4.658075
71998998016	71994243072	4754944	512	12.063890
76189096448	76184110592	4985856	512	7.957023
46369214976	46362089984	7124992	512	9.607417
51555198464	51547258880	7939584	512	14.153913
72705354240	72700731904	4622336	512	5.734226
30858311680	30851592192	6719488	512	7.322996
67759276544	67752244224	7032320	512	12.698192
65210228736	65203575296	6653440	512	4.752185
39905421312	39898844672	6576640	512	11.046629
7220710912	7216421888	4289024	512	11.502487
68612172800	68607390208	4782592	512	10.860985
33444000768	33438783488	5217280	512	3.433579
33809522176	33802935808	6586368	512	8.152182
43376443392	43370327040	6116352	512	12.136371
41813134848	41808400896	4733952	512	12.493984
2434392576	2426272256	8120320	512	6.194219
13357968896	13353414656	4554240	512	11.616395
3236006400	3228098560	7907840	512	8.263767
76323269632	76316349952	6919680	512	6.743460
44690556928	44683812352	6744576	512	2.855774
71654627328	71650051584	4575744	512	9.259156
52073967104	52068333056	5634048	512	4.203984
22174990848	22168075264	6915584	512	2.973234
70766914048	70761465344	5448704	512	9.760132
46888991232	46882307072	6684160	512	12.200044
43319708160	43312254464	7453696	512	9.160711
44051419648	44046665216	4754432	512	9.309006
76490753024	76482424832	8328192	512	6.749855
43888506368	43881788928	6717440	512	3.555530
10628801024	10623658496	5142528	512	7.451661
65662728704	65657803264	4925440	512	3.329549
9280861696	9273703424	7158272	512	9.911594
21222124544	21217416704	4707840	512	5.951277
9224294912	9217173504	7121408	512	12.680916
14416666112	14409466368	7199744	512	10.907754
58073744384	58067840512	5903872	512	7.617047
68240612352	68235859456	4752896	512	2.600158
60302556160	60297652736	4903424	512	2.756971
88799744	81516032	7283712	512	5.754659
33587538432	33582809088	4729344	512	6.283831
25963677184	25956531200	7145984	512	11.722687
51746250752	51739340800	6909952	512	5.384672
19794522112	19789179904	5342208	512	11.646906
77424060928	77416068608	7992320	512	5.977222
11339925504	11332592128	7333376	512	5.986411
17350630400	17345845248	4785152	512	4.128558
26559290880	26553688576	5602304	512	9.926263
22635627520	22628814848	6812672	512	5.406516
26868909056	26863430656	5478400	512	12.902516
74692514304	74685825536	6688768	512	6.985680
38337587200	38329622528	7964672	512	9.347088
5317736448	5312056832	5679616	512	8.232575
74791877120	74786200064	5677056	512	7.853935
14655193600	14650404864	4788736	512	6.275057
76409899520	76401761792	8137728	512	7.578162
47818990592	47814233088	4757504	512	4.879004
41835931648	41827838464	8093184	512	6.052293
5044145152	5037294080	6851072	512	3.729395
47474804224	47468388352	6415872	512	8.305767
17135168000	17127288320	7879680	512	10.332260
42969591808	42965351424	4240384	512	2.545426
55848685056	55843902464	4782592	512	4.177544
68713560576	68706796544	6764032	512	10.658711
19058051584	19051099136	6952448	512	11.422928
21641384448	21634650624	6733824	512	13.780449
56987102208	56980098560	7003648	512	11.345252
5227506176	5222484992	5021184	512	4.862213
44176908800	44170836992	6071808	512	8.611054
29749210624	29742124032	7086592	512	9.421062
26232955392	26227927040	5028352	512	3.279191
33230664192	33225250304	5413888	512	9.603958
23201469952	23196329984	5139968	512	11.747015
23148831744	23143369216	5462528	512	13.247725
24850780160	24843371008	7409152	512	3.568447
77910258688	77902152704	8105984	512	12.323949
35892322816	35888003072	4319744	512	7.226272
33262383616	33256556544	5827072	512	8.515634
30320302592	30314906624	5395968	512	12.055291
54985305600	54981088256	4217344	512	13.142678
33123911680	33116203008	7708672	512	9.819120
62555560448	62551280128	4280320	512	10.995226
28714785792	28706981376	7804416	512	5.232752
32123077632	32116189184	6888448	512	3.184707
55775962624	55769144320	6818304	512	11.075060
54124321792	54119534592	4787200	512	5.925531
26725562368	26719546368	6016000	512	9.218477
69544882688	69537513472	7369216	512	3.990444
15371902464	15365763584	6138880	512	9.004391
50960324096	50952943616	7380480	512	6.085448
45551930368	45547672576	4257792	512	9.152026
11020605952	11014650368	5955584	512	9.437243
2497917440	2492477440	5440000	512	6.700486
27249527296	27241497088	8030208	512	7.099560
25325042688	25318416384	6626304	512	13.078742
23138810368	23132328960	6481408	512	7.330054
74575215616	74570460160	4755456	512	3.480735
57967884288	57961246720	6637568	512	6.374878
34230780928	34225885184	4895744	512	13.253042
64715707904	64710661632	5046272	512	8.691840
48710214144	48702032896	8181248	512	8.817684
68524974080	68517675520	7298560	512	10.109563
8961705472	8954348032	7357440	512	5.479232
68249061888	68243314688	5747200	512	6.085788
78753259520	78745636864	7622656	512	9.512245
57468805632	57462953472	5852160	512	6.212385
65142931968	65137276928	5655040	512	7.501881
11810633728	11806211584	4422144	512	5.307806
35435534336	35428488704	7045632	512	5.905086
74621541376	74614885888	6655488	512	5.324780
3112408576	3104067072	8341504	512	9.944133
8008629760	8003593728	5036032	512	2.156641
37150263808	37143781376	6482432	512	8.092227
41638350848	41633196032	5154816	512	10.880663
32781968384	32775170048	6798336	512	5.427404
76256534528	76248650240	7884288	512	8.396540
70275225088	70269258752	5966336	512	10.049153
40080268800	40074298880	5969920	512	8.269978
16083307520	16078185984	5121536	512	5.639512
33433860608	33429381120	4479488	512	3.234428
71188625920	71183227904	5398016	512	7.022142
47667332096	47662523392	4808704	512	3.522110
63568875008	63561074688	7800320	512	10.770411
35516526080	35508957696	7568384	512	13.269317
44858341376	44853267968	5073408	512	10.163821
73585910784	73580275712	5635072	512	9.373277
30265722880	30259375104	6347776	512	7.188585
15865682432	15861474816	4207616	512	3.678981
9997373440	9992872960	4500480	512	3.553542
48990043648	48985624064	4419584	512	11.338178
26721844224	26716983808	4860416	512	6.270051
51639140864	51631996928	7143936	512	9.977745
24593956864	24585656832	8300032	512	8.941919
45708907008	45703649280	5257728	512	11.829958
809142784	801446912	7695872	512	6.114253
4605370880	4597217792	8153088	512	12.251985
8566139904	8558155776	7984128	512	11.652372
47069142528	47060828672	8313856	512	5.199150
7012930048	7006693888	6236160	512	11.565809
21308832768	21301827584	7005184	512	12.054116
18720878592	18713228800	7649792	512	4.550067
26316883456	26311651840	5231616	512	7.693651
65417335808	65412364800	4971008	512	11.017112
24924663296	24916604416	8058880	512	6.484853
1160056320	1152595968	7460352	512	11.113544
18037573120	18029209088	8364032	512	8.474017
63973895680	63966031360	7864320	512	13.655299
41565461504	41558440960	7020544	512	10.803719
56323564544	56316378112	7186432	512	8.679042
41112002048	41106839552	5162496	512	10.682544
35798221312	35791791104	6430208	512	2.767117
60602737152	60594618880	8118272	512	12.457536
4725724160	4718862848	6861312	512	12.716610
10279678464	10271306240	8372224	512	12.099025
67088477696	67083319808	5157888	512	14.071144
68163772928	68156713984	7058944	512	9.967280
27301789184	27295140864	6648320	512	12.597914
64951115264	64945933312	5181952	512	10.887829
12749379072	12741236736	8142336	512	6.152246
43268504064	43260303360	8200704	512	9.728105
75523179008	75516729856	6449152	512	13.155726
11599332352	11595057664	4274688	512	10.516401
11714606592	11707708928	6897664	512	6.627766
66281270272	66274018816	7251456	512	3.856432
61529366528	61523069952	6296576	512	3.687033
42400646144	42395225088	5421056	512	10.164951
77329027072	77323376640	5650432	512	8.858931
37368150528	37363907072	4243456	512	7.310849
14355617280	14349393408	6223872	512	12.614900
58489363456	58484903936	4459520	512	8.941593
43792196608	43787501056	4695552	512	10.886750
9730194944	9722596864	7598080	512	15.805476
8281359872	8275096576	6263296	512	2.616265
74010357760	74004477952	5879808	512	9.488169
31165173760	31157569024	7604736	512	4.135783
48714907136	48710273024	4634112	512	10.081665
37486465024	37480410624	6054400	512	9.489662
13906787328	13901791744	4995584	512	10.927997
44975429120	44968751104	6678016	512	4.617018
34967868928	34959770624	8098304	512	4.728086
37054493696	37048339456	6154240	512	7.090552
70308454400	70302158336	6296064	512	7.796581
40115156480	40109538816	5617664	512	5.298799
77077105152	77071926272	5178880	512	12.160103
66805788672	66799716864	6071808	512	6.317368
48594378752	48588759040	5619712	512	11.388335
3867947008	3863228416	4718592	512	10.485057
3049305088	3044877312	4427776	512	8.639892
4944791040	4938558464	6232576	512	6.120686
67514333184	67507270144	7063040	512	8.786694
15989850624	15982035456	7815168	512	8.831362
35848649216	35842770944	5878272	512	7.257547
76860495360	76854088192	6407168	512	4.558691
78714505728	78708303872	6201856	512	5.909828
73899683328	73892739072	6944256	512	15.096684
61614348288	61609111552	5236736	512	10.753265
42385751552	42379254272	6497280	512	9.383810
41354974720	41347318272	7656448	512	12.704125
52341896192	52335956480	5939712	512	3.032156
10205958656	10199358464	6600192	512	13.390185
37294703104	37288035840	6667264	512	3.343684
55179098624	55171964416	7134208	512	2.798194
74807653376	74802556928	5096448	512	11.061026
55814300160	55808362496	5937664	512	11.707301
52671045120	52664357888	6687232	512	13.458957
14822595072	14818188800	4406272	512	5.689822
37162380288	37158064128	4316160	512	5.501525
18574085632	18566609408	7476224	512	10.443158
49753846272	49746863104	6983168	512	7.851113
54115545600	54107521024	8024576	512	6.678675
34710708224	34703012864	7695360	512	10.130814
29905580544	29898525696	7054848	512	8.357684
75380548096	75373222400	7325696	512	14.091397
48515097088	48509658112	5438976	512	13.405215
24988199936	24981322240	6877696	512	7.064673
59253363200	59248920064	4443136	512	9.425085
62141090304	62133604352	7485952	512	11.977131
61438356992	61433416704	4940288	512	8.797882
16210784256	16204694016	6090240	512	3.599347
58401007616	58392943616	8064000	512	3.017296
79441406976	79433517568	7889408	512	3.012439
40070443520	40063883264	6560256	512	11.492822
62797434880	62791937536	5497344	512	11.892660
38794459648	38788831744	5627904	512	7.856941
36597090304	36588914688	8175616	512	4.008526
78049562624	78043293184	6269440	512	9.421300
74226812928	74222075392	4737536	512	4.124333
3324036096	3318872576	5163520	512	12.880015
9994731008	9990285824	4445184	512	4.804602
35753543680	35745642496	7901184	512	3.067871
79064668672	79056367616	8301056	512	5.133979
33159170560	33152335360	6835200	512	13.033355
10321374208	10316647424	4726784	512	9.523520
57794787328	57787230720	7556608	512	7.101258
79383389184	79375688192	7700992	512	13.193467
51013387776	51006775808	6611968	512	7.085038
18824516608	18819265536	5251072	512	2.560875
8876876800	8871871488	5005312	512	12.532594
27281402368	27274238976	7163392	512	10.786813
54024871424	54016543744	8327680	512	8.990813
58576557568	58570767360	5790208	512	5.464422
31591827456	31587089920	4737536	512	9.681434
3128854528	3122263552	6590976	512	9.389137
44493016576	44484933120	8083456	512	4.500570
44188520448	44182145024	6375424	512	3.442669
69429363712	69422709248	6654464	512	11.930582
77941506048	77935358976	6147072	512	8.266903
52557281792	52551632384	5649408	512	3.793023
57348834816	57341925888	6908928	512	7.648681
73948396544	73942063616	6332928	512	12.894722
36978315776	36972713472	5602304	512	11.765110
12977871872	12972357120	5514752	512	10.268853
46205301760	46197877760	7424000	512	10.804566
32790662144	32782400512	8261632	512	14.884233
76032080896	76026960384	5120512	512	4.635023
27487066624	27479616512	7450112	512	2.545918
51674143744	51666059776	8083968	512	11.235449
43574679040	43566531584	8147456	512	4.706182
42909892608	42905288704	4603904	512	13.267591
42205163520	42197869056	7294464	512	8.634342
53167709184	53163243520	4465664	512	15.899335
64553941504	64547916800	6024704	512	4.753233
43228118528	43223771648	4346880	512	10.817341
13779746816	13774667264	5079552	512	10.784110
61921753088	61916632576	5120512	512	3.308019
33630279168	33624422400	5856768	512	7.812306
23137154560	23128971264	8183296	512	5.315715
47714224640	47709191168	5033472	512	6.749865
73583160320	73577141248	6019072	512	4.251829
58228911616	58220972032	7939584	512	7.831540
45493405184	45485647360	7757824	512	10.961923
6384160256	6377102336	7057920	512	3.318671
75651266560	75644597248	6669312	512	2.935453
35326664192	35318815232	7848960	512	4.491529
6921695744	6914136576	7559168	512	3.209381
21623425536	21616435200	6990336	512	10.550491
74678026240	74670659584	7366656	512	11.252538
36752901632	36747152896	5748736	512	8.071522
60968654336	60961427456	7226880	512	4.303521
24376156160	24371291648	4864512	512	7.189963
48796598272	48788324352	8273920	512	6.293574
78652410368	78646544384	5865984	512	8.006590
54090797568	54083610624	7186944	512	12.437885
29577621504	29572583424	5038080	512	11.527656
2217286144	2212317696	4968448	512	7.577890
13685310976	13677339136	7971840	512	5.442186
48045181440	48038364672	6816768	512	13.243401
29212613120	29205462528	7150592	512	5.962906
23517793792	23511922688	5871104	512	12.627403
47953492992	47945457664	8035328	512	12.768347
65277532672	65270727680	6804992	512	9.077492
22613769216	22606466048	7303168	512	12.525248
34305711104	34299021312	6689792	512	5.576891
65730104320	65724015104	6089216	512	13.742986
966935552	960275968	6659584	512	10.043255
9479976960	9474579968	5396992	512	8.224472
78492475904	78484757504	7718400	512	8.356008
4452160512	4445931008	6229504	512	14.493212
64405104128	64398428672	6675456	512	3.944138
29609782784	29604254720	5528064	512	8.796309
13272154624	13267751424	4403200	512	5.699277
55386462208	55382035968	4426240	512	7.191232
25108235264	25101742592	6492672	512	7.062282
63879585280	63871593984	7991296	512	6.442583
33705114624	33699687424	5427200	512	4.504917
58189632512	58184988672	4643840	512	9.646502
76990118400	76983582208	6536192	512	10.283263
57981257216	57973155840	8101376	512	9.508828
36622577152	36616079360	6497792	512	9.517877
44216961024	44209914880	7046144	512	4.180186
44558240256	44551793664	6446592	512	8.107475
64935241728	64928827392	6414336	512	3.253087
60307184640	60299667456	7517184	512	12.329127
2895845376	2888635904	7209472	512	13.356141
27801736192	27795217408	6518784	512	6.427275
53668135936	53661501952	6633984	512	9.899382
38490833408	38486247936	4585472	512	9.691014
76512018432	76506589184	5429248	512	9.225959
123475456	116822016	6653440	512	12.055477
16618600960	16613740032	4860928	512	2.418023
56975507968	56969908224	5599744	512	7.264018
66130977280	66125176320	5800960	512	2.743667
75857023488	75850270208	6753280	512	10.878702
18690729984	18685408768	5321216	512	7.519572
70234970624	70228178944	6791680	512	10.587952
5044190720	5035833344	8357376	512	9.623251
51549923328	51543072768	6850560	512	6.996108
48603844608	48596058112	7786496	512	10.110978
2285980672	2277917184	8063488	512	7.412532
26503729664	26499248640	4481024	512	9.122689
23800649728	23793671680	6978048	512	4.597834
505827840	497602048	8225792	512	3.897280
61665433600	61660442624	4990976	512	7.372081
78592606720	78585426944	7179776	512	12.625675
73396428800	73389129216	7299584	512	4.478004
62214393344	62207721472	6671872	512	12.316870
42876288512	42869899776	6388736	512	3.047054
54021065216	54013359616	7705600	512	6.643608
265363968	257777664	7586304	512	15.058838
75409580544	75402490368	7090176	512	7.262018
6304603648	6296901632	7702016	512	9.321415
72749378048	72743287296	6090752	512	10.180549
11377081856	11369342464	7739392	512	6.060739
9351090176	9345509376	5580800	512	8.607951
79337592320	79332822528	4769792	512	6.448263
64721946112	64715383296	6562816	512	7.661185
79834641408	79826587648	8053760	512	6.834256
43390449664	43384340992	6108672	512	10.479376
69626832896	69620688896	6144000	512	9.107281
70414096896	70408875520	5221376	512	8.549508
48608109568	48603872256	4237312	512	11.619233
47665388032	47660744704	4643328	512	9.893628
67311989760	67304457728	7532032	512	3.197029
12783175680	12777536512	5639168	512	5.534905
5282073600	5277362688	4710912	512	2.339805
3801732096	3796451328	5280768	512	15.030754
43642731008	43637958656	4772352	512	15.316204
43365666816	43361357312	4309504	512	9.980733
34001284608	33996233728	5050880	512	7.591313
15590508544	15582454272	8054272	512	4.467834
43298994176	43292707328	6286848	512	5.701809
68058976256	68053909504	5066752	512	5.917738
69733443584	69728022528	5421056	512	4.272736
72247768576	72243292160	4476416	512	11.098563
54348156928	54340374528	7782400	512	10.879891
74245622272	74237810176	7812096	512	10.371722
59308154368	59302169088	5985280	512	8.783295
13853498880	13846073344	7425536	512	3.905077
79799714304	79794616832	5097472	512	4.116334
25868713472	25864262144	4451328	512	9.701844
78743301120	78736917504	6383616	512	7.359345
36826750464	36818598912	8151552	512	13.769874
22462467072	22455813632	6653440	512	9.083133
72936164352	72928824832	7339520	512	13.379388
58149811200	58142900736	6910464	512	10.171331
79197100032	79190280704	6819328	512	3.973863
17953026560	17944737280	8289280	512	5.445382
35489002496	35480883200	8119296	512	8.981317
2634929664	2627331072	7598592	512	12.397804
26342272000	26334616576	7655424	512	8.737955
18711310336	18705598976	5711360	512	12.440464
18520429568	18513605120	6824448	512	5.064363
67472084992	67463996928	8088064	512	9.451993
17124211200	17117712896	6498304	512	3.327961
14886413824	14879071232	7342592	512	5.647373
12114013696	12106201088	7812608	512	10.916986
36554425344	36549946880	4478464	512	12.498825
65135788032	65128343552	7444480	512	6.866463
11213928448	11208971776	4956672	512	2.437139
44856738304	44850078208	6660096	512	5.120063
27132400128	27127207936	5192192	512	8.623976
45121961984	45115761152	6200832	512	4.842519
60744032768	60737449984	6582784	512	11.030886
6272151040	6264557056	7593984	512	13.552868
18317122048	18311185408	5936640	512	7.095992
9308363264	9301106688	7256576	512	7.727238
57374033408	57365712896	8320512	512	9.688661
71684527104	71678204928	6322176	512	13.056514
74492312064	74485699584	6612480	512	9.915389
66300947968	66294891008	6056960	512	3.625744
45160301568	45154292224	6009344	512	11.885825
9469522944	9462058496	7464448	512	3.043413
46748881920	46741497344	7384576	512	13.686418
75781200384	75774109184	7091200	512	5.295316
70316702720	70308894208	7808512	512	13.711012
19157569024	19151234048	6334976	512	7.197382
51958466560	51950312448	8154112	512	15.748609
46283718656	46277651456	6067200	512	10.306305
52731128832	52725636608	5492224	512	8.251439
71991271936	71983848960	7422976	512	5.828519
71600305664	71595415040	4890624	512	10.953961
11137073152	11129861632	7211520	512	8.726686
21374744064	21367392256	7351808	512	11.433479
25155694080	25149257728	6436352	512	8.450021
19171294208	19165540864	5753344	512	11.406721
13742848512	13736616448	6232064	512	9.666641
2123823616	2118792704	5030912	512	6.236616
76902233088	76894500352	7732736	512	12.422518
68668349952	68661768704	6581248	512	7.566938
65547340800	65539985920	7354880	512	9.822754
44719216640	44712265216	6951424	512	13.235026
16340702208	16333944832	6757376	512	6.675013
72458115072	72450577408	7537664	512	6.281075
41111279616	41104729088	6550528	512	13.422040
59260685824	59255798272	4887552	512	3.298717
77147745280	77139876864	7868416	512	11.301597
79962802688	79958603776	4198912	512	5.084305
52540055040	52532271616	7783424	512	10.348615
17474444800	17467576320	6868480	512	4.125007
48670498304	48663331328	7166976	512	6.580745
73959282688	73954033664	5249024	512	3.497433
33307581952	33300689920	6892032	512	7.144648
63477639168	63472839168	4800000	512	11.222727
47865719296	47857363968	8355328	512	13.395768
72236842496	72230447616	6394880	512	10.415976
25974167040	25965932032	8235008	512	13.378039
66213022208	66206180352	6841856	512	8.003206
42642132992	42634598912	7534080	512	11.622238
67601333760	67593927168	7406592	512	9.319876
57150736384	57143348736	7387648	512	12.039730
75127752704	75122984448	4768256	512	8.816985
40465289216	40460552704	4736512	512	12.429926
30915515904	30911260672	4255232	512	12.228598
9764230144	9759583744	4646400	512	11.350752
8298397184	8291526656	6870528	512	9.378161
35994159104	35985907200	8251904	512	12.020538
61193447936	61187956224	5491712	512	12.101061
69997369856	69989331968	8037888	512	10.660560
75898481664	75893558272	4923392	512	9.430144
76052912640	76047512576	5400064	512	5.113725
57515316736	57508754432	6562304	512	8.551718
19985987584	19980712960	5274624	512	13.184901
67543569920	67536483840	7086080	512	9.011730
1623467520	1618734592	4732928	512	12.643734
40198290432	40190529024	7761408	512	9.946578
43206152192	43201373696	4778496	512	6.864124
9901766656	9896632320	5134336	512	7.652224
55895656960	55889373184	6283776	512	10.763977
42248535040	42243738624	4796416	512	6.278505
19889996288	19883807744	6188544	512	10.499554
34396795904	34389306880	7489024	512	12.440482
46237550592	46231791616	5758976	512	7.496514
31244424192	31238334976	6089216	512	2.405238
843230720	837494272	5736448	512	11.365374
62178257408	62172594176	5663232	512	4.868353
69058985984	69051861504	7124480	512	3.264414
14884906496	14877691392	7215104	512	8.638224
38816150016	38809024512	7125504	512	6.087927
2701244928	2693297664	7947264	512	4.531895
44083270144	44076527616	6742528	512	2.933346
41666695680	41662157824	4537856	512	6.462768
40231759872	40225041920	6717952	512	7.374048
4642365952	4636118016	6247936	512	7.772653
43131977216	43123660800	8316416	512	9.471673
50564610048	50558786560	5823488	512	10.424517
75507804160	75499456512	8347648	512	7.461257
21759108096	21754709504	4398592	512	3.814622
11946574336	11938759168	7815168	512	4.329346
58733819392	58726647808	7171584	512	13.513336
64393812480	64385828352	7984128	512	9.767453
34284544000	34277655552	6888448	512	9.971847
20543954944	20538683904	5271040	512	13.234041
32634802176	32630380544	4421632	512	6.270712
41469182976	41463784448	5398528	512	2.693733
52325274624	52320044032	5230592	512	6.227450
34870695936	34865783296	4912640	512	12.778897
9097469952	9091606528	5863424	512	11.618821
24923072512	24917993472	5079040	512	13.234323
23684031488	23676315648	7715840	512	5.491701
12917696512	12911056384	6640128	512	3.187128
48141511680	48134045184	7466496	512	7.729564
5774616064	5767818752	6797312	512	12.871841
40679730176	40673611264	6118912	512	4.377666
4447851008	4441558016	6292992	512	6.585103
76519264768	76514588672	4676096	512	8.939610
52874042880	52867520000	6522880	512	8.768848
4654427648	4650022912	4404736	512	10.971228
31370008064	31361779200	8228864	512	9.106773
33722601472	33716425216	6176256	512	9.090891
76491140608	76482789888	8350720	512	5.845545
55482771456	55475708928	7062528	512	11.356950
624276480	616383488	7892992	512	11.124575
37389379584	37381574656	7804928	512	13.427666
72662587392	72654467072	8120320	512	12.031455
57568902144	57563427328	5474816	512	8.208680
79430896640	79425316352	5580288	512	12.541782
46124627968	46119358464	5269504	512	11.480116
23119641600	23113908736	5732864	512	4.919243
26080971776	26072778240	8193536	512	3.190205
59337653248	59332265984	5387264	512	10.371004
28408767488	28401906688	6860800	512	7.488655
62926477824	62920931328	5546496	512	6.111956
36758548992	36751817216	6731776	512	12.815090
39659947520	39652732416	7215104	512	3.774039
50037278720	50032925696	4353024	512	3.026066
40116310016	40108715520	7594496	512	11.440705
40687924224	40682607616	5316608	512	4.910117
25197218304	25190053888	7164416	512	11.283903
31084381696	31078344192	6037504	512	5.383553
60699205632	60691752960	7452672	512	12.378424
75561537024	75553492480	8044544	512	7.873955
27910415872	27905410048	5005824	512	3.694880
22086893056	22079140352	7752704	512	11.525097
50294213120	50289059328	5153792	512	10.499977
57535046144	57528486912	6559232	512	8.656081
72781822976	72776856064	4966912	512	10.821576
46353231360	46347764224	5467136	512	12.612041
68704833024	68699645952	5187072	512	8.345028
24573497344	24568147456	5349888	512	4.802901
41784839168	41777890304	6948864	512	12.613617
19952400384	19945190400	7209984	512	5.468192
72565803520	72558479872	7323648	512	13.805724
73986168832	73977918464	8250368	512	5.849639
6242219520	6235167232	7052288	512	5.347806
42678025216	42673138176	4887040	512	3.936345
13764124672	13756854784	7269888	512	7.291751
24709527552	24702622208	6905344	512	12.856398
76895640064	76890723328	4916736	512	12.157009
46893513216	46886724608	6788608	512	7.486745
52535341056	52530150400	5190656	512	7.464475
30252945920	30247273984	5671936	512	5.266883
22365451776	22360419840	5031936	512	7.700425
47508951040	47504391680	4559360	512	12.156693
62776531456	62771218432	5313024	512	14.819704
9225577984	9221124608	4453376	512	4.593812
28948311040	28941143040	7168000	512	5.543411
50281381888	50274893312	6488576	512	12.289419
34755623936	34748086272	7537664	512	3.010689
32213799424	32206455296	7344128	512	7.700871
7154883072	7147457536	7425536	512	6.338385
6727862784	6723641344	4221440	512	11.213371
42723874816	42716170752	7704064	512	7.171340
36980832768	36974581760	6251008	512	4.629916
16081552384	16076107776	5444608	512	9.251243
71701204480	71695025664	6178816	512	7.022748
33919348224	33913503744	5844480	512	8.062297
68302461440	68297321984	5139456	512	9.899761
76581815808	76576233472	5582336	512	12.523752
18391690240	18383359488	8330752	512	9.099572
8927862272	8921938432	5923840	512	10.206605
62401876992	62393509888	8367104	512	7.673642
10839900672	10832028160	7872512	512	12.342879
4395368960	4389115904	6253056	512	5.623738
69068547584	69060178944	8368640	512	3.882280
12321310208	12313993728	7316480	512	6.413651
38913792000	38905638912	8153088	512	9.132998
4039668224	4031301120	8367104	512	7.555028
20011378688	20006949376	4429312	512	3.077546
37049184768	37042971136	6213632	512	3.759400
380986880	374660608	6326272	512	7.917745
12078488064	12072302080	6185984	512	4.243354
22851634176	22844781568	6852608	512	4.491067
41844701184	41839477760	5223424	512	4.287269
4584493056	4577743872	6749184	512	12.525827
19702562304	19698363392	4198912	512	8.478146
17910815232	17903663616	7151616	512	6.820296
16401979392	16397732352	4247040	512	7.305846
22297063936	22292064768	4999168	512	10.416817
41537968640	41531597312	6371328	512	6.982034
32528476160	32522985472	5490688	512	9.727490
689820160	682308096	7512064	512	11.962587
4225444864	4220011008	5433856	512	5.125375
15823581184	15819234304	4346880	512	5.011158
67309228032	67303394304	5833728	512	3.118446
2010498048	2003836416	6661632	512	9.948181
61708845568	61700890112	7955456	512	11.216717
47406522368	47399713280	6809088	512	8.798666
54266966528	54262684160	4282368	512	11.330669
11848904704	11843111936	5792768	512	13.175388
76307009536	76298738688	8270848	512	10.627566
25476884480	25472137216	4747264	512	7.176242
3206548992	3201878528	4670464	512	12.538748
46706636288	46701698560	4937728	512	11.200249
75401058304	75394252800	6805504	512	6.989043
14582761984	14575655936	7106048	512	13.029418
34591187456	34583895552	7291904	512	10.922853
75659580928	75651256832	8324096	512	8.369826
12290521600	12283257856	7263744	512	7.576413
32625960448	32620691968	5268480	512	4.053244
45866971136	45859116032	7855104	512	8.361066
42374344192	42366749184	7595008	512	10.050527
63306273792	63300398080	5875712	512	4.946543
34170625024	34162838016	7787008	512	7.832400
66348300288	66341907968	6392320	512	13.231551
18650939392	18644091904	6847488	512	4.530484
71790864896	71784519680	6345216	512	5.750131
30103767552	30097856000	5911552	512	6.750682
34693208576	34686340096	6868480	512	12.228049
4202982400	4196737536	6244864	512	7.712535
65765177344	65760273920	4903424	512	4.054736
52297970176	52293706752	4263424	512	3.982692
42501895168	42496510464	5384704	512	11.117132
62499074048	62493516288	5557760	512	5.278588
10381262336	10375747072	5515264	512	8.339316
41143284736	41136477696	6807040	512	5.112897
39903111168	39896943616	6167552	512	3.143892
18090250240	18085299712	4950528	512	9.591576
21654765568	21646420992	8344576	512	7.032941
52444385280	52439198720	5186560	512	7.590879
61531108864	61526315520	4793344	512	2.327537
21329700864	21325376512	4324352	512	5.496816
45930322432	45925417472	4904960	512	12.027095
60622267392	60614574592	7692800	512	5.045550
20951375360	20945755136	5620224	512	3.326661
52331485184	52323578880	7906304	512	6.942415
42162949632	42155269120	7680512	512	7.805604
25986741248	25980641280	6099968	512	7.234297
53764832768	53756545024	8287744	512	14.874392
3145303040	3137962496	7340544	512	11.544098
3789847552	3785595392	4252160	512	3.102233
34252094464	34247589376	4505088	512	2.547115
44210821120	44205725184	5095936	512	7.699236
56711202816	56704348160	6854656	512	9.237688
872587776	865352192	7235584	512	6.748853
28571278336	28564143616	7134720	512	11.996452
32502180864	32494307328	7873536	512	3.844357
78571529728	78565048832	6480896	512	12.663324
42158695424	42150682112	8013312	512	8.252256
67179558912	67173794304	5764608	512	7.353314
3908590080	3903994880	4595200	512	4.855219
39375617536	39369627648	5989888	512	7.755920
42834517504	42827637760	6879744	512	5.897025
44788902912	44784674816	4228096	512	2.964218
23507296256	23499682816	7613440	512	9.631882
68814401536	68808856064	5545472	512	3.549050
74545180672	74537380864	7799808	512	13.578056
17101543936	17094529536	7014400	512	10.001895
29613301760	29608922624	4379136	512	7.367037
31238347264	31233035264	5312000	512	4.791337
30825984	24214016	6611968	512	12.866676
65742290944	65736785408	5505536	512	9.593790
11922037248	11914660864	7376384	512	5.011455
10499522048	10494593536	4928512	512	3.141511
12066522112	12058847232	7674880	512	7.412574
26913997312	26909675520	4321792	512	11.046310
10032246272	10027929088	4317184	512	7.678707
33968290816	33963600896	4689920	512	7.273564
4646773760	4640209408	6564352	512	7.147573
9743080448	9735913984	7166464	512	9.802353
76101704192	76094279680	7424512	512	12.995789
68690784768	68686417920	4366848	512	11.039791
7801150976	7793512448	7638528	512	10.764823
50254999552	50249185280	5814272	512	12.539359
59149885440	59145606656	4278784	512	3.251318
62929478656	62921160704	8317952	512	5.533112
79165534208	79158928896	6605312	512	4.234345
67449839104	67445346816	4492288	512	13.261910
3658973184	3651608576	7364608	512	12.846979
58969206272	58961150464	8055808	512	3.186021
12613197312	12605506560	7690752	512	4.215397
74248504320	74240945152	7559168	512	13.295607
49313470464	49309076480	4393984	512	13.124660
63455113728	63447175168	7938560	512	6.409794
66934260736	66927526400	6734336	512	13.502719
14755439616	14749174784	6264832	512	11.732892
47741152256	47733431808	7720448	512	11.896988
7069339136	7061602304	7736832	512	8.483265
40421925376	40413962752	7962624	512	2.907761
75513585152	75508354560	5230592	512	11.545425
71375738880	71371075584	4663296	512	9.715840
45617759744	45610144768	7614976	512	11.905580
25654893568	25647810048	7083520	512	10.361699
7240798720	7232639488	8159232	512	8.310915
41482165760	41474196992	7968768	512	2.663548
50340779520	50333174784	7604736	512	9.093645
62908730880	62900407808	8323072	512	11.612823
60806315520	60799228416	7087104	512	3.140704
79284927488	79279840768	5086720	512	4.666476
42445700608	42438222336	7478272	512	13.098707
14431255040	14423734272	7520768	512	12.863762
30149412352	30143432192	5980160	512	6.907755
27990562304	27986254336	4307968	512	11.357773
48381731328	48374202368	7528960	512	7.912518
21412102144	21407392768	4709376	512	7.746639
64509649920	64504779264	4870656	512	13.330873
79297816576	79292282880	5533696	512	3.492897
3886358016	3878698496	7659520	512	4.535683
22402350592	22394303488	8047104	512	6.485157
18418556416	18410308608	8247808	512	11.152588
2008871936	2004138496	4733440	512	12.693755
29620638720	29612999168	7639552	512	3.265572
22171981824	22166734848	5246976	512	2.735766
67858936320	67851835392	7100928	512	8.517278
40445163520	40438898176	6265344	512	6.977150
4443243520	4435478528	7764992	512	13.228008
42122897920	42118430720	4467200	512	7.640212
10875362816	10869182464	6180352	512	2.573661
15821805568	15816230400	5575168	512	6.204980
54129856000	54121918464	7937536	512	9.261054
39342699520	39336695296	6004224	512	7.377270
51633415168	51628157440	5257728	512	5.593128
50240114688	50233094656	7020032	512	6.836789
23507996672	23499938816	8057856	512	6.480254
1704229376	1698796544	5432832	512	6.835822
59507200	55010816	4496384	512	8.444351
69972812288	69966503936	6308352	512	12.696121
52139248640	52131088896	8159744	512	8.995883
1645770752	1638920704	6850048	512	12.358433
46789377024	46781515264	7861760	512	8.160678
73030511616	73022582272	7929344	512	10.708137
41082085888	41077873664	4212224	512	7.559178
78492864512	78486508544	6355968	512	6.769219
27949166080	27942168576	6997504	512	4.156423
33559851520	33552393216	7458304	512	5.029022
63158611968	63154105856	4506112	512	11.242867
6614311424	6606395904	7915520	512	6.431405
57894181376	57887919616	6261760	512	6.329482
38142816256	38138018304	4797952	512	2.538119
29728717312	29723969536	4747776	512	7.548248
32304311296	32296944128	7367168	512	11.767766
4829347840	4823922688	5425152	512	5.304570
59927808000	59923371008	4436992	512	7.705828
41726426112	41721192960	5233152	512	8.827728
20656140800	20651265536	4875264	512	13.190199
72113118720	72108336128	4782592	512	9.169652
19571808256	19565793280	6014976	512	3.453390
1431123968	1425653760	5470208	512	5.957196
55339667456	55335132160	4535296	512	13.219834
57520281088	57511981568	8299520	512	10.201021
69196538880	69190905856	5633024	512	6.329684
22672763904	22666878464	5885440	512	8.287289
33774822912	33768573952	6248960	512	7.273301
6301886464	6294266880	7619584	512	13.056597
58167101440	58159845888	7255552	512	9.073141
32993581568	32987202048	6379520	512	6.413340
25620756480	25614901760	5854720	512	13.071617
54844773376	54837803520	6969856	512	6.538480
15068284416	15061301248	6983168	512	4.714987
50214044160	50207320064	6724096	512	3.920279
74118898176	74111318016	7580160	512	3.253783
39295399936	39288885248	6514688	512	11.623697
69388172288	69383585792	4586496	512	5.294151
56862811136	56855597568	7213568	512	7.918218
54134220288	54126957056	7263232	512	10.195382
76043924992	76037901312	6023680	512	9.080191
14484917760	14480624640	4293120	512	8.248767
52539613184	52531863552	7749632	512	11.216581
17932092416	17927155712	4936704	512	11.739729
37344382464	37338982912	5399552	512	7.624896
21854377984	21848243200	6134784	512	2.504309
2393707520	2385341952	8365568	512	12.031214
23903517184	23898689536	4827648	512	10.030302
19404726272	19399789056	4937216	512	9.897538
52791172096	52785221120	5950976	512	4.556166
8523874816	8519237632	4637184	512	11.222221
19298396672	19291820544	6576128	512	12.751423
40958733312	40954195968	4537344	512	6.421914
19762812928	19754975232	7837696	512	11.314181
35763112448	35757864448	5248000	512	12.637842
26261984256	26255439872	6544384	512	5.816646
15514644480	15506347520	8296960	512	8.126558
52288712704	52281080320	7632384	512	3.496747
9680620544	9674715136	5905408	512	10.654662
492197888	487956992	4240896	512	4.765358
65997573632	65989582848	7990784	512	9.482322
68735590400	68730090496	5499904	512	5.169224
25145148928	25138506240	6642688	512	3.485517
7161124352	7152774656	8349696	512	5.937184
55104889856	55097306112	7583744	512	10.193881
79499749888	79494345216	5404672	512	15.723489
50864118272	50856757248	7361024	512	4.745503
43078175744	43071987200	6188544	512	8.399400
57507403264	57500163584	7239680	512	7.151555
34282277888	34274767360	7510528	512	10.110805
10847807488	10839714304	8093184	512	7.309291
35851262976	35845214208	6048768	512	12.261440
41640017920	41633157120	6860800	512	3.693088
2772232704	2764838400	7394304	512	10.301569
39470059008	39465381376	4677632	512	2.852076
15796504064	15788279296	8224768	512	9.785360
75425563648	75418822144	6741504	512	11.301954
42178371584	42172890112	5481472	512	8.643346
26284257280	26278721024	5536256	512	11.477014
73029986304	73021692928	8293376	512	8.676566
2610569728	2604048384	6521344	512	10.923053
43425320960	43419846144	5474816	512	8.751537
41952913920	41946537984	6375936	512	12.634536
23775773696	23769487360	6286336	512	2.732177
68405409792	68399176192	6233600	512	10.164201
8391596032	8383926784	7669248	512	11.894314
8473713664	8466484224	7229440	512	10.620329
25243597312	25237296640	6300672	512	7.076069
50728773632	50722732032	6041600	512	4.386283
23352302592	23344529920	7772672	512	4.029739
65958406656	65950277120	8129536	512	11.358353
46124239360	46119802368	4436992	512	4.313871
34780566016	34774587904	5978112	512	4.783829
5020694528	5014877696	5816832	512	7.850208
19495071744	19490156544	4915200	512	12.246927
73206936576	73202408448	4528128	512	9.234251
14275671552	14269726720	5944832	512	7.875444
6307720704	6301821952	5898752	512	12.581655
28359544832	28353668608	5876224	512	12.571640
33240159744	33233289728	6870016	512	10.372178
13610611200	13604767744	5843456	512	11.951162
69860449280	69852135936	8313344	512	10.450735
66580457984	66573606912	6851072	512	9.539813
27205374464	27198204928	7169536	512	11.199529
38719588352	38713750016	5838336	512	11.679643
78042957312	78038515712	4441600	512	13.808018
24959917568	24952045056	7872512	512	12.808944
49785186304	49779857920	5328384	512	5.672881
54136961024	54131130368	5830656	512	3.482263
64701974528	64695205376	6769152	512	12.122398
38867749376	38862969856	4779520	512	11.365287
23798044160	23792470528	5573632	512	10.612357
6302974464	6296990208	5984256	512	10.648474
29011411968	29004341248	7070720	512	7.966437
77885362176	77879369216	5992960	512	3.612485
79606783488	79598844928	7938560	512	13.838369
34436391936	34430452736	5939200	512	5.732671
47807109120	47801861120	5248000	512	12.034328
8410976256	8403887104	7089152	512	11.070132
8899100672	8890839552	8261120	512	3.486295
26260693504	26254573056	6120448	512	6.717551
33111525376	33105865728	5659648	512	3.456210
35785091584	35776859648	8231936	512	4.150559
19926883328	19920309248	6574080	512	6.322887
20233582592	20227414016	6168576	512	11.159068
60390502400	60382295552	8206848	512	5.223528
61112851456	61107591168	5260288	512	8.203804
8624509440	8617404928	7104512	512	13.051122
35720816128	35714437632	6378496	512	13.340501
748941824	744539136	4402688	512	10.538214
21139646464	21133182976	6463488	512	4.221111
55193165824	55187736576	5429248	512	5.864309
43930431488	43923780608	6650880	512	5.393451
3102968832	3095974912	6993920	512	9.801160
65049079296	65041266688	7812608	512	6.105242
4475734016	4469828096	5905920	512	4.015669
27646890496	27640002048	6888448	512	6.797866
59842077184	59834583552	7493632	512	12.969577
35187878912	35182996480	4882432	512	4.289962
21844806144	21840433152	4372992	512	4.363497
55781903872	55774780416	7123456	512	9.660765
58699714560	58693779456	5935104	512	12.188612
30033937920	30027712000	6225920	512	12.043012
38563341312	38558414848	4926464	512	5.705960
79156019712	79148631040	7388672	512	8.479784
65828083712	65821538816	6544896	512	5.456488
53303515136	53295833088	7682048	512	7.362154
39020435456	39012704768	7730688	512	4.359658
60037173760	60029325824	7847936	512	9.571867
3125901312	3120870400	5030912	512	4.676334
74912711168	74907884544	4826624	512	11.954060
63100446208	63092215808	8230400	512	8.274099
54962780672	54954639360	8141312	512	3.305568
41767834624	41762084352	5750272	512	2.838976
38693488640	38687276032	6212608	512	6.636799
16768364032	16761643520	6720512	512	7.530750
11308563456	11304194560	4368896	512	6.548536
56664639488	56660359168	4280320	512	7.298425
77469730304	77462052864	7677440	512	10.072846
22614896640	22607336960	7559680	512	6.652362
12645996544	12641175552	4820992	512	5.547158
54830183936	54825205248	4978688	512	9.599024
7044718080	7039657472	5060608	512	12.786780
75715611136	75709550080	6061056	512	14.199553
47469169664	47463833088	5336576	512	9.666414
68276370432	68268623360	7747072	512	5.259087
63434526720	63427874816	6651904	512	10.082573
51012025856	51005179904	6845952	512	11.661611
63950838272	63945021440	5816832	512	13.215054
382098944	377737728	4361216	512	2.261864
33718598656	33710439424	8159232	512	6.012158
10124413952	10118792704	5621248	512	7.776700
7615103488	7608808960	6294528	512	12.990630
72385361920	72378056704	7305216	512	10.075060
3438051328	3432500224	5551104	512	2.531044
77749441024	77743088640	6352384	512	8.798379
79268692992	79261759488	6933504	512	8.260342
66748279808	66740056576	8223232	512	8.409948
58447068672	58439949824	7118848	512	3.911268
46200484352	46195345408	5138944	512	5.596818
6707248640	6699744256	7504384	512	4.415053
70229972992	70223087104	6885888	512	5.484195
54929921536	54925284352	4637184	512	10.222405
37538450432	37532372480	6077952	512	9.083612
10469716992	10461676544	8040448	512	10.313476
60482011136	60474228736	7782400	512	11.629781
8865342976	8858946048	6396928	512	8.677853
2712248320	2707372032	4876288	512	9.931337
13476888576	13472377856	4510720	512	3.291959
45992771584	45986150912	6620672	512	2.802539
18082951680	18074847232	8104448	512	11.658794
67370921472	67365028864	5892608	512	12.329648
32657713152	32652376576	5336576	512	2.396279
79631866368	79624239104	7627264	512	4.235644
1821890048	1816159744	5730304	512	11.495553
42922333184	42917630976	4702208	512	8.847113
45401098752	45395134976	5963776	512	13.124257
79277378560	79270868480	6510080	512	14.984864
30874309632	30866876416	7433216	512	10.167660
52618761216	52613096960	5664256	512	12.624389
31397143552	31390457344	6686208	512	8.150929
29365410304	29357915136	7495168	512	8.666124
58061212160	58056223744	4988416	512	6.771105
74968878592	74964261376	4617216	512	10.461963
35638065152	35630527488	7537664	512	2.963242
58100785152	58094232064	6553088	512	11.293312
56814778880	56807961088	6817792	512	8.456182
69310865408	69305078272	5787136	512	12.124560
21747999744	21743774208	4225536	512	7.832461
44243836928	44236188672	7648256	512	8.624168
72748500480	72743804416	4696064	512	3.064050
52869303296	52864551936	4751360	512	10.602185
56051575808	56046536704	5039104	512	7.868930
66882033664	66875414528	6619136	512	12.665808
72081688576	72075037184	6651392	512	8.566110
5195944448	5189945856	5998592	512	3.876562
24378264576	24372315648	5948928	512	10.852155
36375514112	36367689728	7824384	512	5.058496
67334702592	67330374656	4327936	512	5.782864
7404098048	7398992896	5105152	512	11.791130
34146338304	34139482112	6856192	512	12.573243
23040718848	23033879552	6839296	512	8.018188
28473228288	28466818560	6409728	512	9.046496
41641380864	41635213824	6167040	512	3.167117
61034420736	61026627072	7793664	512	5.133674
4274183680	4266029056	8154624	512	2.972818
18428521472	18420179968	8341504	512	8.904536
34934529536	34929113088	5416448	512	9.489703
54089639424	54085039616	4599808	512	11.365462
70103309312	70095964160	7345152	512	11.365007
70136034816	70129810944	6223872	512	6.472392
79234738688	79228183040	6555648	512	4.567430
68075957248	68070260736	5696512	512	9.617112
62589474304	62585030144	4444160	512	10.538013
64660216320	64651869184	8347136	512	5.475007
15767572480	15761756160	5816320	512	9.912622
32021736448	32014945792	6790656	512	5.592572
68934248448	68926374912	7873536	512	12.117494
46663955968	46657731072	6224896	512	4.204063
11297689088	11290394624	7294464	512	15.116107
37194778112	37186994176	7783936	512	4.697698
72852591616	72847508992	5082624	512	7.656990
62955973632	62951758848	4214784	512	6.545570
38534538752	38528102912	6435840	512	5.476142
67638409216	67633631744	4777472	512	9.950462
75738527744	75734166016	4361728	512	5.804040
27300527104	27294114304	6412800	512	8.826045
43646621696	43638630400	7991296	512	15.344736
34136065024	34130135040	5929984	512	5.982039
28759439360	28753695232	5744128	512	3.465549
170075136	165743104	4332032	512	2.752051
8475370496	8468095488	7275008	512	6.725064
22830901760	22823821824	7079936	512	8.460244
36671672320	36666473472	5198848	512	8.152913
61699516416	61692859904	6656512	512	3.547966
28149827584	28145245696	4581888	512	4.768751
6071921152	6063661056	8260096	512	6.080906
49074733568	49068173824	6559744	512	4.404667
70053348352	70048580608	4767744	512	8.281371
72600365056	72592162304	8202752	512	10.072927
40316404736	40310964736	5440000	512	12.720982
6130101248	6124042752	6058496	512	7.147456
75760982528	75753895424	7087104	512	7.363247
51956441088	51950854144	5586944	512	12.126607
73114981888	73108202496	6779392	512	3.940913
75398033408	75390372864	7660544	512	4.017690
13994928128	13989669376	5258752	512	11.367138
1242910720	1237885952	5024768	512	6.377759
17585627648	17577511424	8116224	512	9.569401
65341345792	65334142464	7203328	512	5.422082
68972544	61267968	7704576	512	12.478180
64067861504	64061180928	6680576	512	13.128432
79135909376	79130751488	5157888	512	12.675305
75401922048	75397463552	4458496	512	11.379192
21324968448	21319162880	5805568	512	10.179143
21999484928	21993355264	6129664	512	11.926579
54471337472	54464749056	6588416	512	11.192403
17160192	8788480	8371712	512	11.910337
16535006720	16526628864	8377856	512	8.097195
58251738624	58243876352	7862272	512	9.160429
66036014592	66028031488	7983104	512	9.825183
10665435648	10659568128	5867520	512	11.473533
2545370112	2538699264	6670848	512	9.730466
32858551808	32851097600	7454208	512	9.657982
66832314368	66827001856	5312512	512	11.499128
36049291264	36043791872	5499392	512	13.979126
63983251968	63978339328	4912640	512	11.978916
56528930304	56523860480	5069824	512	4.256947
3033603072	3026867200	6735872	512	6.167024
28936651776	28929483264	7168512	512	5.565203
8639207936	8631616512	7591424	512	11.214944
7265489408	7260816384	4673024	512	7.631876
23541514240	23533292544	8221696	512	13.637144
27350047744	27343203328	6844416	512	7.854836
76034194432	76028366336	5828096	512	7.248007
31928030720	31921602048	6428672	512	5.187113
18930138624	18924529152	5609472	512	5.462841
16193768448	16189208064	4560384	512	9.358206
16668973056	16664730112	4242944	512	7.391212
68722799104	68716624384	6174720	512	11.973957
7423833600	7416644608	7188992	512	11.518955
58855282688	58851001856	4280832	512	3.225363
13249350656	13242288640	7062016	512	2.909992
5840841216	5832833536	8007680	512	13.562250
62341605376	62337000960	4604416	512	10.089448
28661676544	28655638016	6038528	512	8.684073
5993134592	5987728384	5406208	512	11.480913
52874377728	52866481664	7896064	512	7.180559
64557502976	64551225856	6277120	512	14.196062
67377076224	67371142144	5934080	512	10.877632
51662512640	51654291968	8220672	512	7.319212
5906138112	5900526592	5611520	512	9.749618
55295399424	55287484416	7915008	512	9.859344
42273869312	42265936384	7932928	512	10.329869
53332402688	53325645824	6756864	512	4.524647
23185074176	23179693056	5381120	512	4.105724
38339703808	38334216704	5487104	512	3.670665
61854285824	61846544384	7741440	512	6.791597
77289356800	77283984896	5371904	512	11.406928
24464843776	24457345024	7498752	512	12.497335
43044269056	43036985344	7283712	512	9.010135
58568116224	58562591744	5524480	512	10.850879
45094818304	45086786560	8031744	512	10.137299
8457534464	8450123776	7410688	512	6.577346
56431500288	56426681856	4818432	512	11.816426
65368214528	65362705408	5509120	512	2.947045
76694330880	76687557632	6773248	512	9.485231
3771460608	3766180352	5280256	512	10.233822
62360283136	62353639936	6643200	512	3.962330
56998430720	56990703616	7727104	512	13.273297
61389317632	61383886848	5430784	512	2.910463
26765685760	26760351232	5334528	512	7.024677
12712479744	12708209152	4270592	512	10.643260
62006419456	61998794752	7624704	512	12.256261
21941216768	21932855296	8361472	512	8.412460
32701683712	32694339584	7344128	512	12.372528
54520424448	54514300928	6123520	512	4.291939
66791378432	66785619968	5758464	512	5.991205
79547506688	79540427264	7079424	512	13.004518
32451916800	32444375552	7541248	512	5.668482
11362828288	11354789376	8038912	512	3.921250
77344184320	77338484224	5700096	512	5.732339
79183574016	79177762816	5811200	512	11.553712
4677601792	4672036864	5564928	512	13.351912
74233049088	74227192832	5856256	512	10.314912
79683738112	79675862016	7876096	512	3.630962
74806190592	74801601024	4589568	512	9.683472
31633930752	31628288512	5642240	512	14.205299
13982923264	13975188992	7734272	512	6.179667
21748406272	21740281856	8124416	512	2.845850
47779416064	47771642880	7773184	512	6.000765
42624655872	42616718848	7937024	512	5.640943
19939089408	19933510144	5579264	512	6.165204
679701504	673485824	6215680	512	10.297887
23419447296	23412834816	6612480	512	4.161289
76693997056	76685970944	8026112	512	13.855677
38995622400	38987940352	7682048	512	12.045540
13347912704	13341535744	6376960	512	9.189183
12658459136	12652862464	5596672	512	8.285995
2808119808	2801915904	6203904	512	8.592957
28174438400	28168883712	5554688	512	10.921826
38613042176	38608464384	4577792	512	5.438825
62149104640	62144608256	4496384	512	13.468966
37145220608	37138785280	6435328	512	11.063912
68980228096	68972608512	7619584	512	6.523453
54713321472	54708537856	4783616	512	6.005758
46049829376	46042159104	7670272	512	4.129384
75084211712	75079390720	4820992	512	12.115212
11433290240	11427769856	5520384	512	8.212726
10766393856	10759105024	7288832	512	6.984282
42701121536	42694490624	6630912	512	5.870645
63079411200	63074347008	5064192	512	2.809810
33071221760	33063411712	7810048	512	10.277889
70982891520	70975352320	7539200	512	12.027015
4710082560	4704346112	5736448	512	9.587841
7551733760	7544143360	7590400	512	13.675929
12510799872	12504929792	5870080	512	11.381747
20391224832	20385396224	5828608	512	9.612649
12992937984	12988180480	4757504	512	15.198137
67208915968	67200940032	7975936	512	8.641280
49262296576	49254174720	8121856	512	10.229604
60741193216	60734939136	6254080	512	9.897956
42651079680	42643026944	8052736	512	7.153334
72463310848	72457056768	6254080	512	10.874810
34703977984	34697899520	6078464	512	13.357327
44913725440	44909071872	4653568	512	12.017220
21288378368	21281112576	7265792	512	4.175234
14346817536	14340035584	6781952	512	9.216848
46080816640	46076587520	4229120	512	9.907779
58740509696	58735517696	4992000	512	11.244735
38068429824	38062068224	6361600	512	12.836757
31536625664	31531619840	5005824	512	12.332956
31332710912	31326171648	6539264	512	11.752187
54619463680	54611767808	7695872	512	6.948665
15968502784	15962867712	5635072	512	2.986878
26588411904	26582866432	5545472	512	11.239762
41506067456	41501414912	4652544	512	3.519190
66240417280	66232076288	8340992	512	7.466153
37493275648	37488418304	4857344	512	12.167903
64608310272	64600007168	8303104	512	8.700808
65380133376	65373011968	7121408	512	9.954869
51046479360	51039781376	6697984	512	11.195163
60954062336	60945676288	8386048	512	13.581508
75992721408	75988061696	4659712	512	3.668990
32495491584	32490163200	5328384	512	2.553605
38662969344	38655582208	7387136	512	10.431526
33055767040	33048163840	7603200	512	4.170045
27508225536	27500862464	7363072	512	4.656095
1391100416	1383275520	7824896	512	3.315879
68902490624	68896636928	5853696	512	10.739767
74032463872	74025465856	6998016	512	4.660527
26303938048	26295881216	8056832	512	6.486640
70870254592	70864129536	6125056	512	10.824544
33402185216	33395597824	6587392	512	8.115660
10847968768	10841627136	6341632	512	9.975398
2701876736	2695233536	6643200	512	5.367962
27905768960	27901181952	4587008	512	11.183850
28291331072	28286167040	5164032	512	9.322830
31500719616	31495053312	5666304	512	3.527376
26830576128	26823227904	7348224	512	6.883925
10804581376	10797537792	7043584	512	3.320491
17648311296	17642369024	5942272	512	15.174954
33024149504	33019013632	5135872	512	6.233543
49716669952	49710527488	6142464	512	9.775559
45442146816	45436744704	5402112	512	7.948766
25910246400	25905617920	4628480	512	3.656795
39432483328	39427831296	4652032	512	3.547380
41906903552	41900043776	6859776	512	10.993763
58053888512	58045805056	8083456	512	9.019194
36532262400	36526811648	5450752	512	4.524486
29353605120	29345293824	8311296	512	7.160903
28140225024	28134625280	5599744	512	9.984734
41879661568	41873191936	6469632	512	12.032635
34062535168	34054224896	8310272	512	13.332530
30258394624	30250506752	7887872	512	8.283456
38262784512	38256456192	6328320	512	2.669111
38029002240	38023951872	5050368	512	5.423573
57014220800	57009238528	4982272	512	6.964695
53934353920	53927005696	7348224	512	5.887532
64026246144	64021100544	5145600	512	5.473463
29680998912	29673209344	7789568	512	10.689841
25844325888	25836242944	8082944	512	5.882495
34330967552	34323981824	6985728	512	7.445444
18447110144	18440962560	6147584	512	6.897982
6658484224	6652151808	6332416	512	2.900053
5898690048	5893891072	4798976	512	7.594228
20712376320	20705673728	6702592	512	7.925581
61129464832	61124554240	4910592	512	6.945204
20596961280	20592055808	4905472	512	9.554076
26080417792	26072670208	7747584	512	4.697068
25027767296	25021366272	6401024	512	11.079434
39502873088	39496948736	5924352	512	9.463964
69397630976	69389894656	7736320	512	8.853032
28859468800	28854829568	4639232	512	12.048924
32629328384	32623215104	6113280	512	13.017645
35982238208	35977342464	4895744	512	13.221342
11533789696	11527321088	6468608	512	5.216649
72276998144	72269170176	7827968	512	3.241058
58134323712	58128451072	5872640	512	2.993044
60978117632	60972196864	5920768	512	6.095872
37883043328	37877844992	5198336	512	12.760360
45034905088	45030272000	4633088	512	12.528696
65313968640	65308388864	5579776	512	9.892346
11118727168	11113758208	4968960	512	11.468321
30924852224	30916830720	8021504	512	3.142707
66709782016	66701981184	7800832	512	13.007528
59792202752	59786934272	5268480	512	12.105225
29661543424	29655406592	6136832	512	9.648282
20441551872	20434707456	6844416	512	2.800907
78566119424	78561338368	4781056	512	8.666614
39821099008	39815865856	5233152	512	8.831110
19673653760	19668653568	5000192	512	5.528076
25898169344	25892405760	5763584	512	4.196864
1460570624	1452511744	8058880	512	7.660541
61193682432	61188699648	4982784	512	7.575679
20749083136	20742903808	6179328	512	10.790065
20306841088	20302291968	4549120	512	11.410268
56284616192	56279532544	5083648	512	13.220065
41869440000	41864497664	4942336	512	9.049029
36375935488	36370553856	5381632	512	10.367828
5207384064	5199824896	7559168	512	6.718861
32095370240	32087030272	8339968	512	11.128510
9994593280	9989709824	4883456	512	4.125619
9561246720	9554674176	6572544	512	4.748756
31340318208	31333879808	6438400	512	3.083908
75981732864	75976324096	5408768	512	2.875505
18814823936	18809854464	4969472	512	6.353348
63464970240	63459118080	5852160	512	5.714516
25988527104	25983245312	5281792	512	8.312334
9173054464	9168342528	4711936	512	8.014046
78930481152	78925640704	4840448	512	6.344377
44607471104	44600285696	7185408	512	7.028876
70481294336	70476909056	4385280	512	8.373473
16013149696	16007130624	6019072	512	3.379634
71994142208	71989220864	4921344	512	4.226718
75853643264	75847232000	6411264	512	3.556362
40764149248	40756566528	7582720	512	5.328850
8932110848	8926810112	5300736	512	3.909896
28882822144	28877969408	4852736	512	4.946325
23601403392	23593647616	7755776	512	6.223871
6606823424	6600306176	6517248	512	7.946961
61970831360	61964178432	6652928	512	12.967571
10343420416	10338360320	5060096	512	11.247564
71240747008	71233557504	7189504	512	5.855740
53006117888	53000569856	5548032	512	6.674933
27570828800	27564915712	5913088	512	11.643266
67115432960	67110249984	5182976	512	6.594658
46228157440	46223805952	4351488	512	8.489704
34232340992	34227633664	4707328	512	6.820754
21162880512	21155440128	7440384	512	9.362433
33892859392	33887604736	5254656	512	2.420438
13806606336	13798680576	7925760	512	8.364736
64128668160	64120577024	8091136	512	6.275703
45770375168	45763433472	6941696	512	5.234382
61342030336	61336591872	5438464	512	13.746536
4497094144	4491864064	5230080	512	11.354831
76430387712	76423305728	7081984	512	11.624789
28213898240	28205516288	8381952	512	9.833820
63254876160	63249108992	5767168	512	8.416064
44495482368	44490795520	4686848	512	9.238873
4813487104	4807187968	6299136	512	4.660758
20105359360	20097497088	7862272	512	4.311407
44537806848	44531795456	6011392	512	3.868188
11837308928	11831111680	6197248	512	13.257564
30837409792	30831895552	5514240	512	9.122721
13737487872	13732335104	5152768	512	9.127371
1643702272	1637497856	6204416	512	10.512679
62277405696	62271674368	5731328	512	13.892538
40396344832	40391454208	4890624	512	8.452827
33435264512	33430521856	4742656	512	7.776204
1102981632	1096340992	6640640	512	10.354339
69213474816	69206090752	7384064	512	3.528836
18339851264	18331588608	8262656	512	10.770711
17585854464	17579451904	6402560	512	12.174813
1342285312	1335325696	6959616	512	3.485925
47964556800	47957561856	6994944	512	13.093433
12123104768	12115437568	7667200	512	9.556782
894034432	888062976	5971456	512	4.447438
37884345344	37876889088	7456256	512	12.997851
30689011200	30684545536	4465664	512	5.236001
4896036864	4888967680	7069184	512	8.181780
60703385088	60695709696	7675392	512	5.587413
22467611136	22459840512	7770624	512	12.880416
34983990784	34975643136	8347648	512	3.153515
49104241152	49097870848	6370304	512	11.401390
40935908352	40928554496	7353856	512	8.383903
66089808384	66081611264	8197120	512	9.246394
66267406336	66261445632	5960704	512	4.078799
42305611776	42299746304	5865472	512	7.682918
58748312576	58743404032	4908544	512	4.472261
123958272	119384064	4574208	512	8.695262
78511539200	78505944576	5594624	512	11.221697
54222472704	54217146880	5325824	512	8.858855
51100224512	51095527936	4696576	512	2.884137
40317677056	40312615936	5061120	512	13.148287
66020418048	66013004800	7413248	512	7.978314
69394882048	69390098432	4783616	512	4.832536
62440666624	62434045952	6620672	512	13.915817
78532281344	78526653440	5627904	512	9.818074
26871028224	26863773184	7255040	512	7.240692
55973391872	55969120256	4271616	512	16.242915
36724382208	36717994496	6387712	512	12.278503
49232630272	49226454528	6175744	512	5.525922
29351307776	29346416640	4891136	512	4.029651
53321726464	53313709056	8017408	512	13.415009
5171369984	5163014144	8355840	512	16.162518
49589540864	49582803456	6737408	512	3.551520
76650361856	76645551616	4810240	512	3.658038
6989839872	6982175744	7664128	512	10.158688
55770385920	55762284032	8101888	512	4.451817
7298611712	7291266048	7345664	512	8.007593
22366328832	22359545856	6782976	512	6.092758
66223643648	66216334848	7308800	512	10.262296
79794699776	79788779520	5920256	512	4.938159
67451073536	67443039744	8033792	512	6.681133
65280193536	65273545728	6647808	512	4.943025
28453393408	28446540288	6853120	512	7.622012
46260103168	46254327296	5775872	512	7.043315
75296131072	75291491840	4639232	512	4.519940
54860532224	54855963136	4569088	512	2.983196
58582017024	58575426048	6590976	512	10.773795
72189094912	72181131264	7963648	512	6.536405
73566533120	73561079296	5453824	512	6.848638
74913708544	74909197312	4511232	512	12.561162
27507994112	27501700096	6294016	512	2.548733
25742968832	25735039488	7929344	512	9.587917
22924451328	22918267904	6183424	512	5.206668
70947382272	70940744192	6638080	512	11.406593
51896439296	51890313728	6125568	512	8.895940
18471034368	18465198592	5835776	512	7.653628
70880419328	70873426432	6992896	512	12.775322
5357963264	5351306240	6657024	512	11.431311
74992668672	74986812416	5856256	512	12.251133
41344773632	41338993664	5779968	512	3.915488
58038827008	58031044096	7782912	512	11.490187
10316932096	10312461824	4470272	512	4.197322
33365616128	33359966208	5649920	512	9.796739
79991191552	79983134720	8056832	512	6.750578
64891096064	64886572032	4524032	512	7.102984
17527257600	17522560000	4697600	512	14.531345
44942981120	44937572352	5408768	512	12.374305
68246862336	68238620672	8241664	512	8.960271
71607318528	71601943040	5375488	512	12.371663
5540563456	5533715968	6847488	512	9.899191
41964650496	41959354368	5296128	512	13.488721
37024060928	37017823744	6237184	512	4.976257
22637649920	22631344128	6305792	512	7.873384
29110505984	29103484928	7021056	512	11.051004
68373824512	68368479744	5344768	512	12.272352
76939029504	76932628480	6401024	512	13.070665
63423266816	63415918080	7348736	512	6.534969
34426008576	34420889600	5118976	512	7.669550
40902304256	40897109504	5194752	512	9.823359
12756491264	12751919616	4571648	512	13.026950
8701721088	8693446656	8274432	512	3.216156
67578048512	67572548096	5500416	512	5.138899
24928794624	24923654144	5140480	512	9.863905
62509270016	62504424448	4845568	512	11.878992
67829435392	67824251392	5184000	512	8.391942
73987106304	73979301888	7804416	512	4.095740
45048694784	45043480064	5214720	512	3.674329
20492273152	20485149184	7123968	512	7.466769
16288430080	16282194432	6235648	512	9.487225
57054828032	57046827008	8001024	512	3.235115
27811729408	27806410240	5319168	512	7.429689
5645378048	5638001664	7376384	512	7.321473
38166528	30766592	7399936	512	12.488073
25708051968	25701667840	6384128	512	9.611873
46799385600	46794030080	5355520	512	9.154471
66424313856	66418547200	5766656	512	3.939457
8322137600	8317753856	4383744	512	7.569516
35671318528	35664660992	6657536	512	6.373974
52291555328	52286067200	5488128	512	8.363157
10376119808	10369991168	6128640	512	5.496647
38458300416	38452691456	5608960	512	11.616278
51397499904	51392578560	4921344	512	7.725271
13502400000	13496781824	5618176	512	7.856821
45265956352	45261523968	4432384	512	4.440720
35038931456	35032149504	6781952	512	3.249055
66221985792	66216582656	5403136	512	5.336203
32059479552	32053701120	5778432	512	11.932928
47527399424	47522626048	4773376	512	4.515125
69083543040	69075606528	7936512	512	3.004741
37133524480	37125651456	7873024	512	11.716148
46599413248	46593411072	6002176	512	12.080118
39898696704	39891249664	7447040	512	15.421636
24797223936	24792182272	5041664	512	2.993323
11958347264	11954110464	4236800	512	11.234546
44396838912	44390648832	6190080	512	14.853857
31953936384	31946038784	7897600	512	8.056699
72514280448	72507892736	6387712	512	8.804565
72638588928	72631739392	6849536	512	12.525032
18858343424	18851836416	6507008	512	12.431719
44584734208	44578313216	6420992	512	13.335755
55370904576	55363222016	7682560	512	7.362967
49243816448	49236462592	7353856	512	12.621417
52606177792	52599454208	6723584	512	12.452316
24309315072	24302464512	6850560	512	7.657122
15588533760	15583638528	4895232	512	10.878000
11612772352	11606857728	5914624	512	5.794871
79357419520	79350285824	7133696	512	8.605796
43351619584	43346201600	5417984	512	10.239013
32303903232	32297718272	6184960	512	11.184061
37756962304	37750334976	6627328	512	4.362212
49413548032	49406039040	7508992	512	11.782173
69035119104	69029030400	6088704	512	11.028741
74849588736	74841936384	7652352	512	6.930689
47646280704	47641081344	5199360	512	4.083650
73925462528	73917580800	7881728	512	10.527668
73082635776	73077935104	4700672	512	2.906920
6242252288	6237246976	5005312	512	2.900711
59827260928	59821403136	5857792	512	9.960964
35201738240	35193453568	8284672	512	13.987549
31561806848	31556325888	5480960	512	9.940752
63019404800	63012871168	6533632	512	4.508293
70464907264	70460465664	4441600	512	12.984829
18036726784	18032039424	4687360	512	6.414285
24746449920	24738249728	8200192	512	3.153161
67046113280	67038037504	8075776	512	9.914330
33909480448	33904303104	5177344	512	4.367914
58408749568	58403631104	5118464	512	7.390390
75501829120	75497064448	4764672	512	8.938728
14230972928	14225502720	5470208	512	11.195774
54230747648	54222649856	8097792	512	4.579143
63518454272	63512776192	5678080	512	13.030393
25057736192	25050076672	7659520	512	8.659555
47726538240	47719530496	7007744	512	8.106314
36328050688	36323334656	4716032	512	8.428206
47009976832	47003708928	6267904	512	3.023623
32191523328	32187189248	4334080	512	10.300580
27727784960	27723452928	4332032	512	8.070785
14773137920	14765489664	7648256	512	8.120557
44728045056	44721123840	6921216	512	7.488822
75933579264	75926306304	7272960	512	9.574513
69833884672	69827758080	6126592	512	9.734430
30096231424	30091887616	4343808	512	8.211908
7663624704	7656216576	7408128	512	6.506525
39340842496	39332590592	8251904	512	6.551517
27912689152	27904852480	7836672	512	13.654348
56166473216	56159054848	7418368	512	10.127600
59577733120	59569578496	8154624	512	11.429445
77437124096	77430083072	7041024	512	7.328074
49378648064	49373346816	5301248	512	4.574910
54475672576	54467287552	8385024	512	5.532725
44544325632	44539719680	4605952	512	13.226792
62214281216	62206282752	7998464	512	8.021384
60397364224	60390160896	7203328	512	10.681809
67937497600	67930220544	7277056	512	7.242533
65697224704	65691910144	5314560	512	6.364789
27465198592	27458366976	6831616	512	8.133260
60008980992	60004318208	4662784	512	11.958873
42507653632	42499463680	8189952	512	12.783576
63102341632	63096222208	6119424	512	8.292941
49085880320	49077981184	7899136	512	5.321816
20912888320	20906394112	6494208	512	12.756393
41999125504	41992032256	7093248	512	2.895576
77067003392	77060081664	6921728	512	3.207822
34355895808	34348988416	6907392	512	9.401926
10382477824	10378266624	4211200	512	10.097039
40176688640	40168343040	8345600	512	8.744846
41662387200	41654632960	7754240	512	10.239756
19620666880	19612582400	8084480	512	3.834747
24364258304	24358154752	6103552	512	7.194153
22789606400	22782346240	7260160	512	4.317347
33854274048	33849818112	4455936	512	3.772559
9121404928	9114267136	7137792	512	12.271429
21475645440	21467635712	8009728	512	5.493602
21332455936	21328192000	4263936	512	6.863889
24191916544	24186600448	5316096	512	7.506330
63638931968	63630769664	8162304	512	10.400434
56126329856	56120561664	5768192	512	13.443655
29211250688	29203735040	7515648	512	6.280695
48325989376	48319815168	6174208	512	5.545627
65675793920	65668403200	7390720	512	10.520896
56485235712	56477434880	7800832	512	10.999407
38683847168	38679381504	4465664	512	10.197411
3913418752	3906093568	7325184	512	11.829223
68019215360	68014884352	4331008	512	7.582855
59376851968	59371232256	5619712	512	12.526914
69853723648	69845732864	7990784	512	7.721904
57099850752	57091705344	8145408	512	8.247781
41940974592	41933176832	7797760	512	4.637387
68422288384	68414640640	7647744	512	10.469226
38279342080	38274324480	5017600	512	8.072675
4774378496	4769379840	4998656	512	11.890185
41137755136	41132775936	4979200	512	6.136390
11517429760	11511902208	5527552	512	9.897325
424963584	420734464	4229120	512	5.025033
2022636544	2016592896	6043648	512	4.739772
69075764736	69067405312	8359424	512	8.858269
33406116864	33398435840	7681024	512	10.527469
41304337408	41298809856	5527552	512	10.449720
28267451392	28260332544	7118848	512	12.365846
16619901440	16614513152	5388288	512	10.572839
2769345024	2763592192	5752832	512	9.198380
25109382656	25104631808	4750848	512	10.042291
29859473408	29851085312	8388096	512	3.412886
41830750208	41826000896	4749312	512	7.611157
74373155328	74365384704	7770624	512	5.374385
36237957120	36231700480	6256640	512	7.112934
68756730880	68751433728	5297152	512	13.850552
32477672960	32471459328	6213632	512	10.463780
36667274240	36661501952	5772288	512	7.510698
3895992832	3890370048	5622784	512	12.073404
14058076672	14051547648	6529024	512	12.279161
60812652032	60807033344	5618688	512	7.949597
12977239552	12969061376	8178176	512	5.371579
47697496064	47690421248	7074816	512	10.886563
70107658240	70099998208	7660032	512	3.273757
17182736384	17175674880	7061504	512	8.883070
39052046848	39045806592	6240256	512	12.369952
49860740608	49854288384	6452224	512	13.337169
78580904448	78576113152	4791296	512	8.224912
44626242560	44619730944	6511616	512	10.903414
17953220608	17948773376	4447232	512	9.237590
20968185344	20960072704	8112640	512	11.345660
17502831616	17496750080	6081536	512	13.049521
45356249088	45348185088	8064000	512	9.258867
51535246848	51528482304	6764544	512	11.281612
37765599232	37758097920	7501312	512	11.801966
26158059520	26150690304	7369216	512	4.484051
26570100224	26562542080	7558144	512	9.218545
51315343360	51310376960	4966400	512	6.490453
76380387840	76375474688	4913152	512	8.899230
68761024000	68756531200	4492800	512	11.341898
40147174912	40142279680	4895232	512	6.482231
46034371072	46027158016	7213056	512	5.284595
62900813824	62896238080	4575744	512	9.006242
44054254592	44048249856	6004736	512	13.235072
34595272192	34590707712	4564480	512	10.376280
657530368	651988992	5541376	512	12.863796
77093707264	77087579136	6128128	512	7.159666
6685887488	6678536704	7350784	512	9.748613
45622411776	45616205824	6205952	512	4.732560
21074194944	21066083840	8111104	512	3.147862
23156847616	23151176704	5670912	512	8.241629
32915316224	32910685184	4631040	512	12.259763
13929309696	13923521024	5788672	512	13.234640
35830267904	35823964672	6303232	512	5.964905
12432631296	12425069056	7562240	512	11.913588
57472985600	57466849792	6135808	512	8.995544
44206253056	44198713344	7539712	512	11.496958
2222934528	2218195456	4739072	512	12.524695
64405614592	64398497792	7116800	512	8.247271
44178869760	44171165696	7704064	512	15.390276
8086698496	8079400960	7297536	512	9.075986
34705066496	34697814528	7251968	512	11.955687
39410643968	39405883904	4760064	512	11.852646
43677322752	43672411648	4911104	512	3.285325
42106522624	42101558272	4964352	512	3.725867
78066140672	78060392448	5748224	512	4.719102
29561025024	29556568064	4456960	512	7.284471
78386963456	78380390912	6572544	512	15.274348
35177502208	35172867072	4635136	512	10.452813
78718794240	78714469888	4324352	512	14.181978
75214735360	75208364032	6371328	512	5.048263
65393817088	65385683456	8133632	512	11.486816
52480383488	52473908736	6474752	512	8.322730
36099737600	36092792832	6944768	512	10.325510
71964498432	71958287360	6211072	512	5.905220
880206336	874643456	5562880	512	4.011934
33469167104	33462845440	6321664	512	5.445695
32632434688	32627049984	5384704	512	3.045489
54662464512	54654261760	8202752	512	10.811128
70657000960	70649718272	7282688	512	11.792831
38726422016	38718151168	8270848	512	6.044381
17501188608	17492992000	8196608	512	12.260729
44684420608	44676366848	8053760	512	5.202380
22571312128	22566506496	4805632	512	3.647087
57394871808	57386710016	8161792	512	7.738560
1771899904	1765136896	6763008	512	7.716448
76665881600	76660084224	5797376	512	4.181038
48314096128	48307411968	6684160	512	12.161540
41150662656	41144504832	6157824	512	3.383702
10419822592	10414512128	5310464	512	10.215954
2685237760	2679578112	5659648	512	11.237659
77068987392	77060623872	8363520	512	8.802589
38872738304	38866776576	5961728	512	8.485003
77993709056	77985511936	8197120	512	6.609322
75791206912	75783401472	7805440	512	14.274385
40572384768	40566439936	5944832	512	8.939483
59058333696	59050333696	8000000	512	4.942786
74310923264	74303987200	6936064	512	6.991598
11115402240	11107591680	7810560	512	4.551671
36173044224	36165195264	7848960	512	4.479610
17384381952	17376271360	8110592	512	3.164735
72455280128	72449656320	5623808	512	8.529885
74548401664	74542693376	5708288	512	13.278175
67795384320	67789795328	5588992	512	13.278075
26875735552	26869671424	6064128	512	8.046718
30334128128	30329704448	4423680	512	6.269674
10028356608	10022500864	5855744	512	11.655349
27669949952	27662494208	7455744	512	8.923968
49084323328	49078235648	6087680	512	7.904999
22726476800	22719045120	7431680	512	11.453094
38407702528	38399677952	8024576	512	6.035451
52899438080	52894214144	5223936	512	6.522736
337320448	328975360	8345088	512	12.487832
47839154176	47833124352	6029824	512	9.421680
29588232192	29580048384	8183808	512	8.437886
3539863552	3532679680	7183872	512	3.809633
76704380416	76700161536	4218880	512	9.340493
40537003520	40531902464	5101056	512	2.967690
22805078528	22798842880	6235648	512	9.494956
10914737152	10909757440	4979712	512	13.054769
922815488	916229120	6586368	512	8.638368
71363212800	71355127296	8085504	512	11.279271
74148881408	74142343680	6537728	512	3.366531
75628070912	75621038080	7032832	512	9.478058
50143640064	50136941056	6699008	512	4.633868
76277559296	76270538752	7020544	512	14.024903
51808280576	51803745792	4534784	512	13.946355
55522541056	55517684224	4856832	512	3.903324
19762111488	19757260800	4850688	512	2.612062
60596298752	60590296576	6002176	512	10.177826
61413987840	61409139200	4848640	512	11.763774
41923587584	41916583936	7003648	512	13.486892
23702742528	23697604096	5138432	512	8.883359
42170429440	42165496832	4932608	512	2.637879
30957364224	30950115840	7248384	512	12.845841
39596382208	39591526912	4855296	512	7.548894
28700754432	28693028864	7725568	512	5.215973
66889692672	66881654784	8037888	512	4.717500
10774916096	10767342592	7573504	512	9.825346
35496631296	35489535488	7095808	512	4.724625
31224190464	31216133120	8057344	512	8.823574
21275522560	21268427776	7094784	512	14.692462
61152562688	61146706432	5856256	512	9.969897
36466202624	36460965376	5237248	512	2.860468
78161831424	78155664384	6167040	512	7.360991
67117412352	67111214592	6197760	512	11.257552
9065204224	9059011584	6192640	512	13.371779
72820387328	72812947456	7439872	512	14.443790
30169501184	30162695680	6805504	512	5.221159
70663086592	70657837568	5249024	512	5.731468
78095712256	78091160064	4552192	512	7.236323
49011014656	49005535744	5478912	512	3.961164
66034118656	66029093888	5024768	512	9.407793
46452198912	46447654912	4544000	512	12.514086
72559717888	72554686464	5031424	512	11.377409
65086383616	65078608896	7774720	512	11.957885
5614234112	5608657920	5576192	512	7.595817
28665254912	28657338880	7916032	512	11.735702
59963627008	59955964416	7662592	512	5.998316
57427544064	57421571584	5972480	512	7.409957
65302855680	65294625280	8230400	512	8.253601
62891127296	62883986432	7140864	512	3.818841
17130280960	17122127872	8153088	512	13.283776
32110126080	32101764096	8361984	512	5.905634
57758576128	57754075136	4500992	512	8.987787
14354811904	14348498432	6313472	512	10.474787
14563561984	14556895232	6666752	512	7.286674
45408893440	45402437120	6456320	512	15.574350
15724623360	15717489152	7134208	512	7.219066
60212248064	60206649344	5598720	512	11.339958
69496022528	69488853504	7169024	512	12.719798
28233009152	28228264448	4744704	512	10.103421
67878196736	67870422016	7774720	512	6.196362
9455306752	9450408960	4897792	512	3.796544
67227472896	67221712896	5760000	512	5.641164
72917954560	72910761984	7192576	512	7.458826
57631928832	57625605632	6323200	512	4.488872
24285982208	24281738240	4243968	512	3.602369
71134673920	71128269312	6404608	512	3.897150
64138940928	64133497344	5443584	512	5.052327
48919807488	48912799744	7007744	512	12.678068
38826421248	38818557952	7863296	512	5.503799
54936468992	54931527680	4941312	512	10.747712
57760755200	57752705024	8050176	512	9.984368
28534445056	28528909824	5535232	512	11.504401
70959350784	70952080896	7269888	512	12.267062
42524260352	42518531584	5728768	512	13.143622
14295753216	14289358336	6394880	512	6.916865
23595620864	23589225984	6394880	512	9.363064
8766756352	8760197120	6559232	512	5.093837
18694859776	18690516992	4342784	512	5.110138
55196528640	55191693312	4835328	512	4.552540
4458396672	4453364224	5032448	512	4.613565
69947679232	69941521408	6157824	512	8.609226
48619772416	48614630912	5141504	512	13.893362
48657815552	48650348544	7467008	512	9.552995
78191326720	78185521664	5805056	512	11.571813
32991233536	32985660416	5573120	512	7.656103
25223258112	25215230976	8027136	512	7.227846
997587456	991651840	5935616	512	7.034991
74401294848	74396742144	4552704	512	12.864191
48742089728	48736857600	5232128	512	3.166848
24837627904	24832854016	4773888	512	9.438459
2224108544	2219772928	4335616	512	11.893716
7876949504	7871448576	5500928	512	12.232163
44282715136	44277941248	4773888	512	6.943164
40243706368	40236101120	7605248	512	2.924258
64340109824	64332952576	7157248	512	13.486183
11665300992	11661074432	4226560	512	9.740088
61897001984	61892639744	4362240	512	8.421980
40287817216	40283453440	4363776	512	12.823263
23817836544	23812185600	5650944	512	15.238755
48567320064	48562100736	5219328	512	8.250645
22473881600	22465656832	8224768	512	11.618166
35879762944	35872228352	7534592	512	9.563214
76147432960	76143127040	4305920	512	4.778439
59284707328	59276457984	8249344	512	8.527781
3622820864	3615077888	7742976	512	13.803475
66173231616	66168927232	4304384	512	4.875194
66182135808	66175048192	7087616	512	6.584422
74725960192	74720868352	5091840	512	11.216337
16268139008	16260601856	7537152	512	7.167753
75078369792	75070948864	7420928	512	6.326985
45877459456	45871689216	5770240	512	7.196661
56743311360	56735079424	8231936	512	5.711897
55475187712	55467940864	7246848	512	10.672983
69147261952	69143059456	4202496	512	6.321044
2269892096	2265310208	4581888	512	6.745754
62248418816	62243430912	4987904	512	7.443289
12298568192	12291531776	7036416	512	12.643295
23431122432	23423726080	7396352	512	3.876364
59428911616	59421555712	7355904	512	6.038159
12142435840	12134198272	8237568	512	4.046961
70060747776	70053809664	6938112	512	5.005643
31090964992	31086513152	4451840	512	5.566210
65419731456	65413470208	6261248	512	8.138586
44624786944	44619618304	5168640	512	5.743956
62718291456	62711699968	6591488	512	5.587561
65724653568	65716931584	7721984	512	7.153594
71174390272	71169390080	5000192	512	5.212048
21424744960	21420541952	4203008	512	8.344953
73838160896	73831607296	6553600	512	13.865237
59143397376	59138739200	4658176	512	12.127956
45496851456	45488789504	8061952	512	12.009893
48849761792	48844258304	5503488	512	5.182629
69848023552	69841690112	6333440	512	13.674105
65373018624	65365144064	7874560	512	13.330816
65010413568	65003585024	6828544	512	8.305303
32338484224	32333836800	4647424	512	11.862814
13515903488	13509547008	6356480	512	9.511332
72382712832	72377759744	4953088	512	9.540937
10497678336	10491889152	5789184	512	13.199256
43049835008	43043973120	5861888	512	4.867813
40953928704	40947535360	6393344	512	6.562041
55921227776	55912849920	8377856	512	5.744200
57693725184	57688879104	4846080	512	10.966112
26529428480	26524444160	4984320	512	4.394895
16605061120	16598715392	6345728	512	13.456782
18359295488	18353827840	5467648	512	6.848442
1602855424	1594891776	7963648	512	9.610875
72319788544	72313414656	6373888	512	9.317459
43563637760	43557259776	6377984	512	3.381488
38789479424	38784835584	4643840	512	3.690268
52894465024	52887547904	6917120	512	6.984053
22779679232	22773941760	5737472	512	11.737483
69621002752	69614611456	6391296	512	9.886610
40683303936	40677233152	6070784	512	5.614032
43554213376	43548279296	5934080	512	3.999665
26606777856	26599737856	7040000	512	9.656730
18285371904	18278822400	6549504	512	11.496227
48569165312	48563709952	5455360	512	12.994691
21903621120	21898705920	4915200	512	12.235318
53971555840	53965173248	6382592	512	7.893265
61791537664	61784914432	6623232	512	4.582601
76625244672	76618351104	6893568	512	7.823958
20509720576	20501369856	8350720	512	6.865064
31729823232	31721962496	7860736	512	8.955489
77134228992	77127452160	6776832	512	9.319249
56344041472	56337817600	6223872	512	9.276374
76015280128	76007919616	7360512	512	12.738141
76828483584	76821170688	7312896	512	5.159034
54193580544	54186537984	7042560	512	5.488071
79264232960	79256428032	7804928	512	8.611511
55587879424	55581446656	6432768	512	4.597617
36273826304	36269316608	4509696	512	10.683150
29998718976	29991527936	7191040	512	6.848741
6515527168	6508445696	7081472	512	4.647096
619047936	613315584	5732352	512	9.610696
4571541504	4563406336	8135168	512	3.334849
73458634240	73451248128	7386112	512	10.491701
66362056704	66357577216	4479488	512	8.546778
838309888	833411584	4898304	512	9.091166
15583415808	15577908736	5507072	512	5.982309
43293849088	43286056960	7792128	512	4.797204
74589932032	74581642752	8289280	512	11.006121
8104074240	8099848704	4225536	512	12.948608
57220548096	57215369216	5178880	512	10.442849
17222449664	17214402048	8047616	512	4.576522
65350987264	65345288192	5699072	512	7.902898
41300737024	41293057536	7679488	512	12.156779
13625988608	13619198464	6790144	512	9.068480
79957324800	79953070592	4254208	512	13.745276
295611392	290350592	5260800	512	12.439657
30190294016	30183259648	7034368	512	8.911440
12234719744	12228410368	6309376	512	10.687260
62849591808	62844889600	4702208	512	3.152015
78746797056	78739789824	7007232	512	10.696196
3080594944	3074207744	6387200	512	4.596281
13723870720	13715643904	8226816	512	6.113502
31224551424	31219453440	5097984	512	5.509130
6127203840	6120557568	6646272	512	3.285766
56179151360	56173381120	5770240	512	13.360135
33489462272	33481606144	7856128	512	4.274362
3167313920	3161838592	5475328	512	5.982585
38829326336	38825116672	4209664	512	5.699080
61007500800	61002284032	5216768	512	11.420853
54063913472	54058421248	5492224	512	4.027947
60801040896	60795043328	5997568	512	10.277784
23640876032	23632756224	8119808	512	11.539989
8581460992	8576833024	4627968	512	11.759375
61750062080	61744961536	5100544	512	3.906834
11725733376	11719297536	6435840	512	7.820837
54727360512	54721534464	5826048	512	12.907781
4281093120	4272731136	8361984	512	9.527653
10860484096	10853508608	6975488	512	9.540691
64054858240	64047905280	6952960	512	4.359038
679000064	673380864	5619200	512	2.799399
45939604992	45931804160	7800832	512	9.806074
28384573952	28377880576	6693376	512	8.720601
57421979648	57414265856	7713792	512	7.112329
64026798080	64019398144	7399936	512	10.200009
17142048768	17134615040	7433728	512	11.398080
34761381376	34756832256	4549120	512	12.565688
34237655040	34229428736	8226304	512	4.340088
20766265856	20758995968	7269888	512	4.085591
48947432448	48940400640	7031808	512	12.035577
58107416064	58103039488	4376576	512	11.398127
76074657792	76070066176	4591616	512	6.279973
36907660800	36902661632	4999168	512	8.469959
41903000064	41896372736	6627328	512	5.978179
54766124544	54759784448	6340096	512	7.261073
6821749760	6816257536	5492224	512	7.784061
13884649984	13879703552	4946432	512	11.952291
47297257984	47291004928	6253056	512	12.666504
28842649088	28836371456	6277632	512	8.908483
36226488320	36220376064	6112256	512	12.540031
55738706432	55731693568	7012864	512	8.179873
54042276864	54036334592	5942272	512	9.514864
62655564288	62647278592	8285696	512	10.192599
57205343744	57198466560	6877184	512	6.694378
53307759104	53300722688	7036416	512	5.640131
44224519680	44218792960	5726720	512	13.165949
56507483648	56499150848	8332800	512	9.241837
49766083584	49758394368	7689216	512	11.390165
22051029504	22046109184	4920320	512	12.121994
3928834560	3923456512	5378048	512	8.161138
36239695360	36233504768	6190592	512	8.753216
56436550656	56432295936	4254720	512	9.877497
17670358528	17665468416	4890112	512	12.761797
71574904320	71569713152	5191168	512	7.760786
2739227648	2733010944	6216704	512	6.469439
29428295168	29423299072	4996096	512	12.577559
60221915648	60214804992	7110656	512	4.247414
68613977600	68608910848	5066752	512	12.363547
67726554624	67722305024	4249600	512	10.317115
75809061376	75803047936	6013440	512	11.294157
32249010176	32241852416	7157760	512	5.853455
6323324416	6318416896	4907520	512	5.057557
47072270336	47067884544	4385792	512	5.676762
25178081280	25171134976	6946304	512	5.410465
5534992384	5529797120	5195264	512	9.789046
18337869824	18333124096	4745728	512	5.058300
53442057728	53435400192	6657536	512	9.211011
53899791872	53891963904	7827968	512	12.364254
17880862720	17875412480	5450240	512	7.245302
34764444672	34759830528	4614144	512	10.983019
12190525952	12183753728	6772224	512	9.450924
879554048	874926592	4627456	512	5.676311
4728370176	4720676352	7693824	512	3.755984
59874316288	59869639168	4677120	512	8.567225
48651844096	48646950400	4893696	512	12.406405
78416013312	78410378240	5635072	512	6.819447
26622521344	26614626304	7895040	512	12.245116
67862267392	67857694208	4573184	512	8.645336
75238171136	75233053184	5117952	512	4.733316
25284672512	25278114304	6558208	512	5.487497
31146877952	31140791296	6086656	512	4.330763
5419677184	5415209984	4467200	512	13.958648
68734567936	68727089664	7478272	512	11.566053
75977926656	75970103296	7823360	512	4.187178
7009948672	7003584000	6364672	512	13.300695
33749762048	33745108480	4653568	512	8.160137
19526631424	19518818816	7812608	512	10.041922
31739137536	31734524416	4613120	512	12.717969
35727408128	35722708992	4699136	512	8.823610
42162119168	42157477888	4641280	512	12.284687
50110125568	50103971328	6154240	512	12.347733
75712900608	75707027456	5873152	512	12.065536
32833035776	32828112384	4923392	512	3.284462
38816202240	38811477504	4724736	512	12.787314
61151159296	61144692224	6467072	512	9.454934
12598355456	12591306752	7048704	512	3.182801
70296058368	70288463872	7594496	512	10.075652
74524931072	74519994368	4936704	512	7.776550
47243095552	47238373888	4721664	512	7.716852
11246909952	11238736896	8173056	512	7.339509
71820832256	71812936704	7895552	512	11.901415
72583463936	72578285056	5178880	512	10.713509
24225336832	24220061184	5275648	512	6.613717
8581342720	8576127488	5215232	512	5.839936
19903725056	19897472000	6253056	512	9.089154
44698012672	44692659712	5352960	512	11.997011
14337149440	14329380864	7768576	512	5.409635
69926488576	69920023040	6465536	512	7.309009
22453954048	22447191552	6762496	512	6.548685
4047867904	4042244608	5623296	512	12.073826
75560943104	75552641536	8301568	512	7.358527
20719143424	20711380992	7762432	512	6.610479
27758102016	27752970752	5131264	512	10.091426
33281698816	33275807744	5891072	512	6.937823
77653863936	77647088128	6775808	512	11.230016
15963095552	15958150656	4944896	512	11.569404
20109902336	20104184320	5718016	512	7.586763
17405575168	17399517184	6057984	512	2.486927
15204537344	15197118976	7418368	512	4.091978
78869468160	78863165440	6302720	512	10.911005
51613726208	51609497088	4229120	512	4.898817
15613145088	15606594560	6550528	512	11.452925
69932504576	69926699008	5805568	512	11.510207
32248619008	32240944640	7674368	512	13.567918
22005081088	22000188416	4892672	512	12.769474
49819908096	49813031936	6876160	512	6.247060
13338546176	13332119552	6426624	512	8.053670
59658642944	59653744640	4898304	512	4.813273
45667560448	45659950592	7609856	512	3.847317
25714285056	25706954240	7330816	512	11.948092
58652214784	58647225344	4989440	512	13.149673
52189078528	52182551040	6527488	512	6.851611
64933940224	64925589504	8350720	512	5.315658
40471565312	40463880192	7685120	512	11.949290
21833781760	21827930112	5851648	512	7.269350
30945197056	30937321984	7875072	512	6.758142
55688955904	55681939968	7015936	512	8.118805
78559709696	78551476736	8232960	512	5.066021
4476680704	4472353280	4327424	512	10.801975
19836505600	19831200256	5305344	512	12.461072
2925222912	2917520384	7702528	512	3.480354
43578865664	43574313984	4551680	512	5.442058
39023753728	39018585088	5168640	512	10.482094
75594455040	75587610112	6844928	512	5.525877
20986873856	20980494336	6379520	512	6.052972
48579264512	48574202368	5062144	512	7.816881
74406491136	74398476800	8014336	512	5.503151
26253417984	26249148416	4269568	512	2.996758
48640446464	48633171968	7274496	512	3.632792
34034172416	34028569600	5602816	512	4.864871
16124733440	16119962624	4770816	512	4.439213
20027956224	20022086144	5870080	512	8.651316
47084531712	47078568448	5963264	512	11.262585
47427705856	47421499392	6206464	512	2.852426
42025801216	42018140672	7660544	512	8.288902
36329395200	36321910784	7484416	512	4.320195
27705354752	27698420224	6934528	512	5.688919
9417764864	9410858496	6906368	512	14.637554
27203591168	27199195136	4396032	512	11.090811
15967880192	15962797568	5082624	512	8.363342
78007180800	78001414656	5766144	512	5.859266
52812996096	52805523456	7472640	512	11.710068
33092213760	33084621824	7591936	512	12.711977
52454247936	52447556096	6691840	512	13.308369
29638437376	29631753728	6683648	512	10.053641
28561958400	28553758208	8200192	512	11.446008
31916783104	31912477184	4305920	512	10.982958
36391629824	36387279360	4350464	512	12.972098
21548028416	21542501888	5526528	512	5.527266
46168811008	46164014080	4796928	512	5.673510
40441629184	40434213376	7415808	512	6.780108
19757256704	19751039488	6217216	512	9.900655
22121419264	22114897920	6521344	512	13.963678
58941587968	58936166400	5421568	512	13.931407
26594178560	26585875968	8302592	512	11.747233
44504385536	44496516608	7868928	512	9.162542
38636317184	38630941696	5375488	512	13.372678
50043786240	50037480448	6305792	512	6.277424
65038285824	65030892544	7393280	512	5.645724
63042852864	63037185536	5667328	512	10.541182
61112573440	61105995264	6578176	512	5.949985
47979201024	47972111872	7089152	512	10.501300
50126642176	50122446336	4195840	512	9.337087
7627350528	7619840000	7510528	512	4.373649
47835318784	47829743616	5575168	512	12.463089
53873273344	53865337856	7935488	512	11.185018
20675933696	20668408832	7524864	512	7.463679
38488360448	38483056128	5304320	512	8.241892
63059922944	63053198848	6724096	512	5.909980
18372569600	18367885824	4683776	512	6.480263
10054977536	10050408960	4568576	512	11.319366
12639110144	12631770624	7339520	512	5.867470
27232661504	27226798080	5863424	512	12.896283
48585614336	48579990528	5623808	512	13.038247
17068618752	17060807680	7811072	512	11.916040
26704198144	26699201024	4997120	512	5.889191
65992050688	65985092608	6958080	512	4.139456
24104932864	24098338816	6594048	512	13.813455
73554106880	73549273600	4833280	512	11.616635
59956275712	59949314048	6961664	512	8.771522
41124953088	41118712832	6240256	512	12.377997
45260997632	45253500928	7496704	512	8.794049
419142144	410891264	8250880	512	3.414459
60054205440	60049328640	4876800	512	5.492166
48741525504	48733982208	7543296	512	7.552261
53066738176	53062306816	4431360	512	7.445531
4692972032	4687719936	5252096	512	10.877282
63731963392	63724930560	7032832	512	7.251106
30019193856	30012488192	6705664	512	7.661391
48059509248	48054082048	5427200	512	7.202115
6522774528	6518255104	4519424	512	4.506084
51852178432	51847235072	4943360	512	5.213335
44579392512	44571307008	8085504	512	6.296862
38803137536	38796552704	6584832	512	12.700605
23576694784	23570870272	5824512	512	4.575660
72974739968	72967579648	7160320	512	15.298796
52755751936	52748492288	7259648	512	6.611442
56104179200	56096505344	7673856	512	3.563477
21876422144	21871285248	5136896	512	7.109168
23207967232	23202770432	5196800	512	10.363485
28246873600	28242351104	4522496	512	6.181941
46658019840	46653355008	4664832	512	7.427679
28896539648	28889857024	6682624	512	10.056703
18463203840	18455860736	7343104	512	13.488248
51953779200	51945745920	8033280	512	3.311834
55456335872	55450488320	5847552	512	3.000157
62308961280	62303053312	5907968	512	8.366057
60309398528	60304023552	5374976	512	10.721825
29191882240	29186377728	5504512	512	9.367083
51486951424	51479890944	7060480	512	12.211640
55930404352	55922971648	7432704	512	3.459702
45515948032	45508234752	7713280	512	9.425826
76190000128	76185167872	4832256	512	13.899995
73974177792	73965841408	8336384	512	13.835626
7873972736	7867139584	6833152	512	12.112886
49129666048	49123794944	5871104	512	4.505175
4976729088	4970416640	6312448	512	6.201262
75732775424	75727392256	5383168	512	5.717417
6310809088	6306535424	4273664	512	5.455773
24290952704	24282813952	8138752	512	6.402961
78588243456	78582460416	5783040	512	9.783978
34730491392	34723738624	6752768	512	4.021736
61999459328	61991546368	7912960	512	7.873941
29842222592	29835930624	6291968	512	8.442547
32253409792	32246069248	7340544	512	12.467102
75040285696	75032264192	8021504	512	11.792590
73253938176	73248606208	5331968	512	6.911466
64518066176	64513377792	4688384	512	12.878121
16999054848	16992101376	6953472	512	11.403421
70265406464	70260115968	5290496	512	4.235849
18314638848	18309686784	4952064	512	11.383549
70990310400	70983279616	7030784	512	8.514753
44687547392	44683153920	4393472	512	9.604366
6570785792	6564067328	6718464	512	9.866632
34418827264	34412151808	6675456	512	5.904136
34540732928	34535376384	5356544	512	11.021386
70726595584	70718382592	8212992	512	6.765226
41764875776	41756731904	8143872	512	6.448364
76915942400	76909733888	6208512	512	3.754448
37591642112	37583816704	7825408	512	12.887133
1202856960	1196996096	5860864	512	8.670597
39858829312	39853424128	5405184	512	2.524319
34819457536	34811547136	7910400	512	4.782498
43208816640	43202604544	6212096	512	7.738972
34366746112	34361248768	5497344	512	7.485749
73853566464	73846511616	7054848	512	13.663580
14034008576	14026388992	7619584	512	10.645338
56844171776	56839559168	4612608	512	15.151300
31345308160	31338022912	7285248	512	9.208536
39516568576	39512224256	4344320	512	13.319786
16297445888	16292078080	5367808	512	15.748547
3453375488	3446121472	7254016	512	4.149639
15528955904	15521891328	7064576	512	10.658526
4235965440	4230008832	5956608	512	2.881573
70577435648	70572445696	4989952	512	5.563131
43364092416	43358442496	5649920	512	13.358319
32165423104	32160818688	4604416	512	11.073161
65650509312	65642910208	7599104	512	6.579900
29455579136	29448536576	7042560	512	10.489189
60775716864	60767365120	8351744	512	3.569876
50474997760	50470471680	4526080	512	9.449827
55421186048	55416075264	5110784	512	5.818434
14246516224	14239807488	6708736	512	6.327858
26659118592	26652244480	6874112	512	7.111542
30913479168	30907010560	6468608	512	13.455976
17780978688	17774328832	6649856	512	9.171185
9521040384	9516494336	4546048	512	2.488725
15152734208	15147291648	5442560	512	9.976368
59567113728	59560712192	6401536	512	5.421269
71306498560	71298180608	8317952	512	12.334221
752909312	748521472	4387840	512	10.843852
75861686784	75853532672	8154112	512	11.937949
75340268032	75331978240	8289792	512	5.062725
53242694144	53236740608	5953536	512	4.440661
62271055360	62264526336	6529024	512	7.548460
4003679744	3996765696	6914048	512	11.590687
21050824704	21042590208	8234496	512	11.431712
33687591424	33679876608	7714816	512	9.635557
19195668992	19189254144	6414848	512	5.340643
29493279744	29487853568	5426176	512	11.244977
51731408896	51725272064	6136832	512	8.572646
65878582272	65873335296	5246976	512	13.257125
24245732864	24241523712	4209152	512	4.461419
14965072896	14956762112	8310784	512	13.499980
25720836608	25714743808	6092800	512	7.366681
50663507968	50656406016	7101952	512	13.827132
41075072000	41070801408	4270592	512	4.131326
26397893632	26390944768	6948864	512	5.344000
7949915648	7941649408	8266240	512	5.985935
58834372096	58829448192	4923904	512	13.303485
33761422336	33754921984	6500352	512	10.303169
46453726720	46447896064	5830656	512	5.565412
45078761984	45070396928	8365056	512	3.819735
73962355712	73955614720	6740992	512	5.042134
72789857792	72783382528	6475264	512	5.607018
36552774144	36548178944	4595200	512	9.513440
29617833984	29611412480	6421504	512	5.252396
76851105280	76846645248	4460032	512	13.025031
4160223232	4155734016	4489216	512	7.265732
36664204800	36656472576	7732224	512	6.029537
51462494208	51455962624	6531584	512	6.803903
69902325760	69895823872	6501888	512	6.088154
70863893504	70859254272	4639232	512	10.558902
77893895680	77887404032	6491648	512	12.152068
4925726720	4921192960	4533760	512	6.296081
72349686272	72345306624	4379648	512	5.227738
42612500992	42605543424	6957568	512	6.542153
55943284224	55937920512	5363712	512	7.740524
41404555776	41399769088	4786688	512	11.159931
78263629824	78257245696	6384128	512	7.430426
63086516736	63079234048	7282688	512	10.458292
20477886464	20473636864	4249600	512	13.795811
41697304064	41690243584	7060480	512	7.786017
42290892288	42286602240	4290048	512	10.497454
45674865152	45669610496	5254656	512	2.614592
7419957760	7412580864	7376896	512	7.337760
73940358144	73933033472	7324672	512	10.014266
61539802624	61533414912	6387712	512	11.922284
15220769792	15215014400	5755392	512	4.723254
76164440064	76158051328	6388736	512	8.903318
10826974208	10821361664	5612544	512	7.940000
61172114944	61167793664	4321280	512	9.693963
44213927936	44205896704	8031232	512	7.723273
29208266240	29202884096	5382144	512	12.365583
4278217728	4272329728	5888000	512	4.400867
17285327360	17278815232	6512128	512	12.360367
1298724352	1294473728	4250624	512	4.550227
77693035520	77688646144	4389376	512	6.759255
28813512192	28805196288	8315904	512	5.201394
40092534272	40088060416	4473856	512	9.996924
74614383616	74607616512	6767104	512	4.062717
70202957312	70195319296	7638016	512	8.563247
69443889664	69439349760	4539904	512	6.875027
23910587392	23903828992	6758400	512	11.804206
8781696000	8774601728	7094272	512	11.429841
7958433792	7951531520	6902272	512	8.666207
49205370368	49198325248	7045120	512	11.646069
71566756864	71562009088	4747776	512	4.747664
59281665536	59276270080	5395456	512	8.178386
5788187648	5782170624	6017024	512	9.955159
64708226048	64700751360	7474688	512	5.903159
30294922240	30287796224	7126016	512	6.627417
12601518592	12595489792	6028800	512	5.921504
67357966848	67352821248	5145600	512	9.704459
70425809920	70419816448	5993472	512	4.506475
1849210368	1843936256	5274112	512	12.088728
21866634752	21862194688	4440064	512	2.874084
27341931008	27337479168	4451840	512	9.759286
31769138688	31762703360	6435328	512	5.027199
64535409152	64527794688	7614464	512	12.490813
64587983872	64583128064	4855808	512	5.728201
11653478912	11645708800	7770112	512	5.363273
26909512192	26904612352	4899840	512	6.458339
22220941312	22215150080	5791232	512	10.483888
49206170624	49198599680	7570944	512	4.891197
43408100352	43401094144	7006208	512	5.237964
53365409280	53359925248	5484032	512	12.510792
2756015616	2747659776	8355840	512	7.771122
10458797568	10450635776	8161792	512	5.752262
14976833536	14970446336	6387200	512	7.083196
19032675328	19024455680	8219648	512	11.764661
52484587520	52478158336	6429184	512	11.463809
77629657088	77622864384	6792704	512	8.803289
19303316480	19297632768	5683712	512	12.987358
43498150912	43493529600	4621312	512	12.839725
5291425792	5286532608	4893184	512	7.677613
73927738368	73920310784	7427584	512	8.953523
79125773312	79120713216	5060096	512	5.894812
72889768960	72882203648	7565312	512	5.279791
31180364800	31172914176	7450624	512	9.680898
26143347200	26137441280	5905920	512	11.850578
8970654720	8966106112	4548608	512	11.778625
45341898240	45333725696	8172544	512	9.045629
31957406208	31951660544	5745664	512	12.709725
36538497536	36531780608	6716928	512	11.329606
30939547136	30931432960	8114176	512	9.071068
34279238144	34272369664	6868480	512	7.624676
30466482176	30458150912	8331264	512	6.612020
6518299136	6512863232	5435904	512	2.490074
16212193280	16204661248	7532032	512	7.302815
79774816256	79767198208	7618048	512	7.614145
24576747520	24570027520	6720000	512	10.853772
39420212224	39413921280	6290944	512	11.044962
18513810432	18506649600	7160832	512	6.625271
19942064128	19935673344	6390784	512	4.071137
39231596544	39226326528	5270016	512	7.904963
69341308928	69336451072	4857856	512	5.193929
56271754240	56265114624	6639616	512	6.247024
17676984320	17669701120	7283200	512	3.773885
62090552320	62082605568	7946752	512	6.705597
75937961472	75932073472	5888000	512	11.509412
2680326656	2674063360	6263296	512	5.486346
42944895488	42938893312	6002176	512	10.573667
57855432704	57848907776	6524928	512	16.187087
41007913984	41003217920	4696064	512	2.355545
12150651904	12144849408	5802496	512	12.805241
53302029824	53295123968	6905856	512	11.259110
32326166016	32321065984	5100032	512	5.294551
41132465152	41126956544	5508608	512	10.923279
3361973760	3356552192	5421568	512	5.360360
68859419136	68853586432	5832704	512	9.731292
42571607552	42563706880	7900672	512	8.260528
59527820800	59523394560	4426240	512	9.884609
21093083648	21088061952	5021696	512	9.810399
36100808704	36094060544	6748160	512	4.126002
53649288704	53642850304	6438400	512	4.442250
655297024	649883136	5413888	512	7.217598
14621501440	14616734720	4766720	512	15.175806
75636523008	75630770688	5752320	512	7.279324
62627407872	62622204416	5203456	512	9.986068
13340644864	13336203264	4441600	512	4.878163
75358674944	75354116608	4558336	512	9.407584
75856132608	75849322496	6810112	512	8.718271
43732384768	43724355584	8029184	512	7.799616
71986289664	71980816384	5473280	512	2.839738
70502322176	70498023424	4298752	512	8.534516
25141496832	25135736320	5760512	512	6.125751
37839456768	37832765952	6690816	512	11.993131
43617147904	43612668416	4479488	512	5.483183
70883875328	70875530240	8345088	512	11.406089
17665808896	17658979328	6829568	512	5.007066
5728432128	5722885120	5547008	512	9.342927
71272781312	71267225088	5556224	512	10.657278
61281803776	61273722880	8080896	512	5.372206
29065936896	29059949056	5987840	512	4.943422
68401721344	68397353984	4367360	512	4.486187
47093794816	47089122816	4672000	512	4.482123
14528879104	14520885248	7993856	512	11.435340
36253974016	36246774272	7199744	512	13.176216
58077374976	58069995008	7379968	512	12.252432
73857692672	73851899904	5792768	512	12.746989
47024239104	47016252928	7986176	512	4.809311
76330620928	76324447744	6173184	512	9.901202
8929385984	8923156992	6228992	512	3.266529
47015254528	47010235904	5018624	512	7.151397
52936974848	52929145856	7828992	512	9.071737
54289517056	54282120704	7396352	512	6.333040
8596409344	8591268864	5140480	512	7.558834
29775632896	29769449472	6183424	512	11.235819
46230989824	46223173120	7816704	512	9.338217
14999385600	14992807936	6577664	512	9.301595
3496464896	3488122368	8342528	512	9.932561
78137668096	78132279808	5388288	512	12.514847
15577845248	15569993728	7851520	512	11.046983
47848864768	47840921088	7943680	512	4.181405
57018167808	57010951168	7216640	512	5.980504
65128637440	65121908736	6728704	512	8.875620
52038691328	52030857216	7834112	512	10.756384
33474730496	33467397120	7333376	512	8.021706
50583792128	50577540096	6252032	512	14.317584
8825638912	8819595776	6043136	512	5.623644
14278877184	14271078912	7798272	512	4.766009
21235446784	21231061504	4385280	512	4.105734
38916947456	38911597056	5350400	512	5.769020
1702655488	1695227904	7427584	512	13.673400
63692394496	63684487168	7907328	512	9.272642
54734669312	54726754304	7915008	512	9.860949
47967906304	47963492352	4413952	512	4.925799
1254552576	1247831552	6721024	512	15.192089
35931462144	35923398656	8063488	512	7.365573
74613100544	74607859200	5241344	512	5.565118
34722926592	34715257344	7669248	512	10.822221
15257758720	15249609216	8149504	512	6.043839
547994624	539827200	8167424	512	7.030756
38498375168	38493852672	4522496	512	11.364670
959459328	952698880	6760448	512	7.769607
28937133568	28929449984	7683584	512	13.310929
16268580864	16264260096	4320768	512	5.625391
73044661248	73038606848	6054400	512	11.562685
50981021696	50975106560	5915136	512	7.861221
73069554176	73064460288	5093888	512	7.289101
69513620992	69509200896	4420096	512	12.828926
37888543744	37883130880	5412864	512	5.502042
55906974208	55901940224	5033984	512	6.207490
65738583552	65734239232	4344320	512	3.663018
13320281600	13315584000	4697600	512	8.350150
33084628480	33077672448	6956032	512	14.359047
32955917824	32951635968	4281856	512	11.609252
33352076288	33345952256	6124032	512	10.432805
13789939200	13784885248	5053952	512	11.368418
54079375360	54072721920	6653440	512	9.343517
13895298048	13887543296	7754752	512	5.726784
16227238912	16221623296	5615616	512	5.295437
25037146112	25031885312	5260800	512	6.998697
25333968384	25325760000	8208384	512	2.869438
75613784576	75606819840	6964736	512	12.082470
19329594880	19322286592	7308288	512	3.225147
77234144256	77228400640	5743616	512	4.955933
24429358080	24421506048	7852032	512	4.032337
32709534208	32703132160	6402048	512	5.849502
5047263232	5040353280	6909952	512	13.540069
46026725376	46020583424	6141952	512	6.451956
20569530880	20564175872	5355008	512	11.347641
51436868608	51431162880	5705728	512	4.439780
47802565632	47798112768	4452864	512	3.875765
74465921024	74459431936	6489088	512	5.210061
26785698816	26780754432	4944384	512	7.163517
71078887424	71073716736	5170688	512	10.358933
62640644608	62632417280	8227328	512	9.035521
34628710400	34621893120	6817280	512	11.684994
56909880832	56903096320	6784512	512	11.341051
1593459712	1588891648	4568064	512	6.966976
51454843392	51449029120	5814272	512	5.102819
5034921984	5027500544	7421440	512	8.707459
4939964928	4933513728	6451200	512	12.481769
56873821184	56865566208	8254976	512	4.987107
63843518976	63837883904	5635072	512	3.318876
9100151808	9092210688	7941120	512	12.575878
44368986112	44360683520	8302592	512	11.655122
36706245632	36698631168	7614464	512	8.950917
49165194240	49157733376	7460864	512	9.694575
10660413440	10656198144	4215296	512	11.853010
29924546048	29916499968	8046080	512	13.649165
25694243840	25686977536	7266304	512	8.836627
60234070016	60226940416	7129600	512	3.647818
75905543680	75900616704	4926976	512	13.916353
42537297920	42531582976	5714944	512	13.490896
20606810112	20600090624	6719488	512	7.529651
56985040384	56980103680	4936704	512	14.709141
15962527232	15957005824	5521408	512	7.487343
67063984640	67058448896	5535744	512	3.943685
10989100032	10982700544	6399488	512	4.046589
15988435968	15983589888	4846080	512	10.950766
32587438080	32581406720	6031360	512	5.694641
58748367872	58740826624	7541248	512	11.552655
25609017856	25603072000	5945856	512	10.908845
66894011392	66887250944	6760448	512	10.782137
65648620032	65641736704	6883328	512	6.512478
51092886016	51085315584	7570432	512	10.035278
37751443456	37745921024	5522432	512	2.722735
5574010368	5567361536	6648832	512	5.071118
36839466496	36831881216	7585280	512	14.295491
2391091200	2385829376	5261824	512	12.368159
60764496384	60759203328	5293056	512	8.604136
57971165184	57966621184	4544000	512	10.621359
79378002944	79369701888	8301056	512	5.174087
1683232768	1677864960	5367808	512	8.166459
48094424064	48089395200	5028864	512	15.251808
26018424320	26013881856	4542464	512	5.731225
13931985408	13927116288	4869120	512	12.687350
27345134080	27337737728	7396352	512	3.814761
74892095488	74887333376	4762112	512	9.697254
45977566208	45970889728	6676480	512	12.403130
42894310400	42888599040	5711360	512	11.749416
23092610048	23085161472	7448576	512	13.738063
20128361984	20123836416	4525568	512	11.983136
49794812928	49788159488	6653440	512	7.738728
19582162432	19575627776	6534656	512	2.538771
53792326144	53786900992	5425152	512	5.963132
71005701120	71001348608	4352512	512	9.525742
10340447232	10335810048	4637184	512	11.521743
69802191360	69794819584	7371776	512	5.797558
32871266304	32865843200	5423104	512	11.341655
47935689728	47931415040	4274688	512	15.216694
35527718912	35522995200	4723712	512	6.394524
16878040576	16869654016	8386560	512	6.019319
57323742720	57316136960	7605760	512	13.835973
56370503168	56362245120	8258048	512	4.905854
54071415808	54064338432	7077376	512	6.303678
43340266496	43335241728	5024768	512	11.400970
62051241984	62043298816	7943168	512	11.589582
15483429376	15475220480	8208896	512	11.990750
43942496768	43935353856	7142912	512	12.731739
46289772032	46283672064	6099968	512	7.568631
38015644160	38009701376	5942784	512	3.207044
493829632	485607424	8222208	512	3.996707
79596517376	79591170560	5346816	512	7.153754
13612815872	13605625856	7190016	512	9.199698
27521773056	27515547136	6225920	512	13.463969
36136523264	36128453632	8069632	512	10.081466
23871963648	23866441728	5521920	512	11.795473
6071167488	6062972416	8195072	512	9.375421
61300392960	61296024064	4368896	512	8.214033
52530086912	52521910272	8176640	512	8.543990
36433167360	36425203200	7964160	512	12.676135
54471382528	54466296832	5085696	512	6.524119
59207971328	59203373568	4597760	512	2.812259
16791645696	16783462912	8182784	512	7.978253
58892656640	58884276224	8380416	512	10.948002
32562134016	32555982848	6151168	512	9.225516
53116984320	53109775872	7208448	512	6.177792
61448811008	61440427520	8383488	512	5.240910
69766419456	69759878144	6541312	512	12.927416
44081519616	44074288640	7230976	512	8.501449
74560372224	74552857600	7514624	512	3.852550
31957003776	31948717568	8286208	512	7.734313
26027746304	26020809728	6936576	512	5.636637
15579231744	15574937088	4294656	512	6.221009
68591589376	68585778176	5811200	512	5.777000
27941676032	27937421312	4254720	512	3.372832
72250895360	72245753856	5141504	512	5.532382
54488279040	54482778624	5500416	512	3.732991
4425936384	4419742208	6194176	512	8.777647
6906081792	6901502976	4578816	512	3.191324
14872227328	14866580480	5646848	512	4.306628
6041588736	6034900992	6687744	512	4.190801
64234912768	64230410240	4502528	512	7.766153
33792957440	33788253184	4704256	512	6.862930
18689959936	18681738240	8221696	512	7.134598
71221869056	71213980160	7888896	512	8.934159
61549954048	61544860160	5093888	512	13.400994
8476917248	8471991808	4925440	512	12.915913
47151078912	47146568192	4510720	512	13.432373
51234469888	51229395968	5073920	512	12.737996
74498778624	74491170816	7607808	512	13.354067
64146037248	64140893184	5144064	512	5.508160
15371127808	15363997696	7130112	512	13.870360
60559258112	60552857088	6401024	512	5.411364
9503375360	9495099392	8275968	512	3.155540
39954173952	39948649984	5523968	512	12.402747
39754789888	39746935296	7854592	512	7.576470
57528493056	57520652288	7840768	512	7.946801
39194989568	39188251136	6738432	512	6.865078
38574161408	38568325632	5835776	512	2.468392
36058280960	36052088320	6192640	512	8.675453
5668589568	5663489536	5100032	512	11.919327
78654235136	78646882304	7352832	512	11.636663
28519851520	28513607680	6243840	512	3.753364
42714714112	42707817984	6896128	512	10.002844
54642422784	54635953152	6469632	512	5.396255
36697401856	36691444224	5957632	512	12.032826
25974040576	25967391232	6649344	512	12.501986
75103765504	75098355712	5409792	512	6.715381
53950452224	53942534144	7918080	512	11.650497
4501187584	4494538752	6648832	512	8.168123
38476465152	38469511168	6953984	512	7.206076
35958608384	35952385536	6222848	512	7.955184
16910600704	16905446912	5153792	512	14.940832
74054673920	74049408512	5265408	512	11.108033
75310790656	75303206400	7584256	512	6.952690
76593805312	76589024768	4780544	512	4.816193
33419230208	33412501504	6728704	512	4.610115
51921123840	51915220992	5902848	512	5.935555
68359603712	68351556096	8047616	512	4.370827
73593420288	73587847680	5572608	512	11.748171
63338964992	63330614272	8350720	512	13.725261
49166477312	49161815552	4661760	512	9.376456
72073383424	72068937728	4445696	512	2.848385
21719979008	21715542528	4436480	512	12.208227
60214004736	60208278528	5726208	512	9.362969
50354818560	50349310976	5507584	512	9.928508
73237049344	73232111616	4937728	512	3.609095
2137139200	2131932160	5207040	512	2.445812
36113869312	36106460672	7408640	512	6.210205
19710553600	19706275840	4277760	512	8.496129
58124463104	58118839808	5623296	512	12.438070
61648671744	61640492544	8179200	512	13.466599
13287948800	13283169280	4779520	512	6.538392
78056179712	78050979328	5200384	512	9.444910
59098341376	59092067328	6274048	512	9.266043
45914627072	45909893120	4733952	512	5.564444
7701525504	7695003136	6522368	512	7.943345
46013307904	46005131264	8176640	512	8.905878
53072621056	53065698816	6922240	512	13.228404
49476525056	49468643840	7881216	512	12.535169
48890158592	48881944576	8214016	512	7.894176
64245885440	64241034240	4851200	512	13.977126
10012357632	10004756992	7600640	512	9.212029
44480796160	44476119040	4677120	512	9.498240
74772464128	74766640640	5823488	512	11.636744
24399220736	24391119872	8100864	512	7.330934
39246067200	39237724672	8342528	512	4.170335
69900560384	69892823040	7737344	512	11.737438
34971901952	34964260864	7641088	512	11.487508
43556720640	43551868416	4852224	512	4.875448
27215974400	27211120128	4854272	512	9.169494
7743116800	7738473472	4643328	512	12.916692
55798068736	55792757760	5310976	512	9.314133
14396099072	14387985408	8113664	512	8.689906
59963868160	59958178816	5689344	512	10.410692
51962526720	51954778624	7748096	512	8.584922
33539074048	33531950080	7123968	512	12.238585
48874257408	48869315072	4942336	512	11.045265
30642303488	30635879936	6423552	512	5.319547
16913538048	16908905472	4632576	512	9.490716
58967552512	58962828800	4723712	512	10.114045
12464105472	12456021504	8083968	512	9.375899
34588432384	34581080064	7352320	512	9.443432
52345271296	52337358848	7912448	512	6.700357
59276801024	59270007296	6793728	512	13.854871
70890769920	70885780480	4989440	512	5.587768
11888154624	11879908864	8245760	512	3.845988
52244080640	52239173632	4907008	512	6.184532
38824071680	38819486720	4584960	512	7.113215
10572811776	10564537344	8274432	512	5.070832
24227418624	24222345216	5073408	512	13.359612
75000165376	74991934464	8230912	512	6.633459
12470347776	12463828480	6519296	512	5.938431
63034517504	63029260800	5256704	512	5.964600
71658169856	71652175360	5994496	512	13.706618
25288235520	25283031552	5203968	512	10.224172
43249776640	43245405184	4371456	512	8.322792
2462595584	2458105856	4489728	512	10.516834
47896556032	47889708544	6847488	512	7.754710
67196467200	67192088576	4378624	512	4.073270
12878152192	12871851520	6300672	512	12.738976
38630417920	38624543232	5874688	512	12.600708
40316049408	40308121600	7927808	512	3.813753
63292781056	63287125504	5655552	512	11.935383
59725047296	59720834048	4213248	512	5.271184
42204335104	42199347200	4987904	512	3.111673
23978440704	23973629440	4811264	512	10.363972
24258012160	24253137920	4874240	512	8.864216
46900003328	46893472256	6531072	512	5.210214
25008146944	25001828352	6318592	512	6.602519
54153294336	54147375104	5919232	512	5.532455
54045118464	54038857216	6261248	512	11.388250
74138966016	74134592512	4373504	512	8.476298
20634542592	20628836864	5705728	512	3.143912
37551645696	37544686080	6959616	512	5.173591
44100211712	44094687744	5523968	512	7.454039
79250696192	79244141056	6555136	512	6.454857
52347065344	52340082688	6982656	512	3.293225
18921542144	18913315840	8226304	512	9.662433
63155524608	63148503552	7021056	512	7.623901
31107682304	31103093248	4589056	512	11.459779
25390030848	25383649792	6381056	512	9.671643
21539338240	21534172672	5165568	512	6.454332
57782569984	57776241664	6328320	512	6.206110
29214266368	29207369216	6897152	512	2.993799
24920253952	24912388096	7865856	512	12.946471
74076247552	74069786624	6460928	512	8.112646
25666330112	25658526208	7803904	512	3.328347
49070944256	49066083840	4860416	512	4.000735
79003771904	78996495872	7276032	512	13.498526
5002096640	4994408960	7687680	512	3.905295
13821282304	13813996032	7286272	512	7.059069
64344180224	64336885248	7294976	512	13.588183
38391389184	38386745344	4643840	512	6.475385
20495540736	20490724352	4816384	512	3.423663
76101340672	76096663552	4677120	512	3.001450
50606994432	50601544192	5450240	512	11.537627
75596090880	75587831296	8259584	512	10.824773
9021500928	9015364096	6136832	512	5.366184
20664978432	20656711168	8267264	512	6.033245
15364800000	15357051904	7748096	512	13.383273
30650537984	30644833792	5704192	512	9.154314
16602042880	16594686464	7356416	512	8.594611
30662394880	30656626688	5768192	512	12.164995
619560960	613465600	6095360	512	12.822599
75527527424	75522258944	5268480	512	7.357869
48034550272	48029843456	4706816	512	6.297768
38492656640	38487316992	5339648	512	9.177322
76515834368	76511508992	4325376	512	13.245969
3863362048	3856377344	6984704	512	10.005033
48183020032	48176934400	6085632	512	9.818422
36755857408	36748844032	7013376	512	3.852947
23332229120	23325432320	6796800	512	8.997051
36027396608	36020836352	6560256	512	8.783837
30980586496	30972993536	7592960	512	4.361297
57160188928	57153560064	6628864	512	4.775920
39386570240	39381417472	5152768	512	10.956603
45373236224	45364882432	8353792	512	13.422444
75669399552	75664594432	4805120	512	7.404084
25091432960	25087214592	4218368	512	4.240682
44162893312	44155208704	7684608	512	7.675666
53520969216	53513028608	7940608	512	9.120257
3466587136	3460180992	6406144	512	4.176982
826914816	818842624	8072192	512	7.242719
39616161792	39610125824	6035968	512	6.556619
62751879680	62746263040	5616640	512	8.176858
46328932864	46320961024	7971840	512	5.171163
9387117056	9381476352	5640704	512	5.492307
46323024896	46318459392	4565504	512	11.934562
186347520	181001216	5346304	512	8.681234
4184908288	4179567616	5340672	512	7.122942
70718952448	70713476608	5475840	512	8.822021
28852983808	28845877760	7106048	512	4.206154
18819753472	18812590592	7162880	512	13.065858
22793638912	22786704896	6934016	512	13.676430
33399248896	33391900672	7348224	512	7.681665
40721434112	40715869184	5564928	512	9.489411
43978036736	43971001856	7034880	512	4.491571
43094359552	43089963520	4396032	512	9.538117
52392907776	52385811456	7096320	512	11.180405
45815639552	45807276544	8363008	512	3.858974
48055656448	48050922496	4733952	512	5.522194
59701019648	59694871040	6148608	512	3.862671
5973462016	5968578048	4883968	512	7.487091
27797212672	27790329856	6882816	512	6.918981
8418968576	8414350848	4617728	512	13.402874
28387098624	28379331072	7767552	512	12.573258
1907989504	1903181824	4807680	512	8.162399
13224143360	13218661888	5481472	512	10.953621
53441364480	53434776064	6588416	512	11.169385
5192456192	5187102720	5353472	512	6.689894
64660481536	64653581824	6899712	512	4.169489
6485138944	6476751872	8387072	512	3.274706
61328906240	61322291712	6614528	512	4.842720
54291524096	54284326912	7197184	512	12.083798
11227711488	11220974592	6736896	512	10.264508
3228060672	3221210624	6850048	512	3.688043
52256008192	52251671552	4336640	512	13.010404
51780113408	51775433728	4679680	512	12.618976
67818923520	67814310400	4613120	512	7.370794
35989336576	35983714816	5621760	512	2.547294
20312257024	20307881984	4375040	512	4.381045
34617227264	34610741760	6485504	512	10.647033
65246600192	65241843712	4756480	512	8.805439
52499960320	52495618048	4342272	512	12.838093
42179433472	42172803072	6630400	512	5.942013
33604908032	33600649216	4258816	512	8.717491
49274596352	49267659264	6937088	512	3.487629
33702554624	33695316480	7238144	512	12.295171
23589130240	23582450176	6680064	512	2.516418
37816232960	37810075136	6157824	512	6.982088
35906507776	35899514368	6993408	512	7.274028
69083881472	69077796864	6084608	512	11.119010
46448338432	46443651072	4687360	512	8.665866
74007329792	73999307776	8022016	512	5.188627
39150753792	39145795072	4958720	512	4.870453
10737151488	10732173824	4977664	512	13.081005
57755252224	57750503936	4748288	512	2.764006
44162795008	44156974592	5820416	512	8.862459
40187532288	40182341632	5190656	512	9.941698
15256482816	15248600064	7882752	512	2.817632
39499750912	39492724224	7026688	512	10.509303
7231449600	7223475200	7974400	512	3.244639
71763683840	71756224000	7459840	512	7.233582
65420309504	65413603840	6705664	512	12.365145
12642230784	12635000320	7230464	512	8.237301
65205061120	65199326208	5734912	512	4.886588
60477446144	60469841408	7604736	512	7.797198
16092368384	16086694912	5673472	512	13.232702
59882470912	59877079040	5391872	512	8.317396
17560845312	17553059328	7785984	512	12.512031
40843731456	40837942272	5789184	512	3.710895
11785183744	11780495872	4687872	512	8.570989
1191023104	1185285120	5737984	512	6.736636
4982262784	4976622592	5640192	512	11.653813
74199303168	74193193472	6109696	512	10.126117
22774255104	22766409728	7845376	512	9.307858
48170287616	48162248192	8039424	512	3.252224
25937958400	25930108416	7849984	512	13.335568
27246763520	27242490368	4273152	512	12.251119
53884244992	53877324288	6920704	512	10.859226
62806559232	62798292992	8266240	512	10.780129
75143550976	75137753088	5797888	512	8.421591
32487232512	32482594816	4637696	512	10.245771
57001481216	56995602432	5878784	512	10.177434
30726458368	30719876608	6581760	512	12.557256
33574564864	33566529024	8035840	512	10.895221
16046457344	16039351808	7105536	512	7.840665
53346536448	53341652992	4883456	512	12.409352
21969307648	21962356736	6950912	512	11.444887
250251776	244174848	6076928	512	13.271294
15262108672	15254594048	7514624	512	11.149454
60270567424	60262274048	8293376	512	7.198035
67192093696	67186750464	5343232	512	12.311862
36325456384	36317113856	8342528	512	3.276427
67522145280	67516247552	5897728	512	12.085730
46874610688	46867251712	7358976	512	12.504776
37270146048	37264290816	5855232	512	5.398832
10800062976	10793586176	6476800	512	13.392517
73981642752	73975291904	6350848	512	12.209285
27139928064	27133358592	6569472	512	11.728164
70950409216	70946084352	4324864	512	10.492874
28536612352	28531905024	4707328	512	11.027496
65440087040	65435243008	4844032	512	5.933344
31673602048	31667775488	5826560	512	10.750907
37029819392	37024971264	4848128	512	12.371465
9325650432	9318651904	6998528	512	4.357346
12974246912	12968905728	5341184	512	4.839436
62133987328	62128954880	5032448	512	6.042928
70103879680	70096421376	7458304	512	7.495740
9245267456	9240141824	5125632	512	9.752117
70776984064	70769107968	7876096	512	9.437847
44264651264	44260432384	4218880	512	3.069535
47874999296	47866875392	8123904	512	10.362832
67572254208	67564612608	7641600	512	10.654869
62216778752	62212423680	4355072	512	8.670296
76378318336	76370572800	7745536	512	10.860472
66678043136	66671557632	6485504	512	10.207387
76883529216	76877601792	5927424	512	8.229541
70408646144	70401515520	7130624	512	6.048244
73427790848	73420666880	7123968	512	11.086944
2948028928	2940866048	7162880	512	6.116031
77471256576	77467045376	4211200	512	3.167504
28296004608	28288156672	7847936	512	13.362963
1803102720	1796651520	6451200	512	3.347875
61626440192	61620576256	5863936	512	9.734865
54077336576	54070616576	6720000	512	5.529240
40268173312	40261765120	6408192	512	6.153032
71940776448	71934755328	6021120	512	12.800649
48681260544	48674707968	6552576	512	4.596700
67516579840	67511351808	5228032	512	5.063395
33962981376	33955811840	7169536	512	2.869592
44488717312	44483243008	5474304	512	8.750291
76283832832	76278633472	5199360	512	7.031157
26272173568	26264540160	7633408	512	7.417092
11065735168	11059895296	5839872	512	2.864600
6628597760	6623754240	4843520	512	6.532273
46463833600	46457933824	5899776	512	10.213602
8530335232	8524100096	6235136	512	5.096227
33336022016	33329376256	6645760	512	6.674803
38179587072	38175164416	4422656	512	2.781019
24257224192	24252600320	4623872	512	3.771400
43883067392	43878462464	4604928	512	13.234320
46730225152	46724930560	5294592	512	10.797720
46425620992	46417574400	8046592	512	3.184201
44696600064	44691001856	5598208	512	3.599889
64482406912	64475174912	7232000	512	4.499028
59690750976	59684475392	6275584	512	6.499329
67687774720	67680153600	7621120	512	11.351773
57700202496	57695803904	4398592	512	3.774578
49330759168	49324867072	5892096	512	8.523598
10204166656	10199132160	5034496	512	11.810761
55643417088	55636174336	7242752	512	10.761436
76808211456	76802957824	5253632	512	7.149289
70358799360	70354380800	4418560	512	7.221591
57550461952	57544533504	5928448	512	6.871181
77589984768	77583041536	6943232	512	13.408493
10501732352	10493406720	8325632	512	13.171312
71353056256	71345755648	7300608	512	8.296231
65062712320	65057784320	4928000	512	3.240068
45183998464	45177504256	6494208	512	6.167493
7372169216	7367171584	4997632	512	3.089436
74286775296	74280985600	5789696	512	3.612695
61548144640	61542277632	5867008	512	9.657717
59713213952	59707023872	6190080	512	13.670745
28064972800	28056825856	8146944	512	4.364259
40805824512	40801318912	4505600	512	7.317627
71906898944	71902053888	4845056	512	6.923540
63170293248	63164360192	5933056	512	3.138175
63903258624	63898166272	5092352	512	7.197058
41639685120	41632271872	7413248	512	7.902299
9737108480	9731280384	5828096	512	12.357885
42071948800	42066193920	5754880	512	10.607271
47050378240	47042190848	8187392	512	8.668904
56439617536	56433329664	6287872	512	7.400102
32946797056	32941880832	4916224	512	3.418798
61071296512	61065738240	5558272	512	10.031597
52686657536	52681512960	5144576	512	8.777111
70544670720	70539707392	4963328	512	14.875222
46402212864	46396269568	5943296	512	2.480828
42004884480	41999508992	5375488	512	13.224859
28269297152	28265043456	4253696	512	3.382654
27361771520	27353842176	7929344	512	11.409835
25919202816	25914192384	5010432	512	5.591752
12113447424	12108076544	5370880	512	8.839689
73121037824	73115621376	5416448	512	6.736419
59936127488	59929428992	6698496	512	7.513772
27884859904	27878646784	6213120	512	4.490488
75036114944	75030931968	5182976	512	5.946217
72062989824	72058518528	4471296	512	13.013766
37710703616	37705074688	5628928	512	11.144978
47224813568	47219423744	5389824	512	8.201244
18261979136	18256871424	5107712	512	14.243633
78018120192	78012343296	5776896	512	3.523820
29233633792	29229142016	4491776	512	4.581759
9539418112	9532781568	6636544	512	3.281524
5979265536	5974219264	5046272	512	13.116079
77948237312	77943328256	4909056	512	9.591658
13217292288	13209648128	7644160	512	8.249046
8802955264	8797163008	5792256	512	4.015398
68381080576	68376049152	5031424	512	13.535472
71044233728	71038007808	6225920	512	12.027633
9084248064	9077647872	6600192	512	4.064174
27843265024	27836182016	7083008	512	11.390276
16616880640	16611784192	5096448	512	6.191729
70476945920	70471379968	5565952	512	3.779611
72163654144	72158067200	5586944	512	9.861334
54774894080	54768414720	6479360	512	5.105449
32762572800	32757430272	5142528	512	8.905844
62136775168	62129880576	6894592	512	11.946966
65195207680	65190571520	4636160	512	3.450737
51862270976	51854324736	7946240	512	13.974663
63603556352	63598353920	5202432	512	9.554716
7440245760	7434064896	6180864	512	4.405880
24521545728	24513569792	7975936	512	8.458495
28517970432	28510780416	7190016	512	10.677375
16999974912	16994665984	5308928	512	12.385785
48049352704	48041700864	7651840	512	13.825617
25911787008	25904799232	6987776	512	4.413084
49302768128	49298261504	4506624	512	2.430793
2684152320	2678657024	5495296	512	3.734096
18645242880	18638227456	7015424	512	11.826000
41483574784	41477544960	6029824	512	6.695183
13324631040	13316576256	8054784	512	8.153607
54274762752	54269100032	5662720	512	8.371278
10799567872	10795133440	4434432	512	11.530974
40076097024	40070831104	5265920	512	7.973172
34864965632	34859550208	5415424	512	9.512898
68174658560	68168683520	5975040	512	9.497390
68428295168	68420226048	8069120	512	5.517335
51712535040	51708067840	4467200	512	9.326449
35249523712	35244644352	4879360	512	10.745895
78211279872	78205076992	6202880	512	4.021242
31316188160	31310688256	5499904	512	9.466210
56795264000	56787272704	7991296	512	10.043104
25462802944	25456324096	6478848	512	7.375949
2953286656	2946776064	6510592	512	11.138855
34849359872	34844473344	4886528	512	8.873933
21488654848	21481565696	7089152	512	8.204552
61650903552	61644982272	5921280	512	6.108807
58750203392	58743404032	6799360	512	12.670892
45362015232	45355492352	6522880	512	7.248081
62863872	56351232	6512640	512	13.126854
9038107648	9030411776	7695872	512	5.994193
46296887808	46289785856	7101952	512	10.129963
39218219520	39212102144	6117376	512	4.424982
15181074944	15175436288	5638656	512	7.381182
19468189184	19460941312	7247872	512	4.578586
2506082304	2498500096	7582208	512	5.693721
73990201856	73982436352	7765504	512	5.549678
20086973440	20081949696	5023744	512	9.751656
40334156288	40329414656	4741632	512	7.659172
52749096448	52741216256	7880192	512	7.590317
22821745152	22814307840	7437312	512	9.465954
2947526144	2942955008	4571136	512	5.464376
14408196096	14403792384	4403712	512	5.693161
14818131456	14813904384	4227072	512	9.749426
10179181568	10174147584	5033984	512	11.768894
52178859008	52170745856	8113152	512	10.315088
25893296128	25887028736	6267392	512	9.680102
68654022656	68649371648	4651008	512	6.051953
64571703296	64566921216	4782080	512	7.988810
52679381504	52671824384	7557120	512	5.609652
3887245312	3881337344	5907968	512	5.833543
78528109056	78522987520	5121536	512	12.749275
49629535744	49622950912	6584832	512	9.661870
3765127680	3758129152	6998528	512	9.859522
35391443456	35383627776	7815680	512	5.310784
37629431808	37623759872	5671936	512	7.135446
824055296	817645056	6410240	512	6.094461
26329586688	26322985472	6601216	512	4.453325
40118171136	40110604800	7566336	512	12.150889
50511592960	50505259008	6333952	512	5.502291
51029394944	51021039616	8355328	512	6.692566
8313538048	8307401728	6136320	512	7.277216
61648794624	61643470848	5323776	512	6.176523
61748463104	61741452288	7010816	512	11.020741
28806901760	28798905856	7995904	512	5.649815
19497355776	19491589120	5766656	512	11.029262
26428254720	26423070208	5184512	512	6.070139
77885416960	77877814272	7602688	512	8.670814
16637432832	16631543808	5889024	512	6.384368
74310649856	74305385984	5263872	512	2.922519
12331112960	12323932160	7180800	512	9.473597
26863927296	26855653376	8273920	512	14.261374
70677975040	70672106496	5868544	512	13.539676
49638055936	49633001984	5053952	512	4.043676
58236814336	58229794304	7020032	512	13.531655
3132707840	3127975424	4732416	512	13.056784
20790232576	20782395904	7836672	512	9.492224
54843543552	54838899200	4644352	512	7.179673
63918475264	63913609216	4866048	512	5.289680
39159964160	39154434048	5530112	512	10.418000
61382080000	61374317568	7762432	512	7.964128
24712026624	24707695616	4331008	512	12.665402
21082760192	21077814272	4945920	512	9.693589
57875171840	57868796928	6374912	512	2.964922
11102281728	11096603136	5678592	512	4.639210
57806593536	57798253056	8340480	512	13.624608
15721937408	15714906624	7030784	512	11.450231
15503288832	15496121344	7167488	512	6.456823
41289483264	41283802112	5681152	512	6.482307
26373938176	26365883392	8054784	512	6.580057
57791457792	57784499200	6958592	512	4.316011
11882333184	11874260480	8072704	512	9.608608
1420722176	1412787712	7934464	512	10.193896
51754414592	51746451456	7963136	512	5.281477
14937093120	14932068864	5024256	512	7.451116
19192150016	19187483648	4666368	512	6.873276
16811709952	16803695616	8014336	512	7.198313
50421376000	50413539328	7836672	512	13.779505
12721206784	12716013568	5193216	512	6.356987
50433222144	50427589632	5632512	512	12.975476
16432391680	16426307072	6084608	512	12.979277
65186377216	65178669568	7707648	512	7.623282
38909448704	38902082048	7366656	512	15.633108
21623573504	21617027072	6546432	512	11.561245
74640633344	74634392064	6241280	512	5.189035
29449236480	29441758720	7477760	512	9.104551
58100877312	58093232128	7645184	512	8.657588
73322834944	73315261952	7572992	512	3.513918
2328727552	2324404224	4323328	512	2.963483
3610086912	3602513408	7573504	512	12.932599
67575453696	67569785344	5668352	512	10.571500
3650233856	3645814784	4419072	512	8.802031
21122673664	21118116352	4557312	512	9.435086
49569358848	49561856512	7502336	512	11.953896
8338145280	8332219392	5925888	512	11.947211
27095431168	27090055680	5375488	512	4.249800
37060174336	37053329408	6844928	512	8.093645
28415464448	28407904256	7560192	512	9.162448
47243813376	47235494912	8318464	512	5.092303
8039081472	8032539648	6541824	512	7.458026
62209036800	62201880576	7156224	512	6.484262
53360180736	53352663040	7517696	512	13.933995
57477307904	57472816640	4491264	512	12.169404
74932104192	74924545536	7558656	512	13.280237
79202671104	79197279232	5391872	512	11.614583
42929963008	42922294272	7668736	512	6.253495
42816656384	42809727488	6928896	512	7.273487
19166964224	19162438144	4526080	512	10.148041
50218687488	50212907520	5779968	512	13.487881
65287109632	65279455744	7653888	512	11.253985
66936439296	66929164800	7274496	512	13.792099
14308443136	14302708736	5734400	512	13.400511
59654985728	59646632960	8352768	512	3.544080
35163443712	35155545088	7898624	512	3.229555
47222450688	47216888832	5561856	512	12.842857
8918734336	8911842816	6891520	512	13.278020
7116188672	7111695872	4492800	512	5.120644
32707961344	32699918848	8042496	512	4.489421
28996922368	28990773760	6148608	512	12.072705
62016143872	62007983104	8160768	512	2.991507
2582395392	2575187456	7207936	512	3.351736
66410113536	66401863680	8249856	512	10.365488
1125648384	1121299456	4348928	512	2.425231
44922963968	44917845504	5118464	512	8.921533
30528143872	30520655872	7488000	512	8.804781
32188877824	32184650752	4227072	512	12.926745
42215414784	42210500096	4914688	512	3.163678
21044160512	21037712384	6448128	512	4.687389
27088167936	27082147328	6020608	512	9.065046
64094980096	64090452480	4527616	512	6.947594
47824783872	47817298944	7484928	512	8.964486
53039718400	53031729664	7988736	512	13.789530
62954536960	62947896832	6640128	512	5.831181
20016487936	20011629568	4858368	512	11.701694
55230411264	55222251008	8160256	512	12.026941
26838766080	26833712128	5053952	512	9.243268
74178155520	74173102080	5053440	512	12.706138
59313040384	59307918848	5121536	512	4.364346
73863312384	73856601088	6711296	512	14.492119
2978962944	2972504576	6458368	512	12.300724
69931475456	69925726208	5749248	512	13.358043
20369831424	20364219904	5611520	512	5.381329
4919397888	4912163328	7234560	512	4.559796
43775017472	43767108096	7909376	512	10.942783
58537978368	58533672960	4305408	512	13.561703
48710072320	48704104448	5967872	512	11.136244
20059906560	20053945856	5960704	512	6.596601
46708171264	46703056384	5114880	512	4.496016
56702355968	56697408512	4947456	512	7.961076
67705188864	67698703360	6485504	512	10.814957
12131086336	12124492800	6593536	512	13.509216
16378935808	16372308992	6626816	512	11.536902
20365960192	20358119936	7840256	512	11.238370
7340369920	7333434880	6935040	512	7.904692
56361457664	56356092928	5364736	512	11.465201
24781024256	24772871680	8152576	512	6.076019
10965727232	10961361920	4365312	512	6.610980
22685038080	22677688320	7349760	512	13.339567
61178910720	61172803584	6107136	512	6.772052
43851339264	43845808640	5530624	512	7.259022
33857422848	33850153472	7269376	512	11.495786
56027102720	56019209728	7892992	512	12.356393
36921274880	36916483584	4791296	512	2.691218
23197694976	23190512128	7182848	512	10.819588
41789935104	41781869568	8065536	512	11.401021
79482887680	79478615552	4272128	512	12.952609
54522816000	54517303296	5512704	512	3.470850
5424011776	5419389952	4621824	512	10.502007
68301311488	68294524416	6787072	512	9.900445
71181449728	71176540672	4909056	512	10.302788
2289546240	2285174272	4371968	512	13.017912
59767746560	59761477632	6268928	512	11.261927
77192431616	77184771072	7660544	512	8.936609
77165530624	77160020480	5510144	512	5.583031
31698049536	31692715008	5334528	512	13.512710
33225916928	33217954304	7962624	512	12.744247
19449560064	19443035648	6524416	512	12.106610
58215062528	58208822272	6240256	512	11.936811
50665028096	50656726528	8301568	512	8.258947
50685086720	50679544832	5541888	512	9.023804
12850341888	12842998272	7343616	512	5.765006
14903403520	14896533504	6870016	512	7.249556
70348420096	70343371776	5048320	512	3.532994
78293905408	78286609408	7296000	512	5.871481
66276429312	66270078976	6350336	512	5.317299
3824477184	3816783872	7693312	512	13.046265
2540300288	2532109824	8190464	512	4.707585
45920284160	45915413504	4870656	512	12.967381
61010472448	61003094528	7377920	512	8.849275
30017101312	30012813824	4287488	512	11.457344
10177803264	10172755968	5047296	512	11.521659
70134441472	70127755776	6685696	512	9.079701
10060425216	10054029312	6395904	512	8.748504
74387091968	74382018560	5073408	512	11.931256
69697501696	69689268224	8233472	512	3.899986
25986110976	25981724672	4386304	512	9.538924
19706657792	19699288576	7369216	512	12.917387
74206404608	74200515072	5889536	512	4.542098
25397590528	25392521728	5068800	512	13.467663
3692535808	3686274048	6261760	512	7.375226
22483331072	22476801024	6530048	512	12.045403
61977781760	61971012608	6769152	512	9.321810
49049220096	49040920064	8300032	512	3.766620
58947404800	58939253248	8151552	512	9.668641
46548954624	46541373952	7580672	512	4.634087
44876900352	44869287424	7612928	512	4.949140
7557867008	7552622080	5244928	512	8.642998
4340506624	4334481408	6025216	512	12.512328
79541431808	79534810112	6621696	512	12.767420
62991466496	62987075072	4391424	512	3.729640
37617136128	37612810240	4325888	512	5.236516
31892551680	31884641792	7909888	512	5.886595
52145972736	52138092032	7880704	512	7.589169
21495182336	21489918976	5263360	512	4.199619
33562138624	33556563456	5575168	512	3.698652
69276289024	69270445056	5843968	512	10.159263
68226340864	68219276800	7064064	512	16.329934
28401566208	28395236352	6329856	512	10.947490
59262064640	59257233408	4831232	512	6.841583
73555235328	73547380224	7855104	512	13.320670
39188440064	39180171264	8268800	512	10.774015
72058800128	72051570176	7229952	512	6.231911
19856691200	19850631680	6059520	512	13.527102
2040673280	2034954240	5719040	512	7.168746
58437691904	58430096896	7595008	512	9.886142
15337318400	15329059840	8258560	512	10.809907
6431154688	6425794560	5360128	512	4.236750
32422580224	32414593024	7987200	512	3.959630
37387651072	37382968320	4682752	512	5.466425
34181922816	34176668672	5254144	512	13.549789
22430379520	22423812608	6566912	512	11.048681
4048438784	4042658304	5780480	512	8.611720
30687453696	30679239168	8214528	512	9.517490
71898248192	71891872256	6375936	512	9.191561
32210228224	32204316672	5911552	512	8.626694
46646449664	46638405632	8044032	512	12.488069
76139582464	76134203392	5379072	512	11.152758
2181718016	2174124032	7593984	512	10.169832
3135279616	3127920640	7358976	512	12.923137
66010513408	66004353024	6160384	512	11.462272
47197052416	47192324096	4728320	512	4.664059
46350566912	46346082816	4484096	512	3.029109
33827662336	33820914176	6748160	512	4.098394
72455504384	72447216640	8287744	512	7.026128
51463357440	51457192960	6164480	512	7.868041
22839592448	22833731584	5860864	512	8.890497
39791287296	39782981632	8305664	512	13.370073
69449850368	69443516928	6333440	512	11.869065
22714270208	22708744704	5525504	512	5.532167
55587364352	55580325376	7038976	512	7.425858
18207778816	18200170496	7608320	512	7.366454
55634998272	55630474240	4524032	512	13.478971
45907425792	45900256768	7169024	512	8.331264
23296798720	23288486400	8312320	512	11.455543
15071529984	15066448896	5081088	512	8.902196
67206923264	67200098304	6824960	512	10.430377
805243904	798571008	6672896	512	9.656782
72989195264	72983805952	5389312	512	7.716252
61945391616	61940832768	4558848	512	11.557687
10412493824	10407483392	5010432	512	12.340282
72497255936	72489124352	8131584	512	3.397325
14291501568	14284679168	6822400	512	8.316611
77684294144	77678089216	6204928	512	5.761379
13797010944	13789508096	7502848	512	11.456759
30185176064	30177398272	7777792	512	6.461568
62443184128	62434997248	8186880	512	13.243781
26606801920	26601075200	5726720	512	13.438628
4473367040	4467683328	5683712	512	10.697172
22292232704	22286982144	5250560	512	2.639777
59292194816	59286741504	5453312	512	6.487699
38572056064	38564704256	7351808	512	11.349786
59829558784	59821322240	8236544	512	13.568247
34015121408	34010213376	4908032	512	13.044638
79648795136	79641883648	6911488	512	9.227615
73578185216	73571136000	7049216	512	4.630981
49737879040	49731204096	6674944	512	5.284071
7926383104	7919731200	6651904	512	3.151804
59687163392	59678894592	8268800	512	14.405575
1823055872	1818466304	4589568	512	8.341175
29715961344	29710998016	4963328	512	13.374218
79883783168	79877462016	6321152	512	14.058363
33141283328	33135526400	5756928	512	10.282461
889747456	885547520	4199936	512	3.798854
61755266560	61747675648	7590912	512	11.441805
64383438848	64375427584	8011264	512	6.008491
995727872	988454400	7273472	512	4.158136
5903771648	5897727488	6044160	512	9.330142
11114926592	11108986880	5939712	512	9.782244
54991367680	54983544832	7822848	512	11.483407
18641818112	18637224960	4593152	512	10.453848
72598434304	72592604160	5830144	512	10.361175
62813570560	62809202176	4368384	512	6.387946
22609323008	22603796480	5526528	512	7.360364
17848754688	17842486272	6268416	512	8.727940
27968034304	27960249856	7784448	512	12.003273
53898884096	53891911680	6972416	512	9.328111
71691646464	71686296576	5349888	512	9.135962
22008147456	22000271360	7876096	512	8.597460
57023108096	57015624192	7483904	512	9.209572
23501872128	23496345088	5527040	512	11.707677
31962546176	31955220992	7325184	512	12.820904
51209769472	51204384256	5385216	512	4.086460
55187687936	55182334464	5353472	512	14.546204
275660288	267337728	8322560	512	12.935910
15785263616	15778103808	7159808	512	6.651009
28613169152	28606083072	7086080	512	13.128041
9736051200	9730692096	5359104	512	2.589447
67134511104	67127638528	6872576	512	5.964629
40925028352	40920141824	4886528	512	6.734291
35047442432	35042819584	4622848	512	8.904280
78785438720	78778167808	7270912	512	6.945007
12389895168	12384360448	5534720	512	9.705956
2097075712	2092211712	4864000	512	11.687268
48370571264	48364023296	6547968	512	4.735228
29529475072	29522154496	7320576	512	12.958200
42994178560	42989967872	4210688	512	9.844577
11334034944	11327041536	6993408	512	4.451601
69844156928	69835980800	8176128	512	5.902709
69912380416	69907363328	5017088	512	8.958420
57914597888	57907470336	7127552	512	10.416408
77684510720	77677528576	6982144	512	9.892088
66667726336	66661725696	6000640	512	12.051584
44136053248	44130811392	5241856	512	5.591849
40589640192	40583841280	5798912	512	3.427051
15987405312	15982541824	4863488	512	10.520979
4702372864	4694585344	7787520	512	11.000389
764889600	757646848	7242752	512	6.642686
34592660480	34588078080	4582400	512	11.768006
40603922432	40599058944	4863488	512	7.319060
65172027904	65166453248	5574656	512	7.201766
26583757824	26576376832	7380992	512	4.200513
9883906048	9876332032	7574016	512	11.660869
61545006592	61537859584	7147008	512	15.014877
17419299328	17411910144	7389184	512	10.589736
2949805568	2944377856	5427712	512	5.225812
47234350080	47227932160	6417920	512	8.248318
14263112704	14255822848	7289856	512	6.994292
69352805376	69347666944	5138432	512	17.734220
30673351168	30667740672	5610496	512	6.729186
17359086592	17353875968	5210624	512	3.576208
50528460288	50523134976	5325312	512	5.785194
78225201152	78217957376	7243776	512	8.070874
19613696	11783168	7830528	512	12.484579
41377022976	41368713728	8309248	512	9.822988
62654889984	62649279488	5610496	512	6.576708
5824574464	5819488256	5086208	512	12.369887
16913971200	16905913856	8057344	512	14.477721
38231473152	38224375808	7097344	512	12.834672
42779925504	42772008448	7917056	512	12.613545
21430750208	21423662080	7088128	512	10.151389
12955459584	12949266432	6193152	512	4.049640
25746640896	25740578304	6062592	512	6.237662
30304555520	30296341504	8214016	512	4.958708
75911969792	75906945536	5024256	512	8.325606
11916567040	11910102528	6464512	512	7.166388
67403971584	67398864384	5107200	512	9.115177
69072617472	69066213888	6403584	512	9.458068
26606724096	26599408128	7315968	512	12.277750
4221959680	4217249792	4709888	512	2.401210
37594481152	37586153472	8327680	512	9.444041
55679470080	55672757760	6712320	512	14.166965
70539839488	70534625280	5214208	512	6.905422
69804356096	69799330816	5025280	512	10.560980
59651654144	59644286464	7367680	512	5.656546
69781892096	69776913920	4978176	512	10.321419
51266970624	51259567616	7403008	512	5.436165
56921334272	56913759232	7575040	512	6.522479
33337383936	33330929152	6454784	512	11.397352
2330019328	2324720640	5298688	512	9.730132
46872558080	46867163136	5394944	512	8.007706
73193654784	73185720320	7934464	512	10.494865
46036717056	46031096320	5620736	512	8.486112
11506441216	11498473984	7967232	512	11.992702
41595283456	41587672064	7611392	512	10.969482
26251709440	26245441024	6268416	512	7.824808
32427678208	32423041024	4637184	512	12.114357
63940766208	63932467200	8299008	512	15.362999
31062635008	31056806912	5828096	512	10.683469
69330929152	69324125184	6803968	512	4.956308
40688967680	40680843776	8123904	512	9.875885
36986581504	36979862016	6719488	512	13.223773
38257439744	38249235968	8203776	512	3.312005
58943478784	58938362368	5116416	512	13.986529
44595207680	44587875328	7332352	512	7.718194
3681285120	3673960448	7324672	512	13.708020
62320537600	62314155008	6382592	512	7.510228
4151044608	4145348608	5696000	512	10.461252
47585458176	47578969600	6488576	512	6.359291
43536936448	43531245568	5690880	512	11.284343
77915358720	77910898176	4460544	512	12.968893
39162245632	39153932800	8312832	512	4.952970
46468852224	46462963712	5888512	512	4.005243
57927779328	57921471488	6307840	512	4.956121
23703016448	23695958528	7057920	512	10.949855
52894159360	52889417216	4742144	512	10.847888
35150714368	35145674240	5040128	512	9.636610
24746766848	24742015488	4751360	512	11.880218
46512708608	46507413504	5295104	512	6.175016
2106011136	2098411008	7600128	512	7.130556
78768896512	78764526592	4369920	512	5.690683
64958633984	64953123328	5510656	512	2.906204
22264512000	22256656896	7855104	512	10.920528
20861149696	20853012480	8137216	512	13.656862
21191620608	21183647744	7972864	512	8.463095
58702461440	58694105088	8356352	512	3.365439
65404803584	65398683648	6119936	512	12.786848
1073065984	1066155520	6910464	512	2.728750
40939475456	40932112384	7363072	512	6.306263
10052457472	10047655424	4802048	512	7.826140
15097974272	15093394944	4579328	512	11.002700
55210759680	55203268096	7491584	512	3.585567
77330637312	77323739136	6898176	512	13.466077
34596890624	34589165568	7725056	512	9.390054
27403066880	27395869696	7197184	512	10.522457
14719744000	14713500160	6243840	512	12.209700
50571783680	50565434880	6348800	512	6.998067
58123384320	58119071232	4313088	512	13.331784
32024454144	32018835456	5618688	512	6.552058
74653856256	74646856192	7000064	512	4.550159
32007696896	32001817600	5879296	512	9.419634
54196632576	54189450752	7181824	512	12.579651
51476293120	51468158976	8134144	512	9.724699
4243351040	4237489152	5861888	512	6.847977
2893271040	2888011264	5259776	512	7.873373
13235830272	13227723264	8107008	512	8.853949
28336153088	28329373184	6779904	512	11.291394
76608295424	76601632256	6663168	512	9.333665
26118940672	26114024448	4916224	512	5.998712
1849661440	1842802688	6858752	512	5.669644
60439934464	60434805760	5128704	512	5.213390
45194697216	45189193728	5503488	512	5.145463
19845757440	19841269248	4488192	512	12.906256
59769711104	59761915904	7795200	512	13.083998
47039693824	47031631360	8062464	512	9.110407
76669786624	76663437824	6348800	512	12.450271
40813380608	40805046272	8334336	512	4.435187
37044967424	37038343168	6624256	512	4.429333
77355190784	77348620800	6569984	512	8.939664
31823197184	31817897984	5299200	512	5.116377
69616273408	69608175104	8098304	512	8.589807
16074284544	16066581504	7703040	512	3.358071
53857856512	53852716032	5140480	512	4.822984
58939074048	58932885504	6188544	512	9.135037
27766392320	27758778368	7613952	512	9.808294
10995981824	10989504000	6477824	512	6.857815
51671164416	51663162880	8001536	512	4.187229
35462378496	35457260544	5117952	512	7.680042
52205493248	52198054912	7438336	512	10.827545
23596709888	23589141504	7568384	512	10.835859
17558616576	17551819776	6796800	512	5.770911
41117358592	41111175680	6182912	512	11.937900
30195183104	30188102656	7080448	512	7.729754
67986262528	67979579904	6682624	512	13.427432
22553110528	22547488256	5622272	512	5.143075
6908869120	6903516160	5352960	512	4.384692
63309051904	63302086144	6965760	512	9.358985
54149502464	54141849088	7653376	512	8.086629
6529699328	6525450240	4249088	512	12.398440
66546676224	66540345344	6330880	512	5.943035
73492012032	73485147136	6864896	512	11.531464
5038570496	5031857152	6713344	512	14.965836
47508155904	47500858880	7297024	512	3.043612
55820961280	55815481344	5479936	512	13.621142
54739392512	54732581888	6810624	512	2.963237
46557158400	46549200384	7958016	512	3.743302
42535053312	42528905216	6148096	512	9.451876
70519804416	70513040384	6764032	512	11.556716
68207554048	68200979968	6574080	512	7.827110
20663449088	20656484864	6964224	512	6.530988
19127680000	19122650624	5029376	512	7.742896
37871704064	37865812480	5891584	512	4.453574
46367817216	46361367552	6449664	512	7.429514
49322903552	49314551808	8351744	512	6.874775
6384420864	6376384000	8036864	512	13.007503
16631371264	16624281600	7089664	512	8.221117
12570421248	12563951104	6470144	512	7.064064
62925648896	62918214656	7434240	512	3.819462
68471795200	68464717824	7077376	512	11.186564
67369209856	67363014144	6195712	512	13.169629
31199202304	31192665088	6537216	512	11.795501
44236782080	44232142848	4639232	512	12.285267
71423888896	71417904640	5984256	512	9.404266
79792677376	79784977408	7699968	512	8.687432
57606457344	57599904256	6553088	512	7.003672
67762984960	67754860544	8124416	512	11.869463
79757010944	79752089600	4921344	512	7.467968
13256125952	13249209856	6916096	512	6.229039
48882040320	48875359744	6680576	512	7.661151
73300643840	73295434240	5209600	512	4.967835
78563867136	78555619840	8247296	512	4.467757
26510873088	26502539776	8333312	512	10.957007
50976345600	50969784832	6560768	512	10.342688
17279181312	17274603520	4577792	512	6.031635
50552276992	50545064960	7212032	512	10.862126
46887776768	46880117248	7659520	512	13.622645
61220157440	61213408256	6749184	512	9.886958
22525586944	22519587328	5999616	512	5.582867
57718713856	57712408064	6305792	512	5.001843
64406669824	64401742848	4926976	512	12.540603
69167028736	69160011264	7017472	512	8.712619
21676725248	21671411712	5313536	512	12.341086
76701445120	76696014848	5430272	512	6.251347
27449588736	27445357056	4231680	512	3.926871
33211045376	33203910144	7135232	512	3.754615
29165154816	29158276608	6878208	512	3.433359
49147946496	49143329280	4617216	512	5.952715
26930562560	26924694016	5868544	512	3.517681
41875753984	41868355584	7398400	512	4.086495
37372930560	37366530048	6400512	512	11.966404
68462614528	68454519808	8094720	512	13.878904
71898516480	71893233664	5282816	512	11.583082
47987415552	47979706880	7708672	512	9.387784
45955046400	45947069952	7976448	512	5.094377
8827790336	8820546048	7244288	512	8.058690
27446954496	27440121344	6833152	512	10.000828
11461895168	11453928448	7966720	512	12.039383
8657331712	8649887232	7444480	512	3.471852
33618971136	33612547072	6424064	512	2.936124
56253243904	56246886400	6357504	512	5.352516
46066271744	46058065408	8206336	512	8.128709
55381371392	55376402432	4968960	512	5.308114
74749577216	74743779328	5797888	512	12.565680
13634621952	13626538496	8083456	512	9.364183
3755057152	3750660608	4396544	512	9.278263
7543605248	7539222016	4383232	512	7.579536
12374982656	12369845760	5136896	512	9.486628
70314335744	70306618368	7717376	512	5.674400
28724467200	28719639040	4828160	512	9.953292
17963999232	17957885952	6113280	512	12.290098
17745940992	17741467648	4473344	512	11.366390
33762124288	33756962304	5161984	512	6.546368
32597345280	32592137728	5207552	512	5.505715
51444175360	51438308864	5866496	512	11.066912
25844366848	25836332544	8034304	512	7.048717
4680171520	4675396608	4774912	512	12.128897
39250144256	39244444672	5699584	512	4.158165
53162720256	53155243008	7477248	512	9.719885
10391831040	10384235520	7595520	512	11.189846
30246237696	30239648768	6588928	512	12.350104
72824753664	72818679296	6074368	512	10.795608
54498148352	54490840576	7307776	512	15.438721
15035867136	15029007872	6859264	512	7.519564
30531545088	30525233152	6311936	512	14.621459
65931389440	65924762112	6627328	512	5.588105
25730547200	25725680640	4866560	512	7.275400
36223965184	36217582592	6382592	512	13.234690
61123777024	61115606528	8170496	512	13.732671
32781917696	32774658560	7259136	512	3.344945
4546647040	4542003712	4643328	512	3.884449
1066568192	1060632064	5936128	512	7.067024
33122145792	33114273792	7872000	512	3.905381
75254549504	75246808064	7741440	512	10.200855
78675764224	78669094400	6669824	512	4.591037
28673766400	28668344832	5421568	512	3.149241
67352400384	67346689024	5711360	512	9.150557
77939119104	77934813696	4305408	512	10.256146
76452269568	76445877248	6392320	512	6.050658
61042481664	61037478400	5003264	512	13.464913
38143724032	38138201600	5522432	512	2.684620
49319883776	49314904064	4979712	512	4.269638
45440152064	45431852544	8299520	512	5.611446
40048424960	40043711488	4713472	512	13.050529
67320642048	67313041408	7600640	512	12.043569
46218891264	46213289472	5601792	512	11.766578
19349549056	19341187584	8361472	512	6.614037
16028675584	16024221696	4453888	512	2.528151
66477294592	66469772800	7521792	512	4.355908
71750435840	71744230400	6205440	512	6.115128
47119492608	47113406976	6085632	512	7.943809
2425069568	2416879616	8189952	512	4.730439
53278615040	53273296384	5318656	512	9.063147
4271124992	4264171008	6953984	512	10.698651
12737123840	12731030528	6093312	512	4.460220
41428421120	41420463104	7958016	512	3.025650
64656212992	64650863104	5349888	512	8.075693
70796646400	70788897280	7749120	512	4.640459
40181997568	40173842944	8154624	512	9.051250
10661047808	10653323776	7724032	512	6.414029
15555779072	15548393472	7385600	512	7.951889
8017435136	8013005312	4429824	512	6.501690
29816136192	29807896576	8239616	512	8.904111
54011439616	54004049920	7389696	512	13.092053
34766653952	34759127552	7526400	512	3.238370
22642914304	22637628416	5285888	512	12.891839
51392814592	51386565120	6249472	512	7.707718
30634648064	30627399168	7248896	512	3.543234
44185874944	44180463104	5411840	512	10.388875
24192083456	24185927680	6155776	512	5.865473
25397507072	25391096320	6410752	512	8.959703
3392147968	3384943616	7204352	512	5.223458
78560155136	78554623488	5531648	512	4.631392
42200421376	42193349120	7072256	512	3.492513
48281789440	48277357056	4432384	512	6.276909
10050739200	10043713024	7026176	512	3.677983
67069981184	67062194688	7786496	512	5.774419
31974750720	31966682112	8068608	512	3.840522
6725037568	6720497664	4539904	512	4.094888
52346077184	52339198976	6878208	512	8.136207
42488375296	42480359424	8015872	512	8.193708
57869351424	57864630784	4720640	512	5.405527
19654332416	19647565312	6767104	512	6.486176
24213888000	24206963712	6924288	512	5.909222
54301251072	54295129600	6121472	512	10.925294
36458468352	36452625408	5842944	512	8.141327
11015695360	11008743424	6951936	512	5.408930
66319307264	66312371712	6935552	512	4.865873
69505187840	69498858496	6329344	512	13.844990
31393548288	31386667520	6880768	512	3.362761
17698013696	17692886528	5127168	512	5.488347
37021450752	37014506496	6944256	512	7.425336
6878331392	6873852416	4478976	512	5.376206
59697787904	59689920512	7867392	512	10.926164
42941599744	42936079872	5519872	512	7.550101
66601454592	66594602496	6852096	512	7.574740
33926913536	33921985536	4928000	512	12.401491
35063740928	35058969088	4771840	512	5.132645
9237608448	9229707264	7901184	512	13.476119
75611090432	75604135936	6954496	512	12.459752
47446725120	47439409152	7315968	512	13.648981
9106987520	9100972032	6015488	512	14.616723
32905992704	32897621504	8371200	512	10.330649
37516815360	37509662720	7152640	512	6.857405
38519562752	38511949824	7612928	512	7.143836
26952921600	26945746944	7174656	512	9.186999
49953281536	49946712064	6569472	512	8.207039
17795923968	17788707328	7216640	512	5.289955
9805867520	9799885312	5982208	512	8.744336
52160103936	52151821312	8282624	512	13.686609
5231430656	5224445440	6985216	512	8.952137
16725725184	16718282240	7442944	512	8.290750
38243691520	38237171712	6519808	512	13.649973
40611197440	40605757952	5439488	512	9.861407
67790862848	67785405440	5457408	512	8.466047
8069609984	8061878272	7731712	512	8.655182
19986556416	19981623296	4933120	512	11.811030
67062200320	67055526912	6673408	512	4.443881
38389539328	38383719936	5819392	512	6.301012
59536849920	59528995328	7854592	512	11.228297
59335097344	59329778688	5318656	512	12.387352
19457668608	19449714688	7953920	512	6.781594
46230561280	46226258432	4302848	512	9.772094
34129434624	34121197568	8237056	512	5.932727
32977496576	32969395200	8101376	512	12.317055
72705494528	72700374528	5120000	512	8.104244
33854045696	33849172992	4872704	512	2.646393
19304049664	19299725312	4324352	512	5.537792
62153519616	62149117440	4402176	512	7.172714
17030184960	17023724032	6460928	512	10.821128
42784625152	42777062912	7562240	512	6.300745
79332039680	79327501312	4538368	512	10.506326
78493512192	78486413312	7098880	512	4.954829
52059679744	52051731968	7947776	512	12.254014
7089233920	7081024512	8209408	512	7.230632
31479006208	31474027520	4978688	512	13.010470
8367517184	8359682560	7834624	512	6.303692
31489110528	31483955200	5155328	512	8.656576
7389833216	7383117312	6715904	512	3.559472
8837219840	8831933952	5285888	512	6.102642
61063062016	61056680960	6381056	512	12.115018
44216987648	44210351104	6636544	512	5.794567
5340104704	5332664320	7440384	512	7.742538
646603264	640717824	5885440	512	8.162633
12340514816	12333550080	6964736	512	5.092816
34926733312	34918633984	8099328	512	9.344846
23558251520	23552162304	6089216	512	7.522537
9975797248	9969510912	6286336	512	11.160642
53718832640	53713146368	5686272	512	7.658404
56857713152	56852331520	5381632	512	4.456195
59999442944	59992552448	6890496	512	10.925716
72291492864	72284709888	6782976	512	5.694282
38653654528	38647143424	6511104	512	12.744209
72734615040	72727578624	7036416	512	3.977148
46864491520	46858940416	5551104	512	3.855072
8126606336	8119329280	7277056	512	11.391459
6218371584	6213225472	5146112	512	10.898065
40262552064	40258107392	4444672	512	10.748633
4587547648	4581249024	6298624	512	6.533777
51551833600	51543901184	7932416	512	12.557828
36856636416	36850686976	5949440	512	12.286757
6247008256	6240848384	6159872	512	4.883253
46811810816	46806709248	5101568	512	6.738690
10416613376	10412288000	4325376	512	7.512838
33477923328	33473163776	4759552	512	12.033898
73594175488	73586417664	7757824	512	14.082003
22632580608	22626654720	5925888	512	5.521222
61682842624	61677964800	4877824	512	12.708534
6545774592	6540101632	5672960	512	6.517299
24959561728	24954353152	5208576	512	10.086797
9406626304	9401885184	4741120	512	9.204238
76101962240	76096403456	5558784	512	8.298675
4692195840	4687668736	4527104	512	6.433242
43409251328	43402187776	7063552	512	5.584919
23807944192	23802170880	5773312	512	3.952356
76338352640	76332082688	6269952	512	4.285862
19515052544	19509633536	5419008	512	9.863438
14402543616	14397968896	4574720	512	12.926025
30555958784	30551358976	4599808	512	11.179629
24428409344	24421364736	7044608	512	2.989047
64686286336	64681837056	4449280	512	4.913716
63702293504	63695999488	6294016	512	12.094403
68564192768	68558483968	5708800	512	4.642369
34446151168	34438367744	7783424	512	7.907751
60746822144	60741371392	5450752	512	6.525904
12041729024	12033537536	8191488	512	6.962979
34224662016	34219983872	4678144	512	7.530011
65332380160	65328054272	4325888	512	4.264533
72510913024	72506519040	4393984	512	4.697767
22173688832	22167846400	5842432	512	9.328641
32052607488	32046874112	5733376	512	3.792163
41947688448	41942464000	5224448	512	6.091155
15425861632	15420487168	5374464	512	10.853440
65311993344	65304193024	7800320	512	4.624293
127010304	122165248	4845056	512	12.101951
57340515840	57334461440	6054400	512	3.184569
22099325440	22094832640	4492800	512	12.791852
72773833216	72768386560	5446656	512	3.818626
40360004608	40354158080	5846528	512	13.309102
14506079744	14499099136	6980608	512	4.747395
27935138816	27929424384	5714432	512	7.224787
58498404352	58490939392	7464960	512	11.991941
69532052480	69527083008	4969472	512	12.479028
23678021632	23670117376	7904256	512	12.018063
61724561920	61719815680	4746240	512	10.333866
10142303744	10137065984	5237760	512	5.369961
5107524608	5101345792	6178816	512	9.191449
5546501120	5541837312	4663808	512	10.589562
47687095808	47681149440	5946368	512	11.692421
13349361152	13342044160	7316992	512	6.299405
62487468032	62482154496	5313536	512	6.493903
50079035392	50073354240	5681152	512	5.174743
38992164352	38987011072	5153280	512	10.916237
72115732480	72110516736	5215744	512	2.886010
79632221184	79625620992	6600192	512	13.764247
19422221824	19415428096	6793728	512	5.862547
22816837120	22810374144	6462976	512	4.238688
70362300928	70355076608	7224320	512	2.753241
55108438016	55102560768	5877248	512	13.236280
23909750272	23901977088	7773184	512	4.053009
3326403072	3320688640	5714432	512	10.051135
59424890880	59419772416	5118464	512	7.462826
26188425216	26181315584	7109632	512	9.752836
39800877056	39796288512	4588544	512	5.142234
62528711680	62521577472	7134208	512	7.215885
77199848960	77192529920	7319040	512	4.837764
49777573888	49771044352	6529536	512	11.207100
61410058752	61404265984	5792768	512	12.006918
13328675328	13322376192	6299136	512	10.928773
45998466560	45993127424	5339136	512	9.544444
28878975488	28871005184	7970304	512	6.299956
28317117952	28310287360	6830592	512	10.043086
28841881600	28834053120	7828480	512	7.896375
57777712640	57770112512	7600128	512	5.809169
55122492928	55115222528	7270400	512	10.018777
23624160256	23616163328	7996928	512	7.901367
58835331584	58828163072	7168512	512	13.575712
2788839936	2783224320	5615616	512	12.243398
40507834880	40503372288	4462592	512	10.291736
2658202624	2653072384	5130240	512	2.472368
15175129600	15170647040	4482560	512	3.937391
6939692544	6931755008	7937536	512	4.059358
17463566848	17455467008	8099840	512	11.614665
34744855552	34738465792	6389760	512	3.772286
78514996736	78506935808	8060928	512	12.308979
77807657472	77801709568	5947904	512	5.452336
14889482752	14883982336	5500416	512	10.538369
66605056000	66597441536	7614464	512	12.469527
3216165376	3210680320	5485056	512	10.519083
69906674176	69898343936	8330240	512	9.938051
65172933120	65167978496	4954624	512	2.393677
63593122816	63588349440	4773376	512	12.062296
48903055360	48898141696	4913664	512	11.856752
36855921152	36849454080	6467072	512	8.428710
13862442496	13855815680	6626816	512	3.459045
2943619072	2937331200	6287872	512	6.806603
47143092224	47136450560	6641664	512	8.741219
49176304640	49171457536	4847104	512	4.336222
40237955584	40231863296	6092288	512	3.243592
65176399872	65168927232	7472640	512	7.871546
10325905920	10319791616	6114304	512	3.962926
4350973952	4343669760	7304192	512	2.941352
4912429056	4904587776	7841280	512	5.049639
27322877952	27318057472	4820480	512	10.111746
27335048192	27327227392	7820800	512	4.784016
8971857408	8966243840	5613568	512	7.956956
47337000960	47329551360	7449600	512	10.041300
72951167488	72944937984	6229504	512	5.247390
73476128768	73468659712	7469056	512	5.549857
69471624192	69463558144	8066048	512	9.692759
70031581184	70026630656	4950528	512	11.258001
48095708160	48088038912	7669248	512	10.627185
15947881984	15942790656	5091328	512	6.299510
61139043328	61132738560	6304768	512	5.259540
42815794176	42811092992	4701184	512	10.714917
10633300480	10628192256	5108224	512	8.305408
37685474816	37680691200	4783616	512	9.434789
30953088512	30948268032	4820480	512	5.779802
15771906048	15765563904	6342144	512	6.942697
35372820480	35366244864	6575616	512	8.406300
49443538432	49437090304	6448128	512	13.491499
71578165248	71570719744	7445504	512	6.066777
51628428288	51622323200	6105088	512	9.481910
50725871616	50717700096	8171520	512	11.911998
58791129088	58784813056	6316032	512	9.859667
77154014720	77148189696	5825024	512	12.618274
11068867584	11060782592	8084992	512	7.482296
11593953792	11588350464	5603328	512	8.211065
402846720	394625536	8221184	512	10.567573
78608417792	78603970560	4447232	512	13.546832
8688595968	8680736768	7859200	512	3.321872
10412866560	10405573632	7292928	512	6.911308
79280321024	79272318976	8002048	512	9.105905
20778429440	20771413504	7015936	512	9.907521
32618356224	32612765184	5591040	512	13.748856
62352498688	62347746304	4752384	512	3.653043
2437130240	2431307264	5822976	512	16.039891
4363758592	4358190080	5568512	512	13.275547
79143387648	79138011136	5376512	512	9.346143
5920316928	5913781760	6535168	512	5.799018
13833017344	13827369472	5647872	512	7.228147
27757118976	27748855808	8263168	512	3.407947
36586290688	36578911232	7379456	512	3.818717
9161045504	9152828416	8217088	512	4.498189
54169281024	54161638912	7642112	512	8.502843
6566190080	6559182848	7007232	512	14.559967
43974284800	43966845952	7438848	512	3.058583
20537124352	20531356160	5768192	512	6.463081
60440724992	60433082368	7642624	512	14.829463
8660617216	8654852096	5765120	512	2.686595
59602519552	59597194752	5324800	512	10.361376
38118543872	38110934528	7609344	512	7.275132
34886492672	34880941056	5551616	512	4.303653
36280668160	36276229120	4439040	512	4.206975
68811877888	68806613504	5264384	512	5.754748
58434941952	58429688320	5253632	512	3.310674
44315252736	44309656064	5596672	512	5.521508
33070231552	33062976512	7255040	512	3.556445
36923290112	36915868672	7421440	512	2.761600
26244551168	26237428736	7122432	512	12.243665
40097359872	40089680896	7678976	512	12.124848
26094307840	26088318464	5989376	512	9.822637
18588831232	18581458432	7372800	512	11.000392
77463153152	77458293248	4859904	512	5.318043
31247512064	31239744000	7768064	512	9.452383
9558507008	9553769472	4737536	512	9.319675
52128875520	52123462656	5412864	512	10.478656
75405670912	75398914048	6756864	512	8.905759
5666378752	5660481536	5897216	512	12.624189
67601943552	67594085376	7858176	512	12.642946
61101184000	61095677440	5506560	512	11.622289
3548169216	3543581184	4588032	512	5.093970
2361217024	2355317248	5899776	512	7.887835
3857543680	3850942464	6601216	512	9.153810
25312443392	25304494592	7948800	512	10.998442
65560077824	65553434112	6643712	512	5.070304
8260093440	8251891712	8201728	512	7.396222
9336500736	9330912768	5587968	512	8.537209
39777041920	39768987648	8054272	512	11.629503
79888172032	79883734528	4437504	512	3.782141
43772114432	43767798272	4316160	512	9.768132
78068960256	78064633856	4326400	512	7.522806
67229112832	67222864384	6248448	512	9.522075
38180698624	38174177792	6520832	512	7.070393
13454417408	13447820288	6597120	512	4.163205
28450389504	28442821120	7568384	512	10.828152
53533478912	53526982656	6496256	512	2.751002
28011604480	28007196672	4407808	512	10.791897
41972572160	41965753344	6818816	512	12.049814
44962745344	44956181504	6563840	512	7.703067
24878661632	24874024960	4636672	512	3.442320
55144600576	55137949696	6650880	512	9.364137
30424112128	30419097088	5015040	512	12.099052
79931027968	79925487104	5540864	512	3.094645
72727947264	72722920448	5026816	512	11.531367
75318564352	75314064384	4499968	512	9.854046
42821038592	42815625728	5412864	512	10.384439
31997956608	31993293824	4662784	512	9.635524
54030010880	54022572544	7438336	512	3.309371
43150504448	43143733760	6770688	512	13.314181
53056061440	53048148480	7912960	512	6.700011
4535421440	4527526912	7894528	512	8.610746
31132739072	31124898816	7840256	512	9.386818
23279462400	23274617856	4844544	512	7.716081
74348734464	74340379648	8354816	512	13.150996
72762031104	72755019264	7011840	512	4.846211
14571477504	14565211648	6265856	512	11.680898
22704584704	22697441792	7142912	512	7.022899
8308533760	8301894144	6639616	512	5.278086
63850760192	63844649984	6110208	512	5.737252
46710835200	46704156160	6679040	512	12.283019
1596506112	1591327232	5178880	512	3.031246
4297475584	4290350080	7125504	512	6.923801
8572694016	8567340544	5353472	512	4.556570
70993940480	70988890112	5050368	512	3.461845
31154536960	31147031552	7505408	512	8.384543
14539151872	14533631488	5520384	512	10.022430
33450806784	33446294528	4512256	512	13.527088
9764024832	9758418432	5606400	512	6.268251
25396977152	25391211008	5766144	512	5.944130
52801808384	52795757568	6050816	512	12.868228
50768602624	50760657408	7945216	512	8.897447
79532731904	79524482560	8249344	512	4.552497
30108824576	30100704256	8120320	512	11.831773
53009944576	53005258240	4686336	512	12.408681
71178254336	71170958336	7296000	512	11.314624
67980689920	67976067584	4622336	512	6.990884
29768434176	29762090496	6343680	512	7.275665
40449028608	40443898880	5129728	512	11.520024
51341370368	51334840832	6529536	512	11.165251
18591240192	18583898112	7342080	512	13.542539
56548977664	56544314880	4662784	512	7.115192
6901779456	6893840896	7938560	512	4.024869
73786231296	73780421632	5809664	512	7.466843
72884074496	72876021760	8052736	512	6.253643
60368252416	60361078784	7173632	512	13.454956
70487793664	70483430912	4362752	512	9.166505
57579644928	57574344192	5300736	512	4.962776
6300366848	6293711872	6654976	512	4.952890
7976126464	7970737152	5389312	512	3.593649
30224248320	30216967168	7281152	512	2.794918
59416158208	59411516416	4641792	512	12.622090
61308105216	61300859392	7245824	512	3.700489
51697131008	51689006592	8124416	512	9.995259
52260460032	52252515328	7944704	512	12.344427
26480890368	26472568320	8322048	512	11.233593
21239776768	21233851392	5925376	512	5.555881
2673019904	2666520576	6499328	512	11.411172
65288762880	65282115584	6647296	512	4.952981
23327357952	23319503360	7854592	512	13.253074
57736016896	57729227264	6789632	512	11.118940
79476093952	79471222272	4871680	512	3.105040
12370989056	12363634176	7354880	512	5.507916
35157418496	35150082560	7335936	512	9.838740
75132517376	75126971392	5545984	512	8.766720
55083783680	55076184064	7599616	512	9.720474
78829978624	78823811072	6167552	512	7.362429
18979184640	18972386304	6798336	512	3.945192
2415328256	2408906240	6422016	512	5.826751
17082101760	17076036096	6065664	512	4.134239
49658401280	49651351040	7050240	512	5.961270
54971725312	54965319680	6405632	512	5.396231
27202991616	27197867008	5124608	512	12.051730
40002700288	39998073344	4626944	512	4.169372
33924134912	33918292992	5841920	512	8.173562
73970100224	73964171776	5928448	512	7.671035
26181601792	26175458816	6142976	512	6.190819
78879912448	78872531968	7380480	512	13.368062
51607787520	51601018368	6769152	512	6.540408
27311837696	27306306560	5531136	512	11.614947
25815193088	25810270720	4922368	512	5.868442
43779365376	43773394944	5970432	512	4.885764
63608721920	63603051520	5670400	512	13.315651
14584960512	14579715072	5245440	512	5.183566
57425902592	57419950080	5952512	512	6.144644
74495343104	74490720256	4622848	512	8.473965
39228450304	39221808640	6641664	512	9.359812
49597821952	49592847360	4974592	512	4.351364
30495374336	30490565120	4809216	512	5.952536
37572695040	37565260288	7434752	512	9.048814
47459602944	47454081536	5521408	512	11.265488
63461624832	63457006080	4618752	512	7.664633
76807230976	76801380352	5850624	512	11.511692
19173033984	19166984192	6049792	512	4.474188
27343607808	27336808448	6799360	512	8.948667
23714995200	23710521856	4473344	512	7.360371
38852086272	38847171072	4915200	512	5.937953
34750404096	34745446912	4957184	512	9.837027
7947630592	7941972480	5658112	512	8.701032
17004135936	16999826432	4309504	512	5.863912
40382985728	40377017344	5968384	512	8.281598
62688893952	62681034240	7859712	512	9.574266
8819601920	8812752384	6849536	512	7.711579
16967936512	16959582720	8353792	512	6.814275
19760323584	19755213312	5110272	512	5.863735
57544556032	57537891840	6664192	512	3.699256
33085424640	33079606784	5817856	512	8.774035
28845893120	28837642240	8250880	512	8.607678
54482598912	54476424192	6174720	512	13.899430
48717600768	48712134656	5466112	512	6.161419
38495793152	38488608768	7184384	512	10.574837
46982897152	46974801408	8095744	512	11.095772
8668574720	8663311872	5262848	512	4.784944
10137012736	10132583424	4429312	512	5.180869
10516534784	10510272000	6262784	512	11.701574
29353651712	29345729536	7922176	512	7.406957
52140541440	52133940736	6600704	512	4.785873
9361209344	9353821184	7388160	512	4.776956
4985091584	4977549312	7542272	512	7.034887
59707152384	59699258880	7893504	512	8.194480
70820598272	70814701568	5896704	512	12.519668
72900845056	72894465536	6379520	512	8.110738
17042845184	17036114432	6730752	512	7.299973
70124730880	70116818944	7911936	512	3.871168
42468341760	42461226496	7115264	512	13.443034
47342820864	47337452544	5368320	512	8.822141
76958621696	76950566912	8054784	512	3.333788
53727057408	53719179264	7878144	512	10.928184
17684420608	17678063104	6357504	512	4.830767
12488275456	12483888128	4387328	512	6.162270
77173754880	77166533120	7221760	512	6.268532
569167360	561079296	8088064	512	6.930925
59808247808	59800529408	7718400	512	13.511395
42417613312	42410080768	7532544	512	11.673587
32214479360	32209952768	4526592	512	10.254593
68514651136	68506601472	8049664	512	4.327278
65029349888	65022312448	7037440	512	10.822580
21525108224	21518528512	6579712	512	10.809311
74188746752	74180749312	7997440	512	6.146591
58838279680	58830090240	8189440	512	10.297350
4233948672	4229732864	4215808	512	13.298941
49388403712	49382648320	5755392	512	3.086628
42286688256	42281341440	5346816	512	12.121997
49048700928	49044487168	4213760	512	12.127265
51927077376	51919139840	7937536	512	6.016890
1608072192	1603241984	4830208	512	10.576243
18096347648	18091745280	4602368	512	10.201127
8860083200	8855669248	4413952	512	5.487704
8504856576	8499729408	5127168	512	11.300382
30872671232	30864508416	8162816	512	10.658304
53788706304	53782515712	6190592	512	13.540765
64048544256	64043916288	4627968	512	12.921054
54830680064	54826079744	4600320	512	11.431473
4635313664	4627917312	7396352	512	10.209208
60043151872	60037465088	5686784	512	10.469267
52285532672	52280644096	4888576	512	4.874329
27666422272	27660163584	6258688	512	3.384439
41286496768	41279868928	6627840	512	11.585685
60137433088	60130114048	7319040	512	7.095349
61942272512	61937043456	5229056	512	11.019890
12072117760	12066440192	5677568	512	6.449930
69879830528	69873940480	5890048	512	8.607591
28654501888	28647707648	6794240	512	12.039028
20672320512	20666900992	5419520	512	9.941466
476088832	468741632	7347200	512	13.642164
70524646912	70519432192	5214720	512	6.946672
42883535360	42879259136	4276224	512	12.665656
66023493632	66017607680	5885952	512	11.221350
40300840960	40293997568	6843392	512	4.145391
34732281856	34727777280	4504576	512	10.816988
56101886976	56093831168	8055808	512	12.750301
59337319424	59331051520	6267904	512	11.368137
78342684672	78338354688	4329984	512	7.449185
68080254976	68072137728	8117248	512	3.874104
17770758144	17765176320	5581824	512	12.655233
51985863680	51979265024	6598656	512	6.655204
47138861056	47130501632	8359424	512	3.988898
72286514176	72279079424	7434752	512	9.964330
69427002880	69421856768	5146112	512	4.530992
28120456192	28113283584	7172608	512	11.078242
6773250560	6767392768	5857792	512	2.375041
27769344512	27762398208	6946304	512	5.369894
42111579648	42104537600	7042048	512	6.135318
65534328320	65526699008	7629312	512	12.032567
71951900160	71946392064	5508096	512	9.840147
31785816064	31779655168	6160896	512	11.776177
51152520704	51145805312	6715392	512	10.657253
47310583808	47302582272	8001536	512	4.390422
23961975808	23954632704	7343104	512	6.971553
18204403712	18198506496	5897216	512	8.074110
52405374976	52401044480	4330496	512	13.267220
35860401152	35855879680	4521472	512	11.455118
43076121088	43068919808	7201280	512	11.281518
19666728960	19661458432	5270528	512	13.269853
41606198272	41601953280	4244992	512	4.854692
20644731392	20639645696	5085696	512	6.425054
40631895040	40627041280	4853760	512	9.397354
24107607040	24102768640	4838400	512	9.736743
9899446784	9893348352	6098432	512	6.195618
68253925888	68248262144	5663744	512	8.901787
59106020864	59101231616	4789248	512	8.132109
70590842880	70586471936	4370944	512	8.865761
33902282752	33896290816	5991936	512	2.562017
61930677248	61924257792	6419456	512	10.959381
60322844672	60316066304	6778368	512	5.131264
8732083712	8723857408	8226304	512	10.765409
36895758336	36887868416	7889920	512	6.623354
24468643328	24461650432	6992896	512	4.207411
9467424256	9460764672	6659584	512	13.862791
38959201792	38951284224	7917568	512	4.107831
18244846080	18236953088	7892992	512	8.244947
29772198400	29764388864	7809536	512	10.180807
39301555200	39297220096	4335104	512	11.753281
32066211328	32058670592	7540736	512	7.514872
17745929728	17740289024	5640704	512	2.886247
49955405824	49951091200	4314624	512	4.162516
68695299072	68690874368	4424704	512	4.414833
68810078208	68802818048	7260160	512	3.209349
28249113088	28243359232	5753856	512	6.252566
44659443712	44654383104	5060608	512	10.450062
13896269312	13889832448	6436864	512	7.776805
63622380544	63615403520	6977024	512	9.019541
57181288448	57173548544	7739904	512	8.027743
76125087744	76119201280	5886464	512	14.785489
18616909824	18610437120	6472704	512	3.992827
38126729728	38119874560	6855168	512	9.686748
21083179008	21075216384	7962624	512	6.599431
5872452096	5865759232	6692864	512	10.612561
61412171264	61407607296	4563968	512	11.403516
74506498048	74499832320	6665728	512	6.795422
1759277568	1753478144	5799424	512	10.076228
15479625216	15471980032	7645184	512	4.678561
19241980928	19237304320	4676608	512	6.662390
3903299584	3896859136	6440448	512	12.675755
4932318208	4926317568	6000640	512	13.059415
71360954880	71356505600	4449280	512	6.137496
28608946688	28602103808	6842880	512	7.889930
48083372544	48077028352	6344192	512	12.131609
50631471104	50623264256	8206848	512	10.862470
26778241536	26772976128	5265408	512	8.732498
57852537856	57845505024	7032832	512	13.240509
66686537216	66680258560	6278656	512	5.794511
57960982016	57956658176	4323840	512	7.804946
75035806208	75029613056	6193152	512	7.007074
29429984768	29424837632	5147136	512	4.173550
43223321088	43217045504	6275584	512	7.813210
28739704320	28733261312	6443008	512	9.084953
27088847360	27081581056	7266304	512	8.769945
70680988160	70675705344	5282816	512	4.509318
34593694208	34587456512	6237696	512	7.602542
33439448576	33432715264	6733312	512	4.472111
75610846720	75602460160	8386560	512	4.115788
70841425920	70833822720	7603200	512	9.738769
42854740480	42848543232	6197248	512	8.153297
56260509696	56255413760	5095936	512	8.305689
53112930816	53107801600	5129216	512	9.209789
13807554048	13799475712	8078336	512	4.863589
74228496896	74222309888	6187008	512	7.234594
9236634624	9231269888	5364736	512	4.322228
18293147648	18286837760	6309888	512	7.743457
36883978240	36877762560	6215680	512	5.522137
1999764992	1993394176	6370816	512	5.027436
28565303808	28557469184	7834624	512	9.125673
78366992384	78359619072	7373312	512	13.683184
26716781056	26710144512	6636544	512	12.840542
67904903680	67898383872	6519808	512	9.614206
48925696000	48917613568	8082432	512	11.447207
32601702912	32597282304	4420608	512	6.339624
9436713984	9431796736	4917248	512	3.350676
67537539072	67530872832	6666240	512	13.955794
20301834240	20295301120	6533120	512	11.855501
31002686464	30997076480	5609984	512	4.921706
64698149376	64692865536	5283840	512	12.098335
78194229248	78187517440	6711808	512	12.049062
67428559360	67421668864	6890496	512	12.875144
16635019264	16628107264	6912000	512	12.361180
46785206272	46777305088	7901184	512	7.063457
58621454336	58614502400	6951936	512	9.052079
26414695936	26409440768	5255168	512	8.997031
18254095872	18245868032	8227840	512	11.584124
24998871040	24994589184	4281856	512	2.734241
14270753280	14263465472	7287808	512	7.034251
53738994176	53733140992	5853184	512	2.880308
7828431872	7823166464	5265408	512	6.374648
21990212096	21983301632	6910464	512	3.128739
24733361664	24725872128	7489536	512	12.740431
26859751424	26855489536	4261888	512	3.200659
37283683840	37277107712	6576128	512	5.633583
70019292160	70011860992	7431168	512	10.189884
65502624768	65494771200	7853568	512	4.748199
76034772992	76029934080	4838912	512	6.149577
68403941376	68396072960	7868416	512	12.275919
21261570560	21255693312	5877248	512	8.522351
57101183488	57093034496	8148992	512	8.196395
51022025216	51014539264	7485952	512	14.240753
894491648	889249280	5242368	512	12.775768
47536029696	47529554432	6475264	512	6.704543
35410432	31195136	4215296	512	5.281127
4088654848	4080481792	8173056	512	13.648198
35543523328	35536927744	6595584	512	7.910066
8323704320	8318640640	5063680	512	12.720853
57538982912	57534247424	4735488	512	3.098364
62251696128	62244894720	6801408	512	8.421406
55949500416	55941472768	8027648	512	6.613822
16297838592	16292100096	5738496	512	13.570906
5608755200	5603600384	5154816	512	8.881574
2953850368	2946383360	7467008	512	8.717133
27470477312	27465099264	5378048	512	4.185496
3078185472	3073846784	4338688	512	10.551180
53570388992	53564882432	5506560	512	12.925655
66695263232	66689123840	6139392	512	12.140735
79030372352	79023435776	6936576	512	8.139309
53908018688	53902796800	5221888	512	7.291702
58193155072	58187070464	6084608	512	4.761043
67305289216	67298374144	6915072	512	5.438192
78736520192	78732303872	4216320	512	2.945905
3616056320	3608028672	8027648	512	5.717450
31928400896	31921740288	6660608	512	8.784066
24993583104	24987951616	5631488	512	7.356270
29459453952	29453683712	5770240	512	12.078996
64061409792	64056747520	4662272	512	2.623861
76246875136	76239607808	7267328	512	4.365404
35441419264	35435033600	6385664	512	3.857612
22366475776	22358908416	7567360	512	6.497757
73936718848	73929107968	7610880	512	8.484361
71915608064	71907802624	7805440	512	5.885521
14221717504	14216570368	5147136	512	9.311779
47539736064	47534683136	5052928	512	6.176845
46766327296	46762004480	4322816	512	7.383738
71193390080	71189144576	4245504	512	4.023841
47454337024	47448195072	6141952	512	6.451402
76141887488	76135108096	6779392	512	3.021313
63934388224	63927105536	7282688	512	2.894130
44785621504	44780744192	4877312	512	4.199182
62590187520	62585240064	4947456	512	15.231868
64463243776	64458983424	4260352	512	4.486803
37200881152	37192614912	8266240	512	10.987022
57788882944	57783212544	5670400	512	5.206134
10128257536	10122467328	5790208	512	13.208490
22720000	16803328	5916672	512	5.634676
24850902016	24843727872	7174144	512	11.060668
75013808640	75007413248	6395392	512	8.716025
21464040448	21459269632	4770816	512	4.474492
35838577664	35830728704	7848960	512	4.468440
60498725888	60490491392	8234496	512	8.967711
2687114240	2680028672	7085568	512	7.809124
25900536320	25894681600	5854720	512	13.102056
31992324608	31986822144	5502464	512	9.412029
63338194432	63331040256	7154176	512	3.344071
17398460416	17390556160	7904256	512	20.884151
63792510976	63787762176	4748800	512	3.550317
48801477632	48794178560	7299072	512	2.983655
23487723520	23479562752	8160768	512	4.025957
22009871872	22005313024	4558848	512	6.653482
72419031040	72413088768	5942272	512	4.478942
20114300416	20109286912	5013504	512	9.975139
40994784768	40987561984	7222784	512	10.086753
29532849152	29527377920	5471232	512	10.235488
20844916736	20840036352	4880384	512	8.443097
31171314176	31164378112	6936064	512	8.513270
23047310336	23043067392	4242944	512	3.648943
24542479360	24536131584	6347776	512	10.539143
71752164352	71746112000	6052352	512	8.899614
29662756352	29658045440	4710912	512	5.729508
21990361600	21982850560	7511040	512	7.766598
45854776832	45847554560	7222272	512	6.903927
6748073984	6742907904	5166080	512	8.599377
42752095232	42745335296	6759936	512	13.529801
52951335936	52946858496	4477440	512	9.042515
64275993088	64267865600	8127488	512	3.273871
50042836480	50036388352	6448128	512	13.450467
62399587840	62395123200	4464640	512	3.314367
15756768768	15749011968	7756800	512	13.190397
12615671296	12610639360	5031936	512	7.153261
57853072384	57847465984	5606400	512	7.093857
70435409408	70428769792	6639616	512	4.786228
14092427776	14087496704	4931072	512	12.294606
21216928768	21210832896	6095872	512	8.121502
42570993152	42564126208	6866944	512	6.041979
19298710016	19294174208	4535808	512	9.863348
21797455872	21789102080	8353792	512	6.779405
14855037952	14847880704	7157248	512	9.989571
3126689792	3120620544	6069248	512	11.552710
30619864576	30613289472	6575104	512	10.865551
62079550976	62074077184	5473792	512	10.770962
9587801600	9579552768	8248832	512	3.766070
20976126976	20968556032	7570944	512	6.369776
4996310016	4991778304	4531712	512	6.304728
66792496640	66787652096	4844544	512	5.656670
49116787200	49111577600	5209600	512	13.105097
35552333824	35545647616	6686208	512	5.644439
42934055936	42927358464	6697472	512	4.221343
76490788864	76484552704	6236160	512	12.218964
69895929344	69889600512	6328832	512	9.016511
25635794944	25627628032	8166912	512	3.814900
11281366528	11276520448	4846080	512	4.875426
58506787840	58501169664	5618176	512	12.525756
43129275392	43121698304	7577088	512	10.525804
42810542080	42802953216	7588864	512	10.178235
4583768064	4576761856	7006208	512	16.073444
70237094400	70230138880	6955520	512	2.967584
66693939712	66689409536	4530176	512	6.906246
46926969344	46922115584	4853760	512	13.421991
42003545088	41998329344	5215744	512	6.367125
28904562688	28898082304	6480384	512	3.907488
7913069568	7907197440	5872128	512	13.151411
77504291840	77499972096	4319744	512	7.818223
66430571008	66423199744	7371264	512	9.252145
46262499328	46254604288	7895040	512	7.317509
43883097600	43876049920	7047680	512	4.138141
29128788480	29122899968	5888512	512	9.196824
58975428608	58969917952	5510656	512	4.709773
55189342720	55181911552	7431168	512	9.995932
15966747136	15958395392	8351744	512	8.670588
32390293504	32385025536	5267968	512	5.917089
40005642752	39997588480	8054272	512	7.051342
8240018432	8235159040	4859392	512	6.170287
1980596224	1974973440	5622784	512	9.247302
45028990976	45021913088	7077888	512	3.322348
73852283904	73846029824	6254080	512	4.735424
75254806528	75250399232	4407296	512	4.070953
46690844160	46683955200	6888960	512	6.615302
60452098048	60445465600	6632448	512	9.483634
17940842496	17936374784	4467712	512	11.494708
61181416960	61175309824	6107136	512	6.827815
19698578944	19690196480	8382464	512	6.112525
5819358208	5811198976	8159232	512	10.202105
60154313728	60147259904	7053824	512	14.195957
69177708032	69172041728	5666304	512	5.187411
71135594496	71130046464	5548032	512	4.433702
27503034368	27495144960	7889408	512	12.359299
65941219840	65935957504	5262336	512	12.804871
58768121856	58760678912	7442944	512	3.393512
70992679936	70985479680	7200256	512	11.733830
47699852800	47694390272	5462528	512	4.419758
37654901248	37647123456	7777792	512	2.999783
58475792896	58468647936	7144960	512	9.550799
77040760832	77036432384	4328448	512	6.400456
17107899392	17102662656	5236736	512	2.962206
53092324352	53086080512	6243840	512	5.591909
16296504832	16291700224	4804608	512	10.219565
3647075840	3641067520	6008320	512	12.865511
44578981376	44571998208	6983168	512	7.661130
29479292928	29474667008	4625920	512	12.403854
59797572608	59793054720	4517888	512	7.046569
20726640128	20719085056	7555072	512	6.758427
70912315392	70905513984	6801408	512	14.908597
62642775040	62635493888	7281152	512	13.734864
55549927936	55543609856	6318080	512	7.906905
31792480256	31787542016	4938240	512	2.885093
16223695872	16219363840	4332032	512	5.363559
33377038848	33371184128	5854720	512	7.361064
65617809920	65611767296	6042624	512	6.068636
75229104640	75222526464	6578176	512	12.929027
10883985408	10879790080	4195328	512	10.435907
10752006656	10747695616	4311040	512	7.860518
56377318400	56369267712	8050688	512	12.884517
72355344384	72347030016	8314368	512	6.087187
47398799360	47392638464	6160896	512	5.929670
54434995200	54427986944	7008256	512	8.282092
18057658368	18049740288	7918080	512	7.606257
28130889216	28125035520	5853696	512	13.125030
20313298944	20307230720	6068224	512	13.345865
29552047616	29546325504	5722112	512	13.259831
42252115456	42246437376	5678080	512	3.366294
37942494208	37935007744	7486464	512	12.227541
47383273984	47375261184	8012800	512	13.346649
24002898432	23998612480	4285952	512	2.626513
29198332928	29192645120	5687808	512	13.092690
9073055232	9067935744	5119488	512	8.036459
59463443456	59455348224	8095232	512	13.296234
31531268096	31524079104	7188992	512	5.079734
77754262528	77746412544	7849984	512	12.075949
48984145920	48977103872	7042048	512	9.910529
40337920	34382336	5955584	512	4.774473
26730626560	26724813312	5813248	512	4.820115
74039004672	74031264256	7740416	512	6.574396
72858166272	72853529088	4637184	512	11.738200
23204575232	23198623744	5951488	512	10.779159
52736008192	52731490816	4517376	512	7.900101
7789244416	7783589888	5654528	512	6.947386
32561496064	32555039232	6456832	512	9.142807
53111793664	53103677952	8115712	512	12.115530
26950859264	26943462400	7396864	512	3.869541
46235331584	46229512704	5818880	512	5.890777
79855007744	79850731008	4276736	512	8.150000
12332273664	12324118016	8155648	512	7.742546
71267798016	71261571072	6226944	512	10.153963
79001633280	78993760768	7872512	512	5.658981
54972434432	54966178816	6255616	512	11.568374
23477040128	23470804480	6235648	512	13.214682
24081037824	24075934208	5103616	512	12.239276
20517507584	20509458944	8048640	512	4.546366
43659866624	43651634688	8231936	512	13.548304
27335462912	27329143296	6319616	512	13.043532
8598487040	8590363648	8123392	512	6.616973
3384114176	3377866752	6247424	512	5.805117
17476285952	17470372864	5913088	512	7.680360
52366517760	52362139648	4378112	512	11.856114
17946714112	17939653120	7060992	512	8.946346
19083189760	19076886016	6303744	512	7.905307
6592287232	6584173568	8113664	512	11.239178
3736024064	3731385856	4638208	512	3.993449
61703641600	61697760256	5881344	512	7.347140
67753712128	67749132288	4579840	512	8.431839
15458740224	15452917248	5822976	512	9.690293
15855549952	15848549376	7000576	512	10.342456
16787598848	16782850560	4748288	512	11.508804
28700692480	28695913984	4778496	512	11.138759
60403333120	60395215872	8117248	512	12.529551
77439483904	77432179200	7304704	512	5.523155
6835476992	6827456512	8020480	512	13.257527
37258165760	37250971136	7194624	512	8.536660
2316722688	2310737408	5985280	512	4.144011
48504388608	48498936832	5451776	512	6.553929
28605030400	28598082048	6948352	512	5.342700
38391956992	38384420864	7536128	512	10.970655
21578851328	21570740224	8111104	512	3.148385
38894727168	38888927232	5799936	512	3.414551
21937848320	21931696128	6152192	512	11.389918
77822527488	77816692224	5835264	512	12.137460
77771301376	77765163520	6137856	512	8.617880
372613120	364230656	8382464	512	9.821071
58659764224	58654623744	5140480	512	13.224183
63675999232	63669811200	6188032	512	10.887402
30463547392	30455190528	8356864	512	6.015049
10748626944	10744046080	4580864	512	12.848089
20756065280	20751856640	4208640	512	10.086279
48519240192	48514676224	4563968	512	12.015033
14059013632	14052470272	6543360	512	11.943575
16549014016	16541872128	7141888	512	8.883355
234141696	226558976	7582720	512	8.582387
28651194368	28646265856	4928512	512	5.692131
13644058624	13639528448	4530176	512	2.902206
14534894592	14527315968	7578624	512	9.699102
53664407040	53657629696	6777344	512	12.087584
40009420800	40001844736	7576064	512	12.042102
17923019264	17916080640	6938624	512	13.610785
9641040384	9635116032	5924352	512	10.168408
46372412416	46366394368	6018048	512	9.777623
14991020544	14982937600	8082944	512	9.389027
15967219200	15962200064	5019136	512	9.827117
16214427648	16207891456	6536192	512	11.776456
21231268864	21226061312	5207552	512	3.652339
11827153920	11820672000	6481920	512	6.807589
34793718272	34786131968	7586304	512	8.278556
68556541952	68551550464	4991488	512	3.773333
55447644160	55443135488	4508672	512	4.693739
22638206976	22631075328	7131648	512	7.241535
71039496704	71033736192	5760512	512	8.072659
24168394752	24162877440	5517312	512	11.921011
72163365376	72155346944	8018432	512	7.461717
74267397632	74261658624	5739008	512	5.521045
17588091392	17579867136	8224256	512	7.048126
24265296896	24257020416	8276480	512	12.342677
77840644096	77833394176	7249920	512	9.634142
70871799296	70865399296	6400000	512	13.309088
5161507840	5155016192	6491648	512	11.570163
45425795072	45421011968	4783104	512	6.079103
1615083008	1608391680	6691328	512	9.254811
18369189888	18364236288	4953600	512	11.363922
54384719872	54379930624	4789248	512	5.880118
44382629376	44374977024	7652352	512	8.537606
73910849024	73904734720	6114304	512	10.031934
28563780096	28558023168	5756928	512	6.192294
55818562560	55811217920	7344640	512	7.853876
9038214144	9029947904	8266240	512	11.618302
59289124864	59283573760	5551104	512	12.760906
66975204864	66970948608	4256256	512	10.089688
30054545920	30048744448	5801472	512	11.351113
28810688000	28803636736	7051264	512	8.427771
60834122752	60829087744	5035008	512	9.904074
24458720256	24453648896	5071360	512	13.364904
22918685184	22914429440	4255744	512	3.337789
3581472768	3573632000	7840768	512	9.802420
54789640192	54785173504	4466688	512	4.061063
63966845440	63958740992	8104448	512	5.872658
21197145088	21190210560	6934528	512	11.839319
5664138240	5657533952	6604288	512	6.062592
2242276864	2233940480	8336384	512	8.054854
12501793280	12497187840	4605440	512	12.236450
19507510784	19502028800	5481984	512	6.532843
24926056448	24918487552	7568896	512	8.943721
49031964160	49024200704	7763456	512	10.831855
9856742400	9849027072	7715328	512	13.113908
72469852672	72461663744	8188928	512	7.850427
52668725248	52662545408	6179840	512	13.887297
6596605440	6589236736	7368704	512	7.522559
41097717760	41093358592	4359168	512	12.962814
70068903936	70062204928	6699008	512	8.559285
14224889856	14217569792	7320064	512	6.301938
52959486464	52952433664	7052800	512	12.361342
79364011008	79356595712	7415296	512	5.502060
76272691200	76267320832	5370368	512	11.488746
30369206784	30363165696	6041088	512	5.451749
40128325120	40121606656	6718464	512	7.439774
60243540992	60239339008	4201984	512	7.469565
69647796736	69639628288	8168448	512	12.532529
52171326464	52164231680	7094784	512	11.251114
64778912768	64772383744	6529024	512	8.790662
51964361728	51956896256	7465472	512	10.053125
15751242752	15744375296	6867456	512	4.104815
51184980480	51178924032	6056448	512	3.935367
27660950016	27654694912	6255104	512	12.750539
75038790656	75034526720	4263936	512	7.985625
25006454784	25000890368	5564416	512	6.104427
61632321536	61625167360	7154176	512	13.081074
57675450880	57669520896	5929984	512	8.695042
51198035968	51190693376	7342592	512	11.799903
25448293376	25444001280	4292096	512	2.457635
71898814464	71892719616	6094848	512	10.095019
267097088	261380096	5716992	512	5.368471
18859930624	18855647232	4283392	512	6.490794
65455533056	65448256512	7276544	512	3.063899
69956022272	69948785664	7236608	512	8.594016
6974937088	6969419264	5517824	512	11.806501
43927755264	43920184832	7570432	512	10.691725
42436389888	42430489088	5900800	512	6.688351
18835292672	18828874240	6418432	512	5.260023
41490241024	41484744704	5496320	512	6.674290
74695383552	74690861056	4522496	512	2.905442
66537260544	66532475904	4784640	512	7.888203
7549317120	7541843456	7473664	512	5.144525
67305344000	67300051456	5292544	512	2.879113
53878174208	53870418944	7755264	512	5.198538
33033984512	33026091520	7892992	512	6.327690
59929334784	59922700800	6633984	512	9.414009
37411789824	37406457856	5331968	512	9.370414
67800671744	67795821568	4850176	512	8.543124
76879758848	76873019904	6738944	512	10.916988
67371635712	67363640320	7995392	512	6.159596
19488982528	19483859456	5123072	512	13.793353
32807219712	32798928384	8291328	512	5.790121
2603699200	2598018048	5681152	512	8.935083
44587387904	44580253696	7134208	512	12.936721
42913860096	42908637184	5222912	512	6.167789
65697265152	65691867648	5397504	512	14.856618
5845322752	5840701952	4620800	512	11.526824
54595067904	54590853120	4214784	512	13.176483
41850422784	41845282304	5140480	512	8.405813
50974758400	50970168320	4590080	512	7.622213
49582401024	49574484992	7916032	512	9.714217
12668824064	12661166080	7657984	512	9.857625
2499255296	2493954048	5301248	512	9.637017
69894712832	69888679424	6033408	512	10.037155
37813901312	37807083008	6818304	512	10.724754
36878233600	36873319424	4914176	512	10.624221
58863012864	58857537024	5475840	512	5.830178
32656744448	32651441152	5303296	512	3.161263
14665909248	14659961856	5947392	512	9.607417
39132311040	39128038400	4272640	512	4.065205
71482627072	71477061120	5565952	512	5.663909
19116641280	19109883392	6757888	512	6.667668
18071931392	18066857472	5073920	512	6.678631
5351065600	5345298432	5767168	512	4.374161
74696480768	74690744832	5735936	512	12.212252
16079351808	16073116160	6235648	512	9.473313
40537819648	40529525760	8293888	512	5.463600
74471028736	74465924096	5104640	512	6.150607
1749947392	1744060416	5886976	512	8.108576
65644982272	65637280256	7702016	512	9.670121
64904593920	64897080320	7513600	512	12.877286
13719192576	13712549376	6643200	512	12.443610
22723151872	22717100032	6051840	512	4.483439
31877212160	31870086144	7126016	512	6.665240
440874496	434176000	6698496	512	9.114188
71067510784	71061420032	6090752	512	12.289790
16244299776	16237905408	6394368	512	5.823045
48156465152	48151924736	4540416	512	12.643650
70736208384	70730196480	6011904	512	8.476870
60282947584	60275274240	7673344	512	5.627329
33512030208	33505475584	6554624	512	8.920751
15347172352	15338936320	8236032	512	11.372804
68883383808	68878159360	5224448	512	5.221956
19544964608	19537864704	7099904	512	8.080909
28520309248	28513351168	6958080	512	5.122211
35459254272	35453592576	5661696	512	12.686305
52005668352	52001167872	4500480	512	6.524080
71366455296	71361791488	4663808	512	7.817406
50146147840	50138903552	7244288	512	9.849285
55503422976	55498052096	5370880	512	7.550454
39956848128	39948782080	8066048	512	11.294696
60859972096	60855772672	4199424	512	5.668231
30501803008	30494094848	7708160	512	12.679128
13207404032	13200401408	7002624	512	4.265880
68306325504	68298890240	7435264	512	6.524601
42778689536	42772687360	6002176	512	4.065071
54681166336	54673045504	8120832	512	3.902576
76695219712	76688561664	6658048	512	5.112589
68625177088	68618472960	6704128	512	3.422431
52042972160	52037324288	5647872	512	3.825828
56226294272	56221843456	4450816	512	13.366090
34213599744	34205298688	8301056	512	13.572497
73029541888	73023375360	6166528	512	7.516382
72681600000	72674236416	7363584	512	12.581210
7655459840	7650600960	4858880	512	6.187846
72476499456	72468466176	8033280	512	6.923510
9997786624	9992061440	5725184	512	3.591234
77065012224	77057892864	7119360	512	4.092436
65595835904	65590391808	5444096	512	4.991170
5744589312	5738833408	5755904	512	6.511845
50596132352	50590982144	5150208	512	12.468820
71214010368	71209193984	4816384	512	11.712181
39351352320	39345374720	5977600	512	14.591843
37828350464	37822916096	5434368	512	6.773802
9666496512	9661891072	4605440	512	10.427258
31634600448	31629918720	4681728	512	9.180880
28207819264	28201326592	6492672	512	13.533915
28179472896	28172109824	7363072	512	4.677350
73304658432	73300403712	4254720	512	3.651760
68648996864	68642510848	6486016	512	7.897334
65223070208	65215917568	7152640	512	7.068735
68944956416	68937707520	7248896	512	9.237904
50120054272	50112121856	7932416	512	9.226396
68892681728	68886351360	6330368	512	6.771305
12184195584	12176335872	7859712	512	3.346321
58344255488	58339260416	4995072	512	11.132294
8924599296	8916923904	7675392	512	7.529116
14809331200	14801021440	8309760	512	8.940599
43890716160	43886395904	4320256	512	11.510335
43006225408	43001267200	4958208	512	3.892741
68851739648	68844422144	7317504	512	10.502559
268247040	259983360	8263680	512	9.656883
15704048128	15698960384	5087744	512	6.431177
4140491776	4133450752	7041024	512	8.783393
34735193088	34728301056	6892032	512	8.757839
63578866688	63572772864	6093824	512	9.155758
59252149760	59246411776	5737984	512	8.922121
69253452800	69246633472	6819328	512	4.410237
52636280832	52629718528	6562304	512	7.699490
54195421184	54189263872	6157312	512	3.293732
16067499520	16061064192	6435328	512	2.979404
60044114944	60039395840	4719104	512	10.236085
57168456704	57162095616	6361088	512	3.373437
74575296000	74567070208	8225792	512	6.861383
30799115776	30791773184	7342592	512	12.316579
72409169920	72404202496	4967424	512	13.652467
43332585472	43326395392	6190080	512	8.332436
30607205888	30598937600	8268288	512	8.221147
