base_offset	offset	absdelta	probe_length	millis
7381003264	7380884992	118272	512	6.606938
58577486848	58577402368	84480	512	8.555798
20699704320	20699574784	129536	512	8.110050
14862016512	14861886464	130048	512	8.198367
53333687808	53333559296	128512	512	7.396588
9516147712	9516080640	67072	512	9.575110
17246614016	17246494720	119296	512	8.351860
60024431616	60024334848	96768	512	8.147959
66967640576	66967534080	106496	512	5.668706
18613497856	18613405696	92160	512	9.024363
47087444992	47087350784	94208	512	8.650705
8240371200	8240249344	121856	512	8.390022
4980146688	4980060672	86016	512	9.234444
64085018112	64084892160	125952	512	7.000400
1681449472	1681362944	86528	512	9.237979
56942940672	56942833152	107520	512	7.923239
15527818240	15527718912	99328	512	8.839406
73148704768	73148633600	71168	512	8.574386
28823775744	28823646720	129024	512	6.028155
24753732096	24753646080	86016	512	9.047703
23075648512	23075534336	114176	512	6.485628
20846491136	20846400000	91136	512	8.985868
56583372288	56583248384	123904	512	7.442539
73199340544	73199250432	90112	512	7.881812
71362420224	71362323456	96768	512	7.655212
41885789696	41885702144	87552	512	6.895975
49181498880	49181395456	103424	512	8.306294
30545144832	30545057792	87040	512	8.943306
30582494208	30582413312	80896	512	0.437382
29606581248	29606488064	93184	512	0.451915
50974198272	50974097920	100352	512	0.419164
65502492160	65502382080	110080	512	7.564781
73587373056	73587274240	98816	512	7.400385
61805143040	61805067264	75776	512	6.866225
10430415360	10430333440	81920	512	9.231376
52039044096	52038918144	125952	512	0.502130
46661157376	46661039104	118272	512	7.901937
2966274048	2966206464	67584	512	9.624564
5351818240	5351737344	80896	512	9.319843
78903995904	78903894016	101888	512	4.787115
9886415360	9886309376	105984	512	6.865298
49833313792	49833212416	101376	512	6.435313
30230172160	30230041600	130560	512	7.907507
19201423872	19201353216	70656	512	9.408737
49596857856	49596763648	94208	512	8.491275
41940105728	41940026368	79360	512	9.017090
39192267776	39192201216	66560	512	7.543565
37620019712	37619888640	131072	512	5.896596
906677248	906560000	117248	512	6.722148
13833762816	13833664000	98816	512	7.014784
62748749824	62748631552	118272	512	5.578391
63706813952	63706695168	118784	512	7.325349
56527620096	56527544832	75264	512	6.973412
703397888	703269888	128000	512	8.343398
64481771520	64481649152	122368	512	5.274416
17563346432	17563279872	66560	512	7.715298
38144151040	38144083456	67584	512	9.415619
28593305088	28593236480	68608	512	9.484993
31722822656	31722711552	111104	512	6.515966
5756338176	5756265472	72704	512	9.481603
73064054784	73063928320	126464	512	4.642053
56109127168	56109043712	83456	512	6.853600
52318036992	52317919744	117248	512	7.784163
57819031552	57818926592	104960	512	8.014258
62516960256	62516872192	88064	512	8.364270
39553270272	39553195008	75264	512	0.432133
44337690624	44337582592	108032	512	0.466297
24264104448	24263974400	130048	512	7.992354
22674408960	22674292736	116224	512	8.414732
76114328064	76114251776	76288	512	8.273321
13099488768	13099372032	116736	512	8.460912
9788208640	9788093440	115200	512	8.475044
29753670144	29753556992	113152	512	8.353481
17875705344	17875586048	119296	512	8.350804
2394980352	2394870784	109568	512	8.750242
58719100928	58719007744	93184	512	8.279505
21897894400	21897783296	111104	512	8.514056
13064670208	13064564224	105984	512	8.730238
10531337728	10531217408	120320	512	8.457996
46831088640	46830991360	97280	512	8.493133
66749809664	66749732352	77312	512	8.620396
42783786496	42783716864	69632	512	7.403639
56903644672	56903528448	116224	512	7.675641
10963350528	10963256832	93696	512	0.803097
3471399936	3471289856	110080	512	6.822288
36859177984	36859069952	108032	512	6.509708
26081419776	26081290752	129024	512	8.029028
68598291968	68598175232	116736	512	5.321872
2633424384	2633312768	111616	512	8.650720
48192478208	48192355328	122880	512	7.796024
12794747392	12794620416	126976	512	8.226911
5220439552	5220372992	66560	512	9.644178
62256860160	62256745984	114176	512	7.538471
59050506752	59050424832	81920	512	8.614835
67260161536	67260084736	76800	512	8.626911
6797064192	6796956672	107520	512	8.625724
27453785088	27453700096	84992	512	9.051377
35662889472	35662806528	82944	512	7.175790
28752014848	28751938048	76800	512	9.261440
65614054912	65613978624	76288	512	8.650232
68403628544	68403506176	122368	512	7.020207
68315723264	68315630080	93184	512	7.951042
43726063616	43725968896	94720	512	8.576070
21132484608	21132413952	70656	512	9.464225
56871729664	56871601152	128512	512	7.307390
79875257344	79875177472	79872	512	7.578463
35223563776	35223466496	97280	512	6.839982
32592282624	32592158720	123904	512	6.183857
51459814912	51459744768	70144	512	9.114250
76577652224	76577576448	75776	512	8.155025
19127230464	19127113216	117248	512	8.407086
21375693824	21375622656	71168	512	9.462605
75996691456	75996580352	111104	512	6.864738
52782953984	52782839808	114176	512	7.910591
56351636480	56351514624	121856	512	7.430082
21001506816	21001429504	77312	512	7.490804
71821684736	71821597184	87552	512	7.930538
78341477888	78341381632	96256	512	7.029183
35910157312	35910078464	78848	512	9.158285
59818440704	59818331648	109056	512	7.803756
73577180672	73577082368	98304	512	7.423598
5766243328	5766123008	120320	512	6.570337
55468906496	55468820992	85504	512	8.630364
33818814976	33818746368	68608	512	13.962695
78851373056	78851262976	110080	512	4.573564
55812570112	55812481536	88576	512	6.623216
17884420096	17884310016	110080	512	8.553726
10918791680	10918672896	118784	512	6.577392
23434562560	23434472448	90112	512	0.368582
39431487488	39431389184	98304	512	6.660003
14871929856	14871810048	119808	512	8.392650
8231662080	8231565312	96768	512	8.917691
52808519168	52808447488	71680	512	9.092312
69437853696	69437735936	117760	512	5.217319
55579417088	55579336192	80896	512	6.925263
67528632320	67528531968	100352	512	5.877633
49748081152	49747994624	86528	512	6.794480
69769014272	69768900096	114176	512	5.300535
37962701824	37962609152	92672	512	6.931904
17000212992	17000116224	96768	512	8.874815
20269797888	20269694976	102912	512	0.440010
52190941696	52190822400	119296	512	5.862974
51669436928	51669315072	121856	512	7.665616
25801053696	25800934400	119296	512	8.262916
70483661824	70483574272	87552	512	8.002882
62662116352	62662014976	101376	512	8.034227
31271977472	31271907328	70144	512	7.530450
3825856000	3825786880	69120	512	9.585212
30491706368	30491632640	73728	512	9.307888
15602934272	15602841600	92672	512	7.117184
223856128	223754240	101888	512	7.066575
39430246400	39430136320	110080	512	8.229793
50159549952	50159456768	93184	512	6.631170
69421976064	69421850112	125952	512	4.877718
40111232512	40111114240	118272	512	8.112100
58987585536	58987507200	78336	512	6.872889
49620182016	49620067840	114176	512	6.076383
64419299328	64419196416	102912	512	7.807745
63457325568	63457239040	86528	512	8.344368
28619463168	28619390464	72704	512	7.488167
65048146944	65048043520	103424	512	5.993890
48092643328	48092520960	122368	512	7.798554
17141545472	17141440512	104960	512	8.654259
23694434304	23694308864	125440	512	8.072449
47818158592	47818064384	94208	512	8.557300
33324346368	33324260864	85504	512	7.092179
53164985344	53164910080	75264	512	8.995323
34085401088	34085328384	72704	512	9.314784
77287340544	77287221760	118784	512	4.212898
63094874624	63094784000	90624	512	8.307355
29633915392	29633819136	96256	512	8.739934
17318620672	17318542336	78336	512	0.485310
60525284864	60525206528	78336	512	8.701177
23738024960	23737919488	105472	512	6.718362
7317771264	7317702144	69120	512	9.571954
54574847488	54574737408	110080	512	7.916597
7187098624	7187025920	72704	512	7.641086
35401298944	35401202688	96256	512	8.699926
11719108608	11719015936	92672	512	8.988840
36054206976	36054137856	69120	512	9.362753
52842592256	52842524672	67584	512	7.366098
58106588160	58106491392	96768	512	6.328834
8046331904	8046264320	67584	512	9.621542
30001818112	30001698816	119296	512	8.176032
75286941184	75286844416	96768	512	7.392313
13672862208	13672787968	74240	512	0.393267
50102162432	50102069248	93184	512	8.506145
5201482752	5201385984	96768	512	9.003710
50647388160	50647261184	126976	512	5.748305
48608510464	48608384512	125952	512	7.697974
13999213568	13999142912	70656	512	9.495159
35475246080	35475145728	100352	512	8.627035
68077485056	68077359616	125440	512	5.043298
3701628416	3701539328	89088	512	9.156564
8802988032	8802889728	98304	512	8.868511
39194708992	39194612224	96768	512	8.517480
53590447616	53590322688	124928	512	7.507096
57864087040	57863960064	126976	512	7.365737
72190590464	72190512128	78336	512	6.424382
30829378048	30829259264	118784	512	6.203027
25102883328	25102790144	93184	512	6.924085
39124941312	39124865536	75776	512	9.072084
21995550720	21995442688	108032	512	0.436437
19378148352	19378080256	68096	512	9.528499
60751342080	60751214080	128000	512	7.205462
56641804288	56641704448	99840	512	8.181428
5081669120	5081579008	90112	512	9.090269
25475102720	25474993664	109056	512	8.478247
74556605440	74556474368	131072	512	6.204520
49486938624	49486838784	99840	512	6.473493
16411381248	16411258368	122880	512	8.270097
31525619712	31525542912	76800	512	0.434327
12533967872	12533898240	69632	512	0.410871
30535710720	30535601152	109568	512	8.417403
39173122560	39173015552	107008	512	8.336971
28927525376	28927454208	71168	512	9.344464
55521820160	55521712128	108032	512	6.152474
36122540032	36122444288	95744	512	8.709507
25148330496	25148254208	76288	512	9.292510
27823180288	27823056896	123392	512	8.151785
37173115904	37173033984	81920	512	9.060572
24073307648	24073216000	91648	512	8.923389
32192382464	32192253952	128512	512	7.938345
16440163328	16440093184	70144	512	9.470744
783598592	783508992	89600	512	0.438561
19879124480	19878994944	129536	512	8.132193
9325561344	9325461504	99840	512	8.798247
58160773632	58160697856	75776	512	0.432676
59834202624	59834104320	98304	512	6.256484
69959008768	69958897664	111104	512	7.276796
20313337856	20313248768	89088	512	7.234152
55077176320	55077069312	107008	512	6.157091
26453899776	26453824000	75776	512	7.447782
53474111488	53474042368	69120	512	9.110871
74692134400	74692005888	128512	512	6.261910
37534611456	37534545408	66048	512	9.448384
53979104768	53978984960	119808	512	7.606881
9365924352	9365822464	101888	512	8.802686
48630351872	48630232064	119808	512	7.883089
12584269824	12584154112	115712	512	6.659819
15466388480	15466321920	66560	512	9.569143
41771741696	41771630080	111616	512	6.359173
47077151744	47077056000	95744	512	8.383543
30645593088	30645499904	93184	512	7.053611
5969928192	5969847808	80384	512	9.302166
30530101760	30529971200	130560	512	6.051752
9065851904	9065762304	89600	512	9.072468
77767121920	77767025664	96256	512	5.160129
70204599808	70204472320	127488	512	0.447784
5926117376	5925991424	125952	512	8.316358
61584486400	61584418816	67584	512	0.496095
50783313408	50783220736	92672	512	8.539111
28389550080	28389439488	110592	512	8.454315
16955484160	16955353088	131072	512	8.072620
14068105216	14067976192	129024	512	8.177378
29172354560	29172240384	114176	512	6.502756
54924372992	54924245504	127488	512	5.557886
2198477824	2198365696	112128	512	8.790326
43508505600	43508395520	110080	512	6.264007
31996290560	31996161536	129024	512	7.901048
32021782016	32021701632	80384	512	9.150365
26432715776	26432612864	102912	512	8.634903
67186721280	67186613248	108032	512	7.423765
29434899456	29434795520	103936	512	8.656521
20153571840	20153505280	66560	512	9.569321
66429937664	66429867008	70656	512	6.962213
59902178304	59902087168	91136	512	6.370657
41906068992	41905996800	72192	512	9.208086
57034744320	57034624512	119808	512	7.600153
77659880960	77659768320	112640	512	6.323945
59979772416	59979680768	91648	512	8.310312
53823281664	53823150592	131072	512	7.294062
48358913024	48358837248	75776	512	7.196810
63765053440	63764987392	66048	512	9.008374
29616994816	29616918016	76800	512	9.124372
6629417472	6629299712	117760	512	8.465824
26686804992	26686706176	98816	512	8.724433
39996435968	39996341760	94208	512	8.650501
4782861824	4782781952	79872	512	9.256415
54172488704	54172358656	130048	512	5.480998
29139844608	29139755008	89600	512	8.905960
40502445568	40502346752	98816	512	8.521773
59374685696	59374618112	67584	512	7.319147
35097621504	35097551872	69632	512	9.442924
42518180864	42518098944	81920	512	8.945446
20740975616	20740862976	112640	512	8.489667
74782775808	74782703104	72704	512	6.591569
63172599296	63172498432	100864	512	7.985711
20920448000	20920339968	108032	512	8.582939
72906226688	72906123264	103424	512	5.472090
4985500160	4985372160	128000	512	6.447936
22080852992	22080728064	124928	512	8.193349
55247241728	55247171584	70144	512	9.098813
45178550272	45178446848	103424	512	6.293522
39326839808	39326770176	69632	512	7.455843
11984516608	11984407552	109056	512	6.789569
68360731136	68360665088	66048	512	8.871589
62022991360	62022911488	79872	512	8.737025
75060478464	75060350976	127488	512	4.444808
71448625664	71448539648	86016	512	8.121033
12299337216	12299209216	128000	512	8.159527
27436257280	27436191232	66048	512	9.555000
20822252544	20822180864	71680	512	9.370721
13925227008	13925137920	89088	512	9.073856
29055749120	29055655424	93696	512	8.726146
75642449920	75642355712	94208	512	7.629617
22777905152	22777838592	66560	512	9.557428
58519838208	58519753216	84992	512	8.520326
61751601152	61751475712	125440	512	7.097354
20131117056	20130985984	131072	512	8.110592
54503657472	54503579136	78336	512	8.853916
73629380096	73629273600	106496	512	5.269080
47995547136	47995421184	125952	512	7.746565
45758172672	45758092800	79872	512	8.949860
75917577216	75917501952	75264	512	8.234665
27014588416	27014467584	120832	512	8.224488
79767830528	79767703040	127488	512	5.462032
7245934080	7245831168	102912	512	8.788744
15634027520	15633937920	89600	512	9.055796
78841745408	78841649664	95744	512	7.057839
37522676736	37522579456	97280	512	6.795166
10268195328	10268092416	102912	512	8.798891
57623627776	57623539200	88576	512	8.590997
54125314048	54125185024	129024	512	5.550598
13103744512	13103676416	68096	512	9.555339
30823903744	30823791616	112128	512	6.523029
37440849408	37440743936	105472	512	8.447446
60683517440	60683395072	122368	512	5.511209
39758625280	39758552064	73216	512	9.190342
37440271872	37440174080	97792	512	8.642976
6571356160	6571249664	106496	512	8.736248
69476157440	69476048896	108544	512	7.379782
31886268928	31886189568	79360	512	9.134696
14596965376	14596872192	93184	512	9.002572
67672114688	67671988736	125952	512	6.857367
73647840256	73647719424	120832	512	4.743064
71047046144	71046926848	119296	512	6.910741
14780210688	14780080640	130048	512	8.138981
13109757440	13109627904	129536	512	8.199776
15680437248	15680311808	125440	512	8.186990
63493143552	63493048832	94720	512	8.119466
73877177344	73877066240	111104	512	6.914406
23478456832	23478371840	84992	512	9.091434
31700887040	31700795904	91136	512	0.377028
13461569024	13461464576	104448	512	8.716260
62252094464	62252025856	68608	512	8.955684
75179674112	75179582976	91136	512	7.630870
65133067776	65132953088	114688	512	7.367101
70099889152	70099773952	115200	512	7.193589
51677327872	51677226496	101376	512	8.248827
12667964928	12667850240	114688	512	0.381715
72185692160	72185593344	98816	512	5.651106
77502645248	77502551040	94208	512	5.285727
12217514496	12217403904	110592	512	8.615324
37589491200	37589368320	122880	512	7.996185
13732785664	13732710400	75264	512	7.548388
1852221952	1852147712	74240	512	9.490575
67841887744	67841758720	129024	512	6.752346
61157423104	61157339648	83456	512	8.519949
64484608000	64484530176	77824	512	8.583315
61610957312	61610868736	88576	512	6.491592
49311845376	49311721472	123904	512	5.786775
64710647296	64710553088	94208	512	6.211526
41702829056	41702755328	73728	512	9.226800
68020811264	68020707328	103936	512	5.751818
68568921600	68568793600	128000	512	4.930011
56083943424	56083821056	122368	512	5.664570
42107739136	42107644416	94720	512	8.610387
69599042560	69598955008	87552	512	6.246756
45112658944	45112549888	109056	512	6.332306
21909425152	21909355520	69632	512	9.504454
27398526976	27398417920	109056	512	6.627495
31666688000	31666615296	72704	512	9.326326
36379733504	36379634176	99328	512	8.660083
46678496256	46678395904	100352	512	8.423062
69447294976	69447211520	83456	512	8.249335
25481350656	25481259520	91136	512	8.884417
5970197504	5970131456	66048	512	9.652704
2625857536	2625742336	115200	512	8.555156
37257695744	37257579008	116736	512	8.169545
46603917312	46603806208	111104	512	8.087626
49452454912	49452346880	108032	512	8.091113
25728043008	25727960576	82432	512	9.115990
32541134848	32541025280	109568	512	6.575741
48254823424	48254724096	99328	512	8.424024
60836255744	60836129792	125952	512	5.464521
6888100864	6888000512	100352	512	8.864044
69276834304	69276738560	95744	512	7.789343
28468866560	28468777472	89088	512	8.945695
28873795584	28873707520	88064	512	8.958569
78577568256	78577498624	69632	512	8.161643
66630635520	66630528000	107520	512	5.787692
33762695680	33762583552	112128	512	6.486565
44020655104	44020562432	92672	512	6.777488
39378840576	39378750976	89600	512	8.792761
20729631232	20729518592	112640	512	8.505579
3897029120	3896957952	71168	512	7.712147
23046138368	23046032384	105984	512	8.558526
25789659648	25789532672	126976	512	8.068431
26382720512	26382643200	77312	512	9.214529
61971854336	61971724800	129536	512	7.056953
53010955264	53010859008	96256	512	6.569317
55362540032	55362456576	83456	512	8.691038
4172117504	4172016640	100864	512	7.015171
18443576320	18443452416	123904	512	8.233217
27197192704	27197096960	95744	512	7.045960
9945576960	9945453568	123392	512	8.310013
66482927616	66482843136	84480	512	8.343222
56835825152	56835739136	86016	512	8.590559
68463649280	68463577600	71680	512	8.691693
5069522432	5069440000	82432	512	0.425636
48796600320	48796473856	126464	512	7.681616
15118558208	15118443008	115200	512	0.442962
74024138752	74024016384	122368	512	6.490204
69195997696	69195873280	124416	512	6.815765
30024319488	30024190464	129024	512	7.944607
54058873856	54058760704	113152	512	6.025405
59438602240	59438517760	84480	512	8.555523
27347888640	27347803136	85504	512	9.025672
51805972480	51805848064	124416	512	7.615801
43629015552	43628903936	111616	512	0.468579
21500470272	21500348928	121344	512	0.547011
47389006848	47388877312	129536	512	5.768113
405355008	405275136	79872	512	9.371062
43075598848	43075520000	78848	512	7.144634
60399639040	60399569920	69120	512	9.034136
28060465664	28060372480	93184	512	0.411615
36455208448	36455114752	93696	512	0.469664
61967674880	61967562240	112640	512	5.746594
64594459648	64594367488	92160	512	8.133965
29355885568	29355811328	74240	512	9.290686
49350368768	49350300672	68096	512	9.227112
4242213888	4242099200	114688	512	8.597845
77720422912	77720331264	91648	512	5.356277
46012299264	46012193280	105984	512	8.238325
15675724288	15675623424	100864	512	8.740491
8468617216	8468499456	117760	512	8.460356
50874598400	50874498048	100352	512	8.400451
6957373440	6957284352	89088	512	7.266839
2740703744	2740610048	93696	512	7.216036
31350746624	31350657024	89600	512	7.057005
28679621120	28679535616	85504	512	9.031839
45832291328	45832168448	122880	512	7.779686
35041770496	35041691136	79360	512	9.109822
11905077248	11904949248	128000	512	8.198604
11720776192	11720696320	79872	512	0.424215
36161281024	36161172480	108544	512	0.425794
46516785664	46516694528	91136	512	6.771227
66696477696	66696408576	69120	512	6.986173
35938653696	35938536960	116736	512	8.201350
57705291776	57705212928	78848	512	6.924797
30860375040	30860279296	95744	512	8.696375
51973641728	51973564928	76800	512	8.943437
16592764416	16592667136	97280	512	7.010078
27822075392	27822008320	67072	512	9.450632
57058869760	57058743808	125952	512	7.396666
32324835840	32324717056	118784	512	8.178792
78385000960	78384881152	119808	512	4.198909
49368475648	49368370176	105472	512	8.182243
57936141312	57936057856	83456	512	8.650699
79383472640	79383376384	96256	512	6.845891
1473368064	1473281536	86528	512	9.234383
67751079424	67750983680	95744	512	7.829807
41592233984	41592166912	67072	512	9.352660
54187762688	54187655168	107520	512	7.988948
74816199168	74816104448	94720	512	7.559913
14477917696	14477847040	70656	512	9.518215
28452540416	28452431360	109056	512	8.486132
50725137408	50725017600	119808	512	7.754616
67553710080	67553597440	112640	512	5.448047
18500254208	18500125696	128512	512	8.146297
44573714944	44573603840	111104	512	8.126359
9232244224	9232143360	100864	512	0.597296
584200192	584093184	107008	512	8.802997
45925474816	45925368832	105984	512	8.236678
66530783744	66530677760	105984	512	5.829671
60397132800	60397049856	82944	512	8.583755
45635976704	45635865600	111104	512	8.111313
79431202304	79431101440	100864	512	6.768369
30620378112	30620251136	126976	512	7.993407
69820425216	69820326400	98816	512	7.730002
30980339200	30980247552	91648	512	8.821442
32281605632	32281525248	80384	512	9.141971
10464797184	10464722432	74752	512	9.400257
45916264960	45916149248	115712	512	7.991870
8537307648	8537226240	81408	512	7.415536
41479577600	41479499776	77824	512	8.986532
2960370688	2960256512	114176	512	8.613741
832092672	831991296	101376	512	7.068989
2649131008	2649017856	113152	512	8.621887
1914107392	1913981952	125440	512	8.410604
15509880832	15509799424	81408	512	9.207014
58482927104	58482839040	88064	512	8.502445
9702384128	9702295552	88576	512	9.126814
74887575552	74887450624	124928	512	11.075635
2955149312	2955075584	73728	512	9.488888
37187582976	37187474432	108544	512	8.382747
3073411072	3073304576	106496	512	8.779260
23616545792	23616436736	109056	512	8.493766
51882920960	51882796032	124928	512	7.574494
41622183936	41622053376	130560	512	5.886992
69228034560	69227966464	68096	512	8.845540
54414334976	54414223872	111104	512	7.885801
874628096	874557440	70656	512	9.593308
26752765440	26752645120	120320	512	8.198233
59098421248	59098349568	71680	512	8.903944
42296803328	42296706048	97280	512	6.649426
30356014592	30355939328	75264	512	9.248479
76134770688	76134659072	111616	512	4.902651
13929709568	13929624576	84992	512	1.384508
48820260864	48820159488	101376	512	8.358203
1262662656	1262557696	104960	512	0.470314
68278799360	68278728192	71168	512	8.755233
21845545984	21845471744	74240	512	9.383694
32579038208	32578947584	90624	512	8.851817
36690087424	36689959424	128000	512	7.838382
57764314624	57764216832	97792	512	0.446356
12996146176	12996072960	73216	512	9.497369
14228271616	14228174848	96768	512	8.911618
22075470848	22075359744	111104	512	8.412658
38748330496	38748238336	92160	512	6.826559
79666233344	79666118656	114688	512	4.162272
52762067968	52761979904	88064	512	8.592819
56282211840	56282124288	87552	512	8.540633
3772400128	3772312064	88064	512	9.156714
60783572480	60783473152	99328	512	6.154963
10670014976	10669918208	96768	512	8.911107
6557450752	6557361664	89088	512	9.089024
32141808640	32141690880	117760	512	8.241887
17018255360	17018128896	126464	512	6.336160
76281186816	76281096704	90112	512	7.599795
78321838592	78321754624	83968	512	7.586486
6648501248	6648417792	83456	512	0.441531
60938421760	60938324480	97280	512	8.073724
55546158592	55546057216	101376	512	8.135913
47703227392	47703122944	104448	512	8.283602
35782565376	35782482944	82432	512	9.084873
43340840448	43340730368	110080	512	8.153742
691805696	691708416	97280	512	8.987816
44084345856	44084228096	117760	512	0.418736
57363452928	57363369984	82944	512	6.817867
20220691456	20220624896	66560	512	9.559672
66236426752	66236316160	110592	512	5.619660
18140276224	18140184576	91648	512	8.983667
78674473984	78674356224	117760	512	6.176566
42608219136	42608088064	131072	512	7.618995
48403251712	48403143168	108544	512	8.175858
19831225344	19831101440	123904	512	6.406930
36006732288	36006644736	87552	512	7.075404
70362673152	70362599424	73728	512	8.510036
79633155072	79633030656	124416	512	5.606709
36099718656	36099602432	116224	512	8.175991
57474488832	57474397184	91648	512	8.286299
31459448320	31459324416	123904	512	8.051269
13215371776	13215247360	124416	512	6.443375
11882981888	11882880512	101376	512	8.822879
50665119232	50665022464	96768	512	8.438428
11663017984	11662899712	118272	512	8.465331
34270563328	34270486528	76800	512	7.321374
47432761856	47432649216	112640	512	8.080845
7640157184	7640087040	70144	512	9.536319
87836160	87747072	89088	512	9.195025
21891190784	21891110912	79872	512	9.178737
34555692544	34555575808	116736	512	8.181781
56577157120	56577047040	110080	512	7.875769
9598210048	9598140928	69120	512	9.544664
23560658944	23560559104	99840	512	8.697048
19009320448	19009239552	80896	512	9.235721
72794754560	72794635776	118784	512	4.954832
42695026176	42694935040	91136	512	8.661620
60848741376	60848636416	104960	512	7.920563
11375104000	11375000576	103424	512	8.701802
54133784576	54133656064	128512	512	7.326330
31280408064	31280285696	122368	512	8.100694
57632777216	57632649728	127488	512	7.347163
78625748480	78625661952	86528	512	5.591094
31981902848	31981796352	106496	512	8.494680
27453985280	27453854720	130560	512	7.972534
12147570688	12147501568	69120	512	9.562662
18848892928	18848764928	128000	512	8.118328
11453515264	11453429760	85504	512	9.089929
21114186240	21114103808	82432	512	9.218307
49065801216	49065707008	94208	512	8.551119
28658009600	28657880064	129536	512	7.988007
68751809024	68751710208	98816	512	7.753860
36357991936	36357915648	76288	512	0.439758
21662097408	21661993472	103936	512	8.695329
42844278784	42844154880	123904	512	5.977609
65569896960	65569783808	113152	512	5.514797
2598607872	2598528000	79872	512	9.377352
58905097728	58904966656	131072	512	7.103148
13473489920	13473411072	78848	512	9.291074
46484751360	46484655616	95744	512	8.513148
77599200768	77599075840	124928	512	5.828097
29246330368	29246253056	77312	512	0.328977
1741546496	1741454336	92160	512	9.115182
39976680448	39976601088	79360	512	9.055838
61230111744	61229997568	114176	512	7.534168
78463361536	78463255040	106496	512	6.595207
54534458880	54534327808	131072	512	7.339406
13775625728	13775528448	97280	512	0.496264
504196096	504115712	80384	512	0.453727
35775035904	35774915072	120832	512	8.080791
59313038848	59312941568	97280	512	8.142195
62373899264	62373783040	116224	512	5.612360
27760355840	27760235008	120832	512	8.199737
45066477056	45066390016	87040	512	8.749826
1580017664	1579928064	89600	512	9.141131
72841774080	72841670656	103424	512	7.324705
53322248704	53322176000	72704	512	9.019203
79015980544	79015877120	103424	512	6.551064
10142447104	10142372864	74240	512	9.422618
77689178624	77689086976	91648	512	5.384568
63972000768	63971901440	99328	512	6.100277
59811743744	59811671552	72192	512	8.927523
32848457728	32848372224	85504	512	9.089103
28201744896	28201630720	114176	512	8.339218
71415718912	71415616512	102400	512	7.494736
18175340032	18175248896	91136	512	8.989005
62129861632	62129772544	89088	512	8.328685
33908413440	33908341248	72192	512	9.380419
61385485824	61385371136	114688	512	7.510396
44175491072	44175363584	127488	512	7.748278
47988556800	47988438528	118272	512	7.909966
56740092928	56739963392	129536	512	5.448018
22457050112	22456946176	103936	512	8.690700
26700430336	26700347392	82944	512	9.124666
48635854848	48635779584	75264	512	9.051887
14051896832	14051773952	122880	512	8.437183
68132267520	68132165120	102400	512	7.636314
38976521216	38976399360	121856	512	7.960967
45788162048	45788038656	123392	512	5.912739
46553837056	46553753088	83968	512	6.991556
40213615616	40213538304	77312	512	9.042864
58604746752	58604667392	79360	512	8.715480
35334396416	35334297088	99328	512	8.554476
18508461568	18508349440	112128	512	8.524822
19518147584	19518020096	127488	512	8.141327
33113356288	33113235968	120320	512	8.111337
7625766912	7625666560	100352	512	8.817669
42680364032	42680255488	108544	512	8.235541
53355835392	53355747328	88064	512	8.555356
79719482368	79719401472	80896	512	5.646485
46136009216	46135914496	94720	512	6.676150
71557590016	71557483520	106496	512	7.369756
24052555776	24052431872	123904	512	8.115304
22067141120	22067017216	123904	512	8.214336
24724486144	24724371456	114688	512	8.324766
39582095872	39582023680	72192	512	9.248001
35285580800	35285509632	71168	512	7.487812
55528045568	55527959040	86528	512	8.569643
18271836160	18271708160	128000	512	6.303230
2985906176	2985801216	104960	512	8.774467
47937487360	47937394688	92672	512	8.625663
7089629696	7089563136	66560	512	7.771392
51056363008	51056262144	100864	512	8.292423
34047063040	34046957056	105984	512	8.459428
21856072704	21855981568	91136	512	8.991648
74626073088	74625976320	96768	512	7.489287
19569614336	19569547264	67072	512	9.542130
59510645248	59510536704	108544	512	7.775835
44978401792	44978302976	98816	512	8.481652
76185257472	76185178112	79360	512	6.156305
6295945216	6295820800	124416	512	8.318276
68582292992	68582213632	79360	512	8.397461
22308059648	22307976704	82944	512	9.179452
6639351296	6639239168	112128	512	0.361723
71853207552	71853098496	109056	512	5.329123
7781270016	7781153792	116224	512	8.501741
8429514752	8429437952	76800	512	0.384351
74534261248	74534164480	96768	512	7.626336
7681419776	7681299968	119808	512	8.430415
47471481856	47471359488	122368	512	7.815702
36026781696	36026669568	112128	512	6.466648
73677724160	73677658112	66048	512	8.636737
68484968448	68484845056	123392	512	6.948039
17668509696	17668380672	129024	512	8.111572
43265645056	43265553408	91648	512	8.693324
23353904128	23353785344	118784	512	6.414654
44427108864	44427021824	87040	512	8.802945
28736723456	28736619008	104448	512	8.625248
25650803200	25650690048	113152	512	8.364508
9743215104	9743124992	90112	512	9.075218
30480834048	30480724992	109056	512	6.585046
78528670720	78528589824	80896	512	7.665483
3408688128	3408609280	78848	512	0.433781
13678998528	13678919168	79360	512	9.289239
39721248256	39721156608	91648	512	0.486523
32424578048	32424486912	91136	512	8.843865
20551647744	20551561216	86528	512	9.076824
45125584896	45125465600	119296	512	7.859078
22072744448	22072677376	67072	512	9.551627
60630980096	60630877696	102400	512	7.911456
35606379520	35606276096	103424	512	8.584825
36829603840	36829493248	110592	512	8.286411
65602918912	65602850816	68096	512	8.875277
48263466496	48263384064	82432	512	8.855692
18183954944	18183858176	96768	512	8.872571
38468621312	38468534272	87040	512	7.041545
10395362304	10395234816	127488	512	8.230814
47793262080	47793133056	129024	512	5.765128
5360529920	5360430592	99328	512	7.042948
43580148736	43580067840	80896	512	8.956284
79455615488	79455533568	81920	512	7.436412
42769865728	42769787392	78336	512	8.956596
78123429376	78123350528	78848	512	7.780047
46775824384	46775699456	124928	512	7.712643
3534126080	3534031360	94720	512	9.012956
23474353152	23474258944	94208	512	8.832377
18773767680	18773700096	67584	512	9.580413
16239951360	16239830016	121344	512	8.307247
7447423488	7447355904	67584	512	0.441334
4014766592	4014687744	78848	512	7.565233
23452232192	23452133888	98304	512	8.710277
45955217408	45955115008	102400	512	8.348425
42736542208	42736443392	98816	512	8.634875
47925913600	47925783552	130048	512	5.739855
26364848128	26364774912	73216	512	9.458300
159964672	159863808	100864	512	8.722013
22362875904	22362785280	90624	512	9.017313
1263854592	1263770624	83968	512	9.452203
4242567680	4242478080	89600	512	7.278039
219770368	219686400	83968	512	7.474602
12689102848	12689027584	75264	512	7.580921
18770586112	18770481664	104448	512	8.696074
62037706752	62037591040	115712	512	7.468958
78278371840	78278287360	84480	512	7.499215
71659950592	71659865088	85504	512	6.170155
67367206400	67367112704	93696	512	7.875617
55651575808	55651457024	118784	512	7.664516
46821593600	46821523456	70144	512	9.214464
56314272256	56314183680	88576	512	8.483625
3924400640	3924316672	83968	512	9.267121
48143439360	48143308800	130560	512	7.568325
21889418752	21889345536	73216	512	9.461909
506522624	506404864	117760	512	8.559940
8530011136	8529903104	108032	512	8.684622
72084811264	72084691968	119296	512	6.748350
45237396992	45237270016	126976	512	5.808548
16038758912	16038685184	73728	512	9.385070
45945968640	45945900544	68096	512	0.507467
4633866240	4633748992	117248	512	6.679206
56279650304	56279583744	66560	512	9.141031
20322153472	20322031616	121856	512	8.190753
51468081664	51467954688	126976	512	7.529990
59333148672	59333057024	91648	512	8.317109
307103232	306980864	122368	512	8.422629
24653981696	24653884928	96768	512	8.802446
47916303360	47916181504	121856	512	7.799519
75224766976	75224691712	75264	512	6.361988
36672980992	36672850944	130048	512	7.784202
39197263872	39197166592	97280	512	8.481583
22233553920	22233468928	84992	512	9.081927
10846076928	10845975552	101376	512	8.796001
61714355200	61714232832	122368	512	7.286387
68227560448	68227469312	91136	512	6.213559
39715102208	39714987008	115200	512	6.292904
9699693056	9699621888	71168	512	7.630733
58085035008	58084967936	67072	512	9.112440
79179541504	79179430912	110592	512	6.216915
77761269248	77761156096	113152	512	6.322612
15726489600	15726406656	82944	512	9.199600
23009120256	23008993280	126976	512	8.065776
33828449792	33828326400	123392	512	8.033294
62391444992	62391332352	112640	512	7.569522
44459300864	44459196416	104448	512	8.340259
29330595840	29330521600	74240	512	9.302549
31441648640	31441552896	95744	512	8.737678
20993133568	20993053184	80384	512	9.238297
10095488000	10095385600	102400	512	8.769431
1454980096	1454908928	71168	512	9.582440
5350659584	5350532608	126976	512	6.420021
76628163584	76628048384	115200	512	4.788234
30228384768	30228275712	109056	512	8.428530
14503444992	14503359488	85504	512	9.188829
32527252480	32527134208	118272	512	8.203650
75695241728	75695123968	117760	512	4.734804
77884585984	77884492800	93184	512	5.323373
49315386368	49315301376	84992	512	8.693834
34587626496	34587523584	102912	512	8.558521
63698878464	63698756608	121856	512	5.332887
62033620480	62033534464	86016	512	8.438410
38123074048	38122972160	101888	512	8.429315
72525310464	72525197824	112640	512	5.140120
16107738112	16107643904	94208	512	13.621725
72742236160	72742114816	121344	512	6.729995
62022908416	62022804992	103424	512	6.023090
44121379328	44121263616	115712	512	6.187087
41387037184	41386969088	68096	512	9.337173
58838867456	58838767104	100352	512	8.038920
72120774144	72120651264	122880	512	4.819628
74722223104	74722144256	78848	512	8.111171
36063198720	36063122944	75776	512	9.274463
50302817792	50302696448	121344	512	7.739995
32115805696	32115678720	126976	512	7.999689
78606525440	78606424576	100864	512	6.830628
12145234432	12145150464	83968	512	7.369058
45935229952	45935143424	86528	512	8.764770
56622668288	56622585344	82944	512	8.643446
69176643072	69176560640	82432	512	8.207097
21814096896	21813969920	126976	512	6.309677
37633289216	37633196032	93184	512	8.754314
12712833536	12712744448	89088	512	9.103862
16814990336	16814867456	122880	512	8.263473
28550356992	28550252032	104960	512	8.558036
28211185152	28211075584	109568	512	8.474695
24285008896	24284895744	113152	512	6.599865
72599078400	72598955008	123392	512	4.815201
12748659200	12748541952	117248	512	8.442063
7058902528	7058800128	102400	512	8.840335
42702324224	42702202880	121344	512	6.047476
20959973888	20959857152	116736	512	8.400435
48840408064	48840277504	130560	512	7.578681
35507879936	35507774976	104960	512	8.500699
75479809024	75479727104	81920	512	8.000818
37170194944	37170124288	70656	512	9.299828
72645250048	72645137920	112128	512	7.045292
76029566464	76029482496	83968	512	7.853292
48487112704	48487019520	93184	512	8.664934
64349269504	64349186560	82944	512	8.461854
3613246976	3613152256	94720	512	9.056920
62581164032	62581091840	72192	512	8.825234
15824998400	15824877056	121344	512	8.260196
43556642304	43556521472	120832	512	7.914466
78523887104	78523775488	111616	512	4.525765
42783055360	42782952960	102400	512	8.430991
45965569024	45965499904	69120	512	7.410677
29932460032	29932374016	86016	512	8.988947
47842983424	47842853888	129536	512	7.713264
41029991936	41029915648	76288	512	9.134516
30896256000	30896156160	99840	512	8.620084
74224590336	74224513024	77312	512	8.303772
23681022976	23680907264	115712	512	8.323027
42696673792	42696581120	92672	512	8.645437
42512320512	42512205312	115200	512	8.027102
71548874752	71548747776	126976	512	6.632574
17534239744	17534136832	102912	512	8.710707
42257629696	42257511424	118272	512	7.963026
53526267392	53526184448	82944	512	8.705428
47699987968	47699916800	71168	512	9.166464
75337685504	75337561088	124416	512	6.358626
22652200448	22652080128	120320	512	6.466166
73768210432	73768109568	100864	512	7.341080
669038080	668964352	73728	512	0.437093
52616206336	52616124928	81408	512	8.850698
27523511296	27523444736	66560	512	9.501665
67605464576	67605393920	70656	512	8.713929
1457433600	1457331200	102400	512	8.897093
14765736960	14765664768	72192	512	9.464988
56358383104	56358263296	119808	512	7.570168
76910953984	76910863360	90624	512	7.273340
29029764096	29029640192	123904	512	6.235163
47739443712	47739314176	129536	512	5.784358
21249627136	21249509888	117248	512	8.482013
53638492672	53638364672	128000	512	7.401821
25660519936	25660414464	105472	512	8.572578
14239161856	14239071744	90112	512	9.042250
13161260032	13161168384	91648	512	9.010124
48661219840	48661134848	84992	512	8.807621
71785950720	71785870848	79872	512	6.374949
5538130432	5538013184	117248	512	8.482772
18928435712	18928360960	74752	512	9.523634
32334835200	32334710272	124928	512	8.045717
37598703616	37598623232	80384	512	9.066126
76970976256	76970863616	112640	512	6.321992
64456886784	64456786432	100352	512	7.836806
69349457408	69349372928	84480	512	8.299108
51487784448	51487711232	73216	512	9.035080
63619393536	63619283968	109568	512	7.612532
59580382208	59580312576	69632	512	8.990400
78313142272	78313015808	126464	512	5.757220
64850540032	64850447360	92672	512	6.258224
35667655168	35667580928	74240	512	9.245833
48016792576	48016711680	80896	512	7.092446
16867032576	16866944512	88064	512	7.223230
56921963520	56921859072	104448	512	6.164007
65354191872	65354085888	105984	512	5.757548
76606858752	76606757376	101376	512	7.157364
25622573056	25622505984	67072	512	9.471413
34140720128	34140643328	76800	512	9.194851
41752509440	41752403456	105984	512	8.361006
35552287744	35552188928	98816	512	6.808632
44917607424	44917511168	96256	512	8.569730
65679861760	65679754752	107008	512	7.650394
37813431808	37813324288	107520	512	8.364120
53864480256	53864374784	105472	512	6.161448
51203601408	51203523584	77824	512	7.124613
44195926016	44195828224	97792	512	8.504391
25340620288	25340543488	76800	512	9.261705
27661290496	27661201920	88576	512	8.971651
24398465024	24398355456	109568	512	8.447276
30594540032	30594458112	81920	512	9.098119
42290918912	42290805760	113152	512	6.209596
9572500480	9572419072	81408	512	9.244224
36771424256	36771331072	93184	512	6.881379
3649363968	3649272832	91136	512	9.108804
14957161472	14957043712	117760	512	8.433142
52471719936	52471603712	116224	512	7.834843
73261634560	73261507584	126976	512	4.776810
52086696448	52086602752	93696	512	8.545941
21678271488	21678147584	123904	512	6.393745
28934453248	28934358528	94720	512	8.775703
37426973184	37426860544	112640	512	6.389526
63295111168	63294989312	121856	512	7.150348
688331264	688233472	97792	512	9.003935
25646920192	25646804992	115200	512	8.340012
36430105600	36430022144	83456	512	8.975606
9958424576	9958346752	77824	512	7.487866
66639368192	66639294976	73216	512	8.721667
46135572992	46135493632	79360	512	7.153411
15305767424	15305695744	71680	512	9.382014
14925434368	14925309952	124416	512	6.428174
7916024832	7915941888	82944	512	9.282143
62554344448	62554258432	86016	512	8.427806
18656719360	18656609280	110080	512	8.584341
51746309632	51746210816	98816	512	8.321252
21827584512	21827491328	93184	512	7.076782
9067809280	9067707392	101888	512	8.854252
65392899584	65392798720	100864	512	5.988535
33348626432	33348527616	98816	512	8.672035
29812481536	29812409344	72192	512	9.362004
66795688448	66795594240	94208	512	7.906692
8912496128	8912419840	76288	512	0.448144
15731906560	15731814400	92160	512	0.432431
65196597760	65196480512	117248	512	0.443025
12339398656	12339302400	96256	512	8.922887
72133673472	72133604352	69120	512	8.617093
20402762240	20402651648	110592	512	8.532869
4684936192	4684870144	66048	512	9.640440
77097830400	77097756160	74240	512	7.981555
30706895360	30706783232	112128	512	8.342221
66201786368	66201664000	122368	512	5.291895
33008013312	33007932416	80896	512	9.090323
20158968320	20158840832	127488	512	8.043638
40785263616	40785156096	107520	512	6.465829
27842324480	27842230272	94208	512	8.855933
38497589760	38497459712	130048	512	5.931522
40567163392	40567071744	91648	512	8.735284
30673918464	30673831424	87040	512	8.951287
50907866624	50907742208	124416	512	7.641018
71659555840	71659441152	114688	512	6.947922
47126416384	47126285312	131072	512	5.689322
11684611072	11684526592	84480	512	9.181336
30092389888	30092274688	115200	512	8.294070
10975693824	10975626240	67584	512	9.574159
66064972288	66064890880	81408	512	8.469268
36282251264	36282184192	67072	512	7.556338
21071061504	21070962688	98816	512	8.829106
35885127168	35885040128	87040	512	8.905977
78641714176	78641607680	106496	512	6.592941
58852587520	58852520960	66560	512	9.011788
34156642816	34156534784	108032	512	8.387222
38907547136	38907471872	75264	512	9.152548
41780648448	41780540416	108032	512	8.281197
15846597632	15846480896	116736	512	8.387816
10600565760	10600455680	110080	512	8.709550
49667509760	49667379712	130048	512	7.514046
29462243840	29462125056	118784	512	8.171195
51390217216	51390098432	118784	512	7.792980
41783706112	41783633408	72704	512	7.368463
22177725440	22177637888	87552	512	9.125765
8151795200	8151688704	106496	512	8.701764
66556747776	66556642304	105472	512	7.654830
60174787584	60174693888	93696	512	8.252102
64960648192	64960536576	111616	512	5.636707
3844640256	3844536832	103424	512	8.796934
27831610880	27831500800	110080	512	8.440178
45567504896	45567430144	74752	512	7.213652
59465546240	59465441792	104448	512	0.440205
70843785216	70843708416	76800	512	6.538675
1958955008	1958855680	99328	512	7.112136
8047512064	8047397888	114176	512	8.567810
27519567872	27519469568	98304	512	8.737808
51256066048	51255940608	125440	512	5.886827
72776994304	72776888320	105984	512	7.246443
18115276800	18115162624	114176	512	8.461634
30526522368	30526396416	125952	512	6.154672
44523981312	44523896832	84480	512	8.841432
42780646912	42780549632	97280	512	8.537169
5847719936	5847612928	107008	512	6.792692
34297989632	34297900544	89088	512	8.862553
46723301376	46723182592	118784	512	7.920991
14401870336	14401764352	105984	512	8.732453
9163536896	9163411456	125440	512	8.195640
43581652480	43581565952	86528	512	8.801623
54659694592	54659564544	130048	512	7.327579
18699887104	18699787264	99840	512	8.771522
60441862656	60441791488	71168	512	8.950278
52783217152	52783132160	84992	512	8.712245
9308130816	9308046336	84480	512	9.173747
4753266176	4753155072	111104	512	8.664891
1370829824	1370721280	108544	512	6.904049
29036553216	29036435968	117248	512	6.366782
67143435776	67143354368	81408	512	6.455393
59637192192	59637084672	107520	512	5.912272
70976459264	70976386048	73216	512	8.549089
748804096	748718592	85504	512	9.310809
65417119744	65417032192	87552	512	8.282089
58268311552	58268190720	120832	512	7.438140
63574931968	63574802944	129024	512	7.058817
51146717696	51146630656	87040	512	8.675770
2812950528	2812880384	70144	512	9.639341
9864738304	9864619008	119296	512	8.406382
73448550400	73448438272	112128	512	5.045466
11110908928	11110818816	90112	512	7.211800
59485082112	59484954624	127488	512	5.397968
16141039104	16140969472	69632	512	9.558951
12134445056	12134323712	121344	512	6.472204
19254983680	19254856704	126976	512	0.452619
43045074944	43044978688	96256	512	0.446943
72499274752	72499204608	70144	512	0.668216
2217458688	2217335808	122880	512	8.455434
21497658880	21497559040	99840	512	6.968261
2501126656	2501052416	74240	512	9.541176
68819819520	68819730944	88576	512	6.250153
6055482368	6055397376	84992	512	0.425960
53765312000	53765206016	105984	512	8.028941
35625674752	35625580544	94208	512	8.710225
34882371584	34882279936	91648	512	8.799326
58779997696	58779891712	105984	512	7.860176
42885924352	42885810688	113664	512	8.079166
53475962880	53475838976	123904	512	5.783529
11150323712	11150211584	112128	512	8.559819
76460549120	76460462592	86528	512	7.645406
33922673664	33922584064	89600	512	8.868811
2648753152	2648623104	130048	512	8.273242
2850327040	2850209792	117248	512	6.668042
20558282240	20558156288	125952	512	6.346679
66599189504	66599122432	67072	512	8.926811
8863482880	8863403008	79872	512	0.443132
54681203200	54681128960	74240	512	8.953721
36185613312	36185487872	125440	512	7.993713
63010773504	63010695680	77824	512	6.815887
79796497920	79796426240	71680	512	7.939777
880927744	880845824	81920	512	7.497826
23573320704	23573202432	118272	512	8.236121
13219274752	13219184640	90112	512	7.207105
75000825344	75000752640	72704	512	8.371667
55413374976	55413267968	107008	512	7.988640
77292270080	77292199424	70656	512	6.253658
12885210112	12885138944	71168	512	9.500357
47614691328	47614575104	116224	512	6.121145
23233423872	23233307136	116736	512	8.315394
7611357696	7611275776	81920	512	9.250571
39793783296	39793665024	118272	512	7.972686
22928143872	22928040448	103424	512	8.617888
51447774720	51447695872	78848	512	8.911567
49149201408	49149082624	118784	512	7.889840
12344622592	12344553984	68608	512	9.538660
64362171904	64362104832	67072	512	8.934717
34388819456	34388728320	91136	512	6.927956
68840557568	68840474112	83456	512	6.457894
64423260672	64423175168	85504	512	8.276373
52847203328	52847097344	105984	512	8.111989
12729829888	12729709056	120832	512	6.509826
54956029440	54955956224	73216	512	8.990700
52474188800	52474118144	70656	512	9.122170
10452902912	10452782080	120832	512	6.516311
18455584768	18455515136	69632	512	9.487115
3065973760	3065851904	121856	512	6.581115
23036821504	23036699136	122368	512	6.304848
61833526784	61833446912	79872	512	8.578097
65357538304	65357436416	101888	512	5.938837
24608484352	24608353792	130560	512	6.121478
78436014592	78435937280	77312	512	7.856428
26838083072	26838001664	81408	512	13.822680
71822422528	71822304256	118272	512	4.949620
4564539904	4564473344	66560	512	0.514386
11576572928	11576474112	98816	512	8.856902
35810654208	35810562560	91648	512	8.802046
78306920960	78306833920	87040	512	5.562428
69285966336	69285872128	94208	512	6.007610
20835200000	20835111424	88576	512	9.077224
53373826560	53373747712	78848	512	8.828812
28389003264	28388896768	106496	512	6.707553
50299319808	50299205120	114688	512	7.902818
24347035136	24346955776	79360	512	7.360625
1982652416	1982577152	75264	512	7.637261
37966405632	37966328320	77312	512	9.165045
31002805760	31002710528	95232	512	8.782647
34305576448	34305472000	104448	512	8.492840
16811398656	16811284992	113664	512	8.447071
73248095232	73247996416	98816	512	7.549758
5286051840	5285983232	68608	512	9.526852
65227300352	65227169792	130560	512	4.973735
6843151872	6843056128	95744	512	8.883831
65682097152	65682024960	72192	512	6.921886
54904833536	54904765440	68096	512	9.161814
25778043904	25777918976	124928	512	8.113189
25302057472	25301937152	120320	512	8.226761
8409069056	8408973312	95744	512	7.116526
22139541504	22139415552	125952	512	8.195860
42825966592	42825846272	120320	512	7.899771
77559904768	77559816192	88576	512	5.488132
53834995200	53834923520	71680	512	9.018936
31783917056	31783838720	78336	512	9.195198
63371139584	63371055104	84480	512	6.589483
42250451968	42250353152	98816	512	8.497861
78945017856	78944920064	97792	512	6.757238
18557156864	18557067776	89088	512	9.145908
21225625600	21225510400	115200	512	8.427574
17801161728	17801042944	118784	512	6.481244
15032423424	15032347648	75776	512	9.396324
8534217728	8534091776	125952	512	8.273778
71755785216	71755671040	114176	512	7.067496
28321383936	28321269248	114688	512	6.498784
35992835584	35992731648	103936	512	6.624485
6112236032	6112145920	90112	512	7.242270
67426744832	67426630656	114176	512	7.236758
5819689984	5819569664	120320	512	8.398358
74398532096	74398447616	84480	512	6.023403
64570367488	64570287616	79872	512	8.488011
25067306496	25067223552	82944	512	9.146033
35844234240	35844131328	102912	512	8.536373
39043643904	39043529216	114688	512	6.239997
11963323904	11963195904	128000	512	8.102383
32425708032	32425589760	118272	512	6.311505
14639585280	14639491072	94208	512	8.967540
7244824064	7244726784	97280	512	8.922219
34244032512	34243961344	71168	512	9.290619
9219130368	9219008512	121856	512	6.498475
48294420992	48294292992	128000	512	7.633892
41297357824	41297227264	130560	512	5.801874
18076960256	18076887552	72704	512	9.452177
72205608960	72205481984	126976	512	6.533523
17395471360	17395365888	105472	512	8.640213
54066849792	54066734592	115200	512	5.907307
70070541824	70070441984	99840	512	7.652293
32735271424	32735171584	99840	512	6.768823
40395445248	40395320320	124928	512	0.442433
3887091200	3887006208	84992	512	9.251544
39335166976	39335047168	119808	512	7.995687
20359271424	20359197184	74240	512	9.301572
42363174400	42363085824	88576	512	8.781543
54022905344	54022833152	72192	512	9.029378
76271612928	76271512576	100352	512	5.368948
35805273088	35805190656	82432	512	9.025972
76880188416	76880094720	93696	512	5.262823
65869102080	65868992512	109568	512	5.714633
69082689536	69082616320	73216	512	0.431239
27349839360	27349747200	92160	512	8.886774
57215923712	57215815168	108544	512	6.080385
46160937984	46160838656	99328	512	8.409024
8919242752	8919170048	72704	512	9.465378
1211763712	1211694080	69632	512	9.593042
38663947264	38663847424	99840	512	6.626839
51581646848	51581573120	73728	512	9.094199
67221670400	67221540352	130048	512	6.712110
68231484928	68231370752	114176	512	5.390482
74682235904	74682135040	100864	512	7.265927
60266305536	60266174464	131072	512	5.252792
74869663744	74869581824	81920	512	8.031852
43362954240	43362827264	126976	512	7.672893
37744443392	37744365056	78336	512	9.135010
9248023040	9247915520	107520	512	6.886362
29404312064	29404219392	92672	512	8.798632
58153716736	58153640960	75776	512	8.803275
68157140992	68157010432	130560	512	4.829608
70358268416	70358167040	101376	512	7.506274
40625883136	40625754112	129024	512	7.781853
26414282752	26414158848	123904	512	8.156801
49466780160	49466686464	93696	512	0.427651
44941122560	44941042176	80384	512	0.483874
78204135424	78204042240	93184	512	7.147795
45798928384	45798821376	107008	512	8.191441
56009110016	56009043968	66048	512	7.466778
56203945984	56203869184	76800	512	8.855418
34744022528	34743940096	82432	512	9.049432
67874477056	67874352128	124928	512	7.004810
18474755072	18474674176	80896	512	9.247424
71209951744	71209827840	123904	512	4.895480
70444723200	70444592640	130560	512	6.528241
70416916992	70416839168	77824	512	8.432739
34062057984	34061953024	104960	512	8.486189
37692130816	37692008448	122368	512	8.038597
6365286400	6365213184	73216	512	7.610442
6060350464	6060219904	130560	512	8.207531
35375532544	35375427072	105472	512	8.385696
41327457792	41327351808	105984	512	8.332938
55782981632	55782906880	74752	512	7.085891
18519638528	18519519744	118784	512	6.591922
11852537344	11852421632	115712	512	8.496826
9770258944	9770151936	107008	512	6.832083
48935238144	48935136768	101376	512	6.492199
73755448320	73755373056	75264	512	8.280429
23291158528	23291056640	101888	512	8.694655
79261816832	79261724160	92672	512	6.984098
36277280768	36277159424	121344	512	8.072660
77193359360	77193261056	98304	512	6.958886
41924143616	41924045824	97792	512	8.492104
73386150912	73386054656	96256	512	5.645660
14431744000	14431642624	101376	512	8.799214
34647013376	34646923264	90112	512	7.043842
74528072192	74528001536	70656	512	8.456717
79216077312	79215993344	83968	512	7.475023
41514544640	41514469888	74752	512	9.149390
8194059264	8193976320	82944	512	9.314734
43243766784	43243649024	117760	512	7.983421
167490048	167400448	89600	512	0.437568
6330357248	6330284032	73216	512	9.487494
4578044928	4577935360	109568	512	6.969959
66984874496	66984798208	76288	512	8.525153
54924183552	54924103168	80384	512	8.778201
68509788672	68509658112	130560	512	4.891523
41176217088	41176145408	71680	512	9.236542
44467506176	44467396608	109568	512	8.207318
69620926464	69620838400	88064	512	8.011628
14116596224	14116513792	82432	512	9.236510
78059015168	78058947072	68096	512	8.257607
38382752256	38382632960	119296	512	8.083422
4148417536	4148336640	80896	512	9.329005
20534432768	20534340096	92672	512	8.962140
62584155648	62584024576	131072	512	5.182871
30588469760	30588397056	72704	512	9.318860
2023353344	2023262208	91136	512	9.151884
28759058944	28758929920	129024	512	6.101156
16603266048	16603169280	96768	512	8.830101
50303016448	50302947840	68608	512	9.194551
77676809728	77676723712	86016	512	5.559959
29939084288	29938991616	92672	512	6.954803
39947285504	39947156480	129024	512	7.769595
37304870400	37304796672	73728	512	9.259913
62720351744	62720252928	98816	512	7.992432
6354483712	6354401792	81920	512	0.427888
43480291328	43480161280	130048	512	5.829334
15026116608	15025995776	120832	512	8.439965
63520692224	63520595968	96256	512	8.077092
57222885888	57222756352	129536	512	7.272351
39265511424	39265444864	66560	512	9.364219
25846405120	25846292992	112128	512	8.378118
44162898944	44162787840	111104	512	8.145647
64627259392	64627187200	72192	512	6.882873
44853617664	44853515264	102400	512	6.497435
25076785664	25076706304	79360	512	9.197010
52163669504	52163558912	110592	512	7.989622
18117993984	18117920768	73216	512	9.394265
78917167616	78917093376	74240	512	0.423609
34076366848	34076244992	121856	512	8.028627
58103843328	58103715328	128000	512	7.199186
27659837952	27659738112	99840	512	8.698325
28453141504	28453062144	79360	512	9.079698
77342668800	77342593024	75776	512	6.011286
70570856960	70570727424	129536	512	6.550477
19514698240	19514578944	119296	512	6.443021
7531575808	7531489792	86016	512	7.318123
38757417984	38757314048	103936	512	8.405735
72014300672	72014217216	83456	512	6.237518
55859829760	55859730432	99328	512	8.242083
17377518592	17377392128	126464	512	6.295871
74788199936	74788090880	109056	512	7.057169
30125958144	30125870080	88064	512	7.189366
22514268672	22514196480	72192	512	9.426551
46191040512	46190937600	102912	512	8.390182
19013230592	19013107200	123392	512	6.380422
72365330432	72365220864	109568	512	5.273008
30602150400	30602079744	70656	512	9.363696
25524779008	25524666368	112640	512	8.404210
56044335104	56044220928	114176	512	7.823767
2529093120	2528976896	116224	512	6.740331
78824216576	78824089088	127488	512	5.714503
12162098176	12161974272	123904	512	8.306024
13184223744	13184109056	114688	512	8.503832
23161472512	23161397760	74752	512	9.336989
32933599232	32933519872	79360	512	9.084299
62488845312	62488741888	103424	512	7.868853
65869107200	65869016064	91136	512	8.168870
41118364672	41118281216	83456	512	8.895864
17238098944	17238009856	89088	512	9.096363
65706294784	65706210304	84480	512	8.363588
41165505024	41165427712	77312	512	9.110467
72490781696	72490671616	110080	512	7.147790
65149393920	65149268480	125440	512	5.161266
40708066304	40707967488	98816	512	6.668716
20237582336	20237476864	105472	512	8.672081
48752013312	48751891968	121344	512	5.986836
7225187840	7225099264	88576	512	9.149121
2014979584	2014864896	114688	512	8.634165
73350801408	73350723584	77824	512	6.318718
55883653120	55883568640	84480	512	8.653750
10503605248	10503527936	77312	512	9.368359
47910677504	47910578688	98816	512	8.427543
50361900032	50361807872	92160	512	6.719761
49291221504	49291123712	97792	512	8.469387
84796928	84672000	124928	512	0.408239
76839681024	76839596544	84480	512	7.505816
66863209472	66863093760	115712	512	7.192819
35878142464	35878013952	128512	512	7.886021
69934869504	69934802432	67072	512	8.819909
69714810880	69714706944	103936	512	7.546868
27657389568	27657273856	115712	512	8.347871
39786796032	39786717184	78848	512	9.097441
45621206016	45621137920	68096	512	9.274929
45745356800	45745232896	123904	512	5.897442
13720182272	13720057344	124928	512	8.276230
56560422912	56560310784	112128	512	7.818019
65124366848	65124272640	94208	512	8.042544
31431152640	31431039488	113152	512	8.324716
42450018304	42449907200	111104	512	6.311102
19323566592	19323436032	130560	512	6.304797
76577226752	76577113088	113664	512	4.840616
20496167424	20496064512	102912	512	8.687056
59946274304	59946167808	106496	512	7.873868
76645748224	76645647872	100352	512	7.167548
23084053504	23083960320	93184	512	8.852445
70747356160	70747229184	126976	512	6.587742
28756592128	28756513792	78336	512	9.144505
54496071168	54495950336	120832	512	7.644477
50430571520	50430505472	66048	512	9.261117
64684814848	64684728320	86528	512	8.281294
2754488832	2754363392	125440	512	6.452239
4183611904	4183518720	93184	512	9.094059
18513640960	18513511424	129536	512	8.074443
3992687616	3992607744	79872	512	9.371096
51557506048	51557423104	82944	512	8.752009
60549074944	60548959232	115712	512	7.574109
16159568896	16159448064	120832	512	6.307998
53494931456	53494857216	74240	512	8.941032
50043205120	50043089408	115712	512	6.037936
21266666496	21266575872	90624	512	7.164528
17904079872	17904007680	72192	512	9.438233
49045903360	49045800448	102912	512	6.471720
34589695488	34589570048	125440	512	7.999759
21283013120	21282897920	115200	512	6.589631
63306596864	63306514432	82432	512	8.484468
31438093312	31438026240	67072	512	7.597929
76700643328	76700564992	78336	512	7.801202
34936076800	34935984128	92672	512	8.822507
33199249920	33199132160	117760	512	8.201108
76111498240	76111367680	130560	512	6.112249
7388769792	7388696064	73728	512	9.479986
52201922560	52201802752	119808	512	7.738318
67768212992	67768132096	80896	512	8.404151
29604308480	29604178944	129536	512	7.932628
61595465728	61595387392	78336	512	8.662797
48734613504	48734514688	98816	512	8.445898
46461357568	46461287936	69632	512	9.218150
24591879168	24591781888	97280	512	6.922860
14173007360	14172882432	124928	512	8.270825
15678680064	15678551552	128512	512	8.144487
27995146240	27995029504	116736	512	6.452384
28760997376	28760931328	66048	512	9.502039
65100123648	65100008448	115200	512	7.361253
76553335808	76553225728	110080	512	6.836220
76527439360	76527314944	124416	512	6.277208
19470924800	19470856192	68608	512	7.651600
68945705472	68945623040	82432	512	8.274356
38740264448	38740188160	76288	512	9.114292
14508392448	14508267520	124928	512	8.309877
21964735488	21964663296	72192	512	9.403294
57236886016	57236761600	124416	512	7.460925
53535671808	53535545856	125952	512	7.466638
19664829952	19664744448	85504	512	9.147912
28915439616	28915329536	110080	512	8.392745
15144408064	15144330752	77312	512	7.486987
71804907520	71804812800	94720	512	7.676254
66189182464	66189078016	104448	512	7.796064
62307825664	62307742208	83456	512	8.490723
26971644928	26971539456	105472	512	8.564303
19513680896	19513600000	80896	512	7.399763
29022304768	29022220800	83968	512	9.034119
40769692672	40769602048	90624	512	8.742001
1351794176	1351684096	110080	512	6.830012
21734688256	21734571008	117248	512	8.392923
47499811328	47499689472	121856	512	5.922841
62380726784	62380627456	99328	512	7.987848
77384279040	77384155648	123392	512	4.014110
75530449408	75530343424	105984	512	7.052089
37620581888	37620462080	119808	512	8.112336
58803829760	58803753984	75776	512	8.794498
34852221952	34852107776	114176	512	8.330938
60386994688	60386915840	78848	512	6.835995
31533612544	31533501952	110592	512	6.551938
27649305088	27649185792	119296	512	8.240455
44089135104	44089021440	113664	512	6.236381
47563640320	47563570688	69632	512	0.437993
16570654720	16570527232	127488	512	6.284496
59751957504	59751826432	131072	512	5.248013
54785325056	54785234944	90112	512	6.685961
47073401856	47073290752	111104	512	8.111228
64692366848	64692295168	71680	512	8.784008
6494103552	6494024704	78848	512	9.340634
14195215360	14195139584	75776	512	9.375611
3056105472	3056001536	103936	512	8.824368
15044281856	15044174848	107008	512	8.682558
79318734848	79318609408	125440	512	3.717329
43961764864	43961661440	103424	512	8.372466
23493664256	23493582336	81920	512	9.136972
18084547584	18084477952	69632	512	0.449526
20376474624	20376366592	108032	512	0.425573
77490836992	77490761728	75264	512	6.074835
60618452480	60618375168	77312	512	8.730740
32062479360	32062355456	123904	512	8.079430
21521005568	21520881152	124416	512	8.146060
8811916288	8811827712	88576	512	7.237417
54116314112	54116191232	122880	512	7.514611
63622543360	63622438400	104960	512	7.904510
7042051584	7041974784	76800	512	9.398670
19589082624	19588971008	111616	512	6.719273
64150344704	64150223872	120832	512	7.183329
18547965952	18547853312	112640	512	6.649719
6907210752	6907082752	128000	512	6.411427
74317683712	74317572608	111104	512	5.097851
55935133696	55935030272	103424	512	8.147433
55350751744	55350639104	112640	512	7.850010
50083517952	50083402752	115200	512	7.912380
43356689408	43356569088	120320	512	7.906572
33529915392	33529811968	103424	512	6.714558
64139972608	64139899392	73216	512	8.717299
56995679232	56995608064	71168	512	8.989359
20349958144	20349852160	105984	512	8.605784
66036945408	66036857344	88064	512	8.241638
67152271872	67152180224	91648	512	8.021058
56537041920	56536948736	93184	512	6.519900
8381818880	8381718016	100864	512	8.822600
6142544384	6142454272	90112	512	7.242710
78712279040	78712208384	70656	512	8.114147
78245976064	78245892096	83968	512	5.663995
1780605440	1780533248	72192	512	0.422144
46807936000	46807858688	77312	512	9.011445
67156406272	67156297728	108544	512	7.440750
8046260224	8046184960	75264	512	9.387134
31968184832	31968066560	118272	512	8.226887
15239378944	15239297024	81920	512	9.336609
69365152768	69365046784	105984	512	5.614551
78599590912	78599489536	101376	512	6.789954
19771513856	19771438080	75776	512	9.341278
45001871872	45001800192	71680	512	9.218970
40396133376	40396036608	96768	512	6.742938
69623431680	69623303680	128000	512	6.628250
62456699392	62456591360	108032	512	7.742420
8395642368	8395564032	78336	512	7.465522
60751255552	60751142400	113152	512	7.657843
61044005888	61043882496	123392	512	5.395276
18341061120	18340944384	116736	512	8.398084
56542283264	56542213120	70144	512	9.028170
29974292480	29974169600	122880	512	8.105879
70073295360	70073175552	119808	512	5.135215
33348228608	33348158976	69632	512	9.384129
73296413184	73296333824	79360	512	8.110341
69610570240	69610478080	92160	512	7.933947
12498588672	12498504192	84480	512	0.448303
67814970880	67814841344	129536	512	6.740010
46990739456	46990666240	73216	512	9.152098
38849021952	38848901632	120320	512	6.221804
34689060864	34688945152	115712	512	8.210896
71845028352	71844960256	68096	512	8.634527
58399423488	58399338496	84992	512	8.538878
72702334976	72702226432	108544	512	7.176602
20341692416	20341576704	115712	512	6.547575
27921938944	27921824256	114688	512	8.366247
54667139584	54667058176	81408	512	8.754750
19523237376	19523147264	90112	512	8.982694
9636580352	9636463616	116736	512	6.591966
69815180288	69815075840	104448	512	5.630844
68437115392	68437020160	95232	512	7.864546
15205367296	15205270528	96768	512	8.908132
63155129344	63155043328	86016	512	6.528099
62866557440	62866486272	71168	512	8.829510
62660958208	62660864512	93696	512	8.200769
59988341248	59988244480	96768	512	8.145882
14602925568	14602803712	121856	512	8.328812
60594439168	60594326528	112640	512	7.695405
73291757568	73291648000	109568	512	5.131908
8660398592	8660276224	122368	512	8.341650
26905600	26779136	126464	512	8.381605
33043466752	33043336192	130560	512	5.966714
7398179840	7398069248	110592	512	0.485501
69619276800	69619201536	75264	512	0.527687
45354642944	45354576384	66560	512	7.450424
39180245504	39180153344	92160	512	8.653800
24884919296	24884790272	129024	512	6.290188
74022703616	74022583808	119808	512	6.641846
49768717312	49768611328	105984	512	8.169318
14590064128	14589967872	96256	512	8.947758
40790687232	40790620672	66560	512	9.408398
26042815488	26042723840	91648	512	8.914586
28349436928	28349356032	80896	512	9.147431
64909876736	64909767168	109568	512	5.720871
56666861056	56666773504	87552	512	6.675509
79054709248	79054620160	89088	512	7.128675
65342412800	65342322688	90112	512	8.164539
78529998848	78529899520	99328	512	6.861848
48675153920	48675060736	93184	512	8.616484
54765091328	54765011968	79360	512	8.814940
30046701568	30046601216	100352	512	8.681253
20343033856	20342935040	98816	512	8.820802
52379036672	52378920448	116224	512	6.062244
43404008960	43403913216	95744	512	8.496676
47174198272	47174119424	78848	512	7.115200
8021391872	8021317120	74752	512	9.425843
41640402432	41640278528	123904	512	7.986284
6421687808	6421582848	104960	512	8.762025
53091142144	53091017728	124416	512	7.571443
30951903232	30951777792	125440	512	8.035952
28840909312	28840825344	83968	512	9.043570
5047323136	5047248896	74240	512	7.640335
20777155584	20777083392	72192	512	9.415293
11375792128	11375705088	87040	512	9.132394
64220381696	64220288000	93696	512	6.204165
28501291520	28501189632	101888	512	8.659197
7358904832	7358817792	87040	512	9.150997
49454275584	49454152192	123392	512	7.753195
34334070272	34333948928	121344	512	8.024047
41955017728	41954927616	90112	512	6.844355
71396795392	71396725248	70144	512	8.627663
16796103680	16796032512	71168	512	9.470292
2107282432	2107213824	68608	512	0.423697
38768509440	38768438272	71168	512	9.259939
35573889024	35573768704	120320	512	8.094951
38502397952	38502304256	93696	512	6.859656
2284118016	2284019712	98304	512	8.988823
14408698368	14408620544	77824	512	9.250666
45766047744	45765975040	72704	512	9.136677
36771751936	36771659264	92672	512	8.718857
77061723648	77061610496	113152	512	4.421801
19225018368	19224941056	77312	512	0.641959
28689409024	28689316864	92160	512	7.045565
67556442624	67556341248	101376	512	7.644146
11253020160	11252940288	79872	512	7.522644
4767055872	4766952960	102912	512	8.860039
75619974144	75619894272	79872	512	8.049817
43280476160	43280390144	86016	512	6.967517
21727519744	21727422976	96768	512	8.960755
34706992128	34706870784	121344	512	8.100395
2310536704	2310467584	69120	512	9.593161
71577590272	71577509888	80384	512	8.325522
64755121152	64755055104	66048	512	8.947057
36519412736	36519312896	99840	512	8.551422
79826111488	79826019840	91648	512	7.036560
33217026048	33216908800	117248	512	8.177114
42273243136	42273157632	85504	512	6.996420
68919068160	68918996992	71168	512	8.692860
75428947456	75428831744	115712	512	4.832734
78881538048	78881440768	97280	512	6.988379
79345111040	79344988672	122368	512	3.855056
52032500736	52032432128	68608	512	9.159099
66402405376	66402296832	108544	512	7.600972
32049222656	32049102848	119808	512	8.164132
49227565568	49227487232	78336	512	8.948724
22263606784	22263482880	123904	512	6.351656
55978187776	55978085888	101888	512	8.137085
69044081664	69043995648	86016	512	8.112829
59393946112	59393828352	117760	512	7.513402
77626545152	77626470912	74240	512	7.970830
3239065600	3238936064	129536	512	6.424755
71288274432	71288180224	94208	512	7.795530
60439856128	60439780352	75776	512	8.680155
7664944128	7664860672	83456	512	9.235813
41381601280	41381508608	92672	512	8.700104
64568317440	64568205824	111616	512	7.485813
286056448	285939200	117248	512	8.577599
65131929600	65131811840	117760	512	7.299924
60660265984	60660176384	89600	512	8.380063
13988132864	13988026880	105984	512	6.862186
20116654592	20116576256	78336	512	9.257447
11982178304	11982098432	79872	512	9.275656
24073769472	24073681920	87552	512	8.971745
31822956032	31822846464	109568	512	8.407727
65853390336	65853268480	121856	512	7.186253
23897832448	23897764864	67584	512	9.489166
16600636416	16600516608	119808	512	8.332828
68839972352	68839882752	89600	512	0.428546
37524397568	37524312576	84992	512	7.064194
42906795008	42906680832	114176	512	6.214874
58116370944	58116283392	87552	512	8.460540
78074880512	78074801152	79360	512	7.740756
18078255616	18078124544	131072	512	6.217038
8061462016	8061341696	120320	512	8.507185
21570827264	21570738176	89088	512	9.031641
73558348288	73558237696	110592	512	6.962596
23306887168	23306790912	96256	512	8.794637
11211545600	11211425792	119808	512	8.391317
62081146880	62081055232	91648	512	8.248824
61894315520	61894229504	86016	512	8.422525
40401642496	40401563136	79360	512	7.198968
58095688704	58095609344	79360	512	8.778939
45361649664	45361521152	128512	512	5.795225
79900644864	79900540928	103936	512	6.478647
42883346944	42883234304	112640	512	6.282933
38403336704	38403238912	97792	512	8.584481
47931980800	47931879936	100864	512	6.534796
69517338624	69517208064	130560	512	4.742102
35070192128	35070094336	97792	512	6.820586
77639705088	77639629312	75776	512	7.889180
24234339328	24234232320	107008	512	8.512197
20450321920	20450253312	68608	512	9.517110
77305417728	77305350144	67584	512	6.364550
16743687680	16743575040	112640	512	8.484118
73143313920	73143199744	114176	512	5.138216
363376640	363295232	81408	512	9.340014
41032507392	41032387072	120320	512	6.143469
6425146880	6425037312	109568	512	8.655945
52761742336	52761652224	90112	512	8.571984
3922216448	3922145792	70656	512	0.410210
14894996480	14894903808	92672	512	7.173582
56466567168	56466467840	99328	512	6.310288
665411072	665344000	67072	512	9.666442
4703987200	4703918080	69120	512	9.573728
28012028928	28011946496	82432	512	9.138258
18915423744	18915308544	115200	512	8.441934
29406272512	29406194688	77824	512	9.194987
55736775168	55736665088	110080	512	7.890013
21665166848	21665044480	122368	512	8.255465
51453822976	51453699072	123904	512	7.594647
40828716032	40828626432	89600	512	8.781418
4781976064	4781881344	94720	512	7.150965
5337011712	5336897024	114688	512	8.577256
27423745536	27423652864	92672	512	8.881427
22810695680	22810625536	70144	512	9.459007
9628011520	9627890176	121344	512	8.279565
7860641792	7860550144	91648	512	9.031670
1324518912	1324399104	119808	512	6.674286
50846693376	50846576128	117248	512	7.859599
13547838464	13547746304	92160	512	8.987476
58001110016	58001024000	86016	512	8.572343
29663183360	29663075840	107520	512	8.466103
43909121024	43909053952	67072	512	9.325023
74754479616	74754374656	104960	512	7.159205
4175754752	4175624192	130560	512	8.249428
79643214336	79643126272	88064	512	0.360938
56694684160	56694600192	83968	512	8.645113
47835642368	47835515392	126976	512	7.690293
35753427456	35753299968	127488	512	6.090863
11555565056	11555470848	94208	512	8.870617
16547830784	16547762176	68608	512	9.488511
10596682752	10596557312	125440	512	8.258804
468015616	467907072	108544	512	8.782928
58958545920	58958452736	93184	512	8.261767
24175979008	24175858688	120320	512	8.223520
62351017984	62350950400	67584	512	9.096083
52901772800	52901665280	107520	512	6.223951
9604663296	9604545024	118272	512	6.567704
63078630400	63078555648	74752	512	8.781502
35558928384	35558810624	117760	512	6.308780
15568669696	15568578048	91648	512	9.002288
47391372800	47391302144	70656	512	9.212157
3830810624	3830714368	96256	512	9.014689
47850980352	47850868736	111616	512	6.234701
70152398848	70152306176	92672	512	7.902351
1242369536	1242255360	114176	512	8.657226
27272624128	27272538624	85504	512	9.068448
24689050624	24688968704	81920	512	7.269935
9528159744	9528080896	78848	512	9.330504
8657671168	8657586176	84992	512	9.164493
64631165952	64631089664	76288	512	8.629493
46699785728	46699658240	127488	512	7.673137
3688668672	3688586240	82432	512	9.280175
18214511616	18214429696	81920	512	9.237688
68173945856	68173844992	100864	512	5.858591
54899606528	54899523072	83456	512	8.698095
53863046144	53862975488	70656	512	9.063778
46511292416	46511220736	71680	512	9.137861
61931097600	61930970624	126976	512	7.113477
47640421888	47640307200	114688	512	8.003442
79103976448	79103899648	76800	512	7.775164
44520474624	44520387584	87040	512	8.797712
45024693248	45024571904	121344	512	7.817719
33261106176	33260983296	122880	512	6.191183
5218744320	5218676736	67584	512	9.621879
73840998912	73840903680	95232	512	7.531165
59547399680	59547283456	116224	512	7.539589
46944193536	46944119296	74240	512	9.088508
59452520448	59452444672	75776	512	8.821897
51182303232	51182173696	129536	512	7.512098
5941578752	5941498368	80384	512	9.215096
62534733824	62534665728	68096	512	8.961222
5475967488	5475898880	68608	512	9.582019
4327555584	4327464960	90624	512	9.133758
36349127680	36349017088	110592	512	8.318259
44576497664	44576426496	71168	512	7.366965
24921717248	24921637888	79360	512	9.168917
50872195072	50872116736	78336	512	8.945718
39352211456	39352101888	109568	512	6.439947
67949197824	67949081600	116224	512	7.176761
2386918400	2386844160	74240	512	9.488394
27715483648	27715359744	123904	512	8.148253
63802445824	63802336256	109568	512	5.850701
71211663872	71211558912	104960	512	7.401395
77272582144	77272495104	87040	512	5.551037
54470697984	54470568448	129536	512	7.340416
77301085184	77301007360	77824	512	7.720876
68208636928	68208566272	70656	512	8.707111
4117307904	4117222912	84992	512	7.352825
40742132736	40742004224	128512	512	0.432099
13081223680	13081111040	112640	512	0.483683
23819423744	23819312640	111104	512	6.546962
51238766080	51238666240	99840	512	8.298223
43343282176	43343194624	87552	512	8.777992
10316364800	10316248576	116224	512	8.495946
2005826048	2005698048	128000	512	6.487426
36307457536	36307357696	99840	512	8.613076
8433266176	8433160704	105472	512	8.746723
26948313600	26948192768	120832	512	8.207532
8761626112	8761537024	89088	512	9.187597
48640496128	48640378880	117248	512	6.088330
51237956096	51237873152	82944	512	8.796068
49047589888	49047496192	93696	512	6.700711
64309571072	64309479424	91648	512	6.255671
56985761792	56985642496	119296	512	5.731636
51342725120	51342605824	119296	512	7.688774
12147634176	12147566592	67584	512	9.614051
68611086848	68610982912	103936	512	5.737423
52165135360	52165061632	73728	512	9.007033
1448214528	1448098816	115712	512	8.585731
43283855360	43283779584	75776	512	7.243854
39928844800	39928751616	93184	512	8.692314
27368622592	27368544256	78336	512	9.198064
37223718400	37223612928	105472	512	8.443920
5527571456	5527486464	84992	512	7.359675
4410430464	4410339328	91136	512	0.429598
6897152512	6897052160	100352	512	8.898832
29642434048	29642313728	120320	512	0.428061
60943035392	60942907392	128000	512	7.113204
79195603456	79195537408	66048	512	8.242504
39166797824	39166690816	107008	512	8.319826
76366666240	76366537728	128512	512	4.258133
31635387904	31635281408	106496	512	6.527399
23637097472	23636981760	115712	512	6.447597
47170390016	47170258944	131072	512	7.527733
15562701312	15562604544	96768	512	0.443995
79287282688	79287163392	119296	512	3.971641
21390254592	21390178304	76288	512	0.429798
68136596480	68136521728	74752	512	8.624499
75818263552	75818139648	123904	512	4.526395
63408328192	63408260608	67584	512	7.109271
36120916480	36120804352	112128	512	6.482245
25842224128	25842122752	101376	512	8.668452
65157822976	65157712384	110592	512	7.490127
31604431872	31604316672	115200	512	8.306434
65119768064	65119644160	123904	512	7.073111
47948230144	47948116992	113152	512	8.047689
59253496832	59253406208	90624	512	0.490887
38623482880	38623384064	98816	512	0.429717
77674575360	77674495488	79872	512	7.737540
27983158784	27983082496	76288	512	9.238629
56385481216	56385384960	96256	512	8.261447
71894603776	71894488064	115712	512	6.904685
52815194112	52815116288	77824	512	8.897672
34615171072	34615080960	90112	512	8.829771
79874277888	79874183168	94720	512	5.077502
48254076928	48254008320	68608	512	9.275378
20268820480	20268734976	85504	512	9.123100
76097346560	76097225216	121344	512	4.615131
38519014912	38518895616	119296	512	8.038348
48286180352	48286059520	120832	512	7.873394
62886523392	62886453760	69632	512	8.885773
39673515520	39673443840	71680	512	9.265031
15357752832	15357681664	71168	512	9.460285
17717381632	17717272576	109056	512	0.501976
4019947008	4019818496	128512	512	8.283672
29939272192	29939166720	105472	512	8.530627
29072126464	29072012288	114176	512	8.286062
1463221248	1463090688	130560	512	8.299994
67236489216	67236390912	98304	512	7.803534
47471612416	47471489024	123392	512	7.739658
63057287168	63057202688	84480	512	8.407862
14439668224	14439580160	88064	512	9.113315
7467529216	7467451904	77312	512	9.375922
67465504256	67465410560	93696	512	7.946906
32138914816	32138833920	80896	512	9.121856
59771446272	59771366912	79360	512	8.753713
76371151872	76371053056	98816	512	7.236507
49561240576	49561125888	114688	512	7.933646
5357816320	5357746176	70144	512	9.558072
79447382016	79447309824	72192	512	7.917883
72158031872	72157902336	129536	512	6.441247
58030501888	58030414848	87040	512	8.531900
4002968064	4002883072	84992	512	9.244868
31435069440	31434971136	98304	512	8.689469
78781784064	78781712896	71168	512	6.237816
8018314752	8018204672	110080	512	6.830322
13661972480	13661879808	92672	512	9.024970
55800415232	55800289280	125952	512	7.446358
9882647040	9882558976	88064	512	8.961569
70932579840	70932494848	84992	512	8.051561
44036917248	44036790784	126464	512	7.772301
60632390656	60632268800	121856	512	7.407866
8001224704	8001143808	80896	512	9.316235
28512416768	28512306688	110080	512	8.364182
10106770432	10106682880	87552	512	9.113018
26071940608	26071821312	119296	512	8.243509
75695510016	75695426560	83456	512	6.088154
75556883456	75556795904	87552	512	5.925183
5073005568	5072931328	74240	512	9.472386
57154022400	57153937408	84992	512	6.706655
55577620480	55577491968	128512	512	7.371556
59841581056	59841465856	115200	512	5.717868
55622700544	55622581248	119296	512	7.634914
77761897984	77761781248	116736	512	4.302518
18552379392	18552262656	116736	512	8.382180
52574904320	52574809600	94720	512	6.577847
63107595264	63107470336	124928	512	7.116272
11196435456	11196317696	117760	512	8.435331
41079172096	41079090176	81920	512	7.143015
72461253120	72461128704	124416	512	6.617464
29683824128	29683701248	122880	512	6.234985
19747945472	19747826176	119296	512	8.397621
46310312960	46310191104	121856	512	7.820961
79330664960	79330558464	106496	512	6.370392
5325806592	5325724672	81920	512	0.441670
67279910912	67279821312	89600	512	8.118613
46258099712	46258027008	72704	512	9.153551
19471471616	19471398912	72704	512	9.403896
72458021888	72457923072	98816	512	7.612646
18547269632	18547143168	126464	512	8.150265
9466990080	9466891776	98304	512	7.009638
77662613504	77662491136	122368	512	4.070096
20267378688	20267302912	75776	512	9.376199
32735474688	32735408640	66048	512	0.421596
69745668096	69745567232	100864	512	5.771613
74568251904	74568160256	91648	512	7.686011
69445898240	69445786624	111616	512	5.419792
39601172992	39601100800	72192	512	9.234607
15908658176	15908545536	112640	512	8.526533
11025133056	11025055232	77824	512	7.491916
23823025152	23822917632	107520	512	8.513914
4739226624	4739113984	112640	512	8.611404
41857750528	41857649664	100864	512	8.495881
9369267712	9369153024	114688	512	8.512247
66729746944	66729650176	96768	512	6.102324
46053110272	46053021696	88576	512	8.731468
23763319296	23763220480	98816	512	8.751787
49840822784	49840719360	103424	512	6.366851
51211079168	51210968064	111104	512	8.014625
68869977088	68869878784	98304	512	7.760002
77840353792	77840280576	73216	512	7.982005
22230429696	22230352896	76800	512	9.297779
23730906112	23730787328	118784	512	8.248417
57925296128	57925187072	109056	512	6.052477
18976613888	18976492032	121856	512	8.281727
41756857344	41756789248	68096	512	9.344140
51391415296	51391328768	86528	512	8.668333
61417494528	61417405952	88576	512	8.332527
68793110016	68793027584	82432	512	8.304891
79890063872	79889954304	109568	512	6.254545
67453989376	67453876224	113152	512	7.275790
75676564480	75676495360	69120	512	6.623464
19797270528	19797153280	117248	512	8.390584
57708329472	57708226560	102912	512	6.241607
76567095808	76566996480	99328	512	7.237527
39675030528	39674947072	83456	512	8.979021
77888052736	77887923712	129024	512	3.779634
77018333184	77018252288	80896	512	5.840191
11957251584	11957172736	78848	512	0.443750
13850871296	13850772480	98816	512	7.020745
77376464896	77376380416	84480	512	7.565987
44669784064	44669707776	76288	512	9.054597
42345274880	42345190912	83968	512	0.423759
16038980608	16038897664	82944	512	9.181228
35864100352	35864018432	81920	512	9.053328
26734824448	26734702080	122368	512	6.315556
56452814848	56452732416	82432	512	8.666818
14016019968	14015951872	68096	512	7.657223
55680679424	55680590336	89088	512	8.552376
65825616896	65825496576	120320	512	7.202134
55589395968	55589289984	105984	512	6.157100
8746892288	8746805248	87040	512	9.150885
48323463680	48323391488	72192	512	7.304667
56181655040	56181551616	103424	512	6.215125
62326935552	62326812672	122880	512	7.278129
65379755008	65379647488	107520	512	7.620090
40720327168	40720196608	130560	512	7.688740
29286909440	29286806016	103424	512	8.578710
31380672000	31380572160	99840	512	8.628211
14345074688	14344978944	95744	512	9.007413
78824219648	78824119808	99840	512	6.934569
50318487552	50318398976	88576	512	8.597936
38539433472	38539363840	69632	512	9.302166
37893003264	37892917760	85504	512	7.067399
62080619520	62080540672	78848	512	6.807938
72140104704	72140013568	91136	512	7.817950
9730771456	9730640384	131072	512	8.137087
47503172608	47503063552	109056	512	8.170765
51052252672	51052152832	99840	512	8.334940
32637142528	32637064192	78336	512	9.211327
68649961984	68649842176	119808	512	5.184445
11373435392	11373366784	68608	512	0.403958
4827542016	4827411968	130048	512	8.279578
6608916992	6608833536	83456	512	7.391588
66008643072	66008574464	68608	512	7.097683
57804250112	57804123136	126976	512	5.525746
39608189952	39608118784	71168	512	9.269419
2707606016	2707533312	72704	512	9.539597
7092538368	7092462592	75776	512	9.362313
39412320768	39412199424	121344	512	7.913860
46320926720	46320839680	87040	512	8.909527
9708301824	9708221440	80384	512	9.273239
45967437824	45967328768	109056	512	8.224518
28882150400	28882066432	83968	512	9.028982
26998466560	26998386688	79872	512	9.204571
17311267840	17311195648	72192	512	7.572237
13980417536	13980347904	69632	512	9.526293
58287998976	58287885312	113664	512	7.610427
36027104256	36027022336	81920	512	9.111556
61559994368	61559912960	81408	512	6.702333
52266235392	52266114048	121344	512	5.840044
51248642048	51248530944	111104	512	8.025343
6484139008	6484013056	125952	512	6.563487
20578352640	20578276864	75776	512	9.372672
37708192768	37708092416	100352	512	8.576478
31493542912	31493432832	110080	512	8.386436
15450293760	15450179584	114176	512	6.612820
12977212928	12977125376	87552	512	7.266758
12804631552	12804526080	105472	512	8.767747
46758353920	46758276096	77824	512	9.026604
58946468864	58946390528	78336	512	8.726694
7530114048	7530030080	83968	512	7.404995
6826149888	6826046464	103424	512	6.952923
10392243712	10392132096	111616	512	8.575256
20563721728	20563603968	117760	512	8.377639
14639428608	14639330304	98304	512	8.861943
47654211072	47654084096	126976	512	5.826611
24411499520	24411385344	114176	512	8.371729
37117831680	37117763072	68608	512	9.323210
65957160960	65957063680	97280	512	7.957042
22286057984	22285980160	77824	512	9.292202
27300075008	27299957760	117248	512	8.295981
28442035200	28441941504	93696	512	8.866502
18397423616	18397309952	113664	512	8.489140
73171763200	73171642880	120320	512	4.903830
23664462848	23664373248	89600	512	8.948229
52778436608	52778340864	95744	512	8.414881
5479551488	5479436800	114688	512	8.552724
78114400768	78114311168	89600	512	5.370227
42463538176	42463410176	128000	512	5.868442
65897707520	65897600512	107008	512	7.614929
74828139008	74828070912	68096	512	8.554549
69214937088	69214851584	85504	512	6.323025
72265676800	72265607168	69632	512	8.585746
35772961280	35772866560	94720	512	8.638391
44844633088	44844561920	71168	512	9.279030
58412646400	58412572672	73728	512	8.849967
29077393408	29077315584	77824	512	9.248464
15373728256	15373636608	91648	512	8.997753
35283105792	35283013632	92160	512	8.782314
54511684608	54511596544	88064	512	8.558702
38427980800	38427860992	119808	512	8.056539
6625479680	6625348608	131072	512	8.212219
62365626880	62365528576	98304	512	8.000385
79380390912	79380296192	94720	512	0.449007
61786350080	61786252800	97280	512	8.140504
61437315072	61437200896	114176	512	7.518998
7726994944	7726873600	121344	512	6.563044
55311042560	55310915072	127488	512	5.562883
40355511296	40355402240	109056	512	8.309166
59268813312	59268739584	73728	512	0.460909
73194038784	73193909248	129536	512	4.565182
46541108736	46541020672	88064	512	8.780192
49014653440	49014531584	121856	512	5.972718
14698825216	14698716672	108544	512	8.665627
8532541952	8532452352	89600	512	9.056246
55803589120	55803515392	73728	512	8.964872
74914468864	74914365952	102912	512	7.252416
9702999552	9702879744	119808	512	8.415101
6244239360	6244139520	99840	512	8.868603
67563411456	67563293184	118272	512	7.092757
7992045568	7991960576	84992	512	9.221044
435966464	435891712	74752	512	9.468801
2379045888	2378917888	128000	512	8.348785
29782394880	29782272000	122880	512	6.228010
67293558784	67293457408	101376	512	5.829620
59249584640	59249512960	71680	512	8.948149
57558891008	57558815744	75264	512	7.050881
47736817152	47736696320	120832	512	7.822720
52449602560	52449483776	118784	512	5.921633
53220592640	53220514816	77824	512	8.920186
54959030784	54958925312	105472	512	8.038068
20013575680	20013497344	78336	512	9.252991
57998019584	57997915136	104448	512	8.031058
53306186240	53306059776	126464	512	5.601320
18857629696	18857509376	120320	512	6.535730
37450629632	37450534912	94720	512	6.825079
45449303552	45449212416	91136	512	8.645674
16438531072	16438412288	118784	512	8.368113
46622242816	46622155776	87040	512	8.747071
1761181696	1761110528	71168	512	9.548064
97364992	97252864	112128	512	8.697772
52606056448	52605968896	87552	512	6.786576
64325166080	64325061632	104448	512	7.663544
47437106176	47436999680	106496	512	8.216279
53816872448	53816803840	68608	512	7.270831
44146485760	44146419712	66048	512	0.360892
17609702400	17609628672	73728	512	9.373084
64975512064	64975410688	101376	512	7.841398
60576431104	60576306688	124416	512	7.303871
66262967808	66262881792	86016	512	8.321493
2438487552	2438393856	93696	512	9.074574
17042334720	17042245120	89600	512	7.201707
24893182976	24893066752	116224	512	6.422701
34442915328	34442799616	115712	512	8.193499
28258332160	28258201600	130560	512	7.967077
32949645824	32949542400	103424	512	8.570393
32267917312	32267841536	75776	512	9.255685
35523739648	35523617792	121856	512	6.241304
46711851008	46711763968	87040	512	6.976644
38856714752	38856604672	110080	512	8.235755
42889889792	42889787392	102400	512	8.358665
70125731840	70125659648	72192	512	8.621405
13361417216	13361290752	126464	512	6.406218
46012788224	46012710912	77312	512	9.016929
27883783168	27883685888	97280	512	8.780542
336357888	336227840	130048	512	8.305258
63614598656	63614513664	84992	512	8.423868
27020238336	27020135424	102912	512	8.587940
28781193728	28781100032	93696	512	8.819682
36852653568	36852587520	66048	512	9.446676
51870145024	51870018048	126976	512	7.485192
6493297152	6493208576	88576	512	9.114563
4771601408	4771478016	123392	512	8.433873
1269743616	1269634048	109568	512	8.867962
25644884480	25644796416	88064	512	7.116537
27267293184	27267226112	67072	512	9.488709
38026459648	38026370560	89088	512	8.863867
48624634880	48624538112	96768	512	8.510509
1367471616	1367405056	66560	512	9.622584
48628691968	48628620288	71680	512	9.192979
67469075456	67468986880	88576	512	6.262052
37908096000	37907969536	126464	512	7.912406
57074455552	57074360320	95232	512	6.436277
22036812288	22036743168	69120	512	9.526851
22359496704	22359407104	89600	512	9.028877
10277890048	10277790208	99840	512	6.997819
65274757120	65274681344	75776	512	0.478794
46622431744	46622339584	92160	512	8.647069
17096194048	17096070144	123904	512	8.241769
2321872896	2321757696	115200	512	8.620195
14567282176	14567175168	107008	512	6.829466
7329820672	7329712640	108032	512	6.759415
11439072256	11438978048	94208	512	8.914152
25906549248	25906474496	74752	512	9.282374
50825524736	50825434624	90112	512	8.589685
49459163136	49459078656	84480	512	8.725371
17412144128	17412045312	98816	512	6.881181
73995204608	73995128832	75776	512	6.391711
55319528448	55319405056	123392	512	5.671118
77426129920	77426010624	119296	512	6.073666
46805597696	46805493760	103936	512	8.275153
23653247488	23653160960	86528	512	9.033171
63118015488	63117906432	109056	512	7.643007
28051452416	28051338240	114176	512	8.362857
62716701696	62716623872	77824	512	6.829722
25837397504	25837323264	74240	512	7.536972
22049898496	22049819136	79360	512	7.475648
74146502144	74146400256	101888	512	7.215555
33623721472	33623603200	118272	512	8.119929
24082984960	24082914304	70656	512	9.401402
18315988992	18315921920	67072	512	9.522819
50082685952	50082570240	115712	512	7.894145
952454144	952327168	126976	512	6.555723
11794097152	11793987584	109568	512	8.626390
26985064960	26984960000	104960	512	8.597261
36904164864	36904042496	122368	512	8.005232
64846879744	64846808576	71168	512	8.783284
37943936000	37943843840	92160	512	8.743424
79639261184	79639165952	95232	512	5.049686
31087518720	31087429632	89088	512	8.893898
70063798272	70063683072	115200	512	7.122959
71418670592	71418553856	116736	512	6.966541
66114609664	66114540032	69632	512	8.851053
45826143232	45826029056	114176	512	8.038783
21103517696	21103422976	94720	512	8.924805
79770740224	79770655232	84992	512	5.496845
51290841088	51290713600	127488	512	5.696717
13422178304	13422078464	99840	512	6.993239
5904937984	5904829952	108032	512	6.825381
37605353472	37605257728	95744	512	8.674056
76820343296	76820238336	104960	512	4.784337
16707885056	16707807232	77824	512	9.307734
34588709376	34588587008	122368	512	8.043011
36532212736	36532097024	115712	512	8.157320
61788560896	61788461568	99328	512	8.010010
66351827968	66351746048	81920	512	8.426745
24190860288	24190754816	105472	512	8.579730
55950790144	55950678016	112128	512	6.007136
71187725824	71187646976	78848	512	8.324426
41003297280	41003217920	79360	512	7.219856
12092166656	12092077056	89600	512	9.007102
53212738048	53212619776	118272	512	7.791788
8674404864	8674329088	75776	512	9.352728
10330625536	10330523648	101888	512	8.723605
72554558464	72554450944	107520	512	5.365999
4155548160	4155447296	100864	512	8.919261
16682221568	16682098688	122880	512	8.260133
20714933248	20714815488	117760	512	8.373671
16880001024	16879874560	126464	512	6.334944
79623020032	79622927360	92672	512	7.038587
55887299072	55887176704	122368	512	7.568990
61655690240	61655596544	93696	512	8.187370
12249782272	12249668096	114176	512	8.512900
45450765824	45450639360	126464	512	7.689854
75500056576	75499950080	106496	512	5.184747
49588894208	49588765696	128512	512	7.503602
22091709440	22091606528	102912	512	6.845289
59084830720	59084726784	103936	512	6.086952
48652487168	48652379136	108032	512	8.157388
35810595328	35810472448	122880	512	8.013739
22377884672	22377759232	125440	512	8.191643
73736443392	73736319488	123904	512	0.475261
79617806336	79617712128	94208	512	7.010190
52967970304	52967859712	110592	512	6.135741
72192550400	72192466944	83456	512	8.128094
27762319360	27762231808	87552	512	7.157504
59656970240	59656871936	98304	512	6.239789
15084160000	15084036096	123904	512	6.410829
37111204864	37111129088	75776	512	9.201327
73842398208	73842305024	93184	512	7.690053
73224535040	73224448512	86528	512	6.136307
28105211904	28105081344	130560	512	7.966794
31366651392	31366582272	69120	512	9.383961
49353987584	49353879040	108544	512	8.071594
59316978688	59316886016	92672	512	6.360762
59744486912	59744390144	96768	512	8.164150
23168990208	23168893952	96256	512	8.779161
53618401792	53618301952	99840	512	6.364994
41100318208	41100234240	83968	512	8.934815
34722256896	34722135040	121856	512	0.435654
14098015232	14097890304	124928	512	8.284087
40958228992	40958128128	100864	512	8.453447
71273157632	71273065472	92160	512	8.018535
39106164224	39106057216	107008	512	6.519885
51258431488	51258310144	121344	512	5.862311
73522961408	73522882560	78848	512	8.156760
31287655936	31287570432	85504	512	8.987850
69177253376	69177168384	84992	512	8.092065
67391076352	67390957056	119296	512	5.242003
10246523392	10246392320	131072	512	6.275725
11613074432	11612978176	96256	512	8.909894
21628924416	21628835328	89088	512	9.049203
30162076672	30161991168	85504	512	9.033346
68494763520	68494668800	94720	512	7.916394
48906614272	48906522624	91648	512	8.635363
68962406912	68962320896	86016	512	8.167431
75554945536	75554826752	118784	512	6.609725
75268008448	75267940864	67584	512	8.537385
23217086976	23216982016	104960	512	8.574823
66085682688	66085574144	108544	512	7.562739
32728120320	32728000512	119808	512	8.151068
8221588480	8221506048	82432	512	9.280510
542554624	542451712	102912	512	8.956181
8192381952	8192258048	123904	512	6.469696
48263809536	48263687168	122368	512	5.942347
78955337728	78955231232	106496	512	6.351033
46325923328	46325805056	118272	512	7.909312
50433595392	50433495552	99840	512	8.249371
17256670208	17256577024	93184	512	8.944951
53218156544	53218049024	107520	512	0.440462
27551034368	27550916096	118272	512	8.249456
4669465600	4669396992	68608	512	9.594461
62722213888	62722082816	131072	512	7.015038
57825833984	57825716224	117760	512	7.637197
34682545664	34682475520	70144	512	9.363955
34696019456	34695890944	128512	512	6.101324
74190936064	74190864384	71680	512	6.525221
51761533952	51761429504	104448	512	8.136348
11750280192	11750207488	72704	512	7.633752
46785184768	46785069056	115712	512	6.112712
1149580288	1149501952	78336	512	7.544495
61902470656	61902369792	100864	512	6.092039
40019992064	40019899392	92672	512	8.712625
4518720512	4518591488	129024	512	8.272359
74907425792	74907305984	119808	512	6.625120
21306471424	21306398208	73216	512	7.571570
14799109120	14799011328	97792	512	8.892877
13223301120	13223231488	69632	512	9.406571
15649779200	15649682944	96256	512	8.937870
71586469376	71586348544	120832	512	6.827161
25407767552	25407647744	119808	512	8.227342
64470447616	64470346240	101376	512	6.043693
79039351808	79039244800	107008	512	6.362039
20371923456	20371843584	79872	512	7.392992
46703032320	46702905344	126976	512	7.685320
40809859584	40809733632	125952	512	7.852766
13523064320	13522945536	118784	512	6.609391
52510325760	52510212608	113152	512	6.080597
71687264256	71687178240	86016	512	8.012647
30244259840	30244148736	111104	512	8.363246
2438876160	2438777344	98816	512	8.970374
5022654464	5022531072	123392	512	8.452952
37269488128	37269392896	95232	512	6.826717
76212023808	76211934720	89088	512	7.669706
18275732480	18275652608	79872	512	0.408302
29094055936	29093978624	77312	512	0.437084
41007265792	41007143424	122368	512	6.076287
8196868096	8196775424	92672	512	9.013206
63766501376	63766406144	95232	512	8.067984
76669528576	76669455360	73216	512	6.147478
26380139008	26380070912	68096	512	9.482208
36751616000	36751526912	89088	512	8.834198
28047978496	28047866880	111616	512	8.354709
6709579776	6709500928	78848	512	9.408796
2517010432	2516913152	97280	512	9.062055
20963881984	20963770368	111616	512	8.467647
58077778944	58077682688	96256	512	6.433366
24101676032	24101550080	125952	512	6.237787
10615382528	10615270912	111616	512	8.575803
61189098496	61188972032	126464	512	7.186121
26379166208	26379084288	81920	512	9.116010
25560276992	25560159744	117248	512	8.320725
27362780672	27362703360	77312	512	9.219579
63893147648	63893045248	102400	512	7.834091
37117721600	37117619712	101888	512	8.514086
62011812352	62011727360	84992	512	6.644045
45038777856	45038684160	93696	512	8.552914
17113333248	17113262592	70656	512	9.466906
60950209024	60950086144	122880	512	5.424103
59590942208	59590814208	128000	512	7.213749
75760022016	75759894528	127488	512	6.243444
37397551616	37397421568	130048	512	5.927585
2436649984	2436537856	112128	512	8.676023
5361516032	5361434112	81920	512	7.406453
8719628288	8719547904	80384	512	9.305448
597351936	597234688	117248	512	8.573727
46972850176	46972747776	102400	512	6.485355
53195622912	53195512320	110592	512	7.944106
65256491520	65256374784	116736	512	7.338509
1847570432	1847440384	130048	512	8.270415
72835446784	72835319808	126976	512	6.523314
32454476288	32454360576	115712	512	8.271469
74754451456	74754379264	72192	512	8.445596
56881049088	56880978432	70656	512	8.965931
32120892416	32120805376	87040	512	8.988197
21071856640	21071726592	130048	512	8.001386
69676864000	69676753408	110592	512	5.358603
37996303872	37996201984	101888	512	8.519233
4728835072	4728754176	80896	512	9.338419
61078721024	61078599680	121344	512	7.347598
34047059968	34046991872	68096	512	9.389677
75008584192	75008457728	126464	512	6.364608
8961947136	8961870848	76288	512	9.374108
23941975040	23941853184	121856	512	8.189583
50236622848	50236513792	109056	512	8.064227
69233838080	69233726976	111104	512	7.330616
70767807488	70767702528	104960	512	5.563330
34491412480	34491313664	98816	512	8.646985
60758348800	60758280192	68608	512	7.193877
62659990528	62659901440	89088	512	6.476150
51964268032	51964198400	69632	512	7.277422
53862384128	53862298624	85504	512	8.609065
52395412480	52395300864	111616	512	7.945038
14528244224	14528152064	92160	512	9.031060
13994081280	13994013184	68096	512	0.405341
44464102912	44463989248	113664	512	8.082194
7168175616	7168101376	74240	512	7.698760
57573166080	57573077504	88576	512	8.501837
35133674496	35133606400	68096	512	9.428314
57828943360	57828857344	86016	512	8.582752
16642522112	16642402816	119296	512	8.383180
75255282176	75255171584	110592	512	6.913982
68507826176	68507724800	101376	512	0.487592
34441459712	34441358848	100864	512	8.577864
21785794048	21785710080	83968	512	7.317180
23623430656	23623304704	125952	512	8.082069
79601264640	79601193984	70656	512	6.108208
3674363392	3674238976	124416	512	6.415228
44233554944	44233488896	66048	512	9.365623
12047865344	12047764480	100864	512	8.842444
16035136512	16035062784	73728	512	9.387986
75164361216	75164236288	124928	512	6.340874
125480448	125382144	98304	512	8.998173
23947290112	23947220992	69120	512	9.446094
47406082560	47406004224	78336	512	9.003254
58360714752	58360645632	69120	512	8.991100
3336735232	3336652288	82944	512	9.313947
23631913472	23631784960	128512	512	7.998413
65805360128	65805243904	116224	512	7.316926
27253504000	27253383168	120832	512	8.200879
16027308544	16027190784	117760	512	8.356058
42767820800	42767705600	115200	512	6.213636
22901897728	22901807616	90112	512	8.947549
7995573248	7995457024	116224	512	8.523598
68628375040	68628270592	104448	512	7.573778
34408078336	34407950336	128000	512	7.907377
2443650048	2443552256	97792	512	7.149910
64060677120	64060588544	88576	512	8.247300
25994609664	25994533888	75776	512	9.165164
28343564288	28343496192	68096	512	9.472271
61373855744	61373748736	107008	512	7.778725
41691332608	41691262464	70144	512	9.281172
48125971968	48125841920	130048	512	5.751253
59729183232	59729083904	99328	512	8.098000
9677191168	9677106688	84480	512	7.336775
29247115264	29247021568	93696	512	8.843112
35497853952	35497750016	103936	512	6.633450
20592236544	20592113152	123392	512	8.273216
49771299840	49771171840	128000	512	5.639310
2328537600	2328410624	126976	512	8.355927
27696113152	27696017920	95232	512	6.957093
72452741120	72452633088	108032	512	5.301201
14433573888	14433498624	75264	512	9.419280
59996639232	59996568064	71168	512	8.900695
61952316416	61952244736	71680	512	7.020303
59607745536	59607660032	85504	512	8.484370
78053342720	78053254144	88576	512	7.343742
59024867840	59024778240	89600	512	6.524548
53106347008	53106216448	130560	512	5.528332
52564957696	52564869120	88576	512	8.619488
73300757504	73300686848	70656	512	8.465320
20416134656	20416049152	85504	512	7.283074
64135098368	64134989312	109056	512	7.569491
38667836928	38667752448	84480	512	8.919284
9932776960	9932657664	119296	512	8.385027
42588956672	42588866560	90112	512	6.868088
14905098240	14904993280	104960	512	8.744181
30796614656	30796508160	106496	512	8.447763
14906772480	14906701824	70656	512	7.669193
13961812992	13961741312	71680	512	9.488499
38963976704	38963891200	85504	512	8.887023
58998236672	58998115328	121344	512	5.552089
79239109632	79239021056	88576	512	7.185834
11757403136	11757275136	128000	512	8.203143
56650776576	56650692608	83968	512	8.581265
57350433792	57350337536	96256	512	8.195827
11966666752	11966591488	75264	512	9.382548
4628473344	4628378112	95232	512	9.055881
58974499328	58974432768	66560	512	0.434893
30592990208	30592860672	129536	512	7.890552
35091914752	35091786240	128512	512	7.906184
65711119360	65711047168	72192	512	8.854533
34001129472	34001061888	67584	512	9.413906
55045552128	55045428736	123392	512	7.519020
48058758144	48058673664	84480	512	7.024692
70732808192	70732717568	90624	512	7.891190
52048108032	52047989760	118272	512	7.741539
51279011840	51278902272	109568	512	8.058232
68341813760	68341706752	107008	512	5.641113
28104256512	28104137728	118784	512	8.244719
66505879040	66505758208	120832	512	7.195960
25268999168	25268876800	122368	512	6.333154
49337580544	49337482240	98304	512	8.371250
13247702528	13247579136	123392	512	6.400447
35901402624	35901294080	108544	512	8.378719
76649861632	76649734144	127488	512	4.291594
80021451264	80021360640	90624	512	7.115399
7524534784	7524462592	72192	512	9.482969
65069496832	65069383168	113664	512	7.345357
23085653504	23085560832	92672	512	8.893866
1383633920	1383517184	116736	512	8.595103
37373532672	37373404160	128512	512	7.849794
79980736512	79980633088	103424	512	6.516531
33941426688	33941309952	116736	512	8.217986
31228411904	31228333568	78336	512	9.183960
33252554240	33252425728	128512	512	6.052332
16767275520	16767164416	111104	512	8.498630
48489985024	48489884160	100864	512	8.359612
17122039808	17121965568	74240	512	7.542046
75809693184	75809588224	104960	512	7.067366
6456778752	6456675328	103424	512	6.889930
70049481216	70049402880	78336	512	8.427793
77637360640	77637289472	71168	512	8.063167
5596459008	5596368384	90624	512	9.093526
28154100224	28153987072	113152	512	8.378027
23153728000	23153647104	80896	512	9.167951
16013790208	16013688320	101888	512	0.431511
69651680768	69651561984	118784	512	5.164632
79330983936	79330876416	107520	512	6.339711
70011846144	70011769344	76800	512	8.460977
66133468672	66133400064	68608	512	8.920021
62241273856	62241183232	90624	512	6.451965
59075399680	59075279872	119808	512	7.479373
25287248896	25287150592	98304	512	8.746800
46236519424	46236450816	68608	512	9.251727
39916751872	39916647424	104448	512	8.410774
15621565440	15621449216	116224	512	8.422574
16234162176	16234049024	113152	512	8.501553
79145557504	79145487360	70144	512	8.010919
46964289024	46964161024	128000	512	5.821492
66735715328	66735584768	130560	512	6.912237
66414939648	66414852096	87552	512	8.191399
36098530304	36098424832	105472	512	6.662138
39007050240	39006922752	127488	512	7.778853
72498923008	72498792960	130048	512	6.466761
27057684480	27057563648	120832	512	8.223783
20212294656	20212217856	76800	512	9.287372
5249094144	5249022976	71168	512	9.576169
7057433600	7057352704	80896	512	0.409215
68602756608	68602642432	114176	512	7.262688
18796492800	18796411392	81408	512	9.196867
12945765376	12945642496	122880	512	8.356324
71044476416	71044393984	82432	512	8.194358
27035567616	27035466752	100864	512	8.621943
70547216384	70547128832	87552	512	8.012588
77638451712	77638333952	117760	512	4.268526
65759527936	65759426560	101376	512	7.787800
29457447424	29457334784	112640	512	6.489019
38160507904	38160380416	127488	512	7.816915
16859225088	16859135488	89600	512	9.043472
72963491328	72963386368	104960	512	7.318319
20443503104	20443385344	117760	512	6.541148
30233565696	30233462272	103424	512	8.559201
40816157184	40816086528	70656	512	9.283398
78351340032	78351213568	126464	512	3.906595
75337418240	75337335296	82944	512	7.953974
39370710016	39370597376	112640	512	8.186312
60596098048	60596004352	93696	512	6.297237
77279480320	77279413248	67072	512	8.341867
62976261120	62976154624	106496	512	7.738227
36133308928	36133185536	123392	512	6.185658
13327159296	13327033344	125952	512	6.398295
78054804992	78054714368	90624	512	5.388537
66889948672	66889858048	90624	512	6.167091
11305485312	11305382400	102912	512	8.756923
68016617472	68016547840	69632	512	8.753236
48245808128	48245709312	98816	512	8.402236
55470296064	55470228480	67584	512	9.165562
40028940288	40028857344	82944	512	8.899118
73096023040	73095934976	88064	512	7.945803
24746800640	24746676224	124416	512	8.094572
73896142336	73896072192	70144	512	8.476377
78389614592	78389517312	97280	512	6.991769
70598044672	70597961728	82944	512	6.319459
79151848448	79151778816	69632	512	8.019566
14280051712	14279920640	131072	512	8.113134
40233284608	40233172480	112128	512	6.356098
12148848128	12148760576	87552	512	9.111368
76860780032	76860682240	97792	512	5.099382
63694871552	63694784512	87040	512	8.337797
3402013696	3401917440	96256	512	8.997661
32909413376	32909344768	68608	512	9.418422
59474144256	59474033152	111104	512	5.860937
27306670080	27306568704	101376	512	8.651781
15902912000	15902831104	80896	512	9.193066
53524590080	53524465664	124416	512	7.497847
64576934912	64576859136	75776	512	8.664032
67604184576	67604108800	75776	512	8.534399
69928045568	69927945728	99840	512	7.795437
31408265728	31408174592	91136	512	8.896749
42433030144	42432939008	91136	512	8.656445
17354813952	17354705408	108544	512	8.651246
39463630336	39463510528	119808	512	6.145988
49450996736	49450929664	67072	512	7.362536
7636150272	7636026368	123904	512	8.340548
75474612224	75474510336	101888	512	7.227712
76924070912	76923962880	108032	512	4.644575
55031019520	55030934016	85504	512	8.650437
18735518208	18735442432	75776	512	9.379386
11326568960	11326480896	88064	512	9.101943
24322771968	24322674688	97280	512	0.444970
3766503424	3766390272	113152	512	8.631924
46844495872	46844384768	111104	512	6.243603
870993920	870894080	99840	512	8.919458
39191181312	39191060480	120832	512	7.978775
62845313536	62845196288	117248	512	5.577645
41929452032	41929320960	131072	512	5.741304
32590073856	32589969408	104448	512	8.500417
64759484416	64759404544	79872	512	8.504124
55242360832	55242229760	131072	512	5.467929
11150399488	11150296576	102912	512	8.754476
55700806656	55700737024	69632	512	7.247718
41894360064	41894287360	72704	512	9.174238
18903316992	18903196160	120832	512	6.460985
8648364544	8648239616	124928	512	8.258850
61535097856	61535005184	92672	512	8.238330
11452637696	11452571136	66560	512	9.599961
15974512640	15974392320	120320	512	8.299034
13542675968	13542577152	98816	512	7.015703
75261016064	75260939264	76800	512	8.169709
47912311808	47912217088	94720	512	8.558215
37756404224	37756307968	96256	512	0.430640
38721857024	38721733632	123392	512	7.926380
75032200704	75032081920	118784	512	4.791129
60777669120	60777545216	123904	512	7.376730
44297459200	44297377280	81920	512	8.921195
42972611072	42972511232	99840	512	8.485363
77846274048	77846152704	121344	512	4.112900
55786034176	55785912832	121344	512	5.662604
61942502912	61942393344	109568	512	7.704181
44183259136	44183132672	126464	512	7.737729
35355461120	35355344896	116224	512	0.422124
14550913024	14550793216	119808	512	0.453159
59909431808	59909350912	80896	512	8.646135
59725388288	59725282816	105472	512	7.904537
75594414080	75594342400	71680	512	6.454590
34855139328	34855052288	87040	512	8.814483
32285915648	32285821440	94208	512	8.808925
36139579392	36139510272	69120	512	7.534084
35563189760	35563103744	86016	512	8.948974
66326776832	66326656000	120832	512	7.155891
47643270144	47643153408	116736	512	7.946817
76238856704	76238740992	115712	512	6.575516
28333628928	28333503488	125440	512	8.024241
67458051072	67457928192	122880	512	6.945404
3909945856	3909829632	116224	512	8.659111
48078682112	48078600704	81408	512	8.935047
1134760448	1134667776	92672	512	0.422174
48833181184	48833054720	126464	512	5.901136
2494440448	2494315520	124928	512	8.428964
75678685184	75678554624	130560	512	4.279876
37787430912	37787345408	85504	512	8.945400
55916809216	55916711424	97792	512	8.283341
69441964032	69441853952	110080	512	7.365063
45656089600	45655991296	98304	512	8.440134
72593857536	72593785856	71680	512	8.530530
7792537088	7792466432	70656	512	9.513070
35360487936	35360382976	104960	512	6.653819
14368062464	14367978496	83968	512	9.173241
14312378880	14312295936	82944	512	0.421159
20161125376	20161048064	77312	512	9.290639
49792595456	49792519680	75776	512	8.987316
41718218240	41718097920	120320	512	6.215976
8159884288	8159796736	87552	512	9.112122
59718398976	59718313472	85504	512	8.524128
48788856320	48788734464	121856	512	7.817019
58662456320	58662348288	108032	512	7.817186
66436981248	66436863488	117760	512	7.280842
42608375808	42608248832	126976	512	5.886604
69482409984	69482330624	79360	512	6.536132
7391061504	7390980608	80896	512	9.374760
52951595520	52951519744	75776	512	8.968076
34195933184	34195828736	104448	512	8.484857
59659668992	59659557888	111104	512	7.702152
76575353856	76575282688	71168	512	8.330273
58101276160	58101151744	124416	512	7.324603
75692393472	75692277760	115712	512	4.851289
46736160768	46736040960	119808	512	6.018604
39267278336	39267166720	111616	512	6.350394
46064782848	46064681984	100864	512	6.527996
76973763072	76973634560	128512	512	3.824891
54303714816	54303642624	72192	512	9.047361
8054184448	8054080000	104448	512	8.821515
66760608256	66760505344	102912	512	5.914072
50676849664	50676740608	109056	512	8.074461
4456837120	4456770560	66560	512	9.634783
72083571200	72083489280	81920	512	8.173400
74262515712	74262417920	97792	512	5.586730
15209593344	15209502208	91136	512	7.190386
33710242816	33710172672	70144	512	9.364224
16596276736	16596199936	76800	512	9.333690
23955898880	23955780096	118784	512	8.263511
38392890368	38392782848	107520	512	8.374617
75440059392	75439943168	116224	512	4.807861
34798531584	34798409728	121856	512	8.076082
59907735552	59907668480	67072	512	9.080217
68501067776	68500943360	124416	512	6.909429
6603798528	6603692544	105984	512	8.733850
28701048320	28700929024	119296	512	8.237490
57635088896	57634982400	106496	512	7.967779
64048060416	64047950336	110080	512	7.579631
78326499328	78326427136	72192	512	8.189819
57098056704	57097955840	100864	512	8.104983
11902099456	11902026240	73216	512	9.425555
69661238272	69661141504	96768	512	7.783092
78472249856	78472136192	113664	512	6.290876
702608896	702508544	100352	512	8.952334
36433002496	36432936448	66048	512	7.559615
76804881408	76804764160	117248	512	6.126993
21898201088	21898135040	66048	512	9.599993
4303029248	4302944256	84992	512	9.241365
24026049536	24025932288	117248	512	8.289951
41599671808	41599598592	73216	512	9.274122
13477722624	13477629440	93184	512	8.981307
63205055488	63204968960	86528	512	8.371425
63652553216	63652424704	128512	512	7.052616
14346882048	14346753024	129024	512	8.170766
58394433024	58394336256	96768	512	8.155203
28737454080	28737380864	73216	512	9.285055
64044271104	64044204032	67072	512	8.912988
57711683072	57711562752	120320	512	0.419026
17724710912	17724601344	109568	512	6.715467
34247979008	34247901696	77312	512	9.195652
70855980032	70855882752	97280	512	7.689116
9332313088	9332233216	79872	512	9.387385
14435382272	14435282944	99328	512	8.854851
4953754112	4953688064	66048	512	9.651715
1668468224	1668347904	120320	512	8.488507
23831157760	23831051776	105984	512	8.554883
2472571904	2472473600	98304	512	8.965517
8212369408	8212296704	72704	512	9.559339
34647651328	34647547904	103424	512	8.525267
5861922816	5861821952	100864	512	8.846688
36968660480	36968586752	73728	512	9.254309
40510005760	40509876224	129536	512	7.661917
308339712	308260352	79360	512	9.382142
33578139648	33578042880	96768	512	8.597693
42396275712	42396151296	124416	512	5.963737
73496625152	73496552448	72704	512	6.511875
40035172352	40035090944	81408	512	9.041588
27689915392	27689788928	126464	512	7.965563
46430557696	46430472192	85504	512	8.780335
64180709888	64180643840	66048	512	8.934719
67734841344	67734765056	76288	512	8.526644
71952839168	71952747520	91648	512	5.946926
15457059840	15456937984	121856	512	8.355278
4757880320	4757803520	76800	512	0.436553
33817549824	33817453056	96768	512	6.819080
52493982720	52493891584	91136	512	8.517821
27340611072	27340541440	69632	512	7.577775
18293784064	18293711360	72704	512	9.426261
74349443584	74349333504	110080	512	6.984683
4408644096	4408552448	91648	512	9.070788
25508250112	25508158464	91648	512	8.944195
39979485696	39979399680	86016	512	8.856873
5713470464	5713386496	83968	512	9.237492
61439194112	61439068160	125952	512	5.373302
18080027136	18079936512	90624	512	8.995129
10160717824	10160633856	83968	512	9.177326
65505466880	65505351168	115712	512	5.497341
79506153472	79506057728	95744	512	6.875388
21462363648	21462264832	98816	512	8.819158
3837469184	3837369344	99840	512	8.898233
42210597888	42210489344	108544	512	8.237467
14707439616	14707339776	99840	512	8.854717
17920890368	17920806912	83456	512	9.155780
23652601856	23652501504	100352	512	8.676255
22307580416	22307486720	93696	512	8.991444
74919984128	74919879168	104960	512	5.292258
20251494400	20251417088	77312	512	0.456575
54278556160	54278437888	118272	512	7.606730
58937401856	58937297408	104448	512	7.922376
24351706112	24351627776	78336	512	9.226931
70538028544	70537914880	113664	512	7.114107
24441540608	24441419776	120832	512	8.211741
30363018752	30362910208	108544	512	8.411674
74976536064	74976417280	118784	512	6.683546
20913106944	20913013248	93696	512	8.907209
39482572800	39482497024	75776	512	9.117715
78052496384	78052423680	72704	512	8.010142
21437901824	21437774848	126976	512	8.167877
6883771392	6883655680	115712	512	6.674161
14686034944	14685954560	80384	512	9.282650
65186238464	65186142720	95744	512	7.983265
27653414400	27653343232	71168	512	9.369110
69689370112	69689288192	81920	512	8.286229
58503324672	58503221760	102912	512	7.944257
23732180480	23732102144	78336	512	9.206922
76395174912	76395060224	114688	512	6.658105
71277629952	71277540352	89600	512	8.060234
75887900160	75887789568	110592	512	0.496483
38046459904	38046340096	119808	512	8.039166
30419231744	30419137536	94208	512	6.954503
25967782400	25967675392	107008	512	8.521843
56964117504	56964047872	69632	512	9.023924
37528864256	37528742912	121344	512	8.019388
75616270336	75616163328	107008	512	5.178609
68927122432	68927021056	101376	512	5.847285
27048214016	27048134656	79360	512	7.304339
53268876800	53268760576	116224	512	7.735057
31603316736	31603195392	121344	512	6.245956
67949525504	67949421056	104448	512	7.542014
32715133952	32715027456	106496	512	8.487977
49945534976	49945464320	70656	512	9.157632
36895425536	36895321600	103936	512	8.448448
53405758464	53405673984	84480	512	8.665015
36900558336	36900440064	118272	512	8.126383
57645785600	57645701632	83968	512	8.612712
37996460544	37996372480	88064	512	8.855745
59330288128	59330214400	73728	512	8.862883
49546846720	49546764288	82432	512	8.813100
19302436352	19302313472	122880	512	6.401141
68702854144	68702748160	105984	512	7.537910
33614007296	33613902336	104960	512	8.580995
27319433728	27319336960	96768	512	8.703758
32915170304	32915081216	89088	512	8.908862
77861194240	77861069824	124416	512	3.969110
4495239168	4495159296	79872	512	9.355565
65323163136	65323034624	128512	512	6.941171
52702889472	52702808064	81408	512	8.816601
34260280320	34260168192	112128	512	8.206591
14210207744	14210110464	97280	512	8.907732
66797341696	66797262336	79360	512	8.294483
33983878144	33983811584	66560	512	7.574558
32572565504	32572465152	100352	512	8.650037
61339255808	61339131904	123904	512	7.223144
72973288960	72973175296	113664	512	5.155380
41556807168	41556729856	77312	512	9.114538
68210505728	68210382848	122880	512	5.110487
40034632704	40034505728	126976	512	7.824496
25863121920	25863055360	66560	512	9.513897
69895016960	69894936064	80896	512	8.297357
56794280960	56794200064	80896	512	8.733717
42846473728	42846399488	74240	512	9.151487
49867406848	49867303936	102912	512	8.240632
46145577984	46145467392	110592	512	8.116617
35803487232	35803414528	72704	512	9.286420
59219371008	59219241984	129024	512	11.819128
74663443456	74663319040	124416	512	4.609800
33703559168	33703491584	67584	512	9.425930
14698884608	14698753536	131072	512	8.138220
34401748480	34401620992	127488	512	6.189071
39813252096	39813154816	97280	512	6.745512
65916421632	65916305920	115712	512	5.505349
64757681152	64757588480	92672	512	8.074016
51307450880	51307348480	102400	512	8.307300
46810863616	46810742784	120832	512	7.816261
47194970624	47194879488	91136	512	0.473514
25720305152	25720184320	120832	512	6.310993
51680685056	51680598528	86528	512	8.654698
45874362368	45874266112	96256	512	0.428978
32479868928	32479776256	92672	512	8.845694
3366079488	3365962240	117248	512	8.528990
26101092352	26100979200	113152	512	8.374983
61039542784	61039420928	121856	512	7.321309
75064607232	75064520192	87040	512	5.991868
34596817920	34596703232	114688	512	8.244761
69463629312	69463545856	83456	512	6.373409
66389882880	66389783040	99840	512	7.864904
8562800640	8562693632	107008	512	8.707536
30692136960	30692056064	80896	512	7.290001
14559377920	14559282176	95744	512	7.091904
68877359616	68877231616	128000	512	6.772573
35894474752	35894354944	119808	512	8.125932
78747750400	78747636736	113664	512	6.292009
41818685440	41818567680	117760	512	7.983490
73886787584	73886679552	108032	512	7.045200
77513024512	77512931328	93184	512	7.170795
44330734592	44330619904	114688	512	0.365769
12246217216	12246101504	115712	512	6.632168
1554833920	1554761216	72704	512	9.541899
61858331648	61858206720	124928	512	7.196352
45205873152	45205756416	116736	512	7.946311
44369022976	44368899584	123392	512	7.827079
31820776960	31820656640	120320	512	8.149377
29807099904	29806983168	116736	512	8.240859
37188180992	37188093440	87552	512	8.860596
46712011264	46711903232	108032	512	8.205810
77899707904	77899620352	87552	512	7.385982
4662193664	4662092288	101376	512	7.041131
54643450368	54643325440	124928	512	7.483140
77932432896	77932331520	101376	512	6.839997
53566337536	53566265344	72192	512	8.994605
32780396544	32780284416	112128	512	8.351886
40541598720	40541468160	130560	512	7.698534
6944599552	6944527872	71680	512	9.461189
21268461568	21268354048	107520	512	8.606913
33072279040	33072163840	115200	512	8.279575
41489281024	41489208832	72192	512	7.455477
13505542656	13505425920	116736	512	8.440681
32814254592	32814160384	94208	512	8.785972
68890140672	68890061312	79360	512	8.428050
27737462784	27737350144	112640	512	8.407197
65706144256	65706071552	72704	512	8.748189
27345061888	27344995840	66048	512	9.529440
74494352384	74494251008	101376	512	7.335954
51693022208	51692933120	89088	512	6.757921
31869899776	31869796352	103424	512	6.741131
9694491136	9694370304	120832	512	8.393094
67636913664	67636830208	83456	512	6.522713
61730032640	61729933312	99328	512	8.055537
18862227968	18862116864	111104	512	8.529695
14554662912	14554568192	94720	512	8.966491
18212321792	18212197376	124416	512	8.240298
56909903360	56909792256	111104	512	5.984268
22322699264	22322571264	128000	512	6.281030
56085858304	56085771776	86528	512	8.560905
44655917056	44655791616	125440	512	5.972904
53692083200	53691992576	90624	512	6.628443
12342665216	12342543872	121344	512	8.300843
26368406528	26368278528	128000	512	8.049058
11124851712	11124731904	119808	512	8.400174
12367810048	12367738368	71680	512	9.489225
29000372736	29000248320	124416	512	6.127144
67657772032	67657650176	121856	512	6.978649
5506710016	5506636288	73728	512	7.575967
21807602688	21807516160	86528	512	9.053107
32398110208	32398006784	103424	512	6.758411
72082836992	72082736128	100864	512	5.611446
75666488320	75666401792	86528	512	7.802430
66691527680	66691424768	102912	512	7.791822
15437706240	15437614080	92160	512	8.967917
78599175168	78599078400	96768	512	6.998240
77781297664	77781172736	124928	512	5.794765
18033186816	18033099776	87040	512	0.472778
30419724288	30419600896	123392	512	6.218466
52910339584	52910261760	77824	512	8.844814
16338674176	16338583040	91136	512	8.985699
52403308544	52403235840	72704	512	9.043923
4558341632	4558243840	97792	512	0.447090
31000345600	31000269312	76288	512	0.856595
9936201216	9936118784	82432	512	9.213475
66941232128	66941139968	92160	512	7.912242
22467596288	22467481600	114688	512	8.463520
24975445504	24975320576	124928	512	8.166878
39223399936	39223332864	67072	512	9.341552
57676278272	57676165120	113152	512	5.925378
71510689280	71510614016	75264	512	8.442847
29058968064	29058842112	125952	512	8.037699
43581886976	43581809664	77312	512	7.198150
72762268672	72762166272	102400	512	7.409755
40321107968	40321030144	77824	512	7.231902
58669142528	58669030912	111616	512	5.875645
18025420800	18025339904	80896	512	7.362581
18588768768	18588676608	92160	512	7.120673
59424650240	59424560128	90112	512	8.376899
22368634368	22368519680	114688	512	8.479240
58949806592	58949697024	109568	512	7.806434
57162261504	57162144768	116736	512	7.652130
6548597760	6548519424	78336	512	9.340448
52192257024	52192154624	102400	512	8.230302
76161845248	76161779200	66048	512	6.693439
23303903232	23303826944	76288	512	9.199612
47447207936	47447131648	76288	512	9.053267
23169945088	23169837056	108032	512	0.426691
9922793984	9922680320	113664	512	8.530972
49709053952	49708983808	70144	512	9.184685
70370402304	70370286080	116224	512	5.156246
76670944256	76670846464	97792	512	6.993784
70610601472	70610512896	88576	512	7.950703
55694615552	55694484992	130560	512	5.488430
79053453824	79053353472	100352	512	6.675459
48798172672	48798067200	105472	512	6.367525
72216414208	72216324608	89600	512	7.850620
12152232960	12152139264	93696	512	8.989041
17813569536	17813443072	126464	512	6.275939
4049761280	4049662976	98304	512	7.097722
28349440	28265984	83456	512	7.422905
62969404928	62969281536	123392	512	7.186257
2510590464	2510494208	96256	512	7.183964
5837884416	5837776384	108032	512	8.761863
27068975616	27068872704	102912	512	8.632319
23103630336	23103508480	121856	512	8.177488
71798631936	71798523904	108032	512	5.336697
79595491328	79595388416	102912	512	4.699602
59304414720	59304299520	115200	512	7.614092
9805202944	9805081600	121344	512	8.251024
57869146112	57869017088	129024	512	5.466713
57109413888	57109298688	115200	512	7.717142
28962462720	28962374656	88064	512	8.929371
27824172032	27824082944	89088	512	8.979136
31654726656	31654599680	126976	512	8.047104
39503927808	39503815680	112128	512	6.329099
26790286848	26790167552	119296	512	8.221059
76216949760	76216826368	123392	512	6.323371
35081980416	35081911808	68608	512	9.445859
58152476672	58152349696	126976	512	7.243035
72734178304	72734067712	110592	512	0.423306
42842388480	42842262016	126464	512	7.757451
57691166208	57691048448	117760	512	7.649343
7126913536	7126787072	126464	512	6.371917
76206713856	76206619136	94720	512	5.549180
2120581120	2120450560	130560	512	6.457333
2346314752	2346203648	111104	512	8.704290
2137337856	2137260032	77824	512	9.430819
47773558784	47773453824	104960	512	6.443236
11622159360	11622056448	102912	512	8.804671
14267346432	14267266048	80384	512	7.465618
53691128320	53691048960	79360	512	8.791806
64628338688	64628230656	108032	512	7.585544
32810775040	32810698752	76288	512	9.161653
44096445440	44096320512	124928	512	7.797139
9508752896	9508654592	98304	512	8.870265
26714973184	26714902016	71168	512	7.527233
30904040448	30903956480	83968	512	9.048243
11005376000	11005295104	80896	512	0.484330
39037111808	39037009408	102400	512	8.456344
52208525824	52208433152	92672	512	8.489748
12192461312	12192368640	92672	512	8.983637
47003941376	47003830272	111104	512	8.073283
77515299328	77515175424	123904	512	3.994504
75253967872	75253893120	74752	512	8.282424
12224902144	12224832512	69632	512	0.426706
9586543104	9586424832	118272	512	6.630587
51186667520	51186536960	130560	512	7.497506
71812219392	71812104704	114688	512	5.126325
29870923776	29870810112	113664	512	8.333146
67860063744	67859994624	69120	512	8.769461
71970378240	71970289664	88576	512	7.904086
27585889280	27585773568	115712	512	0.469879
71804860416	71804734976	125440	512	6.642298
63198154240	63198026752	127488	512	7.080049
33936318464	33936221184	97280	512	8.790940
44227039232	44226930176	109056	512	8.201426
67805993984	67805920768	73216	512	8.622647
32171950080	32171820544	129536	512	7.946339
28087581184	28087457792	123392	512	8.130353
57898347008	57898218496	128512	512	7.312856
2936245248	2936124928	120320	512	8.426272
13335698944	13335590400	108544	512	8.659387
6509699072	6509630464	68608	512	9.586624
13918768640	13918693888	74752	512	0.448494
34787984896	34787881472	103424	512	8.513425
41410996224	41410899456	96768	512	8.618142
55010439168	55010341888	97280	512	8.288317
35323026432	35322913792	112640	512	6.466102
72297188352	72297068544	119808	512	6.844154
69528148992	69528022016	126976	512	6.718989
63533861888	63533751808	110080	512	7.617319
78705637376	78705559040	78336	512	5.901206
10491010560	10490938368	72192	512	0.559592
66630041088	66629939712	101376	512	7.797192
66346816512	66346740736	75776	512	8.720538
14293065216	14292996096	69120	512	9.511187
59988327424	59988203520	123904	512	7.355485
61521332736	61521214976	117760	512	7.419681
58812802560	58812711424	91136	512	6.493889
30381887488	30381768704	118784	512	8.174810
48708977664	48708866048	111616	512	8.051647
27548762112	27548684800	77312	512	9.296844
19816670208	19816546304	123904	512	0.457728
37300366848	37300238336	128512	512	7.859279
9047627776	9047560704	67072	512	9.565964
48607921152	48607841280	79872	512	7.070270
54029807104	54029730816	76288	512	8.865677
46625527296	46625461248	66048	512	9.301307
18683181056	18683091456	89600	512	9.027468
22728839680	22728748544	91136	512	8.986268
25272378368	25272266752	111616	512	8.492819
41396718080	41396623872	94208	512	6.861450
14499267584	14499186688	80896	512	9.263829
10599508992	10599429632	79360	512	9.276651
44847605248	44847539200	66048	512	9.362638
77898205696	77898089984	115712	512	4.339467
32310548992	32310476288	72704	512	0.432490
22617035264	22616958464	76800	512	9.320199
20250489344	20250385408	103936	512	8.686924
68159903232	68159805952	97280	512	7.832237
57677659136	57677560320	98816	512	8.195955
73697256448	73697140224	116224	512	6.741158
10170255872	10170129408	126464	512	8.224298
18538630144	18538557952	72192	512	9.447666
70135204352	70135078912	125440	512	6.760900
57025413120	57025313280	99840	512	6.294650
25181785600	25181684736	100864	512	8.674281
23713025536	23712953344	72192	512	7.513065
57400476672	57400355328	121344	512	5.650738
21125998592	21125873664	124928	512	6.363641
25969753088	25969627648	125440	512	6.200462
11889409024	11889277952	131072	512	8.105929
13331924992	13331807232	117760	512	8.425718
7379418112	7379323904	94208	512	8.989310
52123178496	52123076096	102400	512	6.383442
27791209984	27791125504	84480	512	9.046987
53905053696	53904970752	82944	512	8.730980
66241690112	66241584640	105472	512	7.695151
24222563328	24222434304	129024	512	6.121870
33101036032	33100939776	96256	512	8.703609
35006698496	35006583808	114688	512	8.275664
73304614400	73304487936	126464	512	6.372239
47906573824	47906465792	108032	512	8.151939
1936444416	1936375808	68608	512	9.618838
39286348800	39286234112	114688	512	8.111930
49339120640	49338996736	123904	512	7.672234
58758786048	58758713856	72192	512	8.917808
1975035904	1974936576	99328	512	8.959987
23691300352	23691184640	115712	512	6.428671
19282746880	19282616320	130560	512	6.305016
50615276544	50615157760	118784	512	7.799436
44983971328	44983881216	90112	512	8.752927
12934867968	12934782464	85504	512	9.177520
71417825792	71417712128	113664	512	5.200299
5684840448	5684755456	84992	512	9.270938
16120816128	16120742400	73728	512	9.408075
73465525760	73465403904	121856	512	4.695258
51716211712	51716105728	105984	512	8.132654
53293230080	53293161472	68608	512	9.138864
40887623680	40887540224	83456	512	7.170829
9164688384	9164561920	126464	512	6.364410
27244161024	27244085760	75264	512	9.262157
79513571840	79513469440	102400	512	4.706259
56117103104	56117017088	86016	512	6.783065
67771476992	67771410432	66560	512	8.835882
21897328128	21897208832	119296	512	8.362287
21218838528	21218749952	88576	512	9.043481
56630631936	56630517760	114176	512	5.858614
59718744064	59718637568	106496	512	6.011133
31814644224	31814569984	74240	512	7.369257
74512607744	74512482816	124928	512	4.536744
66614403072	66614333440	69632	512	8.895715
44414160896	44414078976	81920	512	9.003847
50989037568	50988933120	104448	512	8.204360
17578735616	17578622464	113152	512	6.629428
70389525504	70389408768	116736	512	6.988651
23961760768	23961669632	91136	512	8.884897
37609163264	37609052672	110592	512	8.305409
3773370880	3773284864	86016	512	9.240205
62171038720	62170947584	91136	512	8.260037
40862908928	40862807552	101376	512	8.475064
73466718208	73466591744	126464	512	4.527032
18067781120	18067704832	76288	512	9.333241
12331886592	12331795456	91136	512	7.189997
13436181504	13436101120	80384	512	9.324525
60771496448	60771377152	119296	512	7.486472
68248315392	68248198144	117248	512	5.276287
69360268800	69360184832	83968	512	6.360605
11452678656	11452552704	125952	512	8.232250
23654295040	23654174208	120832	512	6.331419
17193263616	17193153536	110080	512	8.563712
3824218112	3824115200	102912	512	8.849784
33354314752	33354240512	74240	512	0.425431
29395854848	29395755520	99328	512	8.649012
57472911360	57472823296	88064	512	6.659887
54155916800	54155802624	114176	512	7.716318
64461180928	64461091328	89600	512	6.340545
59970220544	59970133504	87040	512	6.594683
58165918208	58165835264	82944	512	8.578309
6580840448	6580753920	86528	512	9.153727
74320926720	74320854016	72704	512	8.412399
9126864896	9126748160	116736	512	8.436925
10501289984	10501161472	128512	512	8.209432
73690964992	73690848256	116736	512	6.683960
57388076032	57387953152	122880	512	7.488253
28020935680	28020845568	90112	512	8.947629
6093595136	6093469184	125952	512	8.302721
31984291328	31984183808	107520	512	0.437088
59517807616	59517731840	75776	512	8.913178
62352054784	62351948800	105984	512	7.823988
40327788544	40327680512	108032	512	8.297144
31529345536	31529254912	90624	512	8.888538
23216207360	23216111616	95744	512	8.714225
29859697664	29859566592	131072	512	7.885494
75410446336	75410338304	108032	512	7.045178
27942576128	27942476288	99840	512	8.690197
52925967360	52925883904	83456	512	8.736363
29577271296	29577204224	67072	512	9.451095
49498801152	49498708480	92672	512	8.544652
21058587648	21058485248	102400	512	8.722777
11399843328	11399770624	72704	512	9.467133
60554611200	60554532864	78336	512	8.717837
65162443776	65162349056	94720	512	8.046799
16615227904	16615097856	130048	512	8.083767
69317417984	69317322240	95744	512	7.717576
56230733312	56230667264	66048	512	9.191740
73478184448	73478103040	81408	512	6.217306
18336719872	18336634368	85504	512	9.116165
72738698240	72738577920	120320	512	6.696972
13284068352	13283939840	128512	512	8.099642
48512920576	48512835072	85504	512	8.766936
76883300352	76883233792	66560	512	6.557821
54980098048	54979985408	112640	512	7.911421
43622465536	43622363648	101888	512	8.431702
4476012032	4475937280	74752	512	7.616344
15908063744	15907957248	106496	512	8.636493
28166555648	28166449152	106496	512	8.561012
20826332672	20826248192	84480	512	9.157117
47587462144	47587380736	81408	512	7.048247
31781973504	31781867520	105984	512	8.487843
21148517376	21148448256	69120	512	9.520844
58980444160	58980334592	109568	512	7.758924
66245746176	66245673472	72704	512	8.748744
59658722816	59658624000	98816	512	6.242862
61253880320	61253782528	97792	512	6.246017
217292288	217213952	78336	512	9.400944
45666875904	45666793984	81920	512	8.890686
43540634112	43540516864	117248	512	8.063213
65119837184	65119741952	95232	512	6.154736
31206809600	31206720512	89088	512	7.049071
15037628928	15037553152	75776	512	7.530174
72325332992	72325203968	129024	512	6.453319
4498192896	4498099200	93696	512	9.047584
74625362944	74625253376	109568	512	5.145961
77304722944	77304635904	87040	512	7.438029
67936268800	67936168448	100352	512	7.698934
71738180608	71738054656	125952	512	6.636619
66157331456	66157225472	105984	512	7.679616
62153987072	62153904128	82944	512	6.696390
27699785728	27699655168	130560	512	6.113818
23300052992	23299959296	93696	512	8.865526
39842441216	39842329088	112128	512	6.369452
74156670464	74156573696	96768	512	7.478164
23454431744	23454310912	120832	512	8.195278
50147325952	50147230208	95744	512	8.390643
47028057600	47027962368	95232	512	6.652106
59320177664	59320082944	94720	512	8.213694
14464036352	14463932416	103936	512	8.832486
10699695104	10699596288	98816	512	8.788036
29724717568	29724630528	87040	512	8.943947
67250886144	67250775552	110592	512	7.352156
66040188928	66040075776	113152	512	5.547856
74915003392	74914933248	70144	512	8.446530
18066339840	18066218496	121344	512	8.275821
56246927872	56246816256	111616	512	5.955672
14837799936	14837684736	115200	512	8.405970
56336219648	56336111616	108032	512	7.879751
40876403200	40876303872	99328	512	8.545263
20825201664	20825072128	129536	512	0.432682
45254078976	45254001664	77312	512	9.011010
5827537920	5827423232	114688	512	8.547521
9973229056	9973109760	119296	512	8.442924
41203916800	41203849728	67072	512	7.484897
32415684096	32415586304	97792	512	6.859738
7494026752	7493904384	122368	512	8.364092
42952650752	42952567808	82944	512	8.915280
64986721792	64986634240	87552	512	6.400161
40037426176	40037347328	78848	512	7.228324
64050793472	64050695168	98304	512	7.905526
28359730176	28359641088	89088	512	8.945858
62737484288	62737391616	92672	512	8.182049
23496670720	23496552448	118272	512	8.230934
2696199168	2696123904	75264	512	9.378318
27365892608	27365788160	104448	512	0.469335
5194158080	5194042368	115712	512	8.574476
15202427392	15202309632	117760	512	8.425574
52813658112	52813571584	86528	512	8.658279
2251140608	2251044352	96256	512	9.011924
11570930176	11570806784	123392	512	8.321308
68161074176	68160964096	110080	512	5.603261
4921442304	4921343488	98816	512	9.004317
39094830080	39094732288	97792	512	8.471971
56250236928	56250153984	82944	512	8.652403
13808766976	13808638464	128512	512	6.334772
52927394816	52927315456	79360	512	7.009245
76353545728	76353470464	75264	512	6.332581
13409085440	13408992768	92672	512	0.378000
63515596800	63515522560	74240	512	0.537782
37021692416	37021565952	126464	512	7.900879
62762423296	62762295296	128000	512	7.048108
10606984704	10606864384	120320	512	8.376959
16911371264	16911260160	111104	512	8.483933
4124294144	4124217344	76800	512	9.429751
10013494784	10013402624	92160	512	9.034059
45529103872	45529037312	66560	512	9.279300
71812499968	71812424704	75264	512	6.548253
61617746432	61617652736	93696	512	8.173642
35226251776	35226121216	130560	512	6.022565
2309548032	2309451776	96256	512	9.007861
56881484800	56881353728	131072	512	7.251049
9155933184	9155854336	78848	512	9.284161
44329058816	44328978432	80384	512	8.951922
48099999744	48099888640	111104	512	6.209438
7307438592	7307324416	114176	512	6.697445
38524248064	38524116992	131072	512	5.851237
21523152384	21523047424	104960	512	8.656190
13143941632	13143864320	77312	512	9.251526
10756361216	10756238336	122880	512	8.335876
12027664384	12027578880	85504	512	7.320540
53549491200	53549385216	105984	512	8.041739
6637801472	6637707264	94208	512	8.923737
38530963456	38530839040	124416	512	7.902561
4340759552	4340652544	107008	512	8.779162
70034192384	70034076160	116224	512	5.241636
56487913984	56487785472	128512	512	7.319246
7227781632	7227695104	86528	512	9.160602
31118740480	31118643712	96768	512	8.722896
33917146624	33917043200	103424	512	8.493562
59340574208	59340492288	81920	512	8.612985
76833617408	76833510912	106496	512	6.657237
28695348736	28695260672	88064	512	8.990084
45528915968	45528816128	99840	512	8.467274
35384057856	35383939072	118784	512	8.259962
2499986432	2499898880	87552	512	9.151371
44197784576	44197671936	112640	512	6.256370
35036296192	35036223488	72704	512	7.426390
44670934016	44670859264	74752	512	7.223974
17236631552	17236505088	126464	512	8.174766
23808065024	23807991808	73216	512	9.353177
60303349248	60303228416	120832	512	7.421760
14219977216	14219863552	113664	512	8.530242
35915408896	35915283456	125440	512	7.977576
61601381376	61601313792	67584	512	9.033385
52080706048	52080626176	79872	512	8.844490
43731465728	43731394048	71680	512	9.201690
61032208384	61032090624	117760	512	5.573908
61977216000	61977086976	129024	512	5.236556
56423159808	56423046144	113664	512	5.866003
74578277376	74578164736	112640	512	6.886364
44992304128	44992233984	70144	512	9.206606
30518286336	30518193152	93184	512	8.812285
7808195584	7808071680	123904	512	8.330266
51074989568	51074916352	73216	512	9.075476
8669265408	8669184000	81408	512	7.441479
67719370752	67719247360	123392	512	6.971077
72286267904	72286190080	77824	512	6.444832
66203980800	66203864064	116736	512	7.330582
61082276352	61082158592	117760	512	7.388748
58646717440	58646594560	122880	512	7.418511
50914477056	50914402816	74240	512	7.171307
77527970816	77527891456	79360	512	7.736304
59740467712	59740385792	81920	512	8.631843
12979509760	12979386880	122880	512	8.319683
10003524096	10003444224	79872	512	7.449653
13896065536	13895940096	125440	512	8.281620
76708584960	76708513280	71680	512	8.050183
33891974144	33891882496	91648	512	6.959361
7730379776	7730252288	127488	512	8.239150
518863360	518772736	90624	512	9.144679
58105345024	58105224704	120320	512	7.446690
73514641920	73514514944	126976	512	6.332918
56749873152	56749753856	119296	512	5.738589
62081391616	62081318400	73216	512	8.825659
5774636544	5774508032	128512	512	6.365944
56392377344	56392246784	130560	512	7.251169
28134424576	28134337536	87040	512	7.130135
9974696960	9974590976	105984	512	8.699185
74014753792	74014623744	130048	512	6.234151
30541498368	30541428736	69632	512	9.385022
25950393344	25950263296	130048	512	6.214900
62634534400	62634443264	91136	512	8.258567
30701780480	30701688832	91648	512	8.875419
62040725504	62040616960	108544	512	5.872991
69808009728	69807925248	84480	512	8.176682
53309107200	53308981248	125952	512	7.457366
53561754112	53561642496	111616	512	7.884472
21006390272	21006307328	82944	512	9.215728
712220160	712107008	113152	512	6.824510
5994601984	5994488832	113152	512	8.609231
4198175744	4198083584	92160	512	9.106760
17870887424	17870796288	91136	512	8.990792
56686769152	56686650368	118784	512	7.619118
76975962624	76975877120	85504	512	7.502931
19052596736	19052465664	131072	512	8.138747
62929088000	62928987648	100352	512	7.955358
16872125952	16872057856	68096	512	9.539076
35748553728	35748478976	74752	512	9.246488
67962287616	67962157568	130048	512	4.873364
37767891968	37767813632	78336	512	7.268365
64408609280	64408484352	124928	512	7.060054
43193284608	43193169920	114688	512	8.082371
14130276864	14130155008	121856	512	8.350513
60322092544	60321969664	122880	512	7.373404
79936371200	79936245760	125440	512	3.721295
26556708352	26556601856	106496	512	6.706977
61876652032	61876577792	74240	512	8.795651
49461070336	49461000192	70144	512	9.168092
5445296128	5445193216	102912	512	8.802922
64432103936	64432020992	82944	512	0.374015
48418976256	48418891264	84992	512	7.031843
47617248256	47617164288	83968	512	8.816650
72976920064	72976830464	89600	512	5.969731
51348051968	51347974656	77312	512	8.997950
75638924800	75638803456	121344	512	6.496831
16332961792	16332895232	66560	512	7.694729
29306915328	29306797056	118272	512	8.282038
15006538240	15006416384	121856	512	8.334270
58301122560	58301037568	84992	512	8.455488
25348526080	25348410368	115712	512	8.330971
10905522176	10905431040	91136	512	9.025460
29947004928	29946886656	118272	512	8.173998
32264967168	32264892416	74752	512	7.432133
66115580416	66115512832	67584	512	8.923896
45219717632	45219612160	105472	512	6.414523
23528898560	23528799232	99328	512	8.684075
32155872256	32155749376	122880	512	6.206389
24593302016	24593216000	86016	512	9.032170
68984832000	68984702464	129536	512	4.803539
19166012928	19165914624	98304	512	6.990281
5229309952	5229178880	131072	512	8.224065
54692600832	54692527616	73216	512	8.968374
33822960128	33822829568	130560	512	7.935596
40126608896	40126527488	81408	512	9.006814
70459981312	70459914752	66560	512	8.759586
27723006464	27722879488	126976	512	6.205907
37418900992	37418826240	74752	512	9.202393
15744552960	15744470528	82432	512	9.176380
69663389696	69663296000	93696	512	7.809317
56945185280	56945101824	83456	512	8.645156
29458882048	29458755072	126976	512	6.113066
79052191744	79052123136	68608	512	8.045090
6426516992	6426403328	113664	512	8.554957
60271906816	60271799808	107008	512	7.863856
55333857792	55333734912	122880	512	7.525565
37583448576	37583376896	71680	512	9.281349
79203561472	79203467776	93696	512	5.119450
5979453440	5979355136	98304	512	7.050541
77127237632	77127142400	95232	512	7.092951
58525796352	58525670912	125440	512	7.298670
33195527168	33195460608	66560	512	9.450348
41929026560	41928935424	91136	512	6.845550
31351587840	31351510528	77312	512	7.362256
74211373568	74211242496	131072	512	4.364423
53941122560	53940991488	131072	512	7.277134
47982856704	47982738944	117760	512	7.931253
13070160384	13070059520	100864	512	8.781502
76930672128	76930550784	121344	512	4.084581
34659133440	34659011072	122368	512	7.991110
60293780992	60293700608	80384	512	8.660270
31250934784	31250866176	68608	512	9.429370
79081277440	79081147904	129536	512	5.408005
65205913600	65205838848	74752	512	6.825024
69838687232	69838610944	76288	512	8.551926
34033758208	34033679872	78336	512	9.152412
79842628608	79842506240	122368	512	3.820489
597734400	597649408	84992	512	9.278820
59145063936	59144990208	73728	512	8.819150
31690473472	31690375680	97792	512	8.726964
64816671232	64816604160	67072	512	8.947862
53221960192	53221839360	120832	512	7.704469
18297002496	18296897536	104960	512	8.581133
64826588672	64826494976	93696	512	6.218445
46472572416	46472444928	127488	512	7.646731
5850647552	5850563072	84480	512	9.196451
52584469504	52584397312	72192	512	9.117386
37303411712	37303312896	98816	512	8.576043
26983308288	26983234048	74240	512	9.325191
58336204800	58336131072	73728	512	8.863400
15353542656	15353469440	73216	512	9.426839
2822739968	2822659584	80384	512	9.323839
31491028480	31490956800	71680	512	7.570598
72111206912	72111085056	121856	512	4.868882
11760363520	11760288768	74752	512	9.406975
12629833216	12629762048	71168	512	7.641167
60658785280	60658698752	86528	512	8.579265
77835515392	77835385856	129536	512	3.769744
4964966912	4964855808	111104	512	8.672131
68867137536	68867033088	104448	512	7.571776
17373899776	17373813248	86528	512	9.177011
48080709120	48080578560	130560	512	7.506666
38221384192	38221301760	82432	512	8.954642
63895131648	63895050240	81408	512	6.637774
24994007552	24993904128	103424	512	8.611899
37037818368	37037726720	91648	512	6.934579
27420195840	27420107776	88064	512	9.020965
79846438912	79846338560	100352	512	4.801101
61771297280	61771191808	105472	512	5.963428
73458731008	73458619392	111616	512	6.990845
68242053632	68241958912	94720	512	6.025482
43611014144	43610885120	129024	512	7.701322
19126862848	19126737920	124928	512	8.233085
66074024448	66073933312	91136	512	8.133263
11184505344	11184435712	69632	512	0.462801
8131681280	8131613184	68096	512	7.701734
224797696	224668672	129024	512	8.318336
40926279680	40926150144	129536	512	5.863958
70904346624	70904235520	111104	512	5.316648
43103354880	43103272448	82432	512	8.909246
8868670976	8868585472	85504	512	9.101021
55734682112	55734554112	128000	512	7.483483
74123474944	74123353600	121344	512	4.704206
61910732288	61910658560	73728	512	0.429273
62382695424	62382603776	91648	512	8.217830
63292159488	63292039680	119808	512	5.466260
19340256256	19340189184	67072	512	9.589363
53702478336	53702404608	73728	512	7.113774
61922027008	61921910784	116224	512	5.656816
30420989952	30420918784	71168	512	9.369361
23740897792	23740785664	112128	512	8.403546
30057984000	30057867776	116224	512	8.293924
17400336896	17400211968	124928	512	8.208200
31881675264	31881593856	81408	512	9.113629
19882548736	19882456064	92672	512	7.134718
75355488768	75355386368	102400	512	7.191302
465898496	465812992	85504	512	0.420665
44235815424	44235698176	117248	512	0.342295
46136552448	46136444928	107520	512	8.134568
79470501376	79470370816	130560	512	5.360054
18181353472	18181256704	96768	512	8.869628
12624330240	12624249856	80384	512	9.356010
43382212096	43382088704	123392	512	7.831408
63401723392	63401620992	102400	512	5.954676
72371772928	72371647488	125440	512	4.711506
31231757312	31231687680	69632	512	9.401701
73245583872	73245476352	107520	512	5.334903
67817823232	67817706496	116736	512	7.174051
17227872768	17227799552	73216	512	9.418328
8734459392	8734342144	117248	512	6.604443
27281054720	27280962048	92672	512	8.945321
53613083136	53613008384	74752	512	8.947182
21578768384	21578663936	104448	512	6.847246
44732574208	44732449280	124928	512	7.780505
41832806400	41832694272	112128	512	8.112557
3430262272	3430187520	74752	512	7.689555
66804134400	66804014080	120320	512	7.059372
38794746880	38794621440	125440	512	7.837360
62079787008	62079719936	67072	512	9.033764
59548244992	59548160512	84480	512	8.530414
34105470976	34105382912	88064	512	8.885695
48396343296	48396256768	86528	512	6.911433
48176255488	48176134144	121344	512	7.807246
71957716480	71957645824	70656	512	8.566504
41684940800	41684834816	105984	512	8.307846
49543151616	49543045632	105984	512	8.187727
2284270080	2284158464	111616	512	8.689819
15568768000	15568636928	131072	512	8.072627
69960347136	69960270848	76288	512	8.464796
21274629120	21274543616	85504	512	9.113388
60398525440	60398455808	69632	512	9.049597
51200468480	51200365056	103424	512	6.401032
77493652992	77493556736	96256	512	7.051301
46570017280	46569893888	123392	512	7.771744
23955476992	23955382272	94720	512	8.820959
56755366400	56755281920	84480	512	8.554748
61650278400	61650209792	68608	512	8.970455
77556685824	77556563968	121856	512	5.920020
48405828096	48405740032	88064	512	6.936740
24336448000	24336339968	108032	512	8.487185
46989725696	46989634048	91648	512	6.776744
39004377600	39004264448	113152	512	8.170636
73319628800	73319545856	82944	512	6.108605
46707406336	46707331072	75264	512	9.082005
76773126656	76773060608	66048	512	8.327038
13066908672	13066778624	130048	512	6.309090
7602984960	7602873856	111104	512	8.621705
37338340352	37338255872	84480	512	7.134647
21107073024	21106981888	91136	512	8.988318
78769152000	78769077760	74240	512	7.969588
1657068544	1656993280	75264	512	9.478965
61991907328	61991803904	103424	512	6.044297
33679964672	33679896576	68096	512	9.405114
24540748288	24540638208	110080	512	8.484583
59301235200	59301161984	73216	512	7.029675
6558199296	6558100992	98304	512	7.026553
27326086656	27325991424	95232	512	8.793578
18289327104	18289254400	72704	512	9.405786
30652098048	30652025344	72704	512	9.321388
41715742720	41715639808	102912	512	0.437346
69449740288	69449665536	74752	512	6.660357
65753533440	65753405952	127488	512	6.958094
22066637824	22066532352	105472	512	8.660010
9734138880	9734054912	83968	512	9.173267
63641824256	63641719808	104448	512	0.442488
76768454656	76768345600	109056	512	6.534956
26140753408	26140679168	74240	512	9.348754
50782587904	50782513152	74752	512	7.196486
37115097600	37115011584	86016	512	8.928280
74014699008	74014582272	116736	512	6.738517
64616987136	64616909824	77312	512	8.588114
44600285696	44600178176	107520	512	8.240145
5386339840	5386222080	117760	512	8.469273
78200168448	78200051712	116736	512	6.179267
50412921856	50412840960	80896	512	8.803679
6962573312	6962489344	83968	512	9.211963
74853319680	74853218304	101376	512	7.297381
3086154752	3086077440	77312	512	9.418941
67431643136	67431524352	118784	512	7.125708
21078045696	21077943296	102400	512	8.743057
51080941056	51080870912	70144	512	9.161942
30717150720	30717053952	96768	512	8.719431
36720121856	36720030208	91648	512	6.942263
20886135296	20886005248	130048	512	7.988577
63129420800	63129298944	121856	512	7.185399
8039119360	8039043584	75776	512	0.486200
5156602368	5156503040	99328	512	0.403037
57032735744	57032666624	69120	512	9.127678
78287635456	78287542272	93184	512	7.176255
7036008960	7035895296	113664	512	6.716203
46985255424	46985147904	107520	512	6.377346
61306544640	61306461696	82944	512	8.511401
43279462912	43279381504	81408	512	8.962098
72633624064	72633512448	111616	512	5.239280
57044933632	57044849152	84480	512	8.613234
21823419392	21823346176	73216	512	9.400093
43833453056	43833332736	120320	512	6.123079
50615385088	50615282176	102912	512	6.387942
36886358528	36886230528	128000	512	5.988788
6206615552	6206542336	73216	512	0.447501
14453804032	14453692928	111104	512	8.588819
53076254208	53076134912	119296	512	7.749239
4291789312	4291715072	74240	512	7.629771
50135267328	50135152640	114688	512	0.412840
61948828672	61948742144	86528	512	8.434656
3747777536	3747648512	129024	512	8.279282
4581124096	4581037056	87040	512	9.185280
63825005568	63824905216	100352	512	7.903792
76798662144	76798582272	79872	512	7.725190
39507183104	39507084288	98816	512	8.534580
12910516224	12910447616	68608	512	9.561857
35059042816	35058914304	128512	512	6.030280
33197972480	33197849088	123392	512	8.009375
7278725632	7278598144	127488	512	8.260037
19029832704	19029715968	116736	512	8.376777
24557082112	24556982272	99840	512	0.463770
77565013504	77564894720	118784	512	6.071701
3125565952	3125450240	115712	512	8.570653
54609762816	54609695232	67584	512	9.144785
64492858368	64492744704	113664	512	7.406616
12172585472	12172486656	98816	512	8.819835
66916079104	66915981824	97280	512	7.820827
22706851328	22706766336	84992	512	9.110580
36767493632	36767422464	71168	512	7.496973
50702185472	50702089216	96256	512	6.606898
24625159680	24625055232	104448	512	6.736058
57533090816	57533019648	71168	512	8.989524
42807777792	42807707136	70656	512	9.241497
54300190720	54300111872	78848	512	8.820912
67267645952	67267541504	104448	512	7.637858
77672723968	77672600064	123904	512	5.865138
38595441152	38595361792	79360	512	9.030099
49451566592	49451487744	78848	512	8.901465
57475362816	57475232256	130560	512	7.246122
78466886144	78466806784	79360	512	5.851530
23098603008	23098472448	130560	512	8.028579
57237385728	57237256704	129024	512	5.466764
21126150656	21126066688	83968	512	9.158313
31160396800	31160295424	101376	512	8.607266
2296309248	2296183808	125440	512	0.473534
13307938816	13307872768	66048	512	7.740832
37884644864	37884516352	128512	512	6.014080
58168481792	58168389632	92160	512	8.297245
1501504000	1501407232	96768	512	7.259342
27103087104	27102968320	118784	512	8.247103
6211817472	6211717120	100352	512	8.855844
30898704384	30898620416	83968	512	9.075217
66191591424	66191513600	77824	512	8.579263
31161030656	31160907264	123392	512	8.074987
52752923648	52752825344	98304	512	8.368639
15185564160	15185454592	109568	512	6.796726
77580827136	77580726272	100864	512	6.863140
62603587584	62603474944	112640	512	7.627096
59444089856	59444000768	89088	512	8.382408
62750917120	62750845952	71168	512	7.050658
10925234176	10925166592	67584	512	9.572696
1345754624	1345634816	119808	512	8.477794
10076665856	10076560384	105472	512	8.723251
20992850944	20992784896	66048	512	7.732800
29378314752	29378238464	76288	512	9.263438
46551492096	46551380992	111104	512	8.089085
24922637824	24922523136	114688	512	8.344874
76548530688	76548402688	128000	512	6.146008
32772404736	32772310528	94208	512	6.946796
63583133696	63583013376	120320	512	7.402719
24630935552	24630851072	84480	512	9.053198
7305875968	7305783296	92672	512	7.163791
55678703104	55678614016	89088	512	8.479755
4802136064	4802021376	114688	512	8.607069
3443967488	3443854848	112640	512	6.712246
23445458944	23445334528	124416	512	6.249001
58561479168	58561385984	93184	512	8.258506
70032620032	70032494080	125952	512	4.928708
59675768832	59675667968	100864	512	8.069064
68940257280	68940133376	123904	512	6.906794
700749824	700676096	73728	512	9.504601
70212065280	70211942912	122368	512	4.905319
50896139264	50896057344	81920	512	6.972975
67079957504	67079832576	124928	512	5.025495
6333783040	6333653504	129536	512	8.181669
79739380224	79739309568	70656	512	7.968976
10368064512	10367975424	89088	512	7.247937
76198906368	76198812160	94208	512	7.419994
62587456000	62587360256	95744	512	8.102222
30597608960	30597539840	69120	512	9.376266
17547751424	17547662336	89088	512	9.078134
46447293952	46447163392	130560	512	7.567336
16064955392	16064883712	71680	512	7.575294
25899661312	25899575808	85504	512	8.991195
74834505728	74834391040	114688	512	6.797556
60482767872	60482698752	69120	512	0.495604
30936926208	30936836608	89600	512	8.899954
61258130432	61258043904	86528	512	6.551903
38295165952	38295098368	67584	512	9.392891
26897739264	26897664512	74752	512	7.480286
62786402304	62786285056	117248	512	7.444875
23028783616	23028678656	104960	512	0.420082
4233564672	4233452544	112128	512	8.632536
70211066368	70210951680	114688	512	5.171587
73856406528	73856285184	121344	512	6.548702
77470637568	77470529536	108032	512	4.671377
47651132416	47651048960	83456	512	8.850519
9067238400	9067148800	89600	512	9.078580
73464536064	73464466944	69120	512	6.612833
23557024768	23556896256	128512	512	6.168476
27712987136	27712906240	80896	512	9.146907
40376178688	40376079872	98816	512	8.557998
62138437632	62138313216	124416	512	7.213042
2512578048	2512509440	68608	512	0.991355
50205432320	50205360640	71680	512	9.073515
44711200768	44711091712	109056	512	8.213848
79198965248	79198841856	123392	512	5.633479
46095625216	46095533568	91648	512	6.754150
33004649984	33004562432	87552	512	8.935235
68923572736	68923485184	87552	512	8.156282
40830138368	40830039040	99328	512	8.540986
71284816896	71284717056	99840	512	7.549559
29956394496	29956297728	96768	512	8.622247
5841947136	5841880064	67072	512	9.574106
32319311360	32319226880	84480	512	7.182797
50158557696	50158432768	124928	512	7.617410
8130324992	8130258944	66048	512	9.633924
65223982080	65223901184	80896	512	8.481558
55624454144	55624342528	111616	512	7.869250
71964615168	71964545536	69632	512	6.732973
17055444992	17055350784	94208	512	8.907736
57004087808	57003992064	95744	512	8.411187
53249408000	53249325056	82944	512	8.758718
74922062848	74921965568	97280	512	5.607431
67054125568	67054043648	81920	512	8.325327
61047964160	61047885312	78848	512	8.606747
49236284416	49236188672	95744	512	8.573636
55599059968	55598950400	109568	512	6.031522
16105390080	16105261568	128512	512	6.275883
66715203584	66715075072	128512	512	6.904997
54188120064	54188001792	118272	512	7.690756
7489437184	7489362944	74240	512	9.451406
53640718848	53640649216	69632	512	9.014556
1596577792	1596496384	81408	512	0.437588
42246817280	42246699520	117760	512	6.031519
46490801152	46490712064	89088	512	6.901051
34087681536	34087611904	69632	512	9.363398
54938035200	54937934336	100864	512	8.158395
25905619456	25905493504	125952	512	8.064619
78132286976	78132165632	121344	512	4.093749
78128676352	78128581632	94720	512	7.108249
35847117312	35847028736	88576	512	8.829515
34529601536	34529490432	111104	512	8.358131
9660727808	9660655104	72704	512	9.432918
29122423296	29122310144	113152	512	8.336720
62420991488	62420914176	77312	512	8.598246
42583702016	42583596544	105472	512	8.339343
9274162176	9274055168	107008	512	8.683409
65803944448	65803852800	91648	512	8.109995
38349638656	38349538304	100352	512	8.666297
16895202816	16895126528	76288	512	0.446352
60415639552	60415513088	126464	512	7.182791
68037707264	68037578752	128512	512	6.731638
76076197376	76076072960	124416	512	6.372773
3039010304	3038888448	121856	512	8.451694
45601828352	45601730560	97792	512	8.474013
42306589696	42306463744	125952	512	7.770330
18073299456	18073182720	116736	512	8.401728
34797867520	34797788672	78848	512	9.181141
74686556672	74686437376	119296	512	4.762933
29972180480	29972064256	116224	512	8.268963
11531336704	11531226624	110080	512	6.760195
57787978240	57787867648	110592	512	5.962230
71485452288	71485359104	93184	512	7.818078
40567345664	40567279104	66560	512	9.375707
78779848704	78779776512	72192	512	8.079683
78188789248	78188670464	118784	512	4.282719
40452760064	40452642816	117248	512	8.111827
30447911936	30447836672	75264	512	9.283279
15770869760	15770768896	100864	512	8.795111
38576518144	38576446976	71168	512	13.877224
35852410880	35852317696	93184	512	7.014393
21577613312	21577503232	110080	512	8.539503
36397216256	36397118464	97792	512	8.672907
32212899328	32212768256	131072	512	6.037124
72839325696	72839206400	119296	512	6.787757
73530583040	73530510848	72192	512	8.398961
62979330560	62979234304	96256	512	8.021473
10016580608	10016511488	69120	512	0.473549
13673217536	13673119744	97792	512	8.869697
39737375744	39737250304	125440	512	5.994051
14108818432	14108690432	128000	512	8.207444
45353532928	45353418240	114688	512	7.993137
67842391552	67842265600	125952	512	5.002940
24462785024	24462679040	105984	512	6.709078
26910028288	26909932544	95744	512	8.788147
64825016832	64824912896	103936	512	7.739997
44513863680	44513757184	106496	512	8.295466
17472996352	17472883712	112640	512	8.513634
63015432704	63015335424	97280	512	8.059409
42177262080	42177191936	70144	512	9.261718
7353499648	7353427456	72192	512	9.482685
71334763008	71334650880	112128	512	7.152962
18958163968	18958063616	100352	512	8.792293
76628422144	76628311040	111104	512	4.937672
6691783168	6691662848	120320	512	8.374230
52833369088	52833297408	71680	512	9.089563
47725017088	47724945920	71168	512	9.156505
67697267712	67697139200	128512	512	5.040316
73801232384	73801144320	88064	512	7.821035
72254097408	72254007808	89600	512	7.822848
28801629184	28801520128	109056	512	6.572321
21286660096	21286569984	90112	512	9.024446
43860912640	43860839424	73216	512	9.182147
60075728896	60075660800	68096	512	9.032442
29262416384	29262301184	115200	512	6.458860
68400440832	68400347648	93184	512	6.120757
12120796672	12120688128	108544	512	6.782211
44348154880	44348049920	104960	512	6.443537
73190671872	73190548992	122880	512	6.674787
42957762560	42957656576	105984	512	8.156003
68893564928	68893468672	96256	512	6.009097
3945960448	3945858560	101888	512	8.864537
24094182400	24094083584	98816	512	8.730783
48103769088	48103673344	95744	512	8.473027
22549224448	22549155840	68608	512	9.503267
65567166464	65567074816	91648	512	6.262569
73886105088	73886029824	75264	512	8.265521
29013328896	29013234688	94208	512	8.802741
66338619904	66338496000	123904	512	7.090723
5063431680	5063324160	107520	512	8.761996
77971282432	77971195904	86528	512	5.548032
3882930176	3882860544	69632	512	9.572031
63166617088	63166518784	98304	512	8.003397
70535596032	70535480320	115712	512	5.144236
74997515264	74997416960	98304	512	5.551740
66330904576	66330784768	119808	512	7.237510
75894838272	75894747648	90624	512	5.782217
6407005184	6406920192	84992	512	7.320493
6033856512	6033777664	78848	512	0.435290
18804403200	18804322304	80896	512	0.443004
22102490624	22102423552	67072	512	9.555159
38207106560	38206994432	112128	512	6.390703
73397942272	73397816320	125952	512	6.370135
6759406080	6759289344	116736	512	8.486922
37216220160	37216093184	126976	512	7.896740
46361707008	46361607680	99328	512	8.492475
53489607168	53489531392	75776	512	8.916069
46863528960	46863399424	129536	512	7.548723
30941770752	30941664256	106496	512	8.495166
18664940032	18664860160	79872	512	9.285053
36244150784	36244058624	92160	512	8.800255
79079987712	79079901696	86016	512	0.429872
14016659968	14016557056	102912	512	8.744769
59802406400	59802320384	86016	512	6.634822
8361057280	8360979968	77312	512	9.381035
4755393536	4755309056	84480	512	0.368528
14875793920	14875709440	84480	512	0.464997
9263203328	9263117824	85504	512	0.433647
67207752192	67207623168	129024	512	0.497073
66501298176	66501205504	92672	512	6.270108
31933979648	31933896192	83456	512	9.025977
42623944192	42623834112	110080	512	8.201053
23027474944	23027391488	83456	512	9.071160
29684084736	29684007936	76800	512	9.195668
79308999680	79308932608	67072	512	8.142182
50363184128	50363056128	128000	512	7.605008
65366845440	65366740992	104448	512	5.849335
44515050496	44514979840	70656	512	0.525296
37078746624	37078678016	68608	512	9.354205
33227795968	33227689984	105984	512	8.447675
17075509248	17075415040	94208	512	8.971037
78528078336	78527971328	107008	512	4.782384
77335882752	77335762432	120320	512	4.152957
78040322560	78040245248	77312	512	5.998907
19046904832	19046819840	84992	512	7.243886
70306074112	70305987584	86528	512	8.059672
27307982336	27307858432	123904	512	8.112978
2086380032	2086306304	73728	512	9.509225
24604367360	24604257792	109568	512	6.612604
34384462848	34384354304	108544	512	8.386961
48893630976	48893518848	112128	512	6.337465
15891684864	15891555840	129024	512	6.276879
76193476096	76193406464	69632	512	8.403768
51401868288	51401794048	74240	512	9.041621
40239973376	40239855616	117760	512	7.971499
53332116992	53332038144	78848	512	8.819918
9437391872	9437262336	129536	512	8.156964
51485872640	51485790720	81920	512	0.478707
61771560960	61771452416	108544	512	7.731417
42621368320	42621281280	87040	512	8.805389
7544468992	7544344064	124928	512	8.306942
62630046208	62629946880	99328	512	7.998484
58329306624	58329189888	116736	512	7.546427
48669562880	48669441536	121344	512	7.857027
72925981184	72925892608	88576	512	6.096223
31694327296	31694234624	92672	512	8.826140
1847263744	1847153664	110080	512	8.749275
65842536960	65842454016	82944	512	8.418064
79175232512	79175113728	118784	512	3.990365
11482054144	11481958400	95744	512	8.930883
48329709568	48329589248	120320	512	6.019144
76038411776	76038341632	70144	512	6.561624
45450328064	45450210304	117760	512	7.908496
6147865088	6147789824	75264	512	9.411042
57537313280	57537197568	115712	512	7.697647
25558808576	25558692864	115712	512	6.475850
79500800000	79500682240	117760	512	4.039771
6652198912	6652068864	130048	512	6.317417
69797808128	69797679616	128512	512	6.611976
48963765248	48963643392	121856	512	7.819557
11326829056	11326743040	86016	512	9.159282
14294053376	14293957632	95744	512	8.901715
45619019776	45618893824	125952	512	5.840984
3004881920	3004761088	120832	512	8.371674
43453301248	43453179904	121344	512	7.957193
78304399360	78304328704	70656	512	8.126541
52109182464	52109106688	75776	512	8.947599
67490381824	67490301952	79872	512	8.401585
69346778112	69346653696	124416	512	4.968971
66735012352	66734924800	87552	512	8.273663
59338462720	59338387456	75264	512	8.825370
79140179456	79140082176	97280	512	6.733607
22740509184	22740380160	129024	512	6.274087
55760391680	55760278016	113664	512	7.848967
71315697664	71315604992	92672	512	7.826281
14145202176	14145126912	75264	512	9.360807
26075247104	26075145216	101888	512	8.658407
47118110208	47117993472	116736	512	7.906929
22195992576	22195897344	95232	512	8.872133
19664784896	19664673280	111616	512	8.528274
49651036160	49650959872	76288	512	8.985177
61856078336	61855949312	129024	512	5.214540
16060975616	16060860928	114688	512	8.445621
19449552896	19449444864	108032	512	8.619858
8403687424	8403603456	83968	512	9.205177
61029511168	61029393408	117760	512	0.439959
27158865920	27158746624	119296	512	6.382764
11108097024	11107999744	97280	512	8.884708
68522347520	68522254336	93184	512	7.895733
71220220928	71220104704	116224	512	7.010458
26570134016	26570058240	75776	512	9.275552
15756887040	15756774400	112640	512	8.501520
20136323584	20136252928	70656	512	9.465319
58469401088	58469310464	90624	512	8.326018
38689531392	38689448960	82432	512	8.971886
4771272704	4771151872	120832	512	6.621746
21310109184	21309993984	115200	512	8.448978
73267149312	73267074560	74752	512	6.519882
74982893568	74982786560	107008	512	5.237965
27667232768	27667143680	89088	512	8.968978
7750839296	7750711296	128000	512	6.375822
62152728576	62152627200	101376	512	7.943991
11542041600	11541925376	116224	512	6.624752
17867866624	17867750912	115712	512	6.569638
78828514816	78828439040	75776	512	6.003826
41408475136	41408403968	71168	512	9.262736
30447520256	30447442944	77312	512	9.199369
40907536896	40907433984	102912	512	8.417139
38401784320	38401660416	123904	512	7.985847
2459454464	2459371008	83456	512	9.242774
35695906304	35695817728	88576	512	7.090419
43754863616	43754781184	82432	512	7.056778
25887454208	25887347200	107008	512	8.524521
55868199936	55868094976	104960	512	6.307700
73463577600	73463459840	117760	512	6.695569
26882099200	26882010624	88576	512	8.964880
27725264896	27725140480	124416	512	6.254063
21305157632	21305054720	102912	512	8.743381
27251717632	27251586560	131072	512	7.954093
23081427456	23081340416	87040	512	0.448767
9952593920	9952516608	77312	512	7.476605
15474148864	15474038784	110080	512	8.565922
40111610880	40111514112	96768	512	8.598353
24422147584	24422036480	111104	512	8.470201
57110979072	57110849536	129536	512	5.405767
72555040768	72554946560	94208	512	7.674422
45809527808	45809414656	113152	512	6.158149
21656008192	21655879680	128512	512	8.148941
43999693312	43999576064	117248	512	6.110608
28295734784	28295647232	87552	512	8.990166
4853164544	4853083648	80896	512	9.314057
12493582848	12493476864	105984	512	6.860118
50028362752	50028289024	73728	512	7.169869
69650253824	69650130944	122880	512	6.865072
12681843200	12681743872	99328	512	8.807691
74940626944	74940550144	76800	512	8.213036
3832011264	3831914496	96768	512	8.989850
37252740096	37252637696	102400	512	6.622872
45646627840	45646558208	69632	512	9.219120
71370934784	71370862080	72704	512	8.548521
20423475712	20423387648	88064	512	9.099682
30645963776	30645840384	123392	512	8.086286
39470973952	39470883840	90112	512	8.792643
40515471360	40515343872	127488	512	7.799594
71149418496	71149338112	80384	512	6.419784
12036763648	12036675072	88576	512	9.104275
3116011008	3115882496	128512	512	8.294884
77331165696	77331088896	76800	512	5.923313
2733955072	2733848064	107008	512	8.784004
1470774784	1470678528	96256	512	9.010421
59467514880	59467428864	86016	512	8.477774
40530888192	40530803200	84992	512	8.912007
62909096960	62909027840	69120	512	8.911863
67919731200	67919618560	112640	512	5.450906
53265573376	53265446912	126464	512	7.563923
62171153920	62171035648	118272	512	5.551533
10027276800	10027146240	130560	512	8.123145
41910935552	41910829568	105984	512	6.413830
24850027008	24849940992	86016	512	9.033723
21200998912	21200919552	79360	512	9.267523
37283806720	37283679232	127488	512	7.861768
4223938560	4223830016	108544	512	8.734513
4957580288	4957451776	128512	512	6.445262
34391091712	34391025664	66048	512	9.441922
37617208320	37617115136	93184	512	8.739544
5658979840	5658892288	87552	512	0.427977
56212877312	56212786688	90624	512	8.404983
66047298560	66047186944	111616	512	7.490227
22023955968	22023830528	125440	512	6.360742
27073746432	27073670144	76288	512	9.263992
61644054016	61643983872	70144	512	7.007777
17424776192	17424659456	116736	512	8.389983
12923726336	12923600384	125952	512	8.237241
35907381760	35907275264	106496	512	8.444366
3541752320	3541651968	100352	512	8.919083
45112825344	45112710144	115200	512	7.984267
52192205824	52192077824	128000	512	7.508713
48078260736	48078179840	80896	512	8.903556
30178238464	30178156544	81920	512	9.097747
33207785984	33207712256	73728	512	9.354404
68973516800	68973419008	97792	512	7.670248
11398854144	11398756864	97280	512	8.902003
2884375040	2884260864	114176	512	6.777071
49828457472	49828366848	90624	512	6.582407
33211899904	33211830784	69120	512	9.394439
60133526528	60133403136	123392	512	7.361071
68194078720	68193980416	98304	512	7.778993
33509320704	33509252608	68096	512	7.560377
16594711040	16594636800	74240	512	7.423502
68725878272	68725752320	125952	512	6.960425
67638761472	67638694400	67072	512	8.840930
69691289600	69691185664	103936	512	7.529209
31024910848	31024829952	80896	512	9.128587
77395745792	77395673600	72192	512	6.185313
18957004288	18956884992	119296	512	8.323064
48710812672	48710712832	99840	512	6.555296
6466518016	6466397184	120832	512	8.424423
59446572544	59446446592	125952	512	7.280730
50234641920	50234551808	90112	512	8.572964
49037476352	49037387776	88576	512	8.687037
46066651648	46066554880	96768	512	8.509861
62138595840	62138472448	123392	512	7.232050
58408507392	58408428032	79360	512	6.817454
38784404480	38784301056	103424	512	8.414285
2394649088	2394542592	106496	512	8.783726
18731887104	18731789312	97792	512	6.956736
14833291264	14833172992	118272	512	6.570774
68318790144	68318679040	111104	512	5.527624
66529034240	66528916480	117760	512	5.417685
8453039616	8452958208	81408	512	9.269522
73754653184	73754544128	109056	512	5.155827
38398141440	38398062592	78848	512	9.126319
71734720512	71734623744	96768	512	5.785417
32981986304	32981879296	107008	512	8.449376
79358844928	79358759936	84992	512	7.348690
1304858624	1304753664	104960	512	8.839808
45295385600	45295308288	77312	512	7.182680
43121311744	43121234944	76800	512	7.213387
62347180544	62347102208	78336	512	6.822832
15866595328	15866503680	91648	512	7.151133
54110439936	54110347776	92160	512	8.439032
45778124288	45778036224	88064	512	0.431732
52176313856	52176192000	121856	512	5.841475
30298074112	30298002944	71168	512	9.324085
74713196032	74713088512	107520	512	7.076804
27805337088	27805228032	109056	512	6.612362
79695458304	79695340544	117760	512	5.891414
10814577664	10814501376	76288	512	0.447985
29656861696	29656770048	91648	512	8.861117
79654321152	79654214144	107008	512	4.527994
49132383232	49132284928	98304	512	6.577856
37219431936	37219357696	74240	512	7.349198
52921712128	52921635840	76288	512	8.950764
75585510400	75585396736	113664	512	0.420268
62291390976	62291294720	96256	512	8.088350
35242286592	35242188288	98304	512	8.655256
26984421888	26984326144	95744	512	8.789890
20399089664	20398992384	97280	512	8.829219
1614415360	1614336512	78848	512	9.391959
51520851968	51520737280	114688	512	7.924438
46922982400	46922866688	115712	512	7.956164
7023230976	7023140864	90112	512	9.172124
72434869248	72434789888	79360	512	0.479665
32636496896	32636404736	92160	512	8.759610
13222254592	13222150144	104448	512	6.862518
8432952320	8432827392	124928	512	6.449376
3671420416	3671290880	129536	512	8.259096
7922456064	7922328576	127488	512	8.319356
46411872256	46411778048	94208	512	8.526400
78155174400	78155070976	103424	512	0.452080
11302757376	11302690816	66560	512	9.609827
44743813632	44743690240	123392	512	7.856441
52965343744	52965225984	117760	512	7.804724
49465994240	49465869824	124416	512	7.643056
40046625792	40046505984	119808	512	7.988030
71943367168	71943255552	111616	512	7.089096
27496937984	27496861184	76800	512	9.294098
40476135936	40476046848	89088	512	8.785710
4600934912	4600810496	124416	512	8.366805
33770943488	33770817536	125952	512	7.969884
3112926208	3112856064	70144	512	0.422739
20273619456	20273523712	95744	512	8.860112
13848021504	13847907328	114176	512	8.476981
79106477056	79106408960	68096	512	8.096706
21989665280	21989535232	130048	512	8.032092
31400869888	31400757760	112128	512	0.387589
56508902400	56508781056	121344	512	7.530493
59113852416	59113751552	100864	512	8.085293
74061636096	74061543424	92672	512	0.505085
56573274112	56573169152	104960	512	6.147749
16408984576	16408871424	113152	512	8.508951
33062190080	33062063104	126976	512	7.991690
39406209024	39406087168	121856	512	6.110165
32724859904	32724752896	107008	512	6.650083
71053768192	71053645312	122880	512	6.769815
42599667200	42599554048	113152	512	8.108812
52942379008	52942259200	119808	512	5.708646
27736783360	27736697856	85504	512	9.070117
65814813696	65814696448	117248	512	5.451376
25595214336	25595121664	92672	512	8.882589
73215661056	73215542272	118784	512	4.974639
50980726272	50980653056	73216	512	9.041164
37322608128	37322479104	129024	512	5.949690
71883860480	71883763200	97280	512	7.428633
67804674560	67804588544	86016	512	8.182636
23838530560	23838427136	103424	512	8.609821
14484974080	14484848640	125440	512	6.473996
15960172032	15960076800	95232	512	8.897772
25490968064	25490848256	119808	512	8.226606
14478212096	14478134784	77312	512	9.299699
39117591552	39117517824	73728	512	9.165041
18940071424	18939952640	118784	512	8.361953
30509747200	30509624832	122368	512	6.242047
51149277696	51149184512	93184	512	6.715035
42517432320	42517359616	72704	512	9.111270
61145169920	61145099776	70144	512	7.046119
58742453760	58742327808	125952	512	7.351668
56936931840	56936813056	118784	512	7.576047
13088785920	13088696832	89088	512	9.065969
59744657408	59744545280	112128	512	5.778990
9281923584	9281825792	97792	512	8.901079
55526950400	55526830080	120320	512	7.615951
70526906880	70526816256	90624	512	7.890141
54026095104	54026013184	81920	512	8.705751
35590761472	35590690304	71168	512	9.321869
46817752576	46817686528	66048	512	9.340409
27469596672	27469487616	109056	512	0.453621
71839366656	71839289344	77312	512	6.466792
20908693504	20908615680	77824	512	9.275180
42673345024	42673225728	119296	512	6.070523
24154352128	24154239488	112640	512	0.476888
66144247808	66144116736	131072	512	4.989112
66580795392	66580709376	86016	512	8.327784
55725529088	55725412352	116736	512	7.763598
45343479808	45343411712	68096	512	9.238587
2367564800	2367484928	79872	512	7.504494
55474278912	55474150912	128000	512	5.527583
16293997056	16293906432	90624	512	9.024151
55002042368	55001968640	73728	512	8.964200
3317457920	3317370880	87040	512	9.160702
8046248448	8046142464	105984	512	8.757120
65232578560	65232504832	73728	512	8.714738
42727011840	42726914560	97280	512	8.516287
59996472832	59996353024	119808	512	7.448771
54218267648	54218150400	117248	512	7.713691
68903776256	68903677440	98816	512	5.879602
22593267200	22593161728	105472	512	8.667985
32033699328	32033619456	79872	512	7.335347
16205619712	16205489664	130048	512	8.010547
46894786048	46894718464	67584	512	9.241234
71325859840	71325728768	131072	512	6.496976
70036754432	70036688384	66048	512	7.021294
42028061184	42027950080	111104	512	6.401336
46362158592	46362079744	78848	512	8.889312
74170124288	74170048512	75776	512	6.474939
28356498944	28356388352	110592	512	8.435749
32246910976	32246817280	93696	512	6.881364
18904822272	18904722944	99328	512	8.689964
1757035008	1756931584	103424	512	8.816225
21090600960	21090485760	115200	512	8.346736
69623240704	69623131136	109568	512	5.503623
61328467968	61328371712	96256	512	8.072334
18398033920	18397917696	116224	512	6.593319
16517186560	16517073920	112640	512	8.485848
22668446720	22668319744	126976	512	8.175204
10000894976	10000792064	102912	512	8.805289
63526978048	63526897152	80896	512	8.567390
36556041216	36555970560	70656	512	9.388153
11496090112	11495976960	113152	512	8.543320
59321932288	59321846784	85504	512	8.507571
75410707968	75410612224	95744	512	7.460911
61258244096	61258157056	87040	512	8.406402
33755026944	33754927104	99840	512	8.608814
13069046272	13068968448	77824	512	9.322167
31748765696	31748637184	128512	512	7.963647
16217251840	16217122816	129024	512	6.253619
40106126336	40106005504	120832	512	8.033365
5053429760	5053317120	112640	512	6.774048
79166776320	79166695936	80384	512	7.560534
17887537664	17887439360	98304	512	6.922389
65085189632	65085112320	77312	512	6.756789
38349146112	38349055488	90624	512	0.463350
65233230336	65233115136	115200	512	7.366441
66867282432	66867188736	93696	512	6.095643
52389657088	52389589504	67584	512	9.184274
3569099776	3568988672	111104	512	8.676830
55194713600	55194644480	69120	512	9.118978
54560736256	54560654336	81920	512	8.767308
62396453888	62396329472	124416	512	7.188988
68632898560	68632823296	75264	512	8.549877
58853706752	58853600256	106496	512	7.900382
69154050048	69153954304	95744	512	7.889638
27075336192	27075251712	84480	512	9.089480
43164942336	43164860928	81408	512	8.878986
8187201024	8187073024	128000	512	0.438350
38242994688	38242892288	102400	512	0.407898
67178309632	67178198528	111104	512	0.558234
40365497856	40365401088	96768	512	8.592868
59644365824	59644263936	101888	512	8.018925
67749137920	67749068288	69632	512	8.758105
63766200832	63766094848	105984	512	7.734586
19127724032	19127634944	89088	512	9.049596
35955891200	35955764736	126464	512	6.093348
22035824128	22035729408	94720	512	8.917596
33258457600	33258355712	101888	512	8.599283
65280179712	65280089088	90624	512	8.175535
56007662080	56007559680	102400	512	6.267733
12604176384	12604096000	80384	512	9.302733
56704506880	56704440320	66560	512	9.150451
27225595392	27225526784	68608	512	9.556802
75100193280	75100064256	129024	512	4.423951
64183304192	64183179264	124928	512	7.072790
3792370176	3792272384	97792	512	8.955164
78443662336	78443540480	121856	512	5.977737
10124637184	10124529664	107520	512	8.679983
72775922176	72775793152	129024	512	4.577501
69162680832	69162583552	97280	512	7.757636
7200588800	7200502784	86016	512	9.176936
36384306176	36384235520	70656	512	0.430495
3803992064	3803865600	126464	512	8.322388
71179122688	71179024896	97792	512	0.424746
64762996736	64762871808	124928	512	7.043174
4471094784	4470977536	117248	512	8.539421
37963930112	37963846144	83968	512	8.986370
38634510336	38634443264	67072	512	9.365772
1369060864	1368986112	74752	512	9.487157
79040402432	79040319488	82944	512	7.427391
19213291008	19213190656	100352	512	8.808015
71516103680	71516000768	102912	512	7.477443
48594383360	48594284032	99328	512	6.555335
3041965568	3041899520	66048	512	9.671592
2877230592	2877154304	76288	512	7.584300
3596073472	3595966464	107008	512	8.762008
16528644096	16528543232	100864	512	8.776777
4785734144	4785634816	99328	512	8.943646
62311193088	62311081984	111104	512	5.777592
36046355968	36046243840	112128	512	6.422758
47292958720	47292847104	111616	512	8.097682
23245552128	23245467136	84992	512	7.225174
32669774336	32669668352	105984	512	8.495871
927869952	927783936	86016	512	9.371953
29962806784	29962707968	98816	512	8.688878
25425804800	25425684480	120320	512	8.236182
39158567936	39158473728	94208	512	8.701342
69769307648	69769181184	126464	512	4.930450
66226826752	66226731008	95744	512	6.144437
19822480896	19822372864	108032	512	6.735925
47603631104	47603523584	107520	512	8.210571
23093160448	23093090816	69632	512	9.412127
14142071296	14142002688	68608	512	9.550351
33906502144	33906421248	80896	512	9.028957
63472016896	63471902720	114176	512	7.500513
69045844992	69045765120	79872	512	8.356889
7547494912	7547378176	116736	512	6.611179
43228770304	43228699648	70656	512	9.224308
40933147136	40933066240	80896	512	9.016748
25894328320	25894204928	123392	512	6.308147
50625228288	50625152000	76288	512	8.990080
64479666688	64479555584	111104	512	7.488460
30860293120	30860187136	105984	512	8.502532
73624600576	73624497664	102912	512	5.413522
12518409216	12518299136	110080	512	8.625548
19073671168	19073567744	103424	512	8.738226
6422949888	6422858240	91648	512	7.191512
4146041344	4145925120	116224	512	8.553036
5506082304	5505961472	120832	512	8.436754
57506695168	57506614784	80384	512	8.736989
17403820032	17403749888	70144	512	9.499452
71909077504	71908946432	131072	512	4.515810
18911392768	18911317504	75264	512	9.276013
22350191616	22350116352	75264	512	9.374876
75763493376	75763419136	74240	512	8.253130
30289107968	30288994304	113664	512	8.325083
58421136384	58421064704	71680	512	0.409418
22079380480	22079260160	120320	512	8.291559
68641319424	68641248256	71168	512	8.725868
69501858304	69501760512	97792	512	7.685897
11595338240	11595260928	77312	512	0.465965
15707031552	15706914304	117248	512	8.388444
23572435968	23572341760	94208	512	8.831383
39701574144	39701458432	115712	512	8.110732
59836490240	59836364800	125440	512	5.440409
39113334784	39113235968	98816	512	8.539159
74658834944	74658724864	110080	512	6.984562
78449459200	78449389568	69632	512	8.153201
30792449536	30792332288	117248	512	8.230368
61728563712	61728465920	97792	512	6.177190
51222776832	51222690816	86016	512	6.865498
48805779456	48805656576	122880	512	7.785747
66402214912	66402129408	85504	512	8.335853
43436838912	43436756992	81920	512	8.926441
3261577216	3261456896	120320	512	8.500668
73039969280	73039858176	111104	512	5.335206
67099072512	67098943488	129024	512	4.901585
22004214272	22004130816	83456	512	9.191681
75716194304	75716079104	115200	512	4.839785
39826041344	39825972736	68608	512	9.319338
26217371136	26217288192	82944	512	7.247648
75955416576	75955346944	69632	512	6.603528
13220377600	13220274688	102912	512	8.739243
38259525120	38259432960	92160	512	8.767860
29129465344	29129353216	112128	512	8.358577
22328286720	22328212992	73728	512	0.427387
66207032320	66206916096	116224	512	0.443356
77063515136	77063430656	84480	512	5.709217
26624783360	26624665088	118272	512	8.270440
61005765120	61005637120	128000	512	7.110360
35262578176	35262455808	122368	512	0.513266
70305766912	70305689088	77824	512	8.338981
72678028288	72677960704	67584	512	8.685515
51172704768	51172636160	68608	512	9.118302
7332595200	7332506112	89088	512	9.106615
39914093056	39913988096	104960	512	8.412318
30132092928	30131968000	124928	512	8.024467
63106676224	63106551296	124928	512	5.301151
31965558784	31965444608	114176	512	8.296552
61593773056	61593705472	67584	512	0.591400
73579337728	73579211776	125952	512	0.439326
76329128960	76329060864	68096	512	8.476157
32408130560	32408031232	99328	512	8.670753
7184357376	7184227328	130048	512	8.121044
34444606464	34444503040	103424	512	8.497946
12573900288	12573773824	126464	512	8.234403
12418088448	12418011136	77312	512	9.293086
79354812416	79354684416	128000	512	5.457153
56542104064	56542013952	90112	512	8.455472
66908214272	66908142592	71680	512	8.745696
69451010560	69450929152	81408	512	8.317535
17086562816	17086468608	94208	512	8.932539
40848688128	40848568832	119296	512	6.192804
21636609024	21636541440	67584	512	9.540505
7348318720	7348240896	77824	512	9.357524
18324576768	18324449792	126976	512	6.340516
58956712448	58956620288	92160	512	8.285142
73868361728	73868281344	80384	512	8.103502
11191852032	11191751168	100864	512	8.817040
18345581568	18345453056	128512	512	8.061657
64761510400	64761403392	107008	512	7.605548
7497414656	7497336320	78336	512	9.376081
19250426880	19250310656	116224	512	8.429400
58791438848	58791307776	131072	512	0.377751
25987897344	25987831296	66048	512	9.533619
74138426368	74138332672	93696	512	7.576108
44893238784	44893147136	91648	512	8.660863
4850917888	4850816000	101888	512	8.898241
52198236160	52198169088	67072	512	9.213458
247606272	247512576	93696	512	9.044846
12426724352	12426598400	125952	512	8.278065
65611786240	65611712512	73728	512	6.833771
66380624896	66380547584	77312	512	8.585504
11453089280	11452977664	111616	512	8.581833
13782572544	13782452224	120320	512	8.405586
54113441792	54113361920	79872	512	8.780654
16417927680	16417798144	129536	512	6.248316
11574209536	11574095360	114176	512	8.489910
62098522624	62098414592	108032	512	7.800982
48667972608	48667885568	87040	512	8.738365
20251515904	20251390464	125440	512	8.167337
40923831808	40923763200	68608	512	9.353027
9170727424	9170606592	120832	512	8.317555
19413572096	19413444096	128000	512	8.128195
50814301184	50814202880	98304	512	8.364992
48178403840	48178330624	73216	512	9.108803
1910222336	1910095360	126976	512	8.342347
30748372480	30748268032	104448	512	8.561623
30360400896	30360320512	80384	512	7.255839
64593207808	64593112064	95744	512	7.942300
73848428032	73848334848	93184	512	7.617252
32470313984	32470198784	115200	512	8.279208
34192310784	34192206336	104448	512	8.487697
4692063744	4691961344	102400	512	8.865435
10992650240	10992531968	118272	512	8.457376
76093085184	76092958208	126976	512	6.233761
72381471232	72381398528	72704	512	8.453371
31091086848	31090959872	126976	512	7.983224
24948647936	24948545024	102912	512	8.636214
20676274688	20676167680	107008	512	8.611017
67857686016	67857603584	82432	512	8.292919
43554849280	43554778112	71168	512	0.436214
60576673792	60576592896	80896	512	6.766698
50050231296	50050142720	88576	512	8.634607
67502755328	67502653440	101888	512	7.641151
58872150016	58872052224	97792	512	8.134277
36112532992	36112448512	84480	512	8.987644
46956238848	46956135424	103424	512	0.426041
6278130176	6278031872	98304	512	8.903575
51169499648	51169390080	109568	512	8.050692
55096387584	55096306688	80896	512	6.914630
35156529152	35156409344	119808	512	8.110077
50255843328	50255739904	103424	512	8.253090
19430017024	19429943808	73216	512	9.360576
22185890816	22185787392	103424	512	6.868305
67691819520	67691715072	104448	512	7.504930
60727149056	60727063552	85504	512	8.519239
14084055040	14083968000	87040	512	9.053910
210824192	210705408	118784	512	8.504344
23998538240	23998447616	90624	512	8.938641
44029001728	44028924928	76800	512	7.222323
56600601600	56600482816	118784	512	7.598195
77526420992	77526326784	94208	512	7.124853
9052683264	9052573184	110080	512	8.623023
2903476224	2903366144	110080	512	8.704122
16461747200	16461677568	69632	512	9.510474
5766700544	5766572544	128000	512	6.408518
8546869760	8546738688	131072	512	6.278738
31323135488	31323048448	87040	512	7.121124
69533061120	69532957696	103424	512	7.577140
25004300288	25004177920	122368	512	6.357300
15351345664	15351225344	120320	512	6.474345
56707816960	56707710464	106496	512	7.958323
8543426560	8543304704	121856	512	6.490823
7754587648	7754478080	109568	512	8.699448
13039824896	13039713792	111104	512	8.590001
49859824128	49859754496	69632	512	9.156765
24660445696	24660353536	92160	512	8.908045
56705323008	56705200640	122368	512	0.769270
59019245568	59019175424	70144	512	8.996487
76636160000	76636085248	74752	512	8.179662
59775707136	59775593984	113152	512	5.777256
13703588864	13703460864	128000	512	8.204681
57733442560	57733347328	95232	512	8.280469
1992032768	1991943168	89600	512	9.155264
14162481664	14162395648	86016	512	7.305904
26893628416	26893534208	94208	512	7.031813
76501182976	76501093376	89600	512	7.665072
33432646144	33432565760	80384	512	7.276247
6421775872	6421666304	109568	512	8.640632
78335805440	78335686656	118784	512	4.231070
50084304384	50084219904	84480	512	0.427753
56171620864	56171539968	80896	512	8.695206
70884509184	70884424704	84480	512	8.113060
40730888192	40730784768	103424	512	8.404374
63905164288	63905050624	113664	512	5.560841
60602929152	60602805248	123904	512	7.284000
21564068352	21563958272	110080	512	8.568846
12902937088	12902856192	80896	512	9.331643
42962988544	42962910208	78336	512	9.015374
15545901056	15545790976	110080	512	8.526744
27205880320	27205792768	87552	512	8.985891
28125334016	28125249536	84480	512	8.981435
65319197184	65319120384	76800	512	8.629140
32161250304	32161177088	73216	512	9.288328
71641296384	71641181184	115200	512	6.943390
31208720896	31208640000	80896	512	9.130045
50832159744	50832083456	76288	512	7.085604
74399433728	74399322624	111104	512	5.119655
24999279616	24999184384	95232	512	8.745677
18624411648	18624308736	102912	512	8.732336
64055801856	64055691776	110080	512	5.646607
33004550144	33004424704	125440	512	6.164702
35202348544	35202223616	124928	512	8.012587
15763116544	15762998784	117760	512	8.366207
19644475392	19644396032	79360	512	9.316165
34862126592	34862042624	83968	512	9.014920
67919977472	67919870464	107008	512	7.548527
18125190656	18125097472	93184	512	8.944501
51953738240	51953655808	82432	512	8.775932
47518416896	47518332928	83968	512	8.824741
64198192128	64198117888	74240	512	8.735892
12434335232	12434208768	126464	512	6.380668
13194758656	13194672128	86528	512	7.237715
47104611840	47104518144	93696	512	6.703752
53838792704	53838668800	123904	512	5.637652
51547447296	51547326464	120832	512	7.691915
14448507904	14448382976	124928	512	8.279240
14342993408	14342913536	79872	512	9.287291
16550342656	16550249472	93184	512	8.843704
41853167616	41853060096	107520	512	8.246783
34414828032	34414729216	98816	512	8.691541
36456915968	36456840192	75776	512	9.184682
15429346304	15429266432	79872	512	9.304507
77375109632	77374989824	119808	512	6.037180
58206962176	58206855680	106496	512	7.830050
36414471168	36414357504	113664	512	8.279482
1152459776	1152343040	116736	512	8.564380
16264140800	16264015360	125440	512	8.220859
30133827584	30133712384	115200	512	8.274957
36862976000	36862880768	95232	512	8.683789
48996388352	48996282368	105984	512	8.233951
77730652672	77730561536	91136	512	5.391313
38614079488	38613986816	92672	512	8.763627
65857588736	65857469952	118784	512	7.272848
66094015488	66093935616	79872	512	8.551233
51564598784	51564483072	115712	512	7.849603
70324708352	70324637184	71168	512	8.630658
22907078656	22906992640	86016	512	9.040898
56108377600	56108306432	71168	512	7.188591
43549382144	43549282304	99840	512	8.444015
31811992064	31811908608	83456	512	9.104622
70197809152	70197713408	95744	512	5.873084
18572612096	18572499456	112640	512	8.503297
18474181120	18474103808	77312	512	9.355706
67761618432	67761521152	97280	512	7.834165
70306209792	70306095104	114688	512	7.043561
26457942528	26457836032	106496	512	8.601983
31432555008	31432474624	80384	512	9.114664
29097733120	29097654272	78848	512	9.142243
22495149568	22495039488	110080	512	6.705696
74791284224	74791199744	84480	512	7.849853
57682238464	57682161664	76800	512	8.850302
56025982464	56025854976	127488	512	7.429357
60466472448	60466357248	115200	512	7.590932
24247156224	24247075840	80384	512	9.176445
58678594560	58678496256	98304	512	8.112824
52132530688	52132451840	78848	512	8.845319
57752164864	57752068608	96256	512	6.275679
26745469440	26745342464	126976	512	6.186997
28381127680	28381014528	113152	512	6.504661
70974700544	70974603264	97280	512	5.819909
43001747968	43001660928	87040	512	8.795062
59013488640	59013363712	124928	512	5.477302
52054821376	52054733312	88064	512	8.672686
17361729536	17361646080	83456	512	9.169148
14863459840	14863339520	120320	512	8.366797
8558998016	8558889984	108032	512	8.630881
75597601792	75597479936	121856	512	6.450336
54242902016	54242830848	71168	512	9.049820
2796190720	2796093952	96768	512	8.978849
73152884736	73152776192	108544	512	5.322732
75773573120	75773457920	115200	512	4.860749
7252046336	7251953664	92672	512	0.463623
307854848	307739136	115712	512	0.430691
12853827584	12853733888	93696	512	8.961776
36135657472	36135555584	101888	512	8.574569
50129916416	50129800704	115712	512	7.760972
21985324032	21985245696	78336	512	9.284318
49083485184	49083388416	96768	512	8.505258
31346192896	31346078720	114176	512	6.467459
44852001792	44851895296	106496	512	8.282208
72514044928	72513961984	82944	512	8.134630
42186632192	42186547712	84480	512	8.874549
72524165632	72524046336	119296	512	6.780286
24283640320	24283541504	98816	512	6.867400
37310007808	37309911040	96768	512	8.678261
1634678784	1634589184	89600	512	9.159282
78061566976	78061481984	84992	512	5.653222
18128605696	18128480768	124928	512	6.370750
70971259392	70971171840	87552	512	8.033351
26112602112	26112522752	79360	512	9.202913
79280919040	79280809984	109056	512	6.276363
52455399424	52455312384	87040	512	8.693374
61747451392	61747363840	87552	512	8.361553
52533506560	52533420032	86528	512	6.762466
41524311040	41524217856	93184	512	8.669000
45791418368	45791335424	82944	512	7.028617
78591892480	78591762944	129536	512	3.736828
39368556544	39368477696	78848	512	9.081067
64098582528	64098512384	70144	512	6.976103
951114752	951035392	79360	512	9.383274
44005289472	44005173760	115712	512	8.040014
53690595840	53690507264	88576	512	6.709083
6575183872	6575110656	73216	512	9.466173
22562580992	22562470400	110592	512	8.643241
12185120256	12185041920	78336	512	9.308257
29656169984	29656086528	83456	512	7.200002
74008697856	74008628736	69120	512	8.516885
58959758848	58959682048	76800	512	6.921442
45289952768	45289837568	115200	512	7.985195
45905538560	45905443328	95232	512	8.575802
54571650048	54571559424	90624	512	8.481115
45203704832	45203627520	77312	512	9.023864
62327073792	62326944256	129536	512	7.036925
67319589376	67319497216	92160	512	6.156413
4188292608	4188187648	104960	512	6.956118
6897376768	6897297920	78848	512	9.336204
39257533440	39257446400	87040	512	8.865925
63420838400	63420731904	106496	512	7.741846
21435436544	21435356672	79872	512	9.239174
19288136192	19288022016	114176	512	8.447541
8333096960	8333009920	87040	512	9.194305
49450526208	49450420736	105472	512	8.163372
76075605504	76075492352	113152	512	6.774834
28815901696	28815816704	84992	512	8.984912
28888805376	28888709120	96256	512	8.754887
5167875072	5167752704	122368	512	8.419865
74713504768	74713398272	106496	512	7.121716
78677989376	78677899264	90112	512	7.403752
44061684736	44061602816	81920	512	8.960430
14049381888	14049258496	123392	512	6.489928
46083655168	46083562496	92672	512	8.601380
62215698432	62215602176	96256	512	6.238866
70150521344	70150444032	77312	512	6.573443
29070607360	29070530048	77312	512	9.278639
39637957120	39637852160	104960	512	6.515754
68288758272	68288687616	70656	512	6.892467
12845112320	12844998144	114176	512	8.529261
16368804864	16368723968	80896	512	9.212512
16284383744	16284274176	109568	512	0.490721
60701301248	60701189632	111616	512	7.730991
37362065920	37361970688	95232	512	6.865980
45030313984	45030212096	101888	512	8.407563
69796930560	69796855296	75264	512	8.522583
10669726720	10669605376	121344	512	8.399191
78820995584	78820877312	118272	512	4.260244
2031577088	2031469056	108032	512	6.928500
7726758912	7726660096	98816	512	8.892311
9086601728	9086535168	66560	512	9.565396
110718976	110633472	85504	512	9.259710
41950907392	41950841344	66048	512	9.351892
64835780096	64835697152	82944	512	6.482018
39423525376	39423414272	111104	512	8.164448
28786546688	28786451968	94720	512	8.765255
20401437696	20401363456	74240	512	9.376406
6416428032	6416303104	124928	512	8.296055
79086610432	79086519296	91136	512	7.069345
65906920448	65906807296	113152	512	7.420043
52559304192	52559203840	100352	512	8.287245
45393323520	45393196032	127488	512	7.678961
20537645056	20537539584	105472	512	6.810548
65880877568	65880769536	108032	512	7.611585
59413314560	59413203456	111104	512	7.750789
71242492416	71242369024	123392	512	4.885109
26913944576	26913823744	120832	512	6.347139
35472757760	35472645632	112128	512	8.313467
32434458112	32434384384	73728	512	0.429283
73106405888	73106327040	78848	512	8.242611
13049477632	13049373184	104448	512	8.736735
27067992576	27067899392	93184	512	8.870517
77583116800	77583030272	86528	512	7.396858
15193560576	15193467392	93184	512	8.986080
70586052096	70585962496	89600	512	6.099920
34411080704	34410997248	83456	512	7.036730
10986574336	10986457088	117248	512	8.422986
41766075904	41766008320	67584	512	9.336211
53117783040	53117675008	108032	512	12.716007
64250305024	64250189312	115712	512	5.517607
914187776	914121216	66560	512	9.679179
51321237504	51321136640	100864	512	6.431101
5530605056	5530477056	128000	512	6.358919
16389976576	16389884416	92160	512	9.054790
38901286400	38901187072	99328	512	6.643399
25191222784	25191129088	93696	512	7.001879
45496535552	45496419328	116224	512	7.961629
73186178560	73186068480	110080	512	7.140494
70151164416	70151047168	117248	512	5.212838
11904079872	11904000000	79872	512	9.307439
5865999360	5865893376	105984	512	8.739354
45442696704	45442624512	72192	512	9.130640
1843939328	1843852800	86528	512	9.219884
43804470784	43804379136	91648	512	6.816182
49508407296	49508278272	129024	512	7.534431
10924491264	10924414464	76800	512	9.362385
7139551744	7139445248	106496	512	8.703205
43349422080	43349325312	96768	512	8.555753
61320392704	61320304640	88064	512	8.364707
69976205312	69976115200	90112	512	7.996750
8601737216	8601658880	78336	512	9.347287
64512449536	64512322560	126976	512	7.009746
62207758848	62207677952	80896	512	8.586646
28504726016	28504645632	80384	512	7.320749
72721076224	72720975872	100352	512	7.499494
42301715456	42301630464	84992	512	8.842426
209035776	208960512	75264	512	9.451285
74160814080	74160734208	79872	512	0.376809
57732518912	57732444160	74752	512	7.063073
15996360192	15996291584	68608	512	9.514192
54043982848	54043879936	102912	512	8.113953
75085062144	75084940800	121344	512	4.699382
68332717056	68332617728	99328	512	7.737361
6866544128	6866433536	110592	512	8.716203
42721436160	42721369600	66560	512	0.394807
10566940160	10566833664	106496	512	8.810985
18452578304	18452502528	75776	512	9.352078
68120494080	68120380928	113152	512	7.290843
35824333312	35824203264	130048	512	5.978221
41427359232	41427290624	68608	512	9.327315
78836156416	78836054016	102400	512	4.927130
5471405568	5471297024	108544	512	6.845802
67072126976	67071998464	128512	512	6.805400
3489227264	3489121792	105472	512	8.816314
23739521536	23739440640	80896	512	9.188047
73081673728	73081544192	129536	512	4.565500
1968732160	1968636416	95744	512	7.172615
50510682112	50510563328	118784	512	5.958669
26348664832	26348554752	110080	512	8.454264
65961448448	65961370624	77824	512	8.590833
59209387008	59209257472	129536	512	7.177099
78135745024	78135668736	76288	512	8.001223
12167963136	12167872000	91136	512	9.041948
30259084288	30258966528	117760	512	6.379978
43195132416	43195066368	66048	512	9.378004
41205180416	41205104640	75776	512	7.224406
28824376832	28824253952	122880	512	8.065322
64285855744	64285770752	84992	512	8.325378
5676774912	5676705792	69120	512	0.427178
44604727808	44604643328	84480	512	8.858366
20164171264	20164065280	105984	512	8.630420
55085715456	55085637632	77824	512	8.850791
54793858048	54793751552	106496	512	7.984805
72190609408	72190539776	69632	512	6.703201
75115102720	75115028480	74240	512	8.280765
22870358528	22870229504	129024	512	8.095063
53852188160	53852108800	79360	512	6.941447
9785677824	9785548288	129536	512	8.165151
27563293184	27563167744	125440	512	6.243780
23690489856	23690414592	75264	512	9.326029
28650912256	28650826240	86016	512	9.036771
2876175360	2876074496	100864	512	7.049605
75097513472	75097417728	95744	512	5.659808
53480296960	53480217088	79872	512	8.801337
10866775040	10866681344	93696	512	8.965115
14624111616	14624030208	81408	512	7.421101
53804100608	53804016640	83968	512	8.670526
53443706880	53443596800	110080	512	6.052332
1132034048	1131963904	70144	512	7.740031
76416479232	76416375296	103936	512	7.174569
66760697344	66760574976	122368	512	7.139090
529832448	529764864	67584	512	9.610709
22800353280	22800240128	113152	512	8.498400
79564500480	79564429824	70656	512	7.986235
73826683904	73826571264	112640	512	6.903702
34242321920	34242205184	116736	512	8.199192
35919667712	35919543296	124416	512	7.981301
72881231872	72881153024	78848	512	6.406884
62264728576	62264641024	87552	512	8.357638
51072462336	51072369152	93184	512	6.678407
1028336128	1028264960	71168	512	9.572935
45807586816	45807490048	96768	512	8.484565
70022076416	70021996544	79872	512	8.373754
37257357312	37257262080	95232	512	8.696720
48151608320	48151490560	117760	512	7.940699
17119546880	17119455744	91136	512	8.819127
67052445696	67052322816	122880	512	6.965168
62915751936	62915661824	90112	512	8.241695
72374409728	72374309888	99840	512	7.511223
62204877824	62204782592	95232	512	8.123777
21201703936	21201586176	117760	512	8.346397
71777853952	71777742848	111104	512	7.082536
58438648320	58438532608	115712	512	7.567295
77943960576	77943884800	75776	512	6.042693
49640141824	49640044544	97280	512	6.530108
48560971776	48560847360	124416	512	5.889830
61661976576	61661909504	67072	512	0.443760
70552426496	70552295424	131072	512	4.633830
17830223360	17830128640	94720	512	8.965256
41056545280	41056446976	98304	512	8.584768
39751456768	39751338496	118272	512	7.992947
19218163200	19218065920	97280	512	8.849252
53435798528	53435721728	76800	512	8.863956
3304783360	3304652288	131072	512	8.212000
47134704640	47134599680	104960	512	6.441637
16357220352	16357147648	72704	512	9.481966
42648155648	42648079360	76288	512	7.242388
79366348288	79366224896	123392	512	5.637442
18919488000	18919362560	125440	512	8.185752
19642312192	19642221568	90624	512	9.020650
52299465216	52299339264	125952	512	0.433633
20466690560	20466581504	109056	512	8.553704
57334341120	57334259200	81920	512	8.669534
36131870720	36131752960	117760	512	8.167410
22174915072	22174787072	128000	512	8.153224
61809574400	61809454080	120320	512	7.341302
23960923136	23960851456	71680	512	9.407640
22549624320	22549502976	121344	512	8.235187
25108880896	25108766720	114176	512	6.490904
11264730112	11264605184	124928	512	6.409581
53565457920	53565329408	128512	512	7.384724
26313186816	26313117696	69120	512	7.545993
62027058688	62026940416	118272	512	7.423122
16785076736	16784987648	89088	512	9.035906
50010704384	50010616320	88064	512	8.680072
50305167872	50305043968	123904	512	5.802721
61262088704	61261981184	107520	512	5.942035
20750109696	20749997568	112128	512	8.542901
5340961792	5340847104	114688	512	8.533253
65097069056	65096946176	122880	512	7.110146
28893941760	28893828096	113664	512	6.468459
5710606848	5710511616	95232	512	8.991829
35990042624	35989933568	109056	512	8.360002
16175349248	16175250432	98816	512	8.823864
17036591616	17036486656	104960	512	6.801195
78902002688	78901931008	71680	512	7.925185
1014112256	1014007296	104960	512	8.855877
77352473600	77352390144	83456	512	0.424683
17548148736	17548035072	113664	512	8.457873
44653625344	44653552128	73216	512	9.170540
29349966336	29349897216	69120	512	9.381855
15049602560	15049491968	110592	512	8.567621
44041897984	44041790976	107008	512	8.232176
74706806784	74706738688	68096	512	8.543486
3856658944	3856558592	100352	512	8.811202
77507322880	77507241472	81408	512	7.652999
8388402176	8388283904	118272	512	8.447014
5773040128	5772951552	88576	512	9.129523
67570867200	67570767872	99328	512	7.655347
10244676608	10244582400	94208	512	8.979577
79006366720	79006252544	114176	512	6.026997
12668115456	12668013568	101888	512	6.942158
73075610112	73075510272	99840	512	7.530642
67150758400	67150642176	116224	512	5.334496
49473390592	49473263104	127488	512	5.732218
60421874688	60421798912	75776	512	8.782311
22091354624	22091285504	69120	512	9.481209
40673120768	40673005568	115200	512	8.117924
43105918976	43105793536	125440	512	7.747083
12481182208	12481074176	108032	512	8.668116
33248444416	33248339968	104448	512	8.439831
68427574784	68427451392	123392	512	6.940669
16999014912	16998939136	75776	512	0.448400
19734985728	19734885376	100352	512	8.697634
73220200448	73220091904	108544	512	5.353252
78423200768	78423092736	108032	512	6.469114
39197396992	39197321216	75776	512	9.133388
42848094208	42848008704	85504	512	0.457932
47906831360	47906717696	113664	512	8.098057
9728050688	9727948288	102400	512	8.770274
41748589056	41748495360	93696	512	6.870874
46544281600	46544184832	96768	512	8.515204
37969586688	37969499648	87040	512	8.897207
78145545216	78145472000	73216	512	8.018314
67684371968	67684275200	96768	512	5.988156
545809408	545708544	100864	512	8.936433
15503844864	15503717888	126976	512	8.199903
56528276992	56528158208	118784	512	7.557114
36767456768	36767340032	116736	512	6.284547
33072862208	33072731648	130560	512	6.108835
8480680960	8480610816	70144	512	7.693240
40759927808	40759852544	75264	512	7.295955
2619111936	2618990080	121856	512	8.428107
63753539072	63753451520	87552	512	8.344609
42785562112	42785482240	79872	512	8.980121
6807733248	6807626752	106496	512	6.874275
40869609984	40869531136	78848	512	7.220715
12629505024	12629434368	70656	512	9.513003
29223614976	29223491584	123392	512	8.088394
44022886400	44022771712	114688	512	8.068118
33944303104	33944217088	86016	512	8.966083
41468814848	41468702720	112128	512	8.170108
34930181120	34930078720	102400	512	6.716140
68077807616	68077741056	66560	512	8.842904
62272599040	62272487936	111104	512	7.646248
20916765696	20916652032	113664	512	8.442612
65993521152	65993405440	115712	512	0.616973
48741600256	48741474304	125952	512	7.749787
75011096064	75010975232	120832	512	4.805115
69649493504	69649385472	108032	512	5.562625
65805801472	65805671424	130048	512	6.869108
19167640064	19167510528	129536	512	8.077872
7561786368	7561703936	82432	512	9.266852
27503477248	27503348736	128512	512	8.039266
43726463488	43726350848	112640	512	8.127212
53092971520	53092862464	109056	512	6.112482
20648211456	20648117248	94208	512	8.953887
39837590016	39837513728	76288	512	9.142393
55688837632	55688741376	96256	512	8.295484
59295013376	59294915072	98304	512	6.266326
58548756480	58548633088	123392	512	7.336018
38594612224	38594497024	115200	512	8.109046
75567315968	75567201792	114176	512	4.885178
47467817472	47467687424	130048	512	7.562700
18553559040	18553486848	72192	512	9.412640
55731561472	55731480064	81408	512	8.760016
59615611392	59615543808	67584	512	7.180932
25791834112	25791729152	104960	512	8.587159
36468358144	36468254208	103936	512	8.522802
77991216640	77991142912	73728	512	6.166531
70083486208	70083365888	120320	512	6.863173
69857595392	69857473024	122368	512	6.885011
12196547584	12196427264	120320	512	8.347441
41107559424	41107435520	123904	512	7.898668
74897336320	74897227776	108544	512	7.041735
19502899712	19502816256	83456	512	0.428525
24544577024	24544487936	89088	512	8.953097
55223635456	55223565824	69632	512	9.073417
9933649920	9933518848	131072	512	8.116442
31165596160	31165509632	86528	512	7.130940
987417600	987309568	108032	512	8.658681
34448642560	34448569344	73216	512	9.276358
15640318464	15640229376	89088	512	9.033682
9785322496	9785223680	98816	512	8.903133
61567581696	61567502848	78848	512	8.618088
28897272320	28897169920	102400	512	8.579985
71593269760	71593188864	80896	512	8.252723
39025951232	39025863168	88064	512	8.822180
39873542656	39873442816	99840	512	8.523600
40861056512	40860931584	124928	512	5.993475
75810032640	75809958400	74240	512	6.401854
74787103744	74787017216	86528	512	7.862190
45052125696	45052052480	73216	512	7.299723
3858105856	3857998336	107520	512	8.877490
43795549184	43795448320	100864	512	8.446137
68673368576	68673241600	126976	512	4.969581
11446990336	11446894080	96256	512	7.072473
57954318336	57954234880	83456	512	8.640416
57461380096	57461251072	129024	512	7.280127
47944346112	47944234496	111616	512	6.231265
46320023040	46319951360	71680	512	7.328782
275723776	275639296	84480	512	9.315442
39888521728	39888396288	125440	512	7.820973
1755672064	1755599872	72192	512	9.519805
28376302080	28376204288	97792	512	8.763464
42520977408	42520898560	78848	512	7.141597
68765747712	68765624320	123392	512	6.861597
17932033536	17931925504	108032	512	8.602263
59306571776	59306496512	75264	512	8.828455
1931744768	1931645952	98816	512	7.111827
78501459968	78501370880	89088	512	7.357076
75061688832	75061568000	120832	512	6.578505
19802569216	19802465792	103424	512	8.700527
47778076160	47777964032	112128	512	6.160105
41905270272	41905148416	121856	512	7.864236
29926375424	29926298624	76800	512	7.363260
44328929280	44328845824	83456	512	8.907972
65086350336	65086265344	84992	512	8.334665
31255220736	31255097856	122880	512	6.249833
38391419392	38391344128	75264	512	7.346861
50976587776	50976474112	113664	512	7.915025
3629767680	3629650944	116736	512	8.547689
75256356864	75256231424	125440	512	6.300491
23232278528	23232195584	82944	512	9.125474
9365824512	9365728256	96256	512	8.960063
54906076672	54905968128	108544	512	7.957518
4301773824	4301677568	96256	512	8.996897
528381952	528314880	67072	512	9.649692
63016227840	63016098816	129024	512	7.015404
52761923072	52761829888	93184	512	8.483967
65238188032	65238120448	67584	512	7.081492
70444502528	70444376064	126464	512	4.703318
11900121088	11900007424	113664	512	8.528831
331507712	331403776	103936	512	8.878722
54593704448	54593630720	73728	512	7.113475
2930617856	2930521600	96256	512	8.982693
35109771264	35109688320	82944	512	9.044569
37068869120	37068761600	107520	512	8.382449
75725319680	75725239296	80384	512	8.050356
71725266944	71725191168	75776	512	8.353834
56222247424	56222177280	70144	512	9.033516
67047030784	67046959616	71168	512	8.673357
25944881152	25944759808	121344	512	0.470426
19496726528	19496629248	97280	512	0.425345
30870317056	30870210048	107008	512	8.476518
14115970048	14115876864	93184	512	7.161579
28865423872	28865326080	97792	512	6.857151
10063655424	10063526912	128512	512	8.169147
19754734080	19754637824	96256	512	8.982519
77817422848	77817347072	75776	512	0.426373
71343942144	71343834112	108032	512	5.445368
37120548864	37120478208	70656	512	9.298840
12886164992	12886094336	70656	512	9.487103
51578853376	51578736640	116736	512	7.771593
19524113408	19523994112	119296	512	0.475957
72622381568	72622294016	87552	512	7.962818
54928958976	54928831488	127488	512	5.584635
73304373248	73304255488	117760	512	6.726726
59091968	58992640	99328	512	8.946776
65114152960	65114072064	80896	512	8.480653
21280698880	21280594944	103936	512	8.699168
41360474624	41360363008	111616	512	8.218007
71236373504	71236293120	80384	512	8.258863
21929431040	21929347584	83456	512	9.170974
34982029824	34981932032	97792	512	8.675258
37525559296	37525493248	66048	512	0.444305
40011577856	40011482624	95232	512	8.611242
26556820480	26556691968	128512	512	8.027863
11083902464	11083826176	76288	512	7.563027
34499238400	34499159552	78848	512	9.102028
51077231104	51077120000	111104	512	6.172538
728970240	728852992	117248	512	8.568842
38036683776	38036611072	72704	512	9.263214
45543598080	45543480832	117248	512	6.069267
1222924288	1222828544	95744	512	9.101885
40021133312	40021050880	82432	512	7.067531
13715928576	13715809280	119296	512	8.456820
11320442880	11320359936	82944	512	9.209137
63671625216	63671543808	81408	512	8.520424
42900194816	42900071936	122880	512	7.751085
26142120960	26142003200	117760	512	8.261425
44313167360	44313092608	74752	512	9.108143
58687218176	58687117312	100864	512	8.027092
51206320128	51206246400	73728	512	8.959349
63057947648	63057846784	100864	512	7.878553
69922592256	69922467328	124928	512	6.777957
42213697536	42213576192	121344	512	6.028698
78606607872	78606508032	99840	512	4.996443
11458807808	11458706432	101376	512	6.933509
55720103936	55720034304	69632	512	9.096907
67603110912	67603000320	110592	512	7.437324
31178900992	31178798080	102912	512	8.569819
35162173440	35162086400	87040	512	8.951754
33488107520	33488034816	72704	512	9.296924
1166112768	1166011904	100864	512	8.933858
64678786048	64678671360	114688	512	7.395561
39281509376	39281419264	90112	512	8.763374
42788121088	42788019200	101888	512	8.394357
24875614720	24875489792	124928	512	6.260425
8627481600	8627378176	103424	512	8.756854
18560295936	18560217600	78336	512	9.278173
54134802432	54134679040	123392	512	5.698136
73548846592	73548761600	84992	512	7.898190
62913973760	62913872384	101376	512	0.425429
39091727872	39091644416	83456	512	8.956933
7410053632	7409947648	105984	512	8.737606
40086304768	40086226432	78336	512	9.044007
57398050304	57397974528	75776	512	8.862244
13513901056	13513827328	73728	512	9.411485
62750156288	62750075392	80896	512	6.752722
25313436160	25313362944	73216	512	7.543014
72689776640	72689651712	124928	512	4.738577
69690672640	69690591232	81408	512	8.274760
20105848320	20105766912	81408	512	7.362426
38545603072	38545501184	101888	512	6.610858
36004912640	36004827136	85504	512	7.159808
79106576896	79106503168	73728	512	5.992067
75929014784	75928939520	75264	512	8.252405
17145789440	17145722880	66560	512	0.403421
7764725760	7764604928	120832	512	6.543794
40897112576	40897028608	83968	512	8.927820
71404743168	71404648448	94720	512	7.759477
36654402560	36654272512	130048	512	7.843282
44186111488	44186044416	67072	512	9.345982
70795931136	70795852800	78336	512	0.445102
47858437120	47858329600	107520	512	8.246515
12728198144	12728068608	129536	512	8.047017
1449072128	1448983552	88576	512	7.340923
58013515264	58013424128	91136	512	8.417674
53816826368	53816746496	79872	512	8.783971
78450051584	78449954304	97280	512	5.128318
64190171648	64190085120	86528	512	6.424044
64684489216	64684401152	88064	512	6.285013
27970450432	27970339328	111104	512	8.428494
38549043712	38548977152	66560	512	7.599545
77192006144	77191912960	93184	512	7.184586
40485470208	40485367808	102400	512	8.444277
31939967488	31939865088	102400	512	8.555865
72903399424	72903330304	69120	512	8.618515
59839788544	59839711232	77312	512	8.712558
22638285312	22638183424	101888	512	6.867985
11761461760	11761374720	87040	512	9.058058
63934782976	63934709760	73216	512	8.723854
78568967168	78568897024	70144	512	8.139179
29949972480	29949853696	118784	512	6.262300
7987808256	7987711488	96768	512	8.930451
55027102208	55026991104	111104	512	8.013214
21175627264	21175521792	105472	512	8.682019
46293858304	46293737984	120320	512	7.867739
36771336192	36771236352	99840	512	8.421900
30005260288	30005175296	84992	512	8.983788
2479176704	2479092224	84480	512	7.444733
18076568576	18076494336	74240	512	9.383097
32792166912	32792038400	128512	512	7.893742
17828658176	17828565504	92672	512	8.923553
40413860864	40413755392	105472	512	8.373474
53912407040	53912328704	78336	512	8.820072
62700233216	62700148224	84992	512	8.461940
42508218368	42508117504	100864	512	8.431254
62504131072	62504060416	70656	512	8.912348
78419400704	78419300864	99840	512	6.883466
45750586368	45750519808	66560	512	9.428980
19055809024	19055730688	78336	512	9.321475
77409397248	77409319936	77312	512	5.977632
45581307904	45581201920	105984	512	8.368123
59096588800	59096481792	107008	512	7.747132
25792069120	25791947264	121856	512	6.333135
22057239552	22057145856	93696	512	8.863739
22573208064	22573078016	130048	512	0.389757
23537959936	23537852416	107520	512	8.529786
36225325056	36225256448	68608	512	9.408028
44108459008	44108372480	86528	512	8.757414
41590546432	41590473728	72704	512	9.189894
78193594368	78193493504	100864	512	6.962056
72283519488	72283437568	81920	512	6.316744
79018999296	79018910208	89088	512	7.125175
8626690560	8626591744	98816	512	7.057479
5787650048	5787529728	120320	512	6.570964
66152081920	66151952896	129024	512	5.091300
24429403136	24429335040	68096	512	7.626069
16247692800	16247582720	110080	512	8.411924
78379256832	78379189760	67072	512	8.286766
821404672	821293056	111616	512	8.677656
60646065664	60645943808	121856	512	7.312937
33183665664	33183592960	72704	512	9.281933
65931688960	65931584000	104960	512	7.690925
55954574336	55954445824	128512	512	5.515311
40847956992	40847870464	86528	512	8.842734
68919847424	68919761408	86016	512	8.202872
10841044480	10840974336	70144	512	0.417406
45084695552	45084614656	80896	512	0.444305
7967513600	7967387648	125952	512	8.303072
60179198464	60179081728	116736	512	7.552002
32294534144	32294407168	126976	512	7.978150
35658299904	35658232832	67072	512	9.442925
6181431296	6181354496	76800	512	9.395557
57144436224	57144369664	66560	512	9.148272
13897821696	13897710592	111104	512	8.574212
14742397440	14742277632	119808	512	8.331864
70717382656	70717280256	102400	512	7.493325
36338344960	36338245120	99840	512	8.625621
20018637824	20018516992	120832	512	8.288989
60522223616	60522147840	75776	512	6.997314
39221101568	39220997120	104448	512	8.421523
56580156928	56580039168	117760	512	5.782177
68490302464	68490179072	123392	512	5.091573
49857918464	49857820160	98304	512	8.438217
21402989056	21402872832	116224	512	6.665335
8706335744	8706248192	87552	512	9.123781
69278697984	69278611456	86528	512	8.116310
12007449088	12007360000	89088	512	9.074795
65006980096	65006876160	103936	512	5.860779
14276813824	14276706304	107520	512	8.648882
58536004096	58535896064	108032	512	0.423249
44947601408	44947520512	80896	512	8.962128
64760746496	64760645120	101376	512	7.801151
36875456512	36875377152	79360	512	7.248671
39690507264	39690417664	89600	512	8.756251
56186272768	56186165760	107008	512	7.976948
21809857024	21809781248	75776	512	9.349680
61868017664	61867915776	101888	512	7.906067
48959654912	48959525376	129536	512	7.610634
62961494016	62961425408	68608	512	8.921280
32436035584	32435911168	124416	512	6.210838
49726925824	49726849536	76288	512	7.118081
60218625536	60218495488	130048	512	7.168627
74179133952	74179004416	129536	512	6.268896
999557120	999472640	84480	512	0.422127
60751469568	60751368192	101376	512	6.086910
50900499456	50900376576	122880	512	5.914780
79365105152	79364978688	126464	512	5.560767
76149283328	76149164032	119296	512	4.611256
46073722368	46073644544	77824	512	9.025665
48485676032	48485599232	76800	512	7.188251
32875812864	32875721728	91136	512	8.812532
41862715904	41862585344	130560	512	5.782554
8268913664	8268808704	104960	512	6.895796
79575439872	79575351296	88576	512	5.340727
62595904000	62595781120	122880	512	5.490278
25006695424	25006609920	85504	512	9.048725
46749675008	46749591040	83968	512	8.833503
49629448704	49629322240	126464	512	7.576356
65229175296	65229052416	122880	512	7.119728
64012040704	64011957760	82944	512	8.444154
55062972928	55062859776	113152	512	5.948537
23783360000	23783268864	91136	512	7.015600
56859929600	56859805184	124416	512	7.429928
20768447488	20768357888	89600	512	9.023112
68562137600	68562042880	94720	512	7.917295
66570972672	66570890752	81920	512	8.319895
64259984384	64259890688	93696	512	8.057867
44196637184	44196564480	72704	512	9.172347
19101132288	19101005824	126464	512	6.359828
79204671488	79204605440	66048	512	8.200937
27207816192	27207686144	130048	512	8.003328
26107847168	26107716096	131072	512	7.951611
1079371264	1079261184	110080	512	0.468123
75900796416	75900721152	75264	512	0.434020
72380525056	72380455936	69120	512	8.610437
34851808768	34851708416	100352	512	8.587855
22518346240	22518267904	78336	512	9.320631
44736784384	44736706560	77824	512	8.996762
18919983616	18919908352	75264	512	9.374482
75898074624	75897995776	78848	512	8.089199
78885382144	78885252608	129536	512	5.630836
5219171840	5219065856	105984	512	8.792394
