base_offset	offset	absdelta	probe_length	millis
8436371968	8434626560	1745408	512	10.944910
74970340864	74968539136	1801728	512	10.368252
22604191744	22602258432	1933312	512	3.448840
2155631616	2154569728	1061888	512	6.736855
52706733056	52704790528	1942528	512	2.688931
61422801920	61420813312	1988608	512	4.697695
26634125824	26632333312	1792512	512	5.029819
78330022912	78328960512	1062400	512	3.164923
78387161600	78385657344	1504256	512	2.982692
65596452352	65594740224	1712128	512	1.919978
3222712320	3221614080	1098240	512	3.749462
51729180160	51727450112	1730048	512	10.505005
51891070464	51889426944	1643520	512	12.959518
16929015808	16926962176	2053632	512	9.888215
74056228352	74054247936	1980416	512	12.888263
39213908480	39212121600	1786880	512	12.947451
45918520832	45917177344	1343488	512	2.628679
14062134272	14060267520	1866752	512	5.864382
64675835392	64674378240	1457152	512	12.029924
20420509184	20419112448	1396736	512	6.582786
45300565504	45299010048	1555456	512	6.116390
31417909248	31416725504	1183744	512	9.826157
72724676608	72723148800	1527808	512	2.363232
7709907968	7708398080	1509888	512	5.142519
73388984832	73387590144	1394688	512	5.206245
52636737024	52635651072	1085952	512	10.130240
7141429760	7139336192	2093568	512	12.464697
67684923904	67683812864	1111040	512	12.480978
35874384896	35872705536	1679360	512	12.851719
17681342464	17679867392	1475072	512	4.785344
53031430144	53030340096	1090048	512	8.204633
48212261888	48210849792	1412096	512	11.836839
77263598080	77262203392	1394688	512	9.417548
19551305728	19549838848	1466880	512	4.937128
41741532672	41739836416	1696256	512	4.189758
46464531968	46462479360	2052608	512	1.998173
46409037824	46407285248	1752576	512	11.928914
62508639232	62506628608	2010624	512	3.945038
20428207104	20426491392	1715712	512	8.436505
22719742464	22718511616	1230848	512	12.280870
67977380352	67975774208	1606144	512	3.214541
64690636800	64688545280	2091520	512	9.959906
40326917632	40325604352	1313280	512	4.852930
47624890368	47623814656	1075712	512	9.859799
63627611136	63626491392	1119744	512	9.923923
41002569216	41001089024	1480192	512	9.801878
15538096128	15536395264	1700864	512	8.810766
23098232320	23096873472	1358848	512	6.318804
24533997056	24531967488	2029568	512	8.669851
25571186176	25569536000	1650176	512	10.314840
72505197568	72503858688	1338880	512	9.125554
62848062976	62846867968	1195008	512	12.195296
45698688000	45697203200	1484800	512	9.924396
64654909440	64653715968	1193472	512	11.332779
64026436096	64024735232	1700864	512	2.271751
49111703552	49110037504	1666048	512	3.194555
33055035904	33053551616	1484288	512	2.464426
33635731968	33634409984	1321984	512	5.969174
53606466048	53605087232	1378816	512	8.244283
55652248576	55650755072	1493504	512	4.958581
29515604480	29513543680	2060800	512	8.673247
41190479360	41188410368	2068992	512	3.785533
58878042624	58876457984	1584640	512	11.102120
72531605504	72529585152	2020352	512	5.121973
11981230592	11980080128	1150464	512	3.532903
79709160448	79707922432	1238016	512	2.659896
41608823808	41607258624	1565184	512	9.384867
2345060352	2343221248	1839104	512	8.452126
78652507648	78650707456	1800192	512	12.656646
46906381312	46904372736	2008576	512	3.236809
42145253376	42143376896	1876480	512	7.726033
68474238976	68472864768	1374208	512	12.790048
16099949056	16098003456	1945600	512	3.145693
47096595456	47095328256	1267200	512	4.675488
38772878336	38771112448	1765888	512	2.383695
21505705984	21504260096	1445888	512	5.480966
15420485632	15418996736	1488896	512	4.460167
69927220736	69925159424	2061312	512	6.774806
74137178624	74136044032	1134592	512	5.670553
18706865152	18704778752	2086400	512	8.997763
61807650304	61805877248	1773056	512	2.125651
25977694720	25976285184	1409536	512	5.008783
57938188800	57937124352	1064448	512	7.535456
29938421760	29937321472	1100288	512	2.676831
72302370816	72300850688	1520128	512	2.612091
27207663104	27206352896	1310208	512	7.203031
59049239552	59047652352	1587200	512	11.072438
8499537408	8497740288	1797120	512	7.984218
10593704448	10591892992	1811456	512	7.110741
6344267264	6342602240	1665024	512	12.788214
38956118016	38954429952	1688064	512	6.272173
50078244352	50076393472	1850880	512	7.824375
53370934784	53369434112	1500672	512	4.715636
51241102848	51239644672	1458176	512	9.495986
40580037632	40578769408	1268224	512	6.016121
37694174720	37692487680	1687040	512	5.391006
32702878208	32700947968	1930240	512	11.895924
13966116864	13964083200	2033664	512	13.175398
7064070656	7062792192	1278464	512	12.156085
66355859456	66353996800	1862656	512	6.279524
3408957952	3407265792	1692160	512	11.076707
60806242816	60804260864	1981952	512	6.415993
56695822848	56693940736	1882112	512	8.535357
43386661888	43385037312	1624576	512	5.076033
13944828416	13942829568	1998848	512	2.839722
964525568	963058688	1466880	512	7.222041
76168595968	76167450624	1145344	512	3.590298
57943853568	57941931008	1922560	512	11.867562
59109266432	59107170816	2095616	512	2.960980
16184262144	16182561280	1700864	512	8.783700
32747437056	32745713152	1723904	512	5.832411
4142221312	4140612096	1609216	512	3.668827
53145867776	53144506880	1360896	512	9.779452
10163624960	10162480640	1144320	512	3.710011
67669487616	67667411456	2076160	512	7.709367
23524493824	23522464256	2029568	512	10.523438
33252219904	33250820096	1399808	512	4.022753
51825270272	51823998976	1271296	512	3.031343
21325948416	21324236800	1711616	512	10.411360
53591599616	53589695488	1904128	512	2.325411
57747464704	57745612800	1851904	512	2.854816
29154336768	29152484352	1852416	512	2.657881
55904796160	55902822912	1973248	512	11.347280
28283792896	28282526208	1266688	512	10.233220
36562954752	36560859648	2095104	512	6.077850
30202029056	30200943616	1085440	512	12.259297
77519959552	77518245376	1714176	512	5.203640
23276844032	23275645952	1198080	512	11.952776
21448151552	21446645760	1505792	512	2.191525
68704610816	68702854656	1756160	512	7.411928
6817091584	6815993344	1098240	512	5.088804
52758829568	52757098496	1731072	512	10.491005
57551511040	57549820416	1690624	512	7.586641
12893696512	12891635200	2061312	512	12.499979
11135650816	11133657088	1993728	512	2.941949
71926850048	71925131264	1718784	512	6.625733
2857003520	2855762944	1240576	512	11.756659
55243397632	55241625088	1772544	512	8.109752
18884806656	18883388416	1418240	512	6.080569
32296937984	32295743488	1194496	512	11.410919
43311020032	43309652992	1367040	512	2.677884
78296630272	78295576576	1053696	512	3.504843
29221692928	29220322304	1370624	512	5.241004
71691007488	71689768448	1239040	512	3.435392
30030046720	30028991488	1055232	512	12.987284
45526495232	45524592640	1902592	512	6.049576
7637476864	7635724288	1752576	512	8.948875
62487896576	62486011392	1885184	512	7.888577
17027774464	17026388480	1385984	512	6.845684
74092362752	74091155456	1207296	512	2.945457
36949436416	36947625472	1810944	512	2.247632
7556722688	7554736128	1986560	512	3.739151
37187676672	37186595328	1081344	512	2.239143
14652328960	14651231744	1097216	512	4.740182
31559781376	31558596608	1184768	512	11.647641
24453111808	24451536384	1575424	512	10.304200
30122180096	30120825856	1354240	512	5.595473
70628285440	70626679808	1605632	512	11.901312
19547697152	19546348544	1348608	512	9.528470
22001946624	22000082944	1863680	512	5.033186
24808550912	24807362560	1188352	512	10.358704
51445263872	51443810304	1453568	512	7.632995
10877695488	10875622400	2073088	512	10.509040
61275906560	61274331648	1574912	512	10.147928
42022169088	42020504064	1665024	512	4.071302
76307406848	76305421312	1985536	512	9.793868
54949142016	54947978752	1163264	512	5.195225
7209981440	7208061440	1920000	512	5.211124
61406421504	61404915200	1506304	512	12.302244
9708525056	9706470912	2054144	512	10.855366
36175529472	36173732352	1797120	512	3.328955
69918821376	69917199360	1622016	512	12.737048
9769827328	9767902720	1924608	512	4.541239
62091594752	62089902592	1692160	512	6.454509
63946879488	63944969216	1910272	512	6.626717
7379657728	7377764864	1892864	512	5.825227
70228243968	70226470400	1773568	512	4.166467
47770477568	47768889344	1588224	512	5.388393
17831796224	17830129664	1666560	512	11.453751
6516620288	6514903552	1716736	512	11.625499
45062886400	45061669888	1216512	512	6.047588
37269527552	37268277248	1250304	512	7.206324
63893834240	63891948544	1885696	512	7.030122
34107766272	34106639872	1126400	512	12.636640
65290899968	65289696256	1203712	512	10.959074
17460442624	17459076096	1366528	512	4.407714
604215808	602533376	1682432	512	11.841753
69761273856	69759283712	1990144	512	9.339704
75317137920	75315238400	1899520	512	3.453101
65382969856	65381917696	1052160	512	4.797253
27893574144	27891698176	1875968	512	3.096111
5691928064	5690471424	1456640	512	6.330471
52518999040	52517104640	1894400	512	4.023357
66668113920	66666855936	1257984	512	7.365748
9211051008	9209338368	1712640	512	11.068297
47225105408	47223580672	1524736	512	8.840966
47371720192	47370236928	1483264	512	8.106100
50694402048	50692385792	2016256	512	12.509511
52504653824	52503559168	1094656	512	9.892686
36255992832	36253896192	2096640	512	5.182403
16013416960	16011800576	1616384	512	12.649649
27011706880	27010444288	1262592	512	8.542631
56066802688	56064782336	2020352	512	10.032012
49664101888	49662076928	2024960	512	12.253663
27534245888	27532967424	1278464	512	8.206207
26909602304	26908475392	1126912	512	2.542609
61051886592	61050378752	1507840	512	12.227711
18029359104	18027755008	1604096	512	12.892183
32379013120	32377463296	1549824	512	10.125105
74789959168	74788578816	1380352	512	5.727333
5975512064	5974087168	1424896	512	7.043553
35336639488	35334984704	1654784	512	6.917461
10172493824	10171209216	1284608	512	11.694095
26593999872	26592731136	1268736	512	10.260043
59827620864	59825684992	1935872	512	14.375341
75759720960	75758430208	1290752	512	9.898961
40137390592	40135826432	1564160	512	7.608024
32555098624	32553487360	1611264	512	8.609259
63252662272	63250637824	2024448	512	4.491545
70051734016	70050270720	1463296	512	7.130903
14133872128	14132631552	1240576	512	12.630794
72741677568	72740023296	1654272	512	7.104495
53390566400	53389105152	1461248	512	7.771148
53964433920	53963277824	1156096	512	5.425034
71339545600	71337887232	1658368	512	8.200823
4124521472	4122435072	2086400	512	2.443145
59625366016	59623775744	1590272	512	10.870512
16293910016	16292590592	1319424	512	10.262017
72360378880	72358839808	1539072	512	13.084814
36133117440	36131095552	2021888	512	8.888750
15146476032	15145212416	1263616	512	10.247165
41701122560	41700054016	1068544	512	11.184547
47206158848	47204194816	1964032	512	6.236576
72546085888	72544591360	1494528	512	3.575415
50410332672	50408900096	1432576	512	8.348759
67535121920	67533767680	1354240	512	2.438340
71953253376	71951466496	1786880	512	2.298540
24729369088	24727783424	1585664	512	10.059397
6321284608	6319286272	1998336	512	3.459849
53205818880	53204527616	1291264	512	2.527797
25740400640	25739098624	1302016	512	7.552593
39287335424	39286188032	1147392	512	10.987487
19862907392	19861617152	1290240	512	9.020661
66300833280	66299265536	1567744	512	8.455456
37771930624	37770864128	1066496	512	11.869027
63346268672	63345006592	1262080	512	8.250374
16276541440	16274448896	2092544	512	10.858670
54080126976	54078696448	1430528	512	6.776986
79016149504	79014381056	1768448	512	8.827583
7756295680	7754333696	1961984	512	4.292343
3769767424	3768474112	1293312	512	10.573539
78417630208	78415669760	1960448	512	3.972859
29716978176	29715241472	1736704	512	5.555436
26754884096	26753831936	1052160	512	4.358079
18942131712	18940978688	1153024	512	2.918744
44699707392	44697959424	1747968	512	12.922096
56705569792	56704303104	1266688	512	12.674804
28815619584	28813909504	1710080	512	6.176107
50113185792	50111874048	1311744	512	11.763007
54284041728	54282821120	1220608	512	3.567965
31685643776	31684204544	1439232	512	12.792112
53360397824	53358394368	2003456	512	10.592819
44926489600	44925212672	1276928	512	5.054065
69791766016	69790569984	1196032	512	8.988375
45505473024	45503448064	2024960	512	2.587169
36948952576	36947119104	1833472	512	12.752952
48789758464	48788151808	1606656	512	4.786042
26970345472	26968637440	1708032	512	8.941359
57869002752	57867780608	1222144	512	2.875695
40818851840	40817750016	1101824	512	12.171896
1077227520	1075549696	1677824	512	2.649009
43272940032	43271068672	1871360	512	7.841135
25714001920	25712055296	1946624	512	12.499492
25932504064	25930434048	2070016	512	9.530040
11485298688	11484168192	1130496	512	2.136020
3849356800	3848031232	1325568	512	9.849402
34833647616	34832562176	1085440	512	2.565156
76653844992	76652613632	1231360	512	9.514297
62589186560	62588010496	1176064	512	8.771505
51724575744	51723030528	1545216	512	4.619976
22970616320	22968668160	1948160	512	10.613816
15029852160	15028612096	1240064	512	10.776261
57521710080	57520123904	1586176	512	12.535467
35702187008	35700934144	1252864	512	7.668819
55071239680	55070080000	1159680	512	5.343278
33271871488	33270266880	1604608	512	8.231268
71866079232	71864472576	1606656	512	10.651619
14963664384	14962266112	1398272	512	7.159774
49462383616	49460353536	2030080	512	12.161742
73979566592	73977863680	1702912	512	2.935856
23606832640	23605561856	1270784	512	8.387678
53016487936	53015391232	1096704	512	8.005695
7847877120	7846562304	1314816	512	9.462610
32065764864	32063673344	2091520	512	7.910252
1219683840	1218286592	1397248	512	8.707221
33265003520	33263573504	1430016	512	12.540872
59978818048	59977542656	1275392	512	11.223678
32981639680	32980540416	1099264	512	2.664418
21078499328	21076481024	2018304	512	12.587200
25548984320	25547864576	1119744	512	2.771736
71982394368	71980712960	1681408	512	7.952900
16775997440	16774354944	1642496	512	12.040993
31093897728	31092826624	1071104	512	3.329336
3997956096	3996447232	1508864	512	5.872257
1053931520	1052282368	1649152	512	3.231990
34098679808	34096891392	1788416	512	3.559200
25967080960	25965217280	1863680	512	3.399011
21146353664	21145163776	1189888	512	2.077535
1194058752	1192978944	1079808	512	6.287502
3803420672	3802113536	1307136	512	10.259886
22728373248	22727220224	1153024	512	2.910284
61997222400	61995586560	1635840	512	6.393018
34954187264	34953132544	1054720	512	3.375229
42907755520	42906213376	1542144	512	7.279758
38241882624	38240028160	1854464	512	7.764458
55079384576	55077683712	1700864	512	10.044705
45311721984	45310114816	1607168	512	4.758302
13459599360	13458514944	1084416	512	5.071158
4071395840	4070146048	1249792	512	2.257342
33742905856	33740833280	2072576	512	7.595101
60283720704	60282000384	1720320	512	5.016377
71030062592	71028653568	1409024	512	9.624502
55908013056	55906021376	1991680	512	10.834449
63096827904	63094830592	1997312	512	3.523307
13310248448	13308951552	1296896	512	11.349832
30253911040	30251887616	2023424	512	9.611649
8614787072	8613425664	1361408	512	9.870052
24663621632	24662113792	1507840	512	11.961646
15306791424	15305373184	1418240	512	6.750325
32148831744	32147443200	1388544	512	4.829056
33473609216	33472251904	1357312	512	5.086585
4373983744	4372428800	1554944	512	2.989342
14657482752	14656415232	1067520	512	5.438045
16457805824	16456695808	1110016	512	2.088072
20477150208	20475400192	1750016	512	7.664358
2017256448	2016134144	1122304	512	5.411512
3913197568	3912001536	1196032	512	3.419464
51299844608	51298362880	1481728	512	19.942561
78813309952	78811524096	1785856	512	11.370346
43023456768	43022165504	1291264	512	4.693243
59513298944	59511331840	1967104	512	6.891558
10072094720	10070736896	1357824	512	8.122296
28006495744	28005259776	1235968	512	11.093762
32318681088	32316717056	1964032	512	11.044034
43215387136	43214201856	1185280	512	7.520416
32263745024	32261925888	1819136	512	3.490675
23512268800	23511087616	1181184	512	10.587528
4212721152	4210727936	1993216	512	4.499572
20892030464	20890918400	1112064	512	13.147482
77865969152	77864380928	1588224	512	10.515731
13140897280	13139111936	1785344	512	7.672785
22064783360	22063110144	1673216	512	9.445729
43303326720	43301940224	1386496	512	2.178062
1023860736	1022770688	1090048	512	6.082510
51334298624	51332397056	1901568	512	6.426854
64556456448	64554500608	1955840	512	5.151105
23010972160	23009717248	1254912	512	8.764644
44208733184	44207588352	1144832	512	8.585291
59779385856	59777822720	1563136	512	9.880634
62805521920	62803829248	1692672	512	4.625316
66606592512	66604924928	1667584	512	3.368956
60851828736	60850174976	1653760	512	9.002072
39334263808	39332675072	1588736	512	6.982127
75846349824	75844383744	1966080	512	2.782556
3401036800	3399559168	1477632	512	6.539503
20957156864	20955555840	1601024	512	12.970315
67283234304	67281878528	1355776	512	2.386862
3318133248	3316373504	1759744	512	9.566832
53927999488	53925970432	2029056	512	9.805646
51745674752	51744392704	1282048	512	2.777239
31093113344	31091560960	1552384	512	11.925903
4893839872	4892733440	1106432	512	5.365888
77914643456	77912600064	2043392	512	9.789164
11065964544	11064580096	1384448	512	7.514744
59465480192	59464185856	1294336	512	8.767829
787215360	785210368	2004992	512	4.844958
65474225152	65472671744	1553408	512	7.071170
41408330240	41406258176	2072064	512	3.689147
69080755712	69079224320	1531392	512	6.516973
48493516800	48492173824	1342976	512	11.847094
24572930560	24571420672	1509888	512	12.011429
54934912512	54933763072	1149440	512	5.630056
11107723264	11106344448	1378816	512	4.752710
34269674496	34268424704	1249792	512	7.941594
17624937472	17623778816	1158656	512	11.910508
68239033344	68237106688	1926656	512	3.522759
64104260096	64102473216	1786880	512	10.583031
24276173824	24274415616	1758208	512	5.918387
33865539072	33864351232	1187840	512	11.071794
4683958784	4682799616	1159168	512	4.276895
9308584960	9306975744	1609216	512	2.379601
51546974720	51545252864	1721856	512	10.728732
72539278336	72537385984	1892352	512	9.597126
27830981632	27829087232	1894400	512	2.657981
5176359424	5174301696	2057728	512	3.071103
77692130304	77690826240	1304064	512	2.162342
72393168896	72391174144	1994752	512	4.052888
72814206464	72813056000	1150464	512	6.718996
76187629568	76185775104	1854464	512	3.816944
26766540800	26765217280	1323520	512	7.102872
69034043392	69032385536	1657856	512	11.538543
70815222272	70813246976	1975296	512	8.150145
16262387712	16260962304	1425408	512	5.960346
35719367680	35717291008	2076672	512	7.530892
40150562816	40148598784	1964032	512	6.526765
68336924160	68335537664	1386496	512	12.497429
65893915136	65892587008	1328128	512	5.100393
42981456384	42980352000	1104384	512	11.478209
36743269376	36741634048	1635328	512	8.585574
26985719296	26984467456	1251840	512	8.800132
60228467712	60226610688	1857024	512	12.035607
18997127168	18995409920	1717248	512	8.418081
22758858240	22756844032	2014208	512	12.686078
67383342592	67381738496	1604096	512	3.268851
41364447744	41362582528	1865216	512	10.917358
46259673600	46257823232	1850368	512	9.288807
34171368448	34169544704	1823744	512	2.716747
77769770496	77768080384	1690112	512	4.359511
36889085952	36887568896	1517056	512	9.694492
17267362816	17265695232	1667584	512	11.462241
50736270336	50735174144	1096192	512	14.973021
66613172736	66612024320	1148416	512	10.805523
49125551616	49123920896	1630720	512	4.083481
34980200448	34978343424	1857024	512	12.990706
75733500928	75731408384	2092544	512	7.209926
16334212608	16333151232	1061376	512	5.047549
29085947904	29084756480	1191424	512	9.645841
57703773696	57701977088	1796608	512	6.351746
4747025920	4745587712	1438208	512	7.400502
2036737024	2035144192	1592832	512	4.495789
25971614208	25970072064	1542144	512	11.121904
5898849280	5896806400	2042880	512	2.471839
37718513664	37717120000	1393664	512	3.558775
47235013632	47233287680	1725952	512	12.682015
32088313344	32087170048	1143296	512	12.695208
38131926016	38130083840	1842176	512	12.556175
69010224640	69008364032	1860608	512	2.683113
9099933184	9098569728	1363456	512	9.846283
76917914624	76916577280	1337344	512	11.876313
26052345344	26051117568	1227776	512	9.375631
23077516288	23075561984	1954304	512	10.448438
55890284544	55888829440	1455104	512	6.034538
8002325504	8001084928	1240576	512	13.026288
69188540928	69187391488	1149440	512	19.724466
52405515264	52404200960	1314304	512	12.909039
79928470528	79927353856	1116672	512	9.854116
62254242816	62252702208	1540608	512	11.215667
78291654144	78290014720	1639424	512	6.502820
28681016320	28679469568	1546752	512	10.961965
16956025344	16954596864	1428480	512	5.762984
54339251712	54337898496	1353216	512	8.995244
58003174912	58001622528	1552384	512	2.487380
44626688000	44625576960	1111040	512	9.445079
75698219520	75697105920	1113600	512	5.649312
24898978304	24897219584	1758720	512	5.884455
74993128960	74991160832	1968128	512	2.196440
20253088768	20251869184	1219584	512	12.601909
38590564864	38589180928	1383936	512	3.021305
12432848384	12431237120	1611264	512	11.635859
11658548736	11657463296	1085440	512	5.032246
63596036608	63594130944	1905664	512	8.242601
5076478976	5075386368	1092608	512	5.712082
59779476480	59777484800	1991680	512	6.138703
7084046848	7082357760	1689088	512	12.257963
71416432640	71415328256	1104384	512	11.067143
57835991040	57834538496	1452544	512	5.375600
17854784512	17852768768	2015744	512	12.578107
42802306560	42800591872	1714688	512	2.804383
48068850176	48067118080	1732096	512	12.481657
30173910016	30172593664	1316352	512	6.546810
60604218880	60602765824	1453056	512	3.982399
48926729216	48925403136	1326080	512	3.061436
27817810944	27816741888	1069056	512	2.079772
48445856768	48444091392	1765376	512	11.548156
22818290176	22816773120	1517056	512	3.788655
21921917952	21920443904	1474048	512	4.792031
33297172480	33295271936	1900544	512	10.061358
75207476224	75205823488	1652736	512	5.479222
21426140672	21425080320	1060352	512	5.070533
49782281216	49781007872	1273344	512	3.517009
62710232064	62709117952	1114112	512	2.254006
75899858432	75898715648	1142784	512	4.530443
62239568896	62238404096	1164800	512	11.836551
21882781184	21881369088	1412096	512	6.187913
16958718976	16956700160	2018816	512	10.712266
24828459008	24827404800	1054208	512	2.459018
51012465664	51010734080	1731584	512	9.304345
78186072576	78184935424	1137152	512	9.338918
5869114368	5867743232	1371136	512	8.212640
20054762496	20053080576	1681920	512	11.049055
13236630528	13234755072	1875456	512	5.636469
26253891584	26252362240	1529344	512	13.270273
63948088832	63946657792	1431040	512	12.975747
23757968384	23756351488	1616896	512	9.333927
27496453632	27494822912	1630720	512	10.820774
64189531648	64188221440	1310208	512	5.650649
66409650176	66407942144	1708032	512	2.015451
69798814208	69797528576	1285632	512	3.908505
76796262912	76794316800	1946112	512	4.630127
60302481408	60300787712	1693696	512	5.857903
39585787392	39584077312	1710080	512	3.825078
7763244032	7761868800	1375232	512	8.131292
33508687872	33507012096	1675776	512	6.391047
39677536768	39676005376	1531392	512	8.443791
76906357760	76905149952	1207808	512	8.126074
39173072384	39171021312	2051072	512	4.249180
7577085952	7575185920	1900032	512	5.671386
77844765696	77842860032	1905664	512	14.552155
67963796480	67962513408	1283072	512	6.696710
67476101632	67474985472	1116160	512	12.385436
14345080832	14343476224	1604608	512	2.579613
2195026432	2193095168	1931264	512	8.295458
49741378560	49739542016	1836544	512	6.407965
78323871744	78321991168	1880576	512	7.340697
815913472	813913088	2000384	512	4.955234
25834940416	25833692672	1247744	512	10.762197
37338378240	37336393728	1984512	512	7.077693
65865877504	65864776704	1100800	512	3.201113
71169492480	71167550976	1941504	512	9.344305
43600486400	43599287808	1198592	512	7.124108
35682913280	35681284608	1628672	512	7.578897
22001057792	21999102976	1954816	512	2.939208
58494964224	58493766144	1198080	512	2.423534
48206731776	48204783616	1948160	512	4.817810
15449713152	15447994880	1718272	512	10.249883
52210481664	52209413632	1068032	512	4.189680
645521920	644408320	1113600	512	5.577371
19255858176	19253902336	1955840	512	2.919237
74053085184	74051584512	1500672	512	12.331582
22029727232	22027716096	2011136	512	10.915365
79318594048	79317004288	1589760	512	7.496917
16934391808	16932875264	1516544	512	3.859879
63395047936	63393253376	1794560	512	11.841438
72044147712	72042737664	1410048	512	8.526035
50901131776	50899520512	1611264	512	3.374916
27873947136	27872366080	1581056	512	10.147912
33074490368	33073037312	1453056	512	3.227032
58376499712	58375236608	1263104	512	11.631375
65474917888	65473838592	1079296	512	3.920393
52477488640	52476224512	1264128	512	3.268447
18210598912	18208778752	1820160	512	6.042127
47930192384	47928588800	1603584	512	4.822565
28788099584	28786893312	1206272	512	9.265749
49274547712	49273032192	1515520	512	7.231817
20084298752	20082681344	1617408	512	10.712592
41798300672	41796623872	1676800	512	4.612896
15333122048	15331359232	1762816	512	7.366423
20237119488	20235929600	1189888	512	11.360167
76466945024	76465018880	1926144	512	12.093832
7241864704	7240741376	1123328	512	4.536008
66085009408	66083144704	1864704	512	8.069294
68014470144	68012972032	1498112	512	5.822144
32649741312	32648010752	1730560	512	5.676057
59497036800	59495881728	1155072	512	3.796344
55644942336	55643267072	1675264	512	10.758513
44135864832	44134570496	1294336	512	4.611408
37768089088	37766894592	1194496	512	8.571837
68033470976	68031666176	1804800	512	7.566101
52235643904	52233892352	1751552	512	10.010691
51561579008	51560050688	1528320	512	5.085987
62630435328	62629297664	1137664	512	12.718593
42907552256	42905757184	1795072	512	11.724722
69562042368	69560571392	1470976	512	4.031929
72520362496	72519047168	1315328	512	11.883549
72416658944	72415066624	1592320	512	11.110206
44085924352	44084504064	1420288	512	12.342466
45454443520	45452659200	1784320	512	11.116622
29941740544	29940003840	1736704	512	5.521229
1647956992	1646283264	1673728	512	2.698988
4598307840	4596808192	1499648	512	6.050772
66513822720	66512278528	1544192	512	9.199921
65394564608	65392918528	1646080	512	5.925267
33345872896	33344588800	1284096	512	6.884580
10736200192	10734920704	1279488	512	9.892747
39395148800	39393316864	1831936	512	11.758825
4448160768	4447085056	1075712	512	6.069193
34893043200	34891801088	1242112	512	9.782544
2145940992	2144623616	1317376	512	10.471943
73250203136	73248571392	1631744	512	7.978812
62996232704	62995125760	1106944	512	10.434281
21945346048	21943503360	1842688	512	5.529251
60718228992	60717107712	1121280	512	4.787474
7777921536	7775896064	2025472	512	9.386281
51208366592	51206724608	1641984	512	13.633785
29713267712	29711197696	2070016	512	6.602493
52790646272	52789266944	1379328	512	9.288033
31337197056	31335331328	1865728	512	2.339233
28904594432	28902930432	1664000	512	7.310927
2359226880	2357531648	1695232	512	2.282354
40347641856	40346435072	1206784	512	7.622677
27488859648	27487543296	1316352	512	7.212056
7066619392	7065543680	1075712	512	5.669316
69443815936	69441886208	1929728	512	11.407547
47555681280	47554126848	1554432	512	8.042686
75563179520	75561982976	1196544	512	8.999616
38058156544	38056935936	1220608	512	7.955958
76535955968	76534328320	1627648	512	3.378321
65914434048	65913028608	1405440	512	9.135067
47954994688	47953192960	1801728	512	10.609138
64761182208	64759313920	1868288	512	7.964969
77523729408	77521859072	1870336	512	7.845394
68903274496	68901562880	1711616	512	10.779831
55771746816	55770024448	1722368	512	9.420530
48932777984	48930774016	2003968	512	3.314192
63502538752	63500897792	1640960	512	5.540117
65694662656	65692944896	1717760	512	9.989446
73325755904	73324371456	1384448	512	7.409182
49668417536	49666626560	1790976	512	9.499492
76330038784	76328016896	2021888	512	8.444024
42987469312	42986405376	1063936	512	10.703069
33199729664	33198253056	1476608	512	13.209529
51902825472	51900776960	2048512	512	10.768095
5977289728	5975424000	1865728	512	6.429587
76170654720	76169560576	1094144	512	7.411919
78905547776	78904434688	1113088	512	10.036046
46755913728	46754152960	1760768	512	9.902016
28524041216	28522835968	1205248	512	11.784963
65900646912	65899068416	1578496	512	6.243452
43816717824	43815472640	1245184	512	6.030716
37580643328	37578633728	2009600	512	6.502055
46048007680	46046885376	1122304	512	8.582128
41638293504	41636529664	1763840	512	2.362777
6881443840	6879538688	1905152	512	5.528712
10744478720	10742700032	1778688	512	7.826426
51162888704	51161371136	1517568	512	5.994956
78699786240	78698497536	1288704	512	2.976181
77939758080	77938597888	1160192	512	8.272202
4221762560	4220661760	1100800	512	3.661336
33409883648	33408375808	1507840	512	10.605036
68540002304	68538635776	1366528	512	13.164522
33803971072	33802045440	1925632	512	11.270314
13639310848	13637335552	1975296	512	3.370157
67406799872	67404758016	2041856	512	7.069733
10420311040	10418281472	2029568	512	8.667599
13498933248	13497843712	1089536	512	4.960997
28748751360	28747332096	1419264	512	4.059398
40335363072	40334307328	1055744	512	11.499863
76517652480	76516438528	1213952	512	12.040590
8063236096	8061275136	1960960	512	4.373462
34166433280	34165000704	1432576	512	3.087065
14218245632	14216648192	1597440	512	2.625975
37723282944	37721316864	1966080	512	7.687525
73337065984	73335769600	1296384	512	10.716879
35983772672	35981855744	1916928	512	11.504869
38659342336	38657609216	1733120	512	3.228464
68022330368	68021156352	1174016	512	10.404668
31643446784	31642353152	1093632	512	2.788768
25389380608	25387525120	1855488	512	3.682101
26838543360	26837178880	1364480	512	12.687187
20237937664	20236052992	1884672	512	4.596927
1453960192	1452442624	1517568	512	6.089451
11900304896	11898891776	1413120	512	6.871596
39969307136	39967864832	1442304	512	10.745647
24997320192	24996072960	1247232	512	8.951305
35835382272	35833830400	1551872	512	11.375603
76673591296	76672051712	1539584	512	12.587127
31301691904	31300479488	1212416	512	11.004843
22004736512	22002689024	2047488	512	11.934104
13723855360	13721970176	1885184	512	5.419054
51469153280	51467147776	2005504	512	12.038230
7917328896	7915834880	1494016	512	5.502883
5163462656	5162028544	1434112	512	9.321465
10093456384	10091562496	1893888	512	5.227984
8515305984	8514166272	1139712	512	4.167934
55437077504	55435806208	1271296	512	13.176355
54448643584	54447368704	1274880	512	6.641822
39919701504	39918220800	1480704	512	11.620984
64997356032	64995496960	1859072	512	6.364009
12424839168	12423344640	1494528	512	13.226009
10426576384	10424842752	1733632	512	8.845864
63215014400	63213550080	1464320	512	12.918589
50520253440	50518285824	1967616	512	2.746633
55320098304	55318687744	1410560	512	9.085720
5518598144	5516934144	1664000	512	11.087597
51108878336	51107786752	1091584	512	8.578154
43605005824	43603245568	1760256	512	10.800407
26971163648	26969456640	1707008	512	7.152705
759772160	758673920	1098240	512	5.953233
69083168768	69081988096	1180672	512	7.544902
40538163712	40536107008	2056704	512	4.093209
27622097920	27620467200	1630720	512	9.011668
4481370112	4480252416	1117696	512	5.208701
53045987840	53044091392	1896448	512	5.819605
7120748032	7119038976	1709056	512	11.767561
43983830528	43981830656	1999872	512	4.451419
1777065472	1775310336	1755136	512	12.094571
20620293120	20618201088	2092032	512	9.061372
24212977152	24211832832	1144320	512	13.202678
21559613952	21557552128	2061824	512	9.715570
18629481984	18627748864	1733120	512	9.976942
35762601984	35760802816	1799168	512	3.311920
17765789184	17763952128	1837056	512	5.626175
51618756096	51617431552	1324544	512	12.673867
59252674048	59251328512	1345536	512	7.245443
52958203392	52956234240	1969152	512	13.069816
64844523520	64843325952	1197568	512	11.096181
7390622720	7389097984	1524736	512	4.781332
68413729280	68412185088	1544192	512	5.262326
24160648192	24158931968	1716224	512	6.878832
3754501120	3753275392	1225728	512	12.031964
19285111808	19283071488	2040320	512	10.201317
35549046272	35547865600	1180672	512	11.296342
46744972288	46743897600	1074688	512	9.893660
18946473984	18944782336	1691648	512	9.033594
76950083072	76948097536	1985536	512	12.208974
60652872704	60651535872	1336832	512	7.529183
51730833408	51728922624	1910784	512	3.576487
17981906432	17980326912	1579520	512	2.323576
11605497856	11603841536	1656320	512	12.423763
17548206592	17547078144	1128448	512	3.512028
15438885376	15437641728	1243648	512	10.114045
8881176064	8880122880	1053184	512	5.696113
19020463104	19018722304	1740800	512	7.866235
1341465600	1340091392	1374208	512	9.201650
2966153216	2965081600	1071616	512	6.154013
22727868416	22726804992	1063424	512	5.027541
60205064704	60203580416	1484288	512	3.014722
46585783808	46584593920	1189888	512	6.697785
36887821824	36886132224	1689600	512	5.341991
62073815552	62072041984	1773568	512	13.216071
312044032	310468096	1575936	512	4.864982
21342824448	21341299712	1524736	512	3.624182
6014719488	6013030912	1688576	512	12.240026
43456374784	43454600192	1774592	512	10.378669
20912124416	20910731776	1392640	512	8.491945
42037677568	42036313600	1363968	512	2.770433
79660232704	79659130880	1101824	512	10.527592
15239417344	15238055424	1361920	512	9.873222
18038184960	18036562432	1622528	512	12.554380
5060989952	5059070464	1919488	512	6.096697
33617267200	33616125952	1141248	512	10.492045
10654528512	10652912640	1615872	512	2.251495
46682621952	46681240576	1381376	512	10.853000
30748916736	30747133952	1782784	512	4.395088
13745571840	13743994368	1577472	512	12.364326
75775491584	75774232064	1259520	512	11.196713
33332147712	33330397696	1750016	512	4.512174
33112319488	33111071744	1247744	512	7.802798
23356098048	23354310144	1787904	512	7.119597
37024409600	37022904320	1505280	512	11.856140
15653217280	15651635712	1581568	512	2.320436
11576726016	11575591424	1134592	512	3.922297
21029938176	21028525568	1412608	512	6.199774
18543621120	18542415872	1205248	512	10.977210
20162639360	20160550912	2088448	512	9.101472
57424256512	57422518784	1737728	512	6.219230
14736852480	14735320064	1532416	512	4.096063
34946228736	34944655872	1572864	512	8.971269
14604379648	14602518016	1861632	512	7.817304
51760401408	51758622208	1779200	512	7.248722
12968396800	12967265280	1131520	512	2.102282
50867236864	50865907200	1329664	512	13.067500
31087966720	31086639104	1327616	512	6.327352
60086615040	60085191680	1423360	512	4.924978
49396362240	49394939904	1422336	512	8.636407
71755554816	71753866752	1688064	512	7.764314
75105160704	75103724544	1436160	512	3.689884
17971006976	17969649152	1357824	512	9.294661
34407223808	34406096384	1127424	512	10.826972
31927931392	31926430208	1501184	512	2.043920
28153243136	28151285248	1957888	512	12.261697
70281617408	70280526336	1091072	512	11.572647
17957558272	17956230656	1327616	512	10.050414
77272163840	77270181888	1981952	512	3.111870
63011011584	63009134080	1877504	512	9.153740
71292302336	71291122176	1180160	512	6.498517
29509542400	29508273152	1269248	512	7.661197
66477210112	66475358208	1851904	512	8.473043
39513921024	39512431616	1489408	512	11.388786
12724988416	12722936832	2051584	512	12.814090
24483744768	24482235392	1509376	512	2.617420
25734607360	25733201408	1405952	512	3.340432
33508823040	33507341312	1481728	512	13.150131
37088256000	37087139840	1116160	512	10.625741
46228829696	46227403776	1425920	512	11.508939
8074119168	8072786432	1332736	512	9.057172
2813865472	2812764672	1100800	512	5.518395
52776253952	52774177280	2076672	512	10.032585
64107652096	64105814528	1837568	512	8.942356
41690268160	41688342016	1926144	512	7.475808
35288148480	35286720000	1428480	512	3.300807
68745597952	68744302080	1295872	512	4.392439
28406002176	28404273664	1728512	512	8.525770
18544590336	18542550016	2040320	512	10.176300
41940101632	41938129408	1972224	512	5.119304
65277161472	65275995136	1166336	512	12.186766
48282190336	48280927744	1262592	512	4.768506
79993256448	79991679488	1576960	512	8.073946
50639531008	50638338048	1192960	512	5.740780
7758629888	7757172224	1457664	512	6.235635
2666853376	2665593856	1259520	512	2.024132
32554612736	32552865280	1747456	512	7.021427
74286108160	74284101120	2007040	512	11.898742
5848714240	5847296512	1417728	512	7.132850
29282428416	29280676864	1751552	512	5.139987
76054263296	76052857344	1405952	512	3.754521
37407453696	37406022144	1431552	512	2.608730
35881004032	35879270912	1733120	512	4.957247
8948825088	8947102208	1722880	512	10.993675
24276252672	24274750464	1502208	512	12.092942
11488409088	11487335936	1073152	512	5.288090
67190598656	67188816896	1781760	512	6.583146
6105838080	6104500736	1337344	512	9.007166
35345455616	35344173056	1282560	512	6.952157
12002328064	12000839680	1488384	512	5.137600
54161731584	54160527872	1203712	512	4.032185
76181768704	76180222976	1545728	512	8.402706
66684689920	66683123712	1566208	512	8.520134
2157676032	2156276736	1399296	512	8.703907
48661869568	48660658688	1210880	512	6.161451
48002114048	48001044480	1069568	512	9.986752
20824876032	20823669248	1206784	512	10.960799
22875049984	22873293312	1756672	512	5.952848
42722245120	42720539648	1705472	512	3.003498
46850505728	46849122304	1383424	512	12.647458
20619815424	20618137088	1678336	512	9.344077
6401497600	6399691776	1805824	512	9.616610
60024979968	60023047168	1932800	512	9.748433
43897886720	43895890432	1996288	512	4.556357
74584576	73012736	1571840	512	4.947597
7749797888	7748610560	1187328	512	3.136111
33410739200	33409205760	1533440	512	11.833153
938382848	937146880	1235968	512	2.979510
70555671552	70553833472	1838080	512	1.865040
26994185728	26992941056	1244672	512	8.996238
14554715648	14553127424	1588224	512	2.851131
20414420480	20412400640	2019840	512	12.522358
64821700608	64819978240	1722368	512	12.676185
39219971584	39218224128	1747456	512	2.866880
70323503616	70322290688	1212928	512	5.371789
45652325888	45650960384	1365504	512	11.299683
64697013760	64695886336	1127424	512	2.353333
22309877248	22307934208	1943040	512	3.201953
4696281088	4694793216	1487872	512	6.308374
41166354432	41165082112	1272320	512	5.945797
56007762944	56006628352	1134592	512	6.012105
19008014848	19006544384	1470464	512	4.869022
44065759232	44064492032	1267200	512	5.347799
35247021056	35245380096	1640960	512	4.375508
63452304384	63450659840	1644544	512	5.415884
49115766272	49114093056	1673216	512	3.010000
57005666304	57004165632	1500672	512	4.019656
1121599488	1120142848	1456640	512	7.451690
49835164672	49833522176	1642496	512	2.503735
52156724224	52155450368	1273856	512	2.999665
62694162944	62692859392	1303552	512	9.344904
37696980480	37695049216	1931264	512	10.337977
702429184	701137408	1291776	512	10.964786
28456970752	28455617536	1353216	512	8.260339
58020689408	58019062784	1626624	512	11.340542
16481144320	16479225856	1918464	512	3.735426
40264657920	40263246336	1411584	512	2.316753
20379763712	20378606080	1157632	512	2.842167
42967460352	42966006784	1453568	512	11.491863
67044431872	67043112960	1318912	512	3.720454
21705097728	21703063040	2034688	512	10.326074
9213632000	9212256768	1375232	512	7.728003
31296258560	31294392832	1865728	512	2.370617
2872722432	2871376384	1346048	512	9.366331
38945561088	38944463872	1097216	512	10.473456
23390345728	23389093376	1252352	512	10.663250
71763048960	71761332736	1716224	512	4.837928
77206081536	77204180480	1901056	512	13.080339
16080450048	16078672896	1777152	512	7.062105
47019193856	47017716224	1477632	512	10.120684
42136941568	42135641088	1300480	512	10.988611
34261237248	34259268608	1968640	512	8.342779
5229267968	5227257856	2010112	512	12.354629
4671919616	4670491648	1427968	512	7.653509
70485233152	70483927040	1306112	512	2.096943
13806333440	13804752896	1580544	512	7.711222
78049683456	78047854080	1829376	512	9.549511
18780878336	18779086336	1792000	512	6.714929
24856300544	24854534656	1765888	512	5.734747
64488840704	64487021568	1819136	512	9.597679
1952073216	1950020096	2053120	512	3.830746
38360193024	38358509056	1683968	512	7.254955
40666892800	40665097728	1795072	512	10.891617
13068734464	13067196928	1537536	512	4.010612
40031912960	40029984256	1928704	512	7.417385
5259368960	5258231296	1137664	512	4.701020
78322804736	78321377792	1426944	512	8.119017
1589912576	1588227584	1684992	512	2.580476
13047129600	13045902848	1226752	512	12.981539
77775872000	77774769152	1102848	512	12.515609
59575863808	59574384128	1479680	512	3.177608
6873561600	6872183808	1377792	512	8.007928
32416589824	32415431168	1158656	512	10.482841
60309841408	60308229120	1612288	512	8.420199
58060311552	58059241472	1070080	512	9.230316
45813371392	45811544064	1827328	512	8.057540
69865728512	69864232448	1496064	512	7.827221
3926912512	3925261824	1650688	512	2.741546
19481751552	19480473600	1277952	512	9.353695
15897283072	15895788032	1495040	512	4.340483
65415950336	65414465536	1484800	512	9.255297
18324887040	18323637248	1249792	512	11.784868
44490937856	44488932352	2005504	512	4.301172
58569810944	58567956992	1853952	512	12.148991
8087787008	8085842944	1944064	512	4.682806
35722011136	35720650240	1360896	512	4.986074
37634153984	37632965120	1188864	512	8.805268
69141135360	69139377152	1758208	512	8.031003
66757713408	66755855360	1858048	512	8.246934
6128201216	6126184448	2016768	512	3.093447
22909511168	22907505152	2006016	512	9.245095
11938003968	11936894976	1108992	512	2.670458
12387788800	12386266624	1522176	512	2.522534
56667028480	56665876480	1152000	512	4.955147
29691080704	29689867264	1213440	512	9.100034
13689011200	13686974976	2036224	512	1.989347
9298424320	9296931328	1492992	512	5.033161
26176817664	26174871552	1946112	512	12.512960
56628681728	56627610624	1071104	512	9.202795
25603259392	25601701376	1558016	512	10.736250
43838971392	43837823488	1147904	512	8.491445
16622443520	16620371456	2072064	512	11.311746
8743111168	8741629440	1481728	512	5.292895
79982361600	79980818944	1542656	512	9.530084
32368004096	32366697472	1306624	512	6.819342
58833702400	58831746560	1955840	512	7.156692
30235678720	30234249728	1428992	512	3.828077
3727081472	3725059072	2022400	512	3.834983
17885215744	17883345920	1869824	512	4.921286
46751097344	46749990912	1106432	512	9.028353
28033443840	28031711232	1732608	512	8.368823
21881553920	21880489984	1063936	512	5.035753
38020295680	38019128320	1167360	512	9.314148
8356231168	8354315776	1915392	512	5.337243
793352704	791583744	1768960	512	11.797187
52170516992	52168933376	1583616	512	3.531801
79314648576	79312926208	1722368	512	12.729635
45020614144	45019344384	1269760	512	5.264357
8651320320	8650010624	1309696	512	9.172095
70623547904	70621768192	1779712	512	14.000621
250532352	248538624	1993728	512	6.956649
9014322688	9013154304	1168384	512	12.469699
52762952192	52761647616	1304576	512	8.488281
75147778560	75146356224	1422336	512	4.997273
7223281664	7221397504	1884160	512	7.860505
56614051840	56612407808	1644032	512	8.959708
35774887936	35773101568	1786368	512	3.626293
21046560256	21044967424	1592832	512	2.105103
33216323584	33215159808	1163776	512	11.747131
12288457728	12286907392	1550336	512	3.742077
57207279616	57205408768	1870848	512	2.300794
8429941248	8428534784	1406464	512	7.420661
55428265984	55426172416	2093568	512	5.990648
78548195328	78546227200	1968128	512	3.677579
15953676288	15952217088	1459200	512	5.135411
20249943552	20248260608	1682944	512	9.207626
27044614656	27043185152	1429504	512	4.548530
20895233536	20893220864	2012672	512	12.691799
68203201024	68201568256	1632768	512	2.326166
511815168	510409216	1405952	512	8.528446
64034262016	64032960000	1302016	512	5.959205
4997109248	4995654144	1455104	512	7.026237
7545774080	7544529408	1244672	512	12.894845
54579150336	54577493504	1656832	512	9.467474
58446555648	58444812288	1743360	512	4.406386
30098905088	30097266688	1638400	512	7.936425
19970317312	19968809472	1507840	512	4.027042
37583671296	37582120448	1550848	512	8.866239
31775893504	31774286848	1606656	512	8.711527
7091558912	7090274304	1284608	512	12.022989
47853911040	47852636160	1274880	512	4.466400
43066336256	43064428544	1907712	512	6.878082
62714292224	62713235968	1056256	512	5.888034
69157912064	69156568064	1344000	512	12.992200
54237240320	54235744256	1496064	512	4.834740
39943264256	39941553152	1711104	512	3.803655
58787842560	58786539008	1303552	512	10.362993
26815177728	26813196800	1980928	512	11.635573
70475619840	70474333184	1286656	512	2.796185
42820767744	42819642880	1124864	512	9.116089
47086005248	47084278272	1726976	512	12.651178
50237377536	50236116480	1261056	512	3.860702
55966900736	55965303296	1597440	512	11.109340
35479775232	35478675968	1099264	512	2.277006
56541278208	56539312128	1966080	512	10.582202
69720699904	69718729216	1970688	512	10.088604
17889175552	17887632896	1542656	512	3.186800
8696684544	8695016960	1667584	512	12.302688
29756765696	29755237376	1528320	512	12.448747
37510700544	37509441536	1259008	512	8.775619
69348707840	69346764800	1943040	512	10.978420
63248776192	63247093760	1682432	512	6.069130
33241103872	33239476736	1627136	512	7.671521
45005646336	45003604992	2041344	512	3.321398
1080391168	1078609920	1781248	512	11.567048
76901259264	76899951616	1307648	512	2.024618
24284259840	24282882560	1377280	512	5.749243
24736258048	24734921216	1336832	512	6.788138
71653654528	71652432896	1221632	512	4.126856
52496922112	52495690752	1231360	512	4.252048
57709392384	57707794432	1597952	512	12.197007
69342135808	69340992000	1143808	512	10.552078
40250731520	40249516544	1214976	512	9.286798
60904740352	60902860288	1880064	512	9.797879
64205307392	64203902976	1404416	512	2.571177
31360284160	31358789120	1495040	512	11.577751
34338879488	34337085952	1793536	512	3.351600
75863603200	75862545408	1057792	512	7.783904
79375477248	79373860864	1616384	512	6.249309
39665567744	39664061440	1506304	512	9.121501
50788869632	50787058688	1810944	512	8.907627
54858652160	54856840192	1811968	512	4.957550
39155235328	39153886720	1348608	512	3.912375
56142683136	56140818432	1864704	512	2.513872
46435669504	46434239488	1430016	512	9.554344
65388363264	65386284544	2078720	512	5.888990
10881944064	10880130560	1813504	512	8.875084
1103212544	1101263872	1948672	512	7.995602
79035835904	79034364928	1470976	512	12.705349
8406344704	8404585984	1758720	512	10.791587
20779703296	20778100736	1602560	512	8.186503
16683927040	16682529280	1397760	512	6.592353
29307550208	29306370560	1179648	512	11.745919
72756251136	72754185728	2065408	512	12.677419
19159289856	19157231616	2058240	512	9.910235
17233657344	17232102912	1554432	512	2.842155
40307060224	40305684480	1375744	512	3.253799
54996480512	54994760192	1720320	512	9.513425
18939962368	18937927680	2034688	512	12.165817
22713178112	22711118848	2059264	512	9.784661
56152646656	56150555648	2091008	512	5.068850
41047227392	41046077440	1149952	512	9.082716
65704049152	65702484480	1564672	512	6.694202
72227648000	72226538496	1109504	512	8.167548
79711279616	79710017536	1262080	512	12.674710
45392095232	45390005248	2089984	512	12.096971
48513053184	48511586816	1466368	512	10.421129
57919720960	57917968384	1752576	512	5.790744
26109121024	26107054080	2066944	512	7.791231
26854815232	26853386752	1428480	512	4.594332
33621502976	33619467264	2035712	512	6.693015
71157771264	71155846656	1924608	512	9.935201
71886794240	71885401600	1392640	512	7.135847
16096314368	16094888448	1425920	512	5.918914
3398166016	3396171776	1994240	512	4.450843
60195195904	60193538048	1657856	512	8.805828
78724401152	78723293696	1107456	512	12.371225
29450949632	29449227264	1722368	512	5.784948
47571936256	47570299392	1636864	512	3.951576
41135434752	41133532160	1902592	512	8.111592
11338278400	11336772608	1505792	512	4.767136
51773433344	51771608064	1825280	512	5.947960
5688197120	5686414336	1782784	512	8.313717
5976141312	5974498304	1643008	512	2.173825
33898177536	33896736768	1440768	512	2.968337
7726782464	7725538304	1244160	512	12.937631
43765710848	43764294144	1416704	512	12.424441
69998227968	69996267520	1960448	512	10.340150
23709828096	23707965440	1862656	512	3.433267
59798596608	59797274624	1321984	512	9.795587
71051919872	71050300416	1619456	512	9.553794
23800035328	23798326784	1708544	512	7.093088
74343335424	74341579264	1756160	512	12.019252
77024805376	77022713344	2092032	512	7.726075
3461932032	3460556800	1375232	512	8.774553
61416070656	61414102528	1968128	512	5.276687
44751161856	44749877248	1284608	512	4.876560
30254455296	30253359616	1095680	512	2.748537
536061952	534427136	1634816	512	3.638566
16484886016	16482900480	1985536	512	2.251193
66893016576	66891749376	1267200	512	5.449157
40912401408	40910626816	1774592	512	2.171209
50265984000	50264602624	1381376	512	9.881901
23471616000	23470215168	1400832	512	5.246440
4161573888	4159706112	1867776	512	7.247177
40230415872	40228483072	1932800	512	7.316970
57812931584	57811234304	1697280	512	7.397423
7149943808	7148648960	1294848	512	9.975087
78661286912	78659346944	1939968	512	3.007353
37964696064	37963092480	1603584	512	7.561129
61468195840	61466629120	1566720	512	10.266706
24626210816	24624379392	1831424	512	4.173994
34432648192	34431132672	1515520	512	12.237188
65287186432	65285318656	1867776	512	8.164025
76868167168	76866228224	1938944	512	4.781995
69871056384	69869323776	1732608	512	7.100796
44394491904	44392814592	1677312	512	10.304607
36572612096	36571034112	1577984	512	9.962675
65825968640	65824169472	1799168	512	21.298522
1518446080	1517021184	1424896	512	9.983851
53266004992	53264596992	1408000	512	8.496690
4239861760	4237913600	1948160	512	5.496277
34509651456	34508340736	1310720	512	6.211486
37830072320	37828739072	1333248	512	5.118623
27677911552	27676384256	1527296	512	2.208937
75349043712	75347213824	1829888	512	7.985177
60115364864	60114072064	1292800	512	8.824131
24513677824	24511662080	2015744	512	9.034002
56604792832	56603510784	1282048	512	12.238162
43406003200	43404877312	1125888	512	9.090341
18064817152	18063038976	1778176	512	7.023224
74104077824	74102931968	1145856	512	5.234107
38500403712	38498912768	1490944	512	12.229495
57237189120	57235092480	2096640	512	4.862338
32703180288	32701428736	1751552	512	5.134976
19732730880	19730960896	1769984	512	7.202276
56466455552	56465054720	1400832	512	8.736879
62239332352	62237834240	1498112	512	12.557796
65580400640	65579155456	1245184	512	9.647674
29092858880	29090771968	2086912	512	6.170503
31792271360	31790572544	1698816	512	6.460611
66728656896	66727327744	1329152	512	6.937416
26856494592	26855154176	1340416	512	8.529133
68443186176	68441450496	1735680	512	8.168394
54831227904	54829726720	1501184	512	4.694253
68717005312	68715120128	1885184	512	4.907560
15473675264	15471604736	2070528	512	11.346709
19623452160	19621392384	2059776	512	11.600645
36274797056	36272908288	1888768	512	9.297954
42637480960	42635462144	2018816	512	3.969540
71857684992	71856445952	1239040	512	3.506117
54395132416	54393350656	1781760	512	7.719221
47702225408	47700379136	1846272	512	9.387756
57400230400	57398729728	1500672	512	3.946171
21233253376	21231358976	1894400	512	4.320645
38389749760	38388684800	1064960	512	11.906974
39294249984	39292975616	1274368	512	7.704687
4285181952	4283507712	1674240	512	11.452763
72575727104	72574672384	1054720	512	12.027993
40866559488	40864520192	2039296	512	6.400611
48292792320	48291536896	1255424	512	4.985221
34542919168	34541657088	1262080	512	7.424726
13603246592	13601349120	1897472	512	5.153084
42137360384	42136030720	1329664	512	3.686017
52389110784	52387289088	1821696	512	7.876464
39938535424	39937190400	1345024	512	4.027831
38067007488	38065827840	1179648	512	10.864578
40937256960	40936059904	1197056	512	9.701423
16100950528	16098993152	1957376	512	2.855751
25620414976	25618328064	2086912	512	7.279377
39174270464	39172191232	2079232	512	3.509122
67422542848	67420737024	1805824	512	7.566404
76830695936	76829262336	1433600	512	7.802491
76765640192	76764347904	1292288	512	2.673314
41374387712	41373166592	1221120	512	15.611542
39635632128	39634016768	1615360	512	6.276186
40582874112	40581411840	1462272	512	12.089192
24105708544	24103699456	2009088	512	10.960776
33109716992	33108588544	1128448	512	12.605943
38697895936	38696844288	1051648	512	11.626383
2131658240	2130499584	1158656	512	4.621893
41369993728	41368738816	1254912	512	6.365702
69292995584	69291292160	1703424	512	9.922276
52043836928	52042640384	1196544	512	5.174818
42311240192	42309898240	1341952	512	3.339856
27187026944	27185867264	1159680	512	11.037027
6070638592	6069102080	1536512	512	4.545613
7285037056	7283216896	1820160	512	7.449863
73250549760	73248504320	2045440	512	2.249392
35087431168	35086068224	1362944	512	4.926250
9722806272	9720835072	1971200	512	3.445291
32784941568	32783034880	1906688	512	12.448949
20981814784	20980610560	1204224	512	11.010607
11136749568	11135506944	1242624	512	12.527417
21428217856	21426225664	1992192	512	13.158680
22515044352	22513555456	1488896	512	4.437745
43517902848	43515906048	1996800	512	4.532262
58189303296	58187685888	1617408	512	5.323042
17679519744	17678019584	1500160	512	4.098789
29071588864	29069809152	1779712	512	4.460305
32832014848	32830573568	1441280	512	3.499913
23830154240	23828551680	1602560	512	9.651024
52840954880	52839377408	1577472	512	3.688131
5938744320	5937375232	1369088	512	8.296443
43549300224	43548156416	1143808	512	8.622642
62456589312	62455489536	1099776	512	4.561002
30397384704	30396307456	1077248	512	3.179951
66238299648	66236698112	1601536	512	5.505631
12356575744	12355046400	1529344	512	4.193641
9018682880	9016705536	1977344	512	3.323463
19429332480	19428121600	1210880	512	10.892001
77527511040	77526180864	1330176	512	12.174172
25377665536	25376344064	1321472	512	7.166020
41052680704	41051034624	1646080	512	5.518239
14901814784	14899802624	2012160	512	2.553542
14923154432	14921519104	1635328	512	12.973888
57787613696	57785751552	1862144	512	2.548637
5566092800	5564512256	1580544	512	3.529986
22357480960	22356326912	1154048	512	2.931385
28918421504	28916919296	1502208	512	11.279344
933155328	931281408	1873920	512	7.697265
54784719872	54783430656	1289216	512	12.666138
79125800960	79123854848	1946112	512	10.230216
8665796608	8663916032	1880576	512	7.374121
35320391168	35319132160	1259008	512	7.520583
5524333568	5523003904	1329664	512	9.157638
36577000448	36575856128	1144320	512	11.746175
73248253952	73246499328	1754624	512	5.296315
70994360832	70993000448	1360384	512	11.312970
38280023040	38278026752	1996288	512	6.843170
4343583232	4341655552	1927680	512	5.950882
22366061056	22364903424	1157632	512	12.110255
17895747584	17893798400	1949184	512	3.023399
58894579200	58893485568	1093632	512	5.611185
73357985792	73356803072	1182720	512	3.962471
6158408704	6157238784	1169920	512	3.501686
16793946112	16791937536	2008576	512	12.813431
51877831168	51875899392	1931776	512	4.784370
36763926528	36761838592	2087936	512	6.369970
62391941632	62390247424	1694208	512	6.538443
8599962112	8598389760	1572352	512	9.753097
51577614336	51576479744	1134592	512	6.919295
42692327936	42690928128	1399808	512	11.036225
79149070336	79147486720	1583616	512	5.916257
47391104000	47389382656	1721344	512	11.073598
72929845248	72927963648	1881600	512	10.036845
42859828736	42858450432	1378304	512	11.664213
79323437056	79322305024	1132032	512	9.231135
39090518016	39089077760	1440256	512	12.633090
69777166336	69775975936	1190400	512	7.239228
3285267456	3283472384	1795072	512	8.823680
17515608064	17514317312	1290752	512	9.023431
4617393664	4615715328	1678336	512	13.242378
74611999232	74610021376	1977856	512	12.966167
35883495936	35881730560	1765376	512	4.162394
4154227712	4152397824	1829888	512	9.910713
1276065280	1274775552	1289728	512	12.872288
51066967552	51065575424	1392128	512	9.542246
54175773184	54174583296	1189888	512	4.440080
52795883520	52794018816	1864704	512	4.892873
56942368256	56940750848	1617408	512	9.762073
77877021184	77875588096	1433088	512	6.018810
30811140608	30809858560	1282048	512	9.263174
68637730304	68636039680	1690624	512	9.625215
22601005056	22599621632	1383424	512	6.901006
2129018880	2127279104	1739776	512	12.455806
59768657408	59766714368	1943040	512	9.436951
14994828288	14993095168	1733120	512	10.726306
39938710528	39936909824	1800704	512	12.581505
65295865856	65294044672	1821184	512	7.534364
64040761856	64038735872	2025984	512	12.129997
5973939712	5972439040	1500672	512	5.366487
29752942592	29751351808	1590784	512	10.956893
16147108352	16145923584	1184768	512	11.489905
4320149504	4318454784	1694720	512	12.887465
19413401600	19411589120	1812480	512	6.211807
75904116736	75902019584	2097152	512	5.157959
32833875456	32832569344	1306112	512	6.860889
9542486016	9540717056	1768960	512	8.053877
41684691968	41683039232	1652736	512	5.332231
15705157632	15703246848	1910784	512	3.942648
58614548992	58612724736	1824256	512	13.080456
50152411136	50151047680	1363456	512	10.270914
56210536448	56208695296	1841152	512	3.148151
16988133888	16986806784	1327104	512	8.177876
4278233088	4276378112	1854976	512	7.532454
40813877760	40812187136	1690624	512	4.279581
18255104000	18253349376	1754624	512	7.489410
63756682240	63755255296	1426944	512	3.015075
7377692672	7376131584	1561088	512	3.986985
32858514944	32857172992	1341952	512	5.980702
3997784064	3996620288	1163776	512	4.133671
22452482560	22450632704	1849856	512	5.367879
18246813696	18245181952	1631744	512	10.384679
57983824896	57982164992	1659904	512	8.454335
23037045248	23034977280	2067968	512	9.593538
29780426752	29778584576	1842176	512	2.848355
963168768	961856000	1312768	512	12.402890
79330583040	79329084416	1498624	512	11.527404
49853889536	49852404736	1484800	512	6.900235
16594923008	16593354752	1568256	512	2.588517
58737233920	58735678976	1554944	512	11.984642
49824855040	49822915584	1939456	512	3.501871
25016865280	25015321088	1544192	512	11.083228
9210085376	9208501248	1584128	512	2.975160
5195404288	5194193408	1210880	512	3.110694
1812456960	1810622464	1834496	512	8.601692
30775207936	30773191168	2016768	512	9.737479
67770814976	67769546240	1268736	512	5.314970
5907946496	5906454016	1492480	512	5.483478
39335458816	39334372352	1086464	512	10.749769
53937160192	53935141888	2018304	512	10.115916
70491268608	70489828864	1439744	512	6.657153
21868135424	21866749952	1385472	512	6.825900
27460079104	27457992192	2086912	512	7.297922
51786037248	51784456704	1580544	512	3.605380
24059763712	24058681856	1081856	512	12.797696
56091438592	56089731072	1707520	512	7.078935
52937597952	52936137216	1460736	512	7.004645
18491372544	18489717760	1654784	512	9.885585
23138137088	23136729088	1408000	512	5.032869
24020335104	24018891264	1443840	512	2.364880
60756990976	60755522048	1468928	512	3.488867
38920687616	38919331328	1356288	512	3.730391
76056087552	76054947840	1139712	512	4.657487
2383644160	2381575680	2068480	512	3.519031
7423751680	7421737984	2013696	512	3.114503
1352928768	1351425536	1503232	512	6.446670
65726064128	65724705280	1358848	512	4.111208
44229719552	44227809280	1910272	512	6.812555
46940827648	46939666432	1161216	512	7.510531
49258916864	49257836032	1080832	512	9.716665
33323950592	33322639872	1310720	512	6.217246
50326201856	50324806656	1395200	512	8.357068
68974513152	68972685312	1827840	512	3.788231
11472440832	11471008768	1432064	512	8.257645
23947460608	23945776128	1684480	512	7.661121
22499595776	22498252800	1342976	512	7.837434
72773790208	72771840512	1949696	512	5.690163
30447800320	30446652416	1147904	512	10.716548
67383836160	67382372352	1463808	512	8.003125
15497333248	15495416320	1916928	512	3.831186
17368787456	17367228928	1558528	512	2.830168
9137394688	9135822336	1572352	512	3.228231
26209050112	26207188480	1861632	512	3.443819
69490064896	69488225792	1839104	512	5.269625
46120864256	46119258624	1605632	512	4.826209
4292188672	4290892800	1295872	512	12.349367
52032438272	52030577152	1861120	512	4.927973
10560517120	10558981632	1535488	512	4.175533
68167814656	68166477312	1337344	512	2.973353
73687539712	73685877760	1661952	512	4.437211
41764307456	41762942464	1364992	512	3.519709
50957487104	50955792384	1694720	512	12.158087
40272695296	40270992384	1702912	512	3.987371
68999317504	68997793792	1523712	512	6.866021
2084374528	2083051520	1323008	512	12.170688
63353693184	63352392704	1300480	512	7.007120
17268610560	17267185152	1425408	512	5.855377
77871378944	77869416448	1962496	512	3.983053
62432112128	62430213120	1899008	512	9.332974
4761288704	4759723520	1565184	512	4.614971
46067375616	46065658880	1716736	512	12.913157
46074674688	46072711680	1963008	512	4.389624
57377052160	57374974464	2077696	512	5.466679
69840550912	69839471104	1079808	512	12.844218
29688374784	29686682624	1692160	512	6.615926
69322320384	69320893952	1426432	512	10.187767
61171736064	61170106880	1629184	512	8.461206
59105679360	59104359936	1319424	512	8.044078
59942088704	59940048896	2039808	512	4.651223
45594359808	45592925696	1434112	512	9.453873
12010359296	12008593408	1765888	512	9.958265
61287184384	61285916672	1267712	512	10.469370
56110053888	56108178432	1875456	512	2.159743
45100574720	45098686464	1888256	512	8.266505
25568679424	25567338496	1340928	512	6.705163
56219867136	56218385408	1481728	512	4.506808
27118929920	27117567488	1362432	512	6.172674
65937037824	65935003136	2034688	512	11.837261
67291750912	67290052608	1698304	512	11.238955
43548989952	43547651072	1338880	512	3.452621
20060673536	20059484672	1188864	512	11.435061
33148513280	33146869248	1644032	512	9.053339
27760062976	27758634496	1428480	512	4.570568
48900234752	48898444800	1789952	512	9.021572
70345369088	70343587840	1781248	512	5.795738
72871583744	72869786112	1797632	512	3.778993
72685765120	72684152320	1612800	512	8.547482
68711301632	68709614080	1687552	512	11.572130
17279694848	17277834240	1860608	512	5.104588
65621956096	65620607488	1348608	512	4.434629
59607520256	59606153728	1366528	512	8.467887
11528112640	11526130688	1981952	512	3.217771
64801892864	64800563200	1329664	512	5.038952
68130278912	68128637952	1640960	512	13.133704
39461660672	39459889152	1771520	512	2.212940
4327961088	4325910528	2050560	512	3.292323
60848913920	60847382016	1531904	512	12.651233
76097070592	76095805440	1265152	512	10.965428
565181952	563502080	1679872	512	2.646082
18660842496	18659309056	1533440	512	3.423689
30296970240	30295912960	1057280	512	3.662642
19145359360	19143794176	1565184	512	11.989829
22081565696	22079522304	2043392	512	11.992283
65720354304	65718842880	1511424	512	10.257473
48745737216	48744486912	1250304	512	5.148503
55972518912	55971125760	1393152	512	9.697744
42238168064	42236323328	1844736	512	10.421353
16925831680	16924731904	1099776	512	4.203565
67116434432	67114422272	2012160	512	8.037603
50667690496	50665990144	1700352	512	12.009772
76225291776	76223912448	1379328	512	3.750070
15183503360	15182385664	1117696	512	4.253150
21553856512	21552709120	1147392	512	12.342506
22369785856	22368315392	1470464	512	4.873958
45589602816	45588267008	1335808	512	2.790117
35304329216	35302599680	1729536	512	5.062806
50641312768	50639347200	1965568	512	2.774470
74083776512	74081860608	1915904	512	4.171807
40502976000	40501098496	1877504	512	10.637536
41438757376	41436838400	1918976	512	7.721814
8391366656	8390143488	1223168	512	2.252602
15752354304	15750464000	1890304	512	4.393920
26041637888	26039779840	1858048	512	3.599159
79544456192	79542868480	1587712	512	5.694877
25851844608	25849877504	1967104	512	12.009928
22414867968	22413573632	1294336	512	10.815067
76295101440	76293530112	1571328	512	7.415646
49365870592	49363921920	1948672	512	3.261826
21753534464	21752187904	1346560	512	9.595231
45963502080	45962291712	1210368	512	6.226997
5940788224	5939212800	1575424	512	3.646828
65074281984	65072821248	1460736	512	11.955479
71776836096	71775606272	1229824	512	3.859508
43759904768	43758102528	1802240	512	9.707653
10477510656	10476263424	1247232	512	10.616200
20386173952	20384312320	1861632	512	5.114286
79302229504	79300580864	1648640	512	3.023942
6425227264	6423436288	1790976	512	9.943152
13027795968	13026389504	1406464	512	7.106592
4970638336	4969027584	1610752	512	3.604360
36980785664	36979197440	1588224	512	7.924410
1099815424	1098473984	1341440	512	9.915067
36956686848	36955519488	1167360	512	9.312968
62279075328	62277023232	2052096	512	2.720863
61884639232	61882640384	1998848	512	4.348279
38290342912	38288808448	1534464	512	11.198883
42731008000	42729657856	1350144	512	3.164294
57811173888	57809267200	1906688	512	12.289984
21763559424	21761564672	1994752	512	13.090328
50791403520	50790311424	1092096	512	8.485918
70226294784	70225225216	1069568	512	10.447362
47112183808	47110975488	1208320	512	6.243116
42551785984	42550176256	1609728	512	5.518705
76671860224	76670632960	1227264	512	5.431113
65006101504	65004694528	1406976	512	2.488344
21845884416	21844715520	1168896	512	11.890156
79417795584	79416133120	1662464	512	2.418623
6574501376	6572529152	1972224	512	4.079059
33299090944	33297874944	1216000	512	8.666797
15466413568	15464722944	1690624	512	10.863562
4842050048	4840781824	1268224	512	12.976004
35952139776	35950877184	1262592	512	7.494574
26542496768	26540919296	1577472	512	9.221630
37217878016	37216252416	1625600	512	6.979514
22533259264	22531881984	1377280	512	7.002297
38442602496	38440587776	2014720	512	8.254644
8552974848	8551499264	1475584	512	5.466007
43228168704	43227030016	1138688	512	8.728832
550080000	548057088	2022912	512	4.466720
72487986176	72486739456	1246720	512	3.233118
39504771584	39502910976	1860608	512	9.195329
35972908544	35971597824	1310720	512	6.196863
77417005056	77415733760	1271296	512	3.655998
28879043072	28877954048	1089024	512	12.186911
43822541824	43820693504	1848320	512	8.529513
42394315776	42392534016	1781760	512	12.146098
3113406976	3111499264	1907712	512	6.379175
3476541440	3475229696	1311744	512	10.170674
62417264640	62415924736	1339904	512	8.233235
26227364864	26225436672	1928192	512	12.938379
71293044224	71291962368	1081856	512	11.863954
75855964160	75854671872	1292288	512	9.959051
16214307840	16212891136	1416704	512	6.119435
22080814592	22079161856	1652736	512	9.840470
30972606976	30970635776	1971200	512	10.790937
23707910656	23706191360	1719296	512	6.811244
1920002560	1918153216	1849344	512	8.224777
27467950080	27466176000	1774080	512	5.522407
30877741568	30876539904	1201664	512	9.458533
31212994048	31211417600	1576448	512	11.320344
3793699328	3791683584	2015744	512	4.011274
60356236288	60354697216	1539072	512	10.646458
54924511744	54923346432	1165312	512	5.166186
6281460224	6280301568	1158656	512	3.701908
39547116544	39545431040	1685504	512	4.471593
48400228864	48398462464	1766400	512	11.571689
17176314880	17174814208	1500672	512	4.142393
4345427968	4344273920	1154048	512	4.370523
29830559232	29828749312	1809920	512	3.726284
8318488576	8316917760	1570816	512	3.737883
45269458944	45268134912	1324032	512	12.392728
74370652160	74368925184	1726976	512	13.126862
21999333888	21997829632	1504256	512	4.071508
65180246528	65178473472	1773056	512	11.055093
59475155968	59473308672	1847296	512	12.350804
33781086720	33779357184	1729536	512	5.066040
34895884288	34894297600	1586688	512	8.639614
22096729088	22095111168	1617920	512	12.588470
67263134208	67261210624	1923584	512	12.863700
29663378432	29662051840	1326592	512	6.378442
64647990784	64646555136	1435648	512	12.700391
70113732096	70111675392	2056704	512	5.211029
24460810752	24459487232	1323520	512	8.995841
30542356480	30540888064	1468416	512	12.126336
7693168640	7691560960	1607680	512	12.204223
66833325056	66831383552	1941504	512	7.648316
73235504128	73234113024	1391104	512	9.148276
47000765952	46999627776	1138176	512	9.953707
25742070272	25740589568	1480704	512	12.554627
38546674176	38545236480	1437696	512	12.793394
11714756608	11712860160	1896448	512	5.157224
74747596288	74746178048	1418240	512	4.302530
3445675520	3443933696	1741824	512	11.778428
55494027776	55492795904	1231872	512	3.249741
56104633344	56102547456	2085888	512	5.230867
38126130688	38124969472	1161216	512	9.410322
19123681792	19122043392	1638400	512	12.087867
36095607808	36093856768	1751040	512	4.521372
19143313920	19141714432	1599488	512	12.988425
29517144576	29515827200	1317376	512	8.434533
17548460032	17546470912	1989120	512	11.374292
55758265856	55756549120	1716736	512	9.546035
45989957632	45988177920	1779712	512	11.213211
16702032896	16700899328	1133568	512	3.366471
29776546304	29774505984	2040320	512	7.318736
56666741760	56665317888	1423872	512	6.190564
65233533440	65232052736	1480704	512	11.285761
30028995072	30027435520	1559552	512	11.779151
14121398784	14119966720	1432064	512	6.414397
66167929344	66166368768	1560576	512	6.798254
8658355200	8656571392	1783808	512	9.581033
63626479616	63625293312	1186304	512	10.628912
15355100672	15353724416	1376256	512	8.932678
47252625408	47250596352	2029056	512	2.623820
19211153408	19209612288	1541120	512	12.525067
9417579008	9415828480	1750528	512	8.554182
40650205696	40648300032	1905664	512	8.020535
22729398784	22728110080	1288704	512	10.936343
20304920064	20303085056	1835008	512	5.710152
79453276672	79451695616	1581056	512	7.842007
6055319552	6053315072	2004480	512	3.276336
63760940032	63759077376	1862656	512	9.657372
76174961664	76173443584	1518080	512	7.614771
42318216704	42316194816	2021888	512	3.872141
52850698240	52849254400	1443840	512	7.504474
41357197312	41356035072	1162240	512	10.518312
2002566144	2000632320	1933824	512	8.249944
50516767232	50514710528	2056704	512	11.414030
57541073408	57539375616	1697792	512	9.250195
58289522176	58287680000	1842176	512	12.514673
29032205824	29030401536	1804288	512	3.908357
15088445952	15086989824	1456128	512	5.886827
61749013504	61747787264	1226240	512	11.749022
49852410880	49851359744	1051136	512	11.539058
30206214656	30205051904	1162752	512	10.290533
6933840384	6932145152	1695232	512	12.101841
22045040640	22043536896	1503744	512	4.117566
71358338560	71356502016	1836544	512	13.014487
20035802624	20034712576	1090048	512	2.573911
4901304832	4900202496	1102336	512	5.537956
47041525248	47040403456	1121792	512	10.428174
23974035456	23972818944	1216512	512	9.645481
4292972032	4291353088	1618944	512	3.479080
33173378560	33172095488	1283072	512	6.934570
32661515264	32660091904	1423360	512	3.991742
11577879040	11576819712	1059328	512	3.775892
13816940032	13815336960	1603072	512	2.556656
45972312576	45970435584	1876992	512	6.748131
21187782144	21186651648	1130496	512	3.472162
38648895488	38647367168	1528320	512	8.539772
21475565056	21474490880	1074176	512	2.931532
41940398080	41938398720	1999360	512	4.452845
27210973184	27209517568	1455616	512	3.935233
52793861632	52792385024	1476608	512	6.558272
51990059520	51988944896	1114624	512	7.474470
19844238848	19842424320	1814528	512	6.111155
17262337024	17261084672	1252352	512	9.919231
8401884672	8400030208	1854464	512	6.693988
26194220544	26192463360	1757184	512	5.911189
37051478016	37049467904	2010112	512	6.488991
48276011008	48274409984	1601024	512	4.955623
79923587072	79921678336	1908736	512	11.923853
75844162560	75842308608	1853952	512	5.208335
12350370304	12348537344	1832960	512	6.584806
12157614080	12156127232	1486848	512	5.190115
38580075520	38578534912	1540608	512	8.229809
65138054144	65136484352	1569792	512	6.511295
72013312	70043136	1970176	512	7.478180
73582688256	73580697088	1991168	512	3.226156
52463005696	52461436416	1569280	512	3.945249
32034919424	32033196032	1723392	512	5.854026
24194300416	24192369152	1931264	512	11.025745
78381381632	78379415552	1966080	512	3.771738
72416527872	72415417856	1110016	512	10.020449
6979270144	6977709056	1561088	512	2.140131
46331511296	46330287104	1224192	512	5.849708
16906853376	16905539072	1314304	512	5.602968
54074605056	54073360384	1244672	512	2.873388
38231054848	38229283840	1771008	512	3.258613
41703926272	41702864896	1061376	512	8.665378
61938122752	61936743936	1378816	512	5.212825
17895872000	17893997568	1874432	512	4.760791
5798977536	5797508608	1468928	512	7.917358
31937704960	31936228864	1476096	512	2.667449
8708351488	8706289664	2061824	512	12.535311
55161647104	55159663616	1983488	512	9.358785
74401105408	74399238656	1866752	512	7.847516
59254349312	59252897792	1451520	512	4.031581
20181585408	20179501056	2084352	512	11.041634
47339121664	47337385472	1736192	512	12.285488
19341839872	19340153344	1686528	512	9.116039
33135102976	33133164032	1938944	512	6.335025
71370250240	71368638976	1611264	512	11.720932
15791147520	15789065728	2081792	512	11.079486
49414215680	49412205568	2010112	512	12.642121
62622784000	62620861440	1922560	512	8.553613
53691752960	53690029568	1723392	512	7.518411
76040145408	76038402048	1743360	512	11.226359
67696157696	67694074880	2082816	512	7.495940
72468859392	72467294208	1565184	512	12.148841
17034006016	17032470016	1536000	512	3.349557
3234974208	3233827840	1146368	512	2.702826
9078870528	9077456384	1414144	512	8.758149
79880362496	79878806528	1555968	512	8.956318
914029568	912422912	1606656	512	4.242226
10572655616	10570758656	1896960	512	5.172214
33854398464	33853050880	1347584	512	5.311199
71244303872	71243163136	1140736	512	7.947714
37667769344	37666457088	1312256	512	5.644347
56280510464	56279236096	1274368	512	10.615275
78964830208	78962915328	1914880	512	11.551926
50584371712	50583101952	1269760	512	3.565953
66022120448	66020517376	1603072	512	5.493122
34220528640	34219381248	1147392	512	12.123004
42084851712	42083012608	1839104	512	8.726011
73888225280	73886248960	1976320	512	3.783634
22644993536	22643530240	1463296	512	5.063081
69406136832	69404457472	1679360	512	8.925676
79186473984	79184928256	1545728	512	7.586072
57193999872	57192935424	1064448	512	7.543258
29177897472	29176184832	1712640	512	6.099833
46730822144	46729229312	1592832	512	5.339484
63825004544	63823543808	1460736	512	13.103509
79182948352	79181104640	1843712	512	3.604109
4178515456	4176918528	1596928	512	3.959106
76977449984	76975481856	1968128	512	3.896302
36530331136	36529238528	1092608	512	12.920178
29316342272	29315272192	1070080	512	12.614571
57211334144	57209267712	2066432	512	7.656601
44515743744	44514608640	1135104	512	8.834017
14452512256	14451120128	1392128	512	9.122139
78387371520	78385449472	1922048	512	5.686377
77770188288	77768214016	1974272	512	3.501889
67934217216	67932600832	1616384	512	2.819803
72202259968	72200261632	1998336	512	5.827134
42071931392	42070644224	1287168	512	4.794692
54220079104	54218725376	1353728	512	8.955606
57901298176	57899556864	1741312	512	6.151937
66757584896	66756344832	1240064	512	7.952373
51034626560	51033462784	1163776	512	6.591450
23464139264	23462722560	1416704	512	4.831206
29480739328	29479328768	1410560	512	4.234836
24538547200	24536513024	2034176	512	10.417711
41135462912	41134009344	1453568	512	12.275851
15806912512	15804847616	2064896	512	11.499913
25172439552	25170995200	1444352	512	4.211093
76979421696	76978155008	1266688	512	3.771750
38833044480	38831641088	1403392	512	2.535081
33796765184	33794744832	2020352	512	8.934869
55304898048	55303809536	1088512	512	7.394696
26287276032	26286207488	1068544	512	2.128030
25494715904	25492752896	1963008	512	12.173869
72672875520	72671297024	1578496	512	11.604094
52734474752	52733049856	1424896	512	9.854464
43201905152	43200563712	1341440	512	3.353650
10635346944	10633492480	1854464	512	6.028988
27711600128	27709911552	1688576	512	7.586774
32399707648	32398533120	1174528	512	11.890287
60897928192	60896728576	1199616	512	2.415933
69106002432	69104629760	1372672	512	5.657058
19477010432	19475674624	1335808	512	8.011583
54277350912	54275931136	1419776	512	7.062817
59557594624	59555869184	1725440	512	5.000261
48747835904	48746498560	1337344	512	2.778641
73638853632	73637383168	1470464	512	2.329714
30433402368	30432126464	1275904	512	7.638499
1321520128	1319879680	1640448	512	3.452082
49368881664	49366839296	2042368	512	11.777423
27348058624	27346851840	1206784	512	9.877942
6451451904	6449890816	1561088	512	3.984803
32411914752	32410806272	1108480	512	2.512162
77009430016	77007350272	2079744	512	8.287279
34793662976	34792297984	1364992	512	2.923700
15284728832	15283337216	1391616	512	7.390425
33940388352	33939308544	1079808	512	2.726189
38671127040	38669513728	1613312	512	8.136667
42814009856	42812818944	1190912	512	7.324161
55887990784	55886142976	1847808	512	3.916836
51298952192	51297364480	1587712	512	4.046044
42536689664	42534835200	1854464	512	10.171626
48950959104	48949454848	1504256	512	7.546115
18871545856	18869761536	1784320	512	8.723854
1280036352	1278289408	1746944	512	12.315425
35411693568	35410167296	1526272	512	11.976910
8647542784	8646123520	1419264	512	6.723821
33157091328	33155858944	1232384	512	10.021292
56453806592	56452478464	1328128	512	6.144610
46300971008	46299261440	1709568	512	13.103545
20945671680	20944046592	1625088	512	12.411982
67161673728	67160399360	1274368	512	5.146377
76375361536	76373817344	1544192	512	15.074937
58688975360	58687455744	1519616	512	1.951517
72807138304	72805508608	1629696	512	7.985169
43826787328	43824975872	1811456	512	11.296844
25948739584	25947623424	1116160	512	2.791905
55138747904	55136840704	1907200	512	2.172856
24045417472	24043427328	1990144	512	9.646912
16133634048	16131806208	1827840	512	5.798276
16055666688	16054409216	1257472	512	11.650870
22018636800	22017043456	1593344	512	2.071040
18348656128	18346571776	2084352	512	9.183222
25836617216	25835260928	1356288	512	6.338671
72036736000	72034735104	2000896	512	5.687977
22806163968	22804109824	2054144	512	11.732688
7476082688	7474531328	1551360	512	4.207731
48482829824	48481351168	1478656	512	8.243920
70030241280	70028960256	1281024	512	4.126275
48526887424	48525008384	1879040	512	6.685876
5220527616	5219055104	1472512	512	6.588589
4384960000	4383781376	1178624	512	10.319222
10473571328	10471556096	2015232	512	2.470304
48769098752	48767866368	1232384	512	5.621105
72416355328	72414343680	2011648	512	3.462234
64178567680	64177161216	1406464	512	2.571296
21797067776	21795715584	1352192	512	7.621225
4175560704	4174364672	1196032	512	3.434337
70167018496	70165913600	1104896	512	10.152747
63724971520	63722907648	2063872	512	12.484049
15419765760	15418475008	1290752	512	9.020096
40065481728	40063679488	1802240	512	12.546016
55557166080	55555366912	1799168	512	5.405050
21470081536	21468863488	1218048	512	12.576857
44237581824	44235980288	1601536	512	7.611384
466598400	464825344	1773056	512	11.703040
49088499712	49086600704	1899008	512	6.184645
12904645120	12902598144	2046976	512	12.866093
44696594432	44695063040	1531392	512	7.602946
72547301888	72546029056	1272832	512	2.310001
32703671296	32702103040	1568256	512	9.666994
12161929728	12160492032	1437696	512	6.305708
72766096896	72764197888	1899008	512	9.358863
51248356352	51246973952	1382400	512	8.683684
54320277504	54318519808	1757696	512	6.532910
7329473536	7328215552	1257984	512	7.952416
999040000	997089280	1950720	512	6.151105
38759702016	38757829632	1872384	512	10.683438
74204792832	74203341824	1451008	512	9.622221
35871406080	35869864960	1541120	512	11.586510
17465738240	17464411648	1326592	512	10.081083
43204051456	43202979840	1071616	512	10.536097
22682191872	22680462336	1729536	512	8.157224
13204073984	13202541056	1532928	512	2.289838
78527235584	78525866496	1369088	512	10.543983
2698921984	2697156608	1765376	512	11.348654
57949710848	57948264448	1446400	512	5.547895
19688350720	19686429184	1921536	512	3.763676
79880775680	79878794752	1980928	512	8.706263
55221252096	55219362304	1889792	512	2.707637
7985630720	7983685120	1945600	512	4.638971
52210211840	52208258560	1953280	512	8.876250
2775927808	2774830080	1097728	512	5.603049
46830983168	46829374976	1608192	512	4.797085
32564319232	32562502144	1817088	512	3.580365
6821639680	6820240384	1399296	512	14.139389
3041784320	3040018432	1765888	512	9.467071
29072605696	29070734336	1871360	512	2.249761
43309455872	43308361216	1094656	512	9.835202
35721629696	35720289280	1340416	512	5.415164
22324894208	22322972160	1922048	512	3.703577
74266996224	74265202688	1793536	512	10.699504
47066194432	47064155136	2039296	512	2.369075
77771893760	77769953280	1940480	512	3.000775
40302609408	40301142016	1467392	512	11.956782
29989616640	29987552768	2063872	512	8.610824
51085732864	51084195840	1537024	512	5.435391
67262990848	67260938240	2052608	512	6.618719
29343206912	29341461504	1745408	512	5.328601
41572338176	41570409984	1928192	512	9.274205
38861051904	38859595264	1456640	512	10.363464
67955526144	67953947136	1579008	512	5.955501
77374274048	77372795904	1478144	512	10.603214
60502473216	60501185024	1288192	512	8.993430
26560545792	26558453248	2092544	512	7.164758
22686305280	22684573696	1731584	512	8.122647
67365496320	67363748864	1747456	512	9.474265
41840217088	41839122432	1094656	512	11.751164
35020706304	35018670080	2036224	512	6.677788
67405336064	67403841536	1494528	512	8.850921
47055083008	47053414912	1668096	512	3.118601
15247228928	15245587456	1641472	512	9.895279
2408382976	2406801408	1581568	512	4.771235
35729822208	35728134656	1687552	512	6.096912
991249920	989190656	2059264	512	3.693040
65907725312	65906073600	1651712	512	5.725553
79898292736	79896481792	1810944	512	6.964290
4120762368	4119337472	1424896	512	9.548716
534091776	532186112	1905664	512	8.860210
2066434560	2065276416	1158144	512	4.620639
70715090432	70713775616	1314816	512	11.026876
36785544704	36783755776	1788928	512	2.854367
71323323392	71322084352	1239040	512	4.459631
41339494912	41338384896	1110016	512	10.110979
63484328448	63482760704	1567744	512	7.813205
62486111744	62484610560	1501184	512	10.561653
51936018432	51934745600	1272832	512	3.019449
2924280832	2922477568	1803264	512	10.512944
66738049024	66736756736	1292288	512	6.280484
42147942400	42146036736	1905664	512	8.829619
34960750080	34959103488	1646592	512	7.098638
21059573248	21057613824	1959424	512	2.842246
6832440832	6830871552	1569280	512	3.821299
28326796288	28325072896	1723392	512	6.748398
67649924608	67648318976	1605632	512	3.247640
31039820288	31038340096	1480192	512	11.807697
23870889472	23869637632	1251840	512	8.827940
149309952	148190720	1119232	512	3.619568
34155309056	34154125312	1183744	512	9.413860
76233019392	76231440896	1578496	512	5.289295
61096237568	61094685184	1552384	512	10.856333
62968559616	62966468096	2091520	512	2.356298
14518256128	14517056512	1199616	512	11.709341
59944423424	59943054336	1369088	512	6.532765
60793566208	60792241664	1324544	512	7.891716
29616506880	29614979072	1527808	512	12.494711
944701440	942753280	1948160	512	7.917254
9928306688	9926766592	1540096	512	3.999112
45964161536	45962381312	1780224	512	11.197489
676051456	674494464	1556992	512	5.295593
41139305984	41137285632	2020352	512	5.055724
22487798272	22486591488	1206784	512	12.837726
46327656448	46326014976	1641472	512	3.850733
10671705088	10669623296	2081792	512	12.066553
7666940928	7665360384	1580544	512	3.569331
60891469312	60889887744	1581568	512	9.325628
79030718464	79028728832	1989632	512	8.289026
72727191552	72726023168	1168384	512	6.058190
52283833856	52281993216	1840640	512	7.368451
78003338240	78001951232	1387008	512	9.765361
44464501248	44462429696	2071552	512	2.535662
54281959424	54280356864	1602560	512	12.904023
6790160384	6788637696	1522688	512	4.852246
28586099200	28584264192	1835008	512	4.091490
22827283968	22825757696	1526272	512	3.600402
8147422720	8145710592	1712128	512	11.727609
15993758720	15992050176	1708544	512	10.468582
66262067712	66260420096	1647616	512	5.849817
60007168512	60005602304	1566208	512	9.800799
199755776	198355968	1399808	512	8.650691
46812252672	46810609152	1643520	512	3.788415
36091638784	36090518528	1120256	512	12.821957
9438748672	9436655616	2093056	512	11.811244
41186705920	41185090560	1615360	512	8.121465
55300960256	55299074560	1885696	512	2.844951
79920111616	79918122496	1989120	512	8.338395
37298882560	37297708544	1174016	512	9.140213
79214845440	79213501952	1343488	512	9.075683
21459695616	21457883136	1812480	512	6.188288
39463103488	39461569024	1534464	512	10.249280
32942477824	32940753408	1724416	512	7.699163
29960969216	29959435776	1533440	512	12.379655
29199958528	29198896128	1062400	512	12.816934
75968780800	75967287808	1492992	512	9.696752
5127068672	5125125632	1943040	512	5.619390
9158285824	9156853248	1432576	512	6.418371
18918632960	18916604416	2028544	512	10.534825
16830515712	16828486656	2029056	512	10.489588
45323995136	45322525696	1469440	512	8.497901
1926102016	1924504064	1597952	512	4.394329
68092377600	68090911232	1466368	512	9.779249
78209285120	78208207872	1077248	512	2.544513
12087858688	12086081536	1777152	512	9.737390
76449758720	76448221696	1537024	512	15.248014
4415227904	4413853184	1374720	512	8.769087
68307234304	68305417216	1817088	512	5.367203
59542152192	59540694016	1458176	512	3.843375
2181898240	2179959296	1938944	512	6.296658
14439127040	14437209600	1917440	512	4.661905
67288695808	67286773760	1922048	512	12.902953
48295958016	48294233600	1724416	512	12.690955
21196334592	21194547712	1786880	512	6.838175
23443237376	23441158144	2079232	512	7.453076
62246688768	62245133824	1554944	512	8.923580
64154167296	64152606720	1560576	512	6.772245
67388443648	67387328512	1115136	512	10.509998
24813141504	24811642368	1499136	512	12.140025
55017672704	55015874560	1798144	512	5.359126
54500178944	54498263040	1915904	512	1.928692
62652331008	62651196416	1134592	512	3.491254
29634515456	29632863744	1651712	512	7.621999
45553469440	45551965184	1504256	512	7.527881
2419912704	2418137088	1775616	512	11.667645
26921287168	26919670272	1616896	512	11.180151
11093452800	11092193280	1259520	512	10.318692
49587020800	49585266176	1754624	512	8.677888
1985111552	1983939584	1171968	512	4.342799
15617042432	15615365632	1676800	512	6.497801
59172437504	59171034624	1402880	512	13.692803
57480633856	57479099904	1533952	512	2.975437
65901756416	65899783680	1972736	512	2.702235
77433648640	77432432640	1216000	512	5.911739
71543920640	71542853632	1067008	512	10.507084
52052155392	52050232832	1922560	512	3.247820
49528387584	49526928896	1458688	512	9.460550
1398490112	1397305344	1184768	512	4.024349
75317154304	75315952128	1202176	512	2.303782
17934301696	17932658176	1643520	512	12.003219
78631212032	78629714944	1497088	512	5.110612
29251949056	29250070528	1878528	512	11.349273
25748459008	25746487808	1971200	512	11.928769
20513635328	20511595008	2040320	512	10.193193
4540870656	4538881024	1989632	512	6.445877
68362372096	68361270784	1101312	512	12.855706
64764505088	64763063296	1441792	512	12.554114
72450612224	72448516096	2096128	512	11.513963
42126896640	42124845056	2051584	512	3.093373
29170988544	29169219072	1769472	512	4.753692
33713621504	33712533504	1088000	512	11.791105
7047217152	7045896704	1320448	512	11.241372
22197005824	22195420672	1585152	512	2.214155
78563027456	78560946688	2080768	512	8.193965
71562717696	71561250816	1466880	512	7.591979
23670597120	23669278720	1318400	512	7.230305
59437723648	59435921408	1802240	512	2.642949
19853680640	19851874304	1806336	512	6.360388
21804813312	21803381760	1431552	512	5.771028
15051131904	15049271296	1860608	512	5.979436
7966708224	7965283328	1424896	512	7.034913
20495398400	20493371392	2027008	512	10.566315
71449513984	71447712256	1801728	512	4.948995
4681790464	4679727616	2062848	512	3.001773
4251817472	4250283008	1534464	512	5.301526
8217014272	8215287296	1726976	512	11.400700
912462848	910639616	1823232	512	8.828553
38362455040	38360890880	1564160	512	8.544000
16004209664	16002962944	1246720	512	10.065707
63118526976	63117456896	1070080	512	5.012861
36519517184	36518250496	1266688	512	8.645735
23239469056	23237892096	1576960	512	12.140699
68081468416	68079956992	1511424	512	6.427311
2842273280	2840217600	2055680	512	3.136317
7782663168	7781449216	1213952	512	11.803301
16417600512	16416384000	1216512	512	6.166274
56409074688	56407892992	1181696	512	4.073074
59178656256	59177217024	1439232	512	4.428888
58167553024	58165725184	1827840	512	1.854254
70008545792	70007112704	1433088	512	9.992644
1134204416	1132603392	1601024	512	4.329025
58237616128	58236265472	1350656	512	13.617239
66158008320	66156176896	1831424	512	9.166255
33076752384	33075672064	1080320	512	3.104022
54810100224	54808739328	1360896	512	10.626440
41748316160	41746493440	1822720	512	12.035691
43079328768	43077940224	1388544	512	11.376668
12457443840	12456073728	1370112	512	7.840206
9851719168	9849915392	1803776	512	7.261765
76255945216	76254236160	1709056	512	11.345532
61859951104	61858502656	1448448	512	2.987697
8270607360	8269451264	1156096	512	3.806525
79362547200	79360894464	1652736	512	2.894233
72495212032	72493907968	1304064	512	12.278918
25263186432	25262059008	1127424	512	2.533757
74301917184	74300529664	1387520	512	7.309110
44656668160	44655596544	1071616	512	10.533774
4884163072	4882736128	1426944	512	7.643546
44906050048	44904674816	1375232	512	11.731368
34171649024	34170468352	1180672	512	9.470659
76367708160	76365649920	2058240	512	7.003456
69834584064	69832604672	1979392	512	9.735885
68684768256	68683592192	1176064	512	10.329713
5739058176	5737572864	1485312	512	12.202248
37827449344	37825948672	1500672	512	11.995275
51249043456	51246966272	2077184	512	7.926058
59081185280	59079836160	1349120	512	7.138820
59691109376	59689561600	1547776	512	12.199675
63191590400	63190062080	1528320	512	10.955408
56570609664	56568857088	1752576	512	7.652395
27450158592	27449017344	1141248	512	2.152712
12968805888	12966880256	1925632	512	4.474167
23206608384	23205482496	1125888	512	2.558389
27780172288	27778216448	1955840	512	12.290827
59307533312	59306162176	1371136	512	6.480923
17388658688	17386925568	1733120	512	8.052529
31263314944	31262203392	1111552	512	2.362225
58809325056	58807653888	1671168	512	6.675741
26286431744	26285146624	1285120	512	8.046201
56975318528	56974052352	1266176	512	12.736354
8778034688	8776253440	1781248	512	7.788192
77376021504	77374172160	1849344	512	8.714171
14846850560	14845147648	1702912	512	11.401823
44088753152	44087540224	1212928	512	6.740402
49770457088	49768600576	1856512	512	5.842807
39441232896	39439627776	1605120	512	8.365134
24985645568	24984168960	1476608	512	3.418725
47711017984	47709150720	1867264	512	6.985214
54252987392	54251355136	1632256	512	12.040085
19137176576	19135287808	1888768	512	4.446480
58328494080	58326412288	2081792	512	3.405764
44284165120	44282212864	1952256	512	14.094794
56553136640	56551339520	1797120	512	4.464718
16595834368	16594018304	1816064	512	6.146134
41002036736	41000058368	1978368	512	6.153541
5738643456	5737143296	1500160	512	11.872752
47657779712	47656313856	1465856	512	10.441299
70670789120	70669632512	1156608	512	9.220539
32930614784	32929154560	1460224	512	3.068897
76782429184	76780836864	1592320	512	8.497981
3186860544	3185140736	1719808	512	10.525888
72849686016	72847644672	2041344	512	4.270956
61428936192	61427457536	1478656	512	2.019528
21792205312	21790991872	1213440	512	10.822504
238281728	236607488	1674240	512	12.016557
7345107968	7343620096	1487872	512	5.695262
33107177984	33105112064	2065920	512	5.912405
15945715712	15944271360	1444352	512	5.495847
71948150784	71946264064	1886720	512	6.935572
34750778368	34749413888	1364480	512	4.903375
57211303424	57210145792	1157632	512	4.815939
34042042880	34040773632	1269248	512	7.271838
45173500928	45171766784	1734144	512	12.455539
14305617408	14303652352	1965056	512	3.619517
47643122688	47641321472	1801216	512	8.789819
30147208192	30145700864	1507328	512	11.142280
83203072	82084864	1118208	512	5.465719
35085165056	35083152384	2012672	512	9.100801
10751689728	10749756928	1932800	512	4.345805
7628181504	7626907648	1273856	512	10.418326
23322721280	23321601024	1120256	512	2.725626
10657226240	10655686656	1539584	512	3.990268
76935646208	76934061568	1584640	512	21.863554
50551675904	50550025216	1650688	512	2.332494
18159183360	18157671936	1511424	512	3.927494
31509085184	31507457536	1627648	512	10.042963
71011587584	71009749504	1838080	512	12.973058
6919318528	6917828096	1490432	512	5.589744
29166948352	29165410816	1537536	512	10.430816
53136088064	53134828032	1260032	512	3.376030
76078047744	76076369920	1677824	512	2.620739
72980421632	72978547200	1874432	512	10.210825
18548997632	18546979840	2017792	512	12.589528
18884770816	18883382784	1388032	512	6.722943
46832775168	46830853120	1922048	512	7.354981
54583954944	54582167552	1787392	512	7.542561
50705558528	50704408576	1149952	512	6.958730
10133110784	10131066880	2043904	512	12.940590
25142853120	25141035008	1818112	512	4.459076
61209198592	61207937024	1261568	512	10.669485
2960931328	2959342592	1588736	512	2.244622
50019632128	50018337280	1294848	512	9.260109
48490409984	48488355840	2054144	512	1.950996
26988647936	26987531776	1116160	512	2.810260
40223771648	40221978624	1793024	512	6.373289
36499531776	36497475584	2056192	512	6.215241
69285069312	69283193856	1875456	512	2.224705
36319947776	36318301696	1646080	512	7.152509
59238211072	59236807680	1403392	512	5.483845
61500116992	61498900992	1216000	512	10.258523
51578557440	51577241600	1315840	512	12.936916
18767373312	18765668352	1704960	512	8.728545
41800487424	41798855168	1632256	512	5.853813
40269723648	40268557312	1166336	512	8.686556
60679129600	60677935616	1193984	512	2.596669
8617172480	8615979008	1193472	512	2.574882
70523734016	70522533376	1200640	512	5.810438
15808258560	15806843904	1414656	512	6.160044
48754606080	48752801280	1804800	512	10.553477
7210285056	7208960000	1325056	512	11.137707
49489149952	49487696896	1453056	512	7.792868
8837721600	8836513280	1208320	512	2.248715
5614024704	5612285440	1739264	512	11.178233
29807326208	29805324800	2001408	512	8.316181
5793691648	5792449536	1242112	512	11.139001
15598811648	15597184000	1627648	512	12.334728
68785746432	68784453632	1292800	512	4.506881
63005364736	63004076544	1288192	512	9.210819
62501687808	62500038144	1649664	512	7.806347
78603758080	78602099712	1658368	512	5.740703
41095097344	41093682176	1415168	512	11.476830
17347154432	17345313792	1840640	512	7.433316
65367076352	65365679616	1396736	512	2.862947
56144419328	56143349760	1069568	512	7.360911
34313955328	34312078336	1876992	512	12.517071
47824794112	47823724544	1069568	512	11.828462
71722380288	71720552448	1827840	512	11.929235
70531271168	70529278976	1992192	512	7.585273
35180144128	35178087936	2056192	512	8.043374
22043259904	22041368576	1891328	512	4.391308
41344715264	41343050752	1664512	512	5.045733
67722190336	67720615424	1574912	512	4.283868
55708468736	55706746368	1722368	512	7.614659
11905546240	11904483840	1062400	512	5.598249
25203255808	25202185216	1070592	512	2.081519
73942503936	73940818432	1685504	512	3.561674
68636009984	68634052096	1957888	512	11.706684
77963828736	77961806336	2022400	512	12.536089
1710648320	1708602880	2045440	512	12.269779
32589891584	32588583424	1308160	512	8.646547
77616622080	77615006208	1615872	512	7.486483
22100960256	22099563008	1397248	512	6.564729
634711552	633235968	1475584	512	7.022667
7356268544	7354874880	1393664	512	7.743730
29994585600	29992677888	1907712	512	12.441526
18184350720	18183164928	1185792	512	11.476531
46577718272	46576227328	1490944	512	7.884311
52419221504	52417247232	1974272	512	12.915048
70492860928	70491173376	1687552	512	9.013342
7621498368	7619816448	1681920	512	12.418771
14956927488	14955851776	1075712	512	5.271919
4788311040	4787194368	1116672	512	5.197480
73367263744	73365227520	2036224	512	7.926878
73970688512	73969079808	1608704	512	8.283093
47684755968	47683575296	1180672	512	7.024096
32643174400	32641306112	1868288	512	2.273675
39926096384	39924289536	1806848	512	12.433628
20461211136	20460081664	1129472	512	12.784629
52048275968	52046568960	1707008	512	9.323417
51541167616	51540050944	1116672	512	9.247619
8716643328	8715480064	1163264	512	3.278758
32178527232	32177463808	1063424	512	12.809094
51874584064	51872551936	2032128	512	11.238029
57873312768	57871404032	1908736	512	12.301007
726562816	725506560	1056256	512	4.975081
42646236160	42644661248	1574912	512	6.460167
9003311616	9001647104	1664512	512	12.265078
37216168960	37214906368	1262592	512	6.903902
22266438656	22264920576	1518080	512	3.813601
34881920512	34880272896	1647616	512	8.960651
23194447360	23192499200	1948160	512	12.492424
32524553728	32522459136	2094592	512	5.997439
53561405952	53559873024	1532928	512	3.790221
65528516608	65527333376	1183232	512	9.794994
51479617024	51478143488	1473536	512	8.500036
10341011968	10339588608	1423360	512	6.656699
26649510400	26647458816	2051584	512	9.991477
23540982784	23539588608	1394176	512	5.387939
43920911872	43919065600	1846272	512	10.336141
61110720512	61109342208	1378304	512	5.149872
9562936320	9560879104	2057216	512	12.649190
60894075392	60892941824	1133568	512	4.458151
49675894784	49674237440	1657344	512	2.105564
16744201728	16742471680	1730048	512	8.137837
8123532800	8121949184	1583616	512	3.496966
65490113024	65488891904	1221120	512	8.587812
35626480640	35624492032	1988608	512	9.726036
62067082752	62065357824	1724928	512	3.622947
54325402112	54323821056	1581056	512	2.393848
5002693120	5000610816	2082304	512	2.553306
7735044608	7733221376	1823232	512	7.379214
58102714368	58101449216	1265152	512	11.546747
55694921728	55693495808	1425920	512	8.722790
2151015424	2149755904	1259520	512	11.716680
77151232000	77150036992	1195008	512	6.801124
68038490624	68037190144	1300480	512	4.263572
24219002880	24217457664	1545216	512	12.873777
70899638272	70897575424	2062848	512	3.213548
17568479232	17567425024	1054208	512	5.254978
51975005696	51973273088	1732608	512	10.448449
58896630272	58895576576	1053696	512	6.847752
43489951232	43488572416	1378816	512	11.617771
16601838080	16600143360	1694720	512	6.205746
42380669952	42378731008	1938944	512	7.890554
52610366464	52608940544	1425920	512	7.964973
48142457856	48141251584	1206272	512	6.326685
4493561344	4491983872	1577472	512	4.383792
32335381504	32333821952	1559552	512	11.751838
2991601664	2990479872	1121792	512	5.051750
64585464832	64583886848	1577984	512	6.252768
14454475264	14453347328	1127936	512	4.049372
61272659456	61270984192	1675264	512	6.989647
62202156032	62200801792	1354240	512	5.949382
55855775232	55854296576	1478656	512	5.371268
11850344448	11849178624	1165824	512	12.491132
20228745216	20227343872	1401344	512	8.322666
6023541760	6022303744	1238016	512	1.968167
11636826624	11634838016	1988608	512	3.075578
1842038784	1840315904	1722880	512	12.812949
11242585088	11241028096	1556992	512	3.592885
32024679424	32023087104	1592320	512	9.045423
41537078784	41534985728	2093056	512	3.178518
29532645376	29530729984	1915392	512	10.410529
60482884096	60481626112	1257984	512	7.159127
60866311680	60864778752	1532928	512	12.673129
7648488448	7646925824	1562624	512	3.946974
32062188544	32060675072	1513472	512	11.030461
3587368960	3585914880	1454080	512	7.032251
20077574656	20075696640	1878016	512	4.684719
1339429888	1337952256	1477632	512	6.988621
42227929088	42226330624	1598464	512	5.820947
79369052160	79367660544	1391616	512	11.618790
2077859328	2076115456	1743872	512	10.485754
11394907648	11393822208	1085440	512	5.026421
71273223680	71271806464	1417216	512	9.347101
19193059840	19191300608	1759232	512	7.475906
38120850432	38119556096	1294336	512	6.086310
2093320192	2092246528	1073664	512	6.449438
56889629696	56887972352	1657344	512	7.551561
1632613888	1631073792	1540096	512	5.635014
10816441344	10815224832	1216512	512	11.299046
33121793024	33119924736	1868288	512	12.718941
79988033024	79986598912	1434112	512	3.288080
18977010688	18974931968	2078720	512	11.111700
69270558208	69268751872	1806336	512	12.727431
77529661952	77527601152	2060800	512	10.918063
57772912640	57771214848	1697792	512	7.399701
27061973504	27060007936	1965568	512	12.055445
54333317120	54331400704	1916416	512	13.062356
43081413120	43079729664	1683456	512	3.580527
75856943616	75855379456	1564160	512	6.991195
59958686208	59957321216	1364992	512	6.639237
5331471872	5330023424	1448448	512	6.519815
35546677760	35544729088	1948672	512	10.723875
32627836928	32625985024	1851904	512	2.706967
25209582592	25208225280	1357312	512	6.285587
7265254400	7263639552	1614848	512	9.334671
79260398592	79258820096	1578496	512	6.108740
34400941568	34399134208	1807360	512	3.156408
74670831104	74668985856	1845248	512	8.698153
58208864768	58207595520	1269248	512	11.417475
7663101952	7661054464	2047488	512	2.369729
59281303040	59280232960	1070080	512	6.354700
20956748800	20954805248	1943552	512	3.209241
79250488320	79249126912	1361408	512	8.327713
4827119104	4825303040	1816064	512	8.381846
22692386816	22691271680	1115136	512	3.839584
69319352832	69317798400	1554432	512	3.934628
34830126592	34828988928	1137664	512	12.384927
4467110912	4465932288	1178624	512	3.816722
54320598016	54319016448	1581568	512	2.373076
72019183616	72017556480	1627136	512	9.977125
36877574656	36876156928	1417728	512	2.958672
23805651968	23803649024	2002944	512	9.299663
69850832896	69849248256	1584640	512	2.906847
27986973184	27985695232	1277952	512	8.178560
76063168512	76062114816	1053696	512	7.973593
6516205056	6514766336	1438720	512	6.743939
69329712640	69328555520	1157120	512	8.326093
22395165696	22393709056	1456640	512	5.191211
45985238528	45983717376	1521152	512	8.953605
20401529344	20400176128	1353216	512	7.597851
58929155584	58927905792	1249792	512	10.149074
73132951552	73131803648	1147904	512	3.888837
65195656704	65194245632	1411072	512	2.446285
77398973952	77397063680	1910272	512	6.115598
35884288000	35882393600	1894400	512	12.101455
62320784896	62319352832	1432064	512	3.493133
75313709056	75311905280	1803776	512	8.955607
27656707584	27654744576	1963008	512	12.123792
16460153344	16458077184	2076160	512	11.235407
57482109952	57480815616	1294336	512	11.865141
66068937728	66067253248	1684480	512	2.824712
33389460480	33388046848	1413632	512	3.658446
70701489664	70699792896	1696768	512	6.780280
72669615616	72668062208	1553408	512	12.532744
66848741376	66846738432	2002944	512	10.190116
50930761216	50929287680	1473536	512	9.076374
8384494592	8382658048	1836544	512	7.096523
23322503168	23321178112	1325056	512	7.059087
60097779200	60095773696	2005504	512	5.741795
23708696576	23707568640	1127936	512	2.520358
77997169152	77995557376	1611776	512	9.578322
7395441152	7393619968	1821184	512	13.957918
45141128704	45139665920	1462784	512	5.777877
54495217152	54494021120	1196032	512	4.307775
57342155776	57340314624	1841152	512	3.181422
59299721216	59298088960	1632256	512	7.769424
63163299840	63161712128	1587712	512	7.223788
38648539648	38646699008	1840640	512	9.740946
24094563840	24092923392	1640448	512	10.565014
73813067264	73811095040	1972224	512	3.956720
5802048512	5800946688	1101824	512	11.376555
22200709632	22199580160	1129472	512	12.757521
5337702912	5335612928	2089984	512	10.678584
31500516864	31498430976	2085888	512	6.257439
43803140096	43801922560	1217536	512	6.647074
73515399680	73513683456	1716224	512	2.414185
1828660736	1826747904	1912832	512	8.678452
79812655104	79811172352	1482752	512	12.217356
63929509376	63927672320	1837056	512	7.135319
21079049728	21076988928	2060800	512	11.631386
55894633472	55893361152	1272320	512	2.052595
37294076416	37292570624	1505792	512	9.999280
41928199168	41926124544	2074624	512	2.477961
26791350272	26789415936	1934336	512	10.954559
58854872576	58853753856	1118720	512	4.874146
20156657664	20155518464	1139200	512	3.244517
55812199936	55810366976	1832960	512	4.372891
41955786240	41954679808	1106432	512	11.472646
75872550400	75870934016	1616384	512	6.843977
10403819008	10402747904	1071104	512	3.491817
50073837568	50071906304	1931264	512	3.744593
50713824768	50711854592	1970176	512	2.659353
44422334976	44420717056	1617920	512	7.141763
54642781184	54641053184	1728000	512	9.277150
49999457280	49997842432	1614848	512	3.311352
57935371776	57933959168	1412608	512	6.568762
54705296896	54704140800	1156096	512	5.463414
79660355072	79658392576	1962496	512	9.505276
61336648192	61334551040	2097152	512	12.367879
37988986880	37987555328	1431552	512	2.645948
2742559744	2741509632	1050112	512	6.653603
24637943808	24636267520	1676288	512	9.822691
63371126784	63369420288	1706496	512	3.469045
4980261376	4978462720	1798656	512	10.619245
40860554240	40858827776	1726464	512	3.388010
22619993088	22618042368	1950720	512	3.022572
50767140864	50766009856	1131008	512	7.432761
62508021760	62506262016	1759744	512	2.547202
36845315584	36843408896	1906688	512	10.946149
62321482240	62319973888	1508352	512	10.378009
69978327552	69976351232	1976320	512	9.817967
11725901312	11724684800	1216512	512	11.311080
29836179456	29834686976	1492480	512	2.248590
38814368256	38812413952	1954304	512	6.773589
59595759104	59594366976	1392128	512	5.827903
63868642816	63867392000	1250816	512	10.465375
43881466880	43879770624	1696256	512	3.248508
8192346624	8190729216	1617408	512	12.023362
54798037504	54796660736	1376768	512	8.306744
66062843392	66060948480	1894912	512	5.243636
29129187840	29127816192	1371648	512	5.230620
66731037696	66729065472	1972224	512	4.584251
8699783680	8697951744	1831936	512	6.619945
4273084928	4271083008	2001920	512	4.307458
79794723328	79793123840	1599488	512	7.062400
79602966528	79601094144	1872384	512	4.243271
30939890176	30938147840	1742336	512	5.411351
7520245248	7518640640	1604608	512	11.242487
78224912896	78223548928	1363968	512	10.769902
55388007424	55386788352	1219072	512	3.620010
22348741120	22347339264	1401856	512	6.474762
72824198144	72822413824	1784320	512	2.382879
65609329664	65607714304	1615360	512	11.606825
8720505344	8719411712	1093632	512	4.850871
12213229056	12211860480	1368576	512	9.718964
38731682304	38730156544	1525760	512	8.606470
49305462784	49303993344	1469440	512	7.347410
5618895360	5617235456	1659904	512	12.896003
47432544768	47430476288	2068480	512	12.679464
28056212480	28054433792	1778688	512	5.476881
33645872128	33643996672	1875456	512	12.563042
10149821440	10148180992	1640448	512	12.757017
60609712128	60608538112	1174016	512	3.199646
52896036352	52894509056	1527296	512	5.121260
78176281600	78174462976	1818624	512	10.019066
49149038592	49147971072	1067520	512	10.074132
78979559424	78977825792	1733632	512	12.227877
40279005696	40277283328	1722368	512	3.524529
20314465280	20313395712	1069568	512	4.888194
64064971776	64063687168	1284608	512	6.530075
53006618624	53004542976	2075648	512	8.180909
48585874944	48584396288	1478656	512	8.256866
78562231808	78561129984	1101824	512	12.603019
35203963392	35202163200	1800192	512	3.231972
37482664448	37481086976	1577472	512	8.224225
64220653056	64218775552	1877504	512	7.602177
25751218176	25749531136	1687040	512	9.470852
47231201792	47229340672	1861120	512	9.041840
61321909760	61320065024	1844736	512	9.152229
41507278336	41505506304	1772032	512	11.499352
77239962624	77238284800	1677824	512	14.951157
47872272896	47870642176	1630720	512	5.965710
49687878656	49686147584	1731072	512	11.163943
52539103232	52537907712	1195520	512	5.281607
63925670912	63924563456	1107456	512	2.986319
70837634048	70835836928	1797120	512	3.345614
51727294976	51725239808	2055168	512	8.791302
31285035520	31283938304	1097216	512	2.661545
44019726848	44018539520	1187328	512	9.291681
29313646592	29312171008	1475584	512	2.664518
59696974848	59695042560	1932288	512	9.759282
65157189632	65155547648	1641984	512	6.067442
50121507840	50119556608	1951232	512	11.579695
68931927552	68930179584	1747968	512	9.561932
30192227328	30190962688	1264640	512	7.841626
66432040448	66430357504	1682944	512	2.832037
64364342784	64362353152	1989632	512	2.199756
53622103552	53620636672	1466880	512	7.577565
20902600704	20901468160	1132544	512	8.144533
10738765312	10737644544	1120768	512	4.215769
77002512896	77000915456	1597440	512	10.075772
20777762304	20776048640	1713664	512	8.512215
24669335040	24667634176	1700864	512	7.269675
10151190016	10149890048	1299968	512	9.442556
46176077824	46174221312	1856512	512	7.270771
21008588800	21006984704	1604096	512	12.904883
49385020416	49383328768	1691648	512	10.422111
32541012480	32539152896	1859584	512	2.491735
43236456448	43234836992	1619456	512	5.285011
18647327744	18645240320	2087424	512	9.058454
40561953792	40560817152	1136640	512	9.475484
74570917376	74568871424	2045952	512	10.441849
22286346240	22284509696	1836544	512	5.659625
78170515456	78168628736	1886720	512	7.143496
49665276928	49664158720	1118208	512	7.805550
19721534464	19719904256	1630208	512	12.286783
51115031040	51113276928	1754112	512	10.518377
74622226432	74620798976	1427456	512	3.970684
60842668032	60840999424	1668608	512	8.541527
33838617088	33836661760	1955328	512	10.534910
61187468800	61185408000	2060800	512	4.288366
286611456	285344256	1267200	512	11.554688
7703815168	7702043136	1772032	512	8.500756
56293231616	56291619328	1612288	512	11.740081
59519616000	59517744640	1871360	512	11.651416
36428611584	36426780672	1830912	512	2.579341
479869440	478539264	1330176	512	10.192159
20844692992	20842748416	1944576	512	9.666905
42026310144	42025091584	1218560	512	6.647387
5770824704	5769114112	1710592	512	9.968052
520516096	518960128	1555968	512	5.279614
58988749312	58987075072	1674240	512	6.515630
8954540544	8953356800	1183744	512	12.062014
61507991552	61506659840	1331712	512	6.623082
64016009728	64014707712	1302016	512	5.939243
54032408064	54030393856	2014208	512	10.194718
53838695424	53837026304	1669120	512	10.973426
73730000384	73728486400	1513984	512	10.052499
26538509312	26536990720	1518592	512	2.343773
28786621952	28784804864	1817088	512	3.548441
54041396736	54039738368	1658368	512	11.252784
47419176448	47417149440	2027008	512	2.695717
40063352832	40062162432	1190400	512	8.062651
37415001600	37413754880	1246720	512	7.303066
50271536128	50270482944	1053184	512	9.576347
3656132096	3654931456	1200640	512	12.591069
70894624256	70893095424	1528832	512	3.520724
27419189248	27418066432	1122816	512	2.661130
58279264768	58278067712	1197056	512	2.418650
5700688384	5698737664	1950720	512	4.519128
53553479168	53552222208	1256960	512	11.774348
17495467008	17493989376	1477632	512	4.666725
43741569536	43739839488	1730048	512	2.316295
65477504512	65476339712	1164800	512	12.257990
46933581312	46931994112	1587200	512	5.277240
56928036864	56926479360	1557504	512	2.273680
27923227136	27921329664	1897472	512	2.532607
36364689920	36362800640	1889280	512	12.213445
28810698752	28809196032	1502720	512	11.247211
45459369472	45457318912	2050560	512	2.027714
1074168832	1072697856	1470976	512	7.156575
7394687488	7393544192	1143296	512	10.609100
71327801856	71325847040	1954816	512	8.854917
17101862400	17100707840	1154560	512	12.165909
16107472896	16105678848	1794048	512	6.623259
48834859520	48833016832	1842688	512	7.683100
55472392192	55470465024	1927168	512	12.771648
388481024	386825728	1655296	512	3.151455
20008570368	20007244800	1325568	512	8.216463
19090779136	19089510912	1268224	512	9.539723
48898919936	48897598464	1321472	512	3.264711
28314069504	28312319488	1750016	512	6.119467
1869051392	1867379200	1672192	512	2.792552
33336117248	33334961152	1156096	512	10.104636
11151914496	11150564352	1350144	512	10.121790
228308480	226967552	1340928	512	11.805069
30738963968	30737539584	1424384	512	3.922076
13677609984	13676071424	1538560	512	3.952482
52138835968	52136920576	1915392	512	5.317302
37775385600	37773877248	1508352	512	9.947919
39973038080	39971243008	1795072	512	12.757584
37202985984	37201453568	1532416	512	11.180349
6279416320	6277546496	1869824	512	6.343297
2061014016	2059776512	1237504	512	12.069548
29711471616	29709966336	1505280	512	11.175286
51089187840	51087232512	1955328	512	4.903074
9509352960	9507844608	1508352	512	4.677707
61870998528	61869520384	1478144	512	2.069827
15458714112	15456814592	1899520	512	4.273731
34270299136	34268375552	1923584	512	11.347469
79628559360	79626908672	1650688	512	4.792821
6088455680	6087241216	1214464	512	11.733862
11923460096	11921629696	1830400	512	6.612633
16027379712	16025910784	1468928	512	4.908038
63509582848	63508302848	1280000	512	7.681700
47302912512	47301384192	1528320	512	8.766411
30086242304	30085042688	1199616	512	9.440147
530803712	529260544	1543168	512	5.553727
75746509824	75745031168	1478656	512	12.097618
43155849216	43154446336	1402880	512	6.362845
30431793664	30430704640	1089024	512	2.930226
5803479552	5802350592	1128960	512	2.516198
52294039552	52292808704	1230848	512	4.202741
11470378496	11468589056	1789440	512	9.436988
72115807232	72114145280	1661952	512	8.599589
46999255552	46997946880	1308672	512	3.518638
62416882688	62415396864	1485824	512	12.996867
24057785856	24056113664	1672192	512	7.783054
28931545600	28929905152	1640448	512	7.873804
3436536832	3434684416	1852416	512	7.561863
46974197760	46972968960	1228800	512	5.667245
66388133888	66386133504	2000384	512	12.929208
77693530112	77692341760	1188352	512	8.939120
43570466304	43568459776	2006528	512	6.121353
7713060864	7711389184	1671680	512	10.807626
67610379264	67608357888	2021376	512	9.499061
41235580928	41234324480	1256448	512	6.322891
5067094528	5065290752	1803776	512	8.658530
42005901312	42004495872	1405440	512	10.915762
42037133312	42035759104	1374208	512	2.500023
66864996352	66863119360	1876992	512	3.332267
25502042112	25499978240	2063872	512	9.711004
25761008128	25759234560	1773568	512	5.536609
35383467520	35382065152	1402368	512	3.945618
40589319168	40587284992	2034176	512	4.709971
19791885824	19790115328	1770496	512	7.212912
34727831040	34726070272	1760768	512	4.300822
19407404544	19405396480	2008064	512	12.811640
23493023744	23491262976	1760768	512	7.740953
68344956416	68343868928	1087488	512	2.207995
8399274496	8398137344	1137152	512	4.228324
78768406528	78766362624	2043904	512	9.730551
21538690048	21536813568	1876480	512	4.750625
6853318656	6851436032	1882624	512	6.059983
24260403200	24259288064	1115136	512	2.846675
70711771648	70710097920	1673728	512	9.491901
50615530496	50613903872	1626624	512	2.952402
67930762240	67929456640	1305600	512	10.640498
63095808000	63094211072	1596928	512	6.917279
41115420160	41113703424	1716736	512	3.703649
77983970304	77982007296	1963008	512	3.847029
49799471616	49798379008	1092608	512	8.561694
28567650816	28565954048	1696768	512	7.402559
15095335936	15093785600	1550336	512	3.746482
77175903744	77174166528	1737216	512	2.324237
33154873344	33153203712	1669632	512	6.465259
58905641984	58904455680	1186304	512	12.081706
40489489408	40487888384	1601024	512	6.653879
60743842304	60741811200	2031104	512	4.862657
60965703680	60964076032	1627648	512	6.635808
15390631936	15389353984	1277952	512	11.169646
25643457536	25642080768	1376768	512	5.857623
37998698496	37996738048	1960448	512	7.737993
77276899840	77274851328	2048512	512	9.490360
48635260416	48633388032	1872384	512	6.802160
60588869120	60587172352	1696768	512	5.878428
68261447168	68260151808	1295360	512	4.450411
17975641088	17974511616	1129472	512	3.470999
9945593344	9944424960	1168384	512	3.135606
31653974528	31652559872	1414656	512	2.328949
4710059520	4708810752	1248768	512	11.531594
41973407744	41971751936	1655808	512	4.360050
10098819072	10096999424	1819648	512	6.839175
46903574528	46901832192	1742336	512	12.216405
50704349184	50702758912	1590272	512	3.951462
23782907392	23781082112	1825280	512	4.304275
56591976960	56589953024	2023936	512	8.881339
59461479936	59459815936	1664000	512	6.848736
2875073536	2873375232	1698304	512	12.802196
66010594816	66009185792	1409024	512	2.512778
46934062592	46932248576	1814016	512	5.649434
48225500672	48223501824	1998848	512	3.459469
50452320256	50451239424	1080832	512	8.865251
34236088320	34234600448	1487872	512	12.922332
19037610496	19035600896	2009600	512	12.796577
9519108096	9517245440	1862656	512	5.933046
16884227584	16883014656	1212928	512	12.641997
77268910592	77267733504	1177088	512	7.576906
53606199808	53604343296	1856512	512	3.679920
8026555392	8025137152	1418240	512	7.164785
42622807552	42620943360	1864192	512	9.941014
36876248576	36874821632	1426944	512	2.743549
79127822848	79126697472	1125376	512	9.472361
46351767552	46350412800	1354752	512	11.569689
17299340800	17297452032	1888768	512	4.478475
8864451584	8863360512	1091072	512	4.916341
50081551360	50079473664	2077696	512	8.954250
58443935232	58442099200	1836032	512	12.748350
60969030144	60967449088	1581056	512	9.919182
53692256768	53690875392	1381376	512	8.190020
3035580416	3034112000	1468416	512	6.731827
28831868416	28830023168	1845248	512	2.875068
77002819072	77001058816	1760256	512	12.524826
930413056	929131008	1282048	512	11.211550
63284730880	63283302400	1428480	512	2.960396
78453604352	78452188160	1416192	512	8.518398
40235908096	40234365952	1542144	512	8.210523
62579172352	62577690624	1481728	512	13.037958
72975495680	72973636096	1859584	512	6.246903
51401218560	51399719936	1498624	512	14.719474
3991949824	3990335488	1614336	512	12.899646
67126956032	67125599232	1356800	512	11.612604
4782295552	4780419584	1875968	512	8.912757
5086090752	5085014016	1076736	512	6.079775
13031189504	13029704192	1485312	512	5.194227
42488872448	42487013888	1858560	512	10.056449
54200386560	54199006208	1380352	512	10.051708
12195959808	12194596352	1363456	512	7.946888
28680226304	28678514176	1712128	512	7.024918
28263975936	28262267392	1708544	512	8.986131
35165593088	35164139520	1453568	512	11.945614
27795403776	27793406464	1997312	512	11.274192
21096546304	21094873600	1672704	512	11.280063
74108779520	74107577344	1202176	512	3.135009
52951268352	52949271040	1997312	512	12.257174
48016012288	48014703616	1308672	512	12.805497
70292004352	70290080768	1923584	512	10.002485
60900118016	60898829312	1288704	512	10.806257
46060616192	46059537920	1078272	512	11.588347
44167247360	44165166080	2081280	512	2.302462
50406079488	50404237312	1842176	512	6.204658
12956286976	12954547200	1739776	512	8.715716
5307111424	5305235968	1875456	512	6.242501
62424537600	62423334912	1202688	512	10.633078
25829604352	25828405248	1199104	512	10.078522
73564403200	73562601984	1801216	512	10.317705
30339987968	30337926144	2061824	512	8.665557
51595706368	51594640896	1065472	512	8.839577
4013080064	4011872768	1207296	512	3.175927
67788508160	67787132928	1375232	512	12.823101
54913022976	54911221760	1801216	512	5.305659
7049823744	7048252928	1570816	512	13.018046
52814668288	52813031936	1636352	512	13.163976
3039371776	3037829632	1542144	512	5.114187
8447508480	8445464064	2044416	512	2.421438
22620802560	22619361792	1440768	512	5.562706
33032758784	33031024640	1734144	512	5.494602
39205821440	39204665344	1156096	512	8.907998
50096227840	50094453248	1774592	512	9.962817
35944134656	35942377472	1757184	512	4.372425
58565184512	58563914752	1269760	512	11.401600
11954853376	11953424384	1428992	512	6.478603
41216953344	41215796736	1156608	512	8.899092
41870296064	41868530176	1765888	512	12.417393
62689588224	62688263168	1325056	512	6.861607
70463820288	70461819392	2000896	512	7.247322
67275461632	67273403904	2057728	512	6.490500
50736549888	50735312384	1237504	512	9.196335
1044528640	1042464256	2064384	512	3.604117
62750420992	62749221376	1199616	512	12.564527
57998777856	57997412352	1365504	512	9.787712
79970336768	79969083392	1253376	512	13.068933
66036631552	66035470848	1160704	512	12.393406
7489146368	7487072768	2073600	512	12.884068
8204454400	8203245056	1209344	512	2.572223
14409469440	14407754240	1715200	512	9.204378
37733020672	37731227648	1793024	512	2.657340
35624873984	35623495680	1378304	512	4.546708
73855538688	73853916672	1622016	512	7.708977
8480112640	8478242816	1869824	512	8.173084
14083326464	14081299456	2027008	512	2.211797
46782231040	46781117952	1113088	512	10.670258
50680538624	50678950912	1587712	512	5.874501
67971789312	67970433024	1356288	512	8.915443
54370127872	54368362496	1765376	512	8.148089
16190919680	16189347840	1571840	512	2.498204
40930849792	40929710592	1139200	512	11.203185
19727132672	19725483008	1649664	512	11.847868
7338582528	7336493568	2088960	512	12.556942
76495591936	76494114304	1477632	512	11.171315
32567109120	32566012928	1096192	512	2.708967
38130433024	38129224192	1208832	512	5.392960
24172237824	24170517504	1720320	512	13.359345
23324205056	23322293248	1911808	512	11.489096
28235651584	28233898496	1753088	512	6.036268
34507928576	34506550272	1378304	512	4.617746
36535789568	36534705152	1084416	512	11.391916
29785221120	29783363584	1857536	512	2.540229
20788850176	20786887168	1963008	512	2.741625
34914225152	34913083392	1141760	512	10.464356
3676699648	3674649600	2050048	512	3.237895
7121089024	7119740416	1348608	512	8.744383
45081338880	45079841792	1497088	512	7.764756
67675547648	67674229248	1318400	512	3.661213
48740332544	48738959872	1372672	512	12.924840
6369442816	6368108544	1334272	512	9.002445
45591345664	45589647872	1697792	512	11.556217
78152049664	78150763520	1286144	512	2.935969
73519582208	73518400000	1182208	512	10.410285
71166036480	71164187648	1848832	512	3.325064
69135520768	69134232576	1288192	512	3.840670
24687878144	24686408192	1469952	512	3.565136
49113318400	49111544320	1774080	512	11.372485
4603926528	4601920512	2006016	512	4.215182
5634182656	5632702464	1480192	512	5.781408
41375571968	41374192640	1379328	512	3.145548
18305409024	18303670272	1738752	512	7.890116
6557984768	6556407296	1577472	512	3.613268
15503772160	15502513664	1258496	512	9.808448
10086055936	10084222464	1833472	512	6.583690
68502682624	68501442560	1240064	512	8.109345
64749197312	64747422208	1775104	512	10.998209
58646022144	58644449280	1572864	512	11.456974
31572992512	31571308032	1684480	512	13.429053
38847691264	38846462976	1228288	512	8.927151
19862792704	19861340672	1452032	512	5.290717
22578161152	22576753664	1407488	512	8.176290
1369859072	1368761856	1097216	512	5.910967
79997213184	79995345408	1867776	512	2.551033
29240368640	29238679040	1689600	512	6.663968
66671035904	66669323264	1712640	512	13.021316
48126503424	48125350912	1152512	512	7.755297
78075968512	78073957376	2011136	512	12.964183
68743459840	68742118400	1341440	512	2.906004
11918174208	11916570624	1603584	512	2.532018
10600574976	10598953984	1620992	512	2.149465
60286336512	60284645376	1691136	512	7.843297
4686793728	4685174272	1619456	512	3.408409
32386960384	32384929280	2031104	512	9.408564
11403925504	11402307072	1618432	512	11.471119
44364038656	44362311680	1726976	512	11.685748
7116579840	7115072000	1507840	512	5.194590
45349417472	45347569664	1847808	512	7.478887
55055622144	55054313984	1308160	512	12.169277
25370863616	25369367040	1496576	512	12.211076
34441068032	34439111168	1956864	512	8.648052
321271808	319923200	1348608	512	9.759631
46284254208	46282875904	1378304	512	10.936686
53827293184	53825475072	1818112	512	4.801806
3240770048	3238949888	1820160	512	10.092471
2579972096	2578618880	1353216	512	9.250925
9602086912	9600094208	1992704	512	2.981787
24787048448	24785502208	1546240	512	12.939212
45867202048	45866072064	1129984	512	8.383835
42300770304	42298876928	1893376	512	9.110816
76660663808	76659576832	1086976	512	5.864637
44666667520	44664906752	1760768	512	12.608974
63420019712	63418003456	2016256	512	2.867922
6781211648	6779126272	2085376	512	12.608306
41098564608	41096724480	1840128	512	11.575385
46749502976	46747925504	1577472	512	5.552172
31894402048	31892904960	1497088	512	13.233483
13451206656	13449507328	1699328	512	9.645901
42068993536	42066937344	2056192	512	2.946889
31230753280	31228675072	2078208	512	6.404301
14924781056	14923209216	1571840	512	3.257075
57513283072	57511465984	1817088	512	3.888735
67743160320	67741392384	1767936	512	8.829153
15700339200	15698485760	1853440	512	5.374496
54064839168	54062828544	2010624	512	10.338555
7807507968	7806085632	1422336	512	7.149840
1605037056	1603897344	1139712	512	5.016993
59873966592	59872768000	1198592	512	10.652644
10030104064	10028961792	1142272	512	3.711484
33162432000	33160835584	1596416	512	10.233468
55467343872	55465436160	1907712	512	2.081141
75986193408	75984999424	1193984	512	2.584813
44279522304	44277901312	1620992	512	5.230829
67368689664	67367497216	1192448	512	7.928792
41370433536	41369212416	1221120	512	7.317074
68166000128	68164257792	1742336	512	7.865396
8426793984	8425017856	1776128	512	10.299587
59385172992	59383619072	1553920	512	12.028845
50226221056	50225142272	1078784	512	10.780277
26561122816	26559295488	1827328	512	4.233949
4970443776	4969065984	1377792	512	8.674655
40570554880	40569151488	1403392	512	11.782185
49793296896	49791651840	1645056	512	2.499605
35508251136	35507031040	1220096	512	8.485208
29042277888	29040639488	1638400	512	9.776302
24508309504	24506618880	1690624	512	7.555774
37624136704	37622626816	1509888	512	6.947828
7337328640	7335934464	1394176	512	7.730497
19323349504	19322069504	1280000	512	11.112156
44123888128	44122357248	1530880	512	14.153137
69272519168	69270501376	2017792	512	8.366161
15315433984	15313443840	1990144	512	13.205165
52069406720	52067891200	1515520	512	7.278685
14454035456	14452160512	1874944	512	5.636567
37282357248	37280335360	2021888	512	6.195650
70429357056	70428282880	1074176	512	10.305232
15009138688	15007810048	1328640	512	10.624683
5647977984	5646272000	1705984	512	10.001925
45222993920	45221440000	1553920	512	6.189571
34163675136	34161850368	1824768	512	2.670693
75915991040	75914321408	1669632	512	4.817225
37793352704	37792163840	1188864	512	5.885049
46023139328	46021443072	1696256	512	13.454598
11771579904	11769532928	2046976	512	12.747156
11877927424	11876404224	1523200	512	4.332520
76388813312	76387671040	1142272	512	3.737261
34561147904	34559846400	1301504	512	14.693402
33963191808	33961418752	1773056	512	3.992034
73141067264	73139228672	1838592	512	11.533590
78560815616	78559216128	1599488	512	10.037813
59304855552	59303535616	1319936	512	8.027834
23115664896	23113580544	2084352	512	9.201978
74617614848	74615882752	1732096	512	12.924471
51390155776	51388349440	1806336	512	9.085764
47081205248	47079158272	2046976	512	2.154970
59409584128	59407750144	1833984	512	12.777771
43329571328	43328466432	1104896	512	9.615642
52507897344	52506626048	1271296	512	12.314410
41125245952	41123959808	1286144	512	5.573931
15343653888	15342598656	1055232	512	3.367889
22632440320	22631270400	1169920	512	11.819227
47714677248	47713339392	1337856	512	12.028398
12887940608	12885854208	2086400	512	11.969005
51598080512	51596071936	2008576	512	11.904271
67141409280	67139712512	1696768	512	11.268148
74064828416	74062789632	2038784	512	10.696505
38102484992	38101282816	1202176	512	8.430453
54068215808	54066896896	1318912	512	11.829807
65849521664	65847851008	1670656	512	3.208267
13326712832	13325533696	1179136	512	12.229715
68436612096	68434537472	2074624	512	12.424847
10191644672	10190397440	1247232	512	10.619150
30724198912	30722944000	1254912	512	9.943977
65158604800	65156667904	1936896	512	3.885009
68425228288	68424030208	1198080	512	7.738940
58443756032	58441929216	1826816	512	12.951517
37969145856	37967876608	1269248	512	6.608854
14444098048	14442112512	1985536	512	3.126417
64695709696	64694614528	1095168	512	3.401690
7209253888	7207475200	1778688	512	10.231832
21818765312	21816888832	1876480	512	4.734612
15269920256	15268168704	1751552	512	8.422312
59389722624	59388186112	1536512	512	10.674557
28705065472	28703797248	1268224	512	10.185167
56643825664	56641763840	2061824	512	5.947261
16158043136	16156907520	1135616	512	3.366033
13672780288	13671273472	1506816	512	4.678456
57263036416	57261792256	1244160	512	13.352316
71883904000	71882177536	1726464	512	5.314696
22630882304	22629006848	1875456	512	4.759463
21239916032	21237960192	1955840	512	2.898279
38957910016	38956039168	1870848	512	8.972992
11212093440	11210010112	2083328	512	12.023765
38012783616	38011532800	1250816	512	7.220288
30195513856	30193646080	1867776	512	2.303635
78330484736	78328482816	2001920	512	2.235540
23624014848	23622292480	1722368	512	8.649214
50774941184	50773811200	1129984	512	7.494057
1101017088	1099610624	1406464	512	8.601858
1449585152	1447915520	1669632	512	12.124934
79027184640	79025196544	1988096	512	8.441019
42566307840	42564762624	1545216	512	7.207721
5514463232	5513072128	1391104	512	7.792588
34209513472	34207688704	1824768	512	2.698800
79306304512	79304571392	1733120	512	10.398510
5886494208	5885013504	1480704	512	5.830582
269173248	267187200	1986048	512	5.278738
72552756224	72551305728	1450496	512	5.148895
56988390912	56987269120	1121792	512	5.854768
32920673280	32918655488	2017792	512	9.727993
6841416704	6840290304	1126400	512	4.424255
76698962944	76697202688	1760256	512	12.490460
45349282304	45347261440	2020864	512	4.705091
22736974848	22734965248	2009600	512	12.759764
62077859840	62076130816	1729024	512	3.449507
64713638912	64712163328	1475584	512	11.423159
78720699904	78719381504	1318400	512	12.680439
57194270208	57192780800	1489408	512	4.264734
19750761984	19748902400	1859584	512	5.180439
23231487488	23229678080	1809408	512	4.696058
24510668288	24509261824	1406464	512	5.049914
7894018048	7892480000	1538048	512	2.638588
16000062976	15998380032	1682944	512	11.075593
67879328256	67877714432	1613824	512	2.974402
44184694272	44182901760	1792512	512	11.810437
57162703872	57161564160	1139712	512	5.280569
77503452672	77501565952	1886720	512	5.275038
62983870464	62981899264	1971200	512	4.319960
59794161152	59792437248	1723904	512	5.031616
22209987072	22208741888	1245184	512	10.073065
53525968896	53524382720	1586176	512	2.230777
45547935232	45546070016	1865216	512	8.906057
2241024	1008640	1232384	512	12.261488
32474808832	32472922624	1886208	512	12.963059
34153831424	34151968256	1863168	512	12.834415
40454370816	40453042176	1328640	512	4.446494
68888086016	68886685184	1400832	512	11.939721
5375377920	5374247424	1130496	512	4.325371
22217622016	22215790080	1831936	512	5.800120
8353732608	8352551424	1181184	512	3.196511
9574652928	9572785664	1867264	512	5.803803
23029630464	23027736576	1893888	512	2.674877
45881600000	45879549440	2050560	512	13.160716
1161403392	1159686144	1717248	512	11.108418
44524598272	44522588160	2010112	512	4.021865
64691161600	64690097664	1063936	512	4.394056
14430203904	14428176384	2027520	512	2.176260
9913696256	9911906304	1789952	512	9.458620
2337934848	2336204288	1730560	512	12.634149
17098853888	17096904192	1949696	512	3.007503
17640929792	17639528448	1401344	512	6.484369
40686175744	40684743680	1432064	512	10.998304
58245736448	58243888640	1847808	512	12.370307
77834933760	77833757696	1176064	512	7.479685
67400975872	67399721472	1254400	512	5.853061
12066516480	12065184256	1332224	512	8.693412
44674343936	44672735744	1608192	512	5.530894
35067837952	35065785344	2052608	512	8.106527
76920705536	76918955520	1750016	512	12.909819
72104654336	72102607360	2046976	512	4.074746
26200998400	26199035904	1962496	512	12.107009
79474362368	79473027072	1335296	512	7.611813
16815882240	16814140928	1741312	512	9.714844
54220251648	54219132928	1118720	512	6.499332
21315936256	21314304000	1632256	512	12.227546
32655930368	32654644736	1285632	512	9.205680
31748902912	31747510272	1392640	512	4.677109
50105732608	50103875584	1857024	512	5.816963
34869116928	34867155968	1960960	512	8.570692
55815479296	55813674496	1804800	512	7.014246
33029710336	33028318720	1391616	512	4.712750
46901771264	46899704320	2066944	512	12.773759
70382952960	70381151232	1801728	512	3.129878
31408041472	31406295552	1745920	512	5.300992
25774126080	25772092928	2033152	512	10.425899
58625042944	58623262720	1780224	512	3.247916
50718041600	50716984832	1056768	512	11.363143
2274786816	2273513472	1273344	512	2.132150
56862746624	56861624832	1121792	512	5.841759
29523712512	29521632768	2079744	512	6.372184
55153986560	55152000000	1986560	512	9.174741
37858578432	37857373184	1205248	512	8.363639
63270755840	63269050880	1704960	512	3.513738
39472008192	39470060032	1948160	512	8.764026
1177965056	1176486912	1478144	512	6.990389
964076032	962369536	1706496	512	13.123446
40763053568	40761072640	1980928	512	6.089717
9072156672	9071000064	1156608	512	12.789894
48985790976	48984391680	1399296	512	10.390858
49036974080	49035082240	1891840	512	6.289555
51903458816	51901739008	1719808	512	10.848567
45658142208	45656175616	1966592	512	4.330078
77009994752	77008080384	1914368	512	5.950481
19678145536	19676613120	1532416	512	3.415731
39411312640	39409309696	2002944	512	5.507594
43723574272	43722178560	1395712	512	13.101026
59411246592	59409370624	1875968	512	9.636792
29459039232	29457461248	1577984	512	11.299399
29166126080	29164311040	1815040	512	3.612492
35734586368	35733274112	1312256	512	6.213031
72075401728	72073953792	1447936	512	5.250203
14053367296	14051961344	1405952	512	6.928272
16364380672	16363323392	1057280	512	5.175657
46270889472	46269141504	1747968	512	12.030305
28125513728	28123933184	1580544	512	12.022739
62092859392	62091286016	1573376	512	10.192598
13769170944	13767180288	1990656	512	2.989706
76170918400	76169099264	1819136	512	7.083635
42390550528	42389292032	1258496	512	5.572398
46956418048	46955091456	1326592	512	12.354507
51061874688	51060503552	1371136	512	11.898794
56955917824	56954621952	1295872	512	9.963690
48482880000	48481448448	1431552	512	9.488903
67338358784	67336742400	1616384	512	2.866675
74253648384	74252450304	1198080	512	3.314298
25887470592	25886079488	1391104	512	4.764809
52845894656	52843893248	2001408	512	12.057376
41879810048	41878383616	1426432	512	12.255978
33721435648	33719670272	1765376	512	4.140209
70938924032	70937049600	1874432	512	11.687434
3417600000	3416303104	1296896	512	10.539735
74249523200	74247816192	1707008	512	2.816038
11221477888	11219812864	1665024	512	12.157847
8283902976	8281909760	1993216	512	11.796974
6290712064	6288739328	1972736	512	4.037059
9640735232	9639161344	1573888	512	3.200701
27662684160	27661623296	1060864	512	4.162583
73469859840	73468211200	1648640	512	4.943763
3461413888	3460105216	1308672	512	10.250393
31814227456	31813168640	1058816	512	12.917998
78875539456	78874244096	1295360	512	2.531579
35862920192	35860998144	1922048	512	11.365669
32603518464	32602345984	1172480	512	10.099852
65711151616	65709121024	2030592	512	11.950063
42472456704	42470709760	1746944	512	13.028013
23362101760	23360565760	1536000	512	13.085052
20293775360	20292440576	1334784	512	8.042828
22671507456	22670000640	1506816	512	4.013898
72538557440	72536633856	1923584	512	6.647110
64961095680	64959262208	1833472	512	9.083332
30595959296	30594654720	1304576	512	6.861842
14790486016	14788999168	1486848	512	5.174034
25413793792	25412328960	1464832	512	3.722356
6315602432	6314065920	1536512	512	4.574566
61350127616	61348489216	1638400	512	6.322824
48343994880	48341991936	2002944	512	5.198312
4157515264	4155800576	1714688	512	12.477429
77585906688	77584049152	1857536	512	6.518238
51416278528	51414695936	1582592	512	4.251681
417020928	415899136	1121792	512	5.386633
68260943360	68259549184	1394176	512	12.206989
78402749952	78401099776	1650176	512	6.026947
67137177088	67135089152	2087936	512	5.449085
9488896	7860224	1628672	512	3.707463
74254607872	74253022208	1585664	512	9.202333
18303513600	18301518336	1995264	512	1.962650
43157268480	43155261952	2006528	512	10.878412
71997077504	71995356160	1721344	512	4.701944
15747790848	15746386432	1404416	512	6.344683
9106842112	9104965120	1876992	512	5.597801
5554637312	5553003008	1634304	512	2.341659
54079997440	54078433280	1564160	512	2.864271
28368071680	28366403072	1668608	512	9.920670
15381721600	15380393472	1328128	512	8.200050
41182334976	41180676096	1658880	512	5.144570
17533171712	17531589120	1582592	512	11.604093
27665998336	27664503808	1494528	512	12.237987
53641610240	53640310784	1299456	512	12.410667
64513062400	64511866368	1196032	512	9.432673
53761354240	53759938048	1416192	512	7.129169
12303226880	12301263872	1963008	512	3.617579
5869836288	5868013568	1822720	512	7.416608
69050366976	69049040896	1326080	512	2.545782
27562286592	27560664064	1622528	512	11.066790
73549279744	73547483648	1796096	512	10.590444
3102821376	3101068800	1752576	512	11.604741
57473443328	57471360512	2082816	512	7.196706
79313589248	79312273408	1315840	512	10.322363
36486244864	36485086720	1158144	512	10.027710
35282133504	35280751104	1382400	512	4.445411
928133120	926993920	1139200	512	5.065086
1850665472	1848955904	1709568	512	13.055634
2268898816	2267768832	1129984	512	5.240036
78428232192	78426831360	1400832	512	7.326287
32027302912	32025366528	1936384	512	11.766828
8075100672	8073575424	1525248	512	4.769715
23032275456	23030793216	1482240	512	3.250201
25513948160	25511975936	1972224	512	11.962247
52900964864	52899866624	1098240	512	7.959249
26035207168	26033362432	1844736	512	3.849099
63251751424	63250159104	1592320	512	7.063374
38044962304	38043668480	1293824	512	6.105039
69874939904	69873004544	1935360	512	11.275489
46764955648	46763041792	1913856	512	5.726035
40111726592	40110626816	1099776	512	10.339486
6500035072	6498145792	1889280	512	5.881851
63001266688	63000063488	1203200	512	10.086472
9428005888	9426764800	1241088	512	10.841548
29222265344	29221178880	1086464	512	2.867431
72818444288	72817275392	1168896	512	12.506270
62767152128	62765071360	2080768	512	12.945401
36367545344	36366244352	1300992	512	6.362749
43229668352	43227952640	1715712	512	2.701509
64393823744	64392035840	1787904	512	10.629058
42153364992	42152041984	1323008	512	3.825731
20766536704	20764803584	1733120	512	9.947394
57766414848	57764573696	1841152	512	5.111432
13945751552	13944594432	1157120	512	3.384143
53276009472	53274817536	1191936	512	4.526340
20803449856	20801665536	1784320	512	6.817099
73841200640	73839575040	1625600	512	7.621355
34798193152	34796261888	1931264	512	9.292477
10576927232	10575206912	1720320	512	9.160283
15900973056	15899617280	1355776	512	7.536980
30188836352	30187078144	1758208	512	4.989633
28790763008	28789504512	1258496	512	14.540495
49466298880	49464538624	1760256	512	8.470323
25096485888	25095088128	1397760	512	5.328777
21287108608	21285623808	1484800	512	4.585129
16503804416	16501748224	2056192	512	11.776347
17118931968	17117717504	1214464	512	12.569566
17859707392	17857632768	2074624	512	9.457526
27604789760	27603034112	1755648	512	6.046010
9106479616	9105006592	1473024	512	5.485856
77360228352	77358934016	1294336	512	2.546811
58773956608	58772766720	1189888	512	2.761734
1797797376	1796241920	1555456	512	5.292455
5653758464	5652381696	1376768	512	9.914116
52574503936	52572731904	1772032	512	7.481055
26132025856	26130102784	1923072	512	1.990884
9268969984	9267005440	1964544	512	3.603074
31295056384	31293124608	1931776	512	9.980606
8295834112	8293941760	1892352	512	5.846143
58059422720	58058262016	1160704	512	4.693873
44410475008	44408769024	1705984	512	3.055769
66627196416	66625467904	1728512	512	12.505591
2418074112	2416516096	1558016	512	5.204784
34722334720	34720384000	1950720	512	8.810416
32060645888	32059571200	1074688	512	3.206773
25995272704	25993948672	1324032	512	7.153099
52536345088	52534757376	1587712	512	3.391290
78665373184	78664193536	1179648	512	9.305722
47018218496	47016150016	2068480	512	12.548232
36288147456	36286740992	1406464	512	3.922420
73853617152	73852258304	1358848	512	6.558124
58588783616	58586757632	2025984	512	5.054040
26792478208	26791033856	1444352	512	4.208582
49037836288	49035827200	2009088	512	3.180646
54534793216	54533233664	1559552	512	2.984174
7809963008	7808586240	1376768	512	9.987441
7151123456	7149660672	1462784	512	6.198430
37729792512	37728725504	1067008	512	11.856350
68617866752	68616561152	1305600	512	4.097851
18719196672	18717965824	1230848	512	12.266496
38019281408	38017255936	2025472	512	14.468022
69996839936	69995081216	1758720	512	8.055078
52099552768	52098006016	1546752	512	4.591618
62776031744	62774410240	1621504	512	8.717669
595233280	593247232	1986048	512	5.272917
67058735104	67056846336	1888768	512	4.793124
76534210048	76532811776	1398272	512	3.027760
76221927424	76220395008	1532416	512	8.917742
3324715520	3323076608	1638912	512	12.281970
62785515008	62783893504	1621504	512	6.798563
72032733184	72031053824	1679360	512	8.029623
54965224960	54963180032	2044928	512	9.440020
33095851520	33094179328	1672192	512	6.585288
75343808000	75341901824	1906176	512	5.038867
3534566400	3533060608	1505792	512	5.917075
38235536896	38233524224	2012672	512	8.265323
31506790912	31505589760	1201152	512	11.291785
18105015808	18103418368	1597440	512	13.037482
57840451584	57838362112	2089472	512	5.127759
20560393728	20558926336	1467392	512	5.004147
58761099264	58759529984	1569280	512	11.585501
5465167872	5463261696	1906176	512	5.536865
64927968768	64926078464	1890304	512	7.259495
13655110144	13653487616	1622528	512	2.102466
63911343616	63910237696	1105920	512	12.333187
31068812288	31066995200	1817088	512	3.541477
40901008896	40899674624	1334272	512	4.284212
49498836480	49497636864	1199616	512	5.582812
26785740800	26784324608	1416192	512	2.948091
78405136384	78404035072	1101312	512	10.726069
3926593536	3925221376	1372160	512	8.800300
26145500160	26144088576	1411584	512	4.973621
23709170176	23708079104	1091072	512	3.456450
13735366656	13733347328	2019328	512	2.373000
79879971840	79878066688	1905152	512	2.825773
37408623616	37406595072	2028544	512	6.099158
53350686208	53349211648	1474560	512	5.468507
49459769344	49458441728	1327616	512	11.267941
57638746112	57636828672	1917440	512	12.042663
10494757888	10493640704	1117184	512	4.309036
3039764992	3038476800	1288192	512	10.589683
24683205120	24681787904	1417216	512	5.008003
3598921216	3597348352	1572864	512	4.460294
49400827392	49398971392	1856000	512	7.730305
9618156032	9616542720	1613312	512	2.310644
19668472832	19666544128	1928704	512	3.540802
4375135744	4373444608	1691136	512	11.122688
38579147264	38578015232	1132032	512	9.661970
36243370496	36241805312	1565184	512	11.020005
19204135424	19202289664	1845760	512	5.414304
34092293632	34091037696	1255936	512	7.626855
14219155456	14217293312	1862144	512	5.953910
1079516160	1077552640	1963520	512	7.622805
10375938048	10374605312	1332736	512	8.647893
79420905472	79419425792	1479680	512	12.512680
8794381824	8793186816	1195008	512	11.795455
58096264704	58094342144	1922560	512	11.904289
75610662400	75609192448	1469952	512	12.408283
38182089728	38181005312	1084416	512	11.241350
42646325248	42645195776	1129472	512	8.961448
52174517248	52173172224	1345024	512	12.093931
79671971840	79670860288	1111552	512	8.292619
14433808896	14432394752	1414144	512	6.829108
47418749440	47417181696	1567744	512	5.822718
22036505088	22035192832	1312256	512	8.590705
71776393728	71775186432	1207296	512	4.663914
16872690176	16871630848	1059328	512	5.113835
3050175488	3048813568	1361920	512	10.959623
67706991104	67705135104	1856000	512	5.842986
10530293248	10528372224	1921024	512	4.535251
18430448128	18428953600	1494528	512	4.325798
15642331648	15640606208	1725440	512	8.238841
32944751104	32942658560	2092544	512	7.941442
78949430272	78948372480	1057792	512	7.667945
67841381376	67839939584	1441792	512	8.729521
71411169280	71409396224	1773056	512	4.116473
42008696320	42007035392	1660928	512	4.107210
21257487360	21255560704	1926656	512	3.586795
49814198272	49812477440	1720832	512	6.889079
56107902976	56106627072	1275904	512	12.423477
36152404480	36150630912	1773568	512	3.907196
73885127680	73883975168	1152512	512	4.987149
44110289920	44108712448	1577472	512	6.355673
50538584576	50537400832	1183744	512	7.739678
1349574656	1348159488	1415168	512	10.212689
14476027392	14474113536	1913856	512	6.699599
49720640512	49718547456	2093056	512	10.294916
53716765696	53714843136	1922560	512	12.930140
28249773568	28248107520	1666048	512	8.093950
66715376128	66714146816	1229312	512	8.296005
19954191360	19952201216	1990144	512	2.106694
60569313280	60567229952	2083328	512	5.222155
64883617792	64882368512	1249280	512	7.667908
62814760960	62813663744	1097216	512	4.602539
4436022272	4434459648	1562624	512	4.680067
25911375360	25909676544	1698816	512	9.232424
60460829184	60459320832	1508352	512	2.252838
54513649152	54512098816	1550336	512	3.280273
75954520064	75953020416	1499648	512	9.461590
68165348864	68163629056	1719808	512	8.593334
30743512576	30742086144	1426432	512	3.875288
74078821888	74077380096	1441792	512	3.458780
32722701312	32720605696	2095616	512	5.975047
20908361216	20906838016	1523200	512	12.891298
68587299840	68585607168	1692672	512	11.390530
21487147008	21485293568	1853440	512	5.310220
78443043328	78441887744	1155584	512	10.339126
76237979648	76236313600	1666048	512	12.947518
17450836480	17449283584	1552896	512	2.995929
2033267200	2031367680	1899520	512	7.117511
75252288000	75250562048	1725952	512	11.830906
53198765056	53197369856	1395200	512	8.924331
54443442688	54441485312	1957376	512	11.875049
63581343744	63579991552	1352192	512	13.672942
41426721280	41424846848	1874432	512	8.805554
26124237312	26122446336	1790976	512	5.142139
9921668096	9919777280	1890816	512	5.149023
8008461824	8007039488	1422336	512	7.075876
14870629888	14868996608	1633280	512	8.227825
39469472256	39468026880	1445376	512	12.560036
24336762880	24335508480	1254400	512	10.609240
36505521664	36503509504	2012160	512	6.443039
75898249728	75896427520	1822208	512	14.745982
7231158784	7229195264	1963520	512	4.222795
67456068608	67454808064	1260544	512	5.629858
45009038848	45007981056	1057792	512	10.915962
79485867520	79484312064	1555456	512	8.939826
51831667712	51829861888	1805824	512	8.373894
17904202240	17902391296	1810944	512	6.229156
61992980480	61991243264	1737216	512	3.239756
45795454464	45793539072	1915392	512	7.608679
32851787264	32850651648	1135616	512	12.825100
43986098688	43984339968	1758720	512	12.686318
28733609472	28731753984	1855488	512	3.597765
47801533952	47799910400	1623552	512	4.229404
17904452608	17903287296	1165312	512	11.943868
28653945856	28652546560	1399296	512	5.319618
34502375936	34500800512	1575424	512	10.739210
27983527936	27981504000	2023936	512	8.819539
53305862656	53304328192	1534464	512	3.732484
69601226240	69599674880	1551360	512	12.515448
18224636416	18222788096	1848320	512	7.274644
18153634816	18151797248	1837568	512	5.652315
30288916992	30287427584	1489408	512	11.583403
62582831616	62581763584	1068032	512	5.492976
49090767360	49089109504	1657856	512	12.669255
61185095680	61183866368	1229312	512	9.740270
31212141568	31211078144	1063424	512	3.600396
21047273472	21045980160	1293312	512	8.969415
71391884288	71389929472	1954816	512	13.449092
10758215680	10757066752	1148928	512	12.876903
35516818944	35515743744	1075200	512	2.863360
48148060160	48146062848	1997312	512	5.359889
41592365056	41590642688	1722368	512	3.518210
79050135552	79048505856	1629696	512	5.776267
30781100544	30779280896	1819648	512	3.493398
52875732992	52874617344	1115648	512	7.443918
79423303168	79422177792	1125376	512	7.635939
76524255744	76522600448	1655296	512	2.268578
76677873664	76675985408	1888256	512	7.073985
69118376448	69116287488	2088960	512	4.066852
36569635840	36567604736	2031104	512	5.948538
57636977664	57635850752	1126912	512	5.680935
48318197760	48316753920	1443840	512	9.145552
59406282240	59405001728	1280512	512	15.761349
59231546368	59230219776	1326592	512	7.855840
24155013120	24153754624	1258496	512	8.623137
22618996736	22617165824	1830912	512	5.765282
38242141184	38240142336	1998848	512	15.163812
30050278912	30048874496	1404416	512	4.425835
68862617088	68860797952	1819136	512	5.196934
71191712768	71190334976	1377792	512	8.880945
76259703296	76258309120	1394176	512	3.236263
40288006656	40286103040	1903616	512	9.956243
13946449408	13944524288	1925120	512	4.490003
5517027328	5515336704	1690624	512	12.242860
25471431168	25470227968	1203200	512	9.965290
45798721024	45796781568	1939456	512	6.910931
79881050112	79879572480	1477632	512	3.178742
57921936384	57920445440	1490944	512	4.191467
46384475136	46382755328	1719808	512	12.804808
71602240512	71600826880	1413632	512	9.434718
66977325568	66975505408	1820160	512	5.283644
35318764544	35317035520	1729024	512	5.061126
68979771392	68978104320	1667072	512	11.174904
5468107776	5466568704	1539072	512	4.507517
17776438784	17774895104	1543680	512	3.175906
48719809536	48718158336	1651200	512	3.569331
38389548032	38388470784	1077248	512	2.342016
56494918656	56493750272	1168384	512	4.445423
20226259968	20224529920	1730048	512	9.962816
32347702784	32345626112	2076672	512	8.300063
8607138304	8605975552	1162752	512	12.473880
62140573696	62139321856	1251840	512	9.092429
73682127360	73680633344	1494016	512	12.593400
46225777152	46223918080	1859072	512	7.156032
5414322688	5412627968	1694720	512	10.200215
55505241088	55503287808	1953280	512	12.000388
36543257088	36541471232	1785856	512	2.921338
62855831040	62854407168	1423872	512	12.411702
30533420032	30531632128	1787904	512	4.261019
3616973312	3615895552	1077760	512	4.204366
27125935104	27124345344	1589760	512	9.978517
77889813504	77888616448	1197056	512	6.724811
19543827968	19542483968	1344000	512	9.680469
47741485056	47739551232	1933824	512	5.151601
59488952320	59486964736	1987584	512	8.062875
72897723392	72895856128	1867264	512	10.513269
53721967104	53720522752	1444352	512	8.283769
28776161280	28775013376	1147904	512	12.610308
61437769216	61435806208	1963008	512	5.488490
6923148800	6921255424	1893376	512	5.813671
31116095488	31115022336	1073152	512	3.368110
11412505600	11410608640	1896960	512	5.161571
59086179328	59084892672	1286656	512	10.809018
50853699584	50852259328	1440256	512	8.067049
15728744448	15727432192	1312256	512	10.398595
23311246848	23310047232	1199616	512	10.126263
58182583296	58181281280	1302016	512	10.362580
6578390528	6576932864	1457664	512	6.273212
46698496000	46697350656	1145344	512	7.891996
20083584000	20082528768	1055232	512	5.209737
75401985536	75400205312	1780224	512	9.887127
32682871296	32681809920	1061376	512	3.516467
18536761856	18535370240	1391616	512	6.712897
16407302656	16405806592	1496064	512	4.279839
20226668544	20224963584	1704960	512	7.648707
44535738880	44534537728	1201152	512	8.925037
52325389824	52324222976	1166848	512	5.983134
2194504192	2192997376	1506816	512	6.261788
56454697984	56453326848	1371136	512	6.684008
60442909696	60440868864	2040832	512	4.621655
50613355520	50611803648	1551872	512	6.916148
17574093824	17572188160	1905664	512	4.073200
50980073984	50978738176	1335808	512	11.067016
46958355968	46957102080	1253888	512	5.069212
67263910400	67262641664	1268736	512	5.358248
33179938816	33177998848	1939968	512	9.078870
38870864384	38868838912	2025472	512	4.920307
40964813312	40962794496	2018816	512	5.120612
53128528384	53126867456	1660928	512	12.434764
74277116928	74275737088	1379840	512	5.739630
54036698112	54035453952	1244160	512	2.856465
35682082304	35680859136	1223168	512	8.385350
79409820672	79408238592	1582080	512	7.759235
75704003072	75702433792	1569280	512	6.811126
56660678144	56658769920	1908224	512	12.301751
48078441984	48076397056	2044928	512	2.180235
10046908416	10044926976	1981440	512	3.242319
37088819712	37086803968	2015744	512	6.359564
78844336640	78843169792	1166848	512	7.982397
16941014528	16939643392	1371136	512	7.174325
48323550208	48321574912	1975296	512	4.169797
15179566080	15178516992	1049088	512	5.849488
2696314880	2694377984	1936896	512	13.921503
40194781184	40193580032	1201152	512	7.761861
69290562048	69289096704	1465344	512	7.025168
78929493504	78927777280	1716224	512	11.189551
76814255616	76813150720	1104896	512	10.569310
71538385920	71536688128	1697792	512	8.643700
47159593472	47157930496	1662976	512	3.206850
56947061248	56944977408	2083840	512	7.136007
21996883968	21995034624	1849344	512	5.402614
77671380992	77669796864	1584128	512	10.656204
40055301120	40054140928	1160192	512	10.665957
28169537536	28167876608	1660928	512	10.097999
22296123904	22294935552	1188352	512	2.123268
14977510912	14976356352	1154560	512	3.445324
71814675968	71813376000	1299968	512	12.421961
79632276992	79630355456	1921536	512	11.322571
20125000704	20123879424	1121280	512	3.693200
10491692544	10490594816	1097728	512	4.749469
37356624384	37354771456	1852928	512	12.288243
47269787648	47268199936	1587712	512	5.281530
55704039936	55702490624	1549312	512	3.299453
12491628544	12490051584	1576960	512	12.371018
24626059264	24623993344	2065920	512	9.642871
39350301184	39348298240	2002944	512	7.369508
3362390016	3360933376	1456640	512	7.003132
66407799808	66406223360	1576448	512	8.164719
51431618560	51429910016	1708544	512	11.725448
32944016896	32942258176	1758720	512	4.965522
2840006656	2838081536	1925120	512	6.017874
56998189056	56996929024	1260032	512	11.031121
77355300864	77353306624	1994240	512	11.853404
4976306688	4975157248	1149440	512	2.597991
53066465792	53064527872	1937920	512	12.884163
49998198272	49996882432	1315840	512	2.313759
77079493632	77077717504	1776128	512	11.840734
48831449088	48829406208	2042880	512	8.766873
53022438400	53021040640	1397760	512	8.752267
13710005248	13707965952	2039296	512	1.932564
66736004608	66734001152	2003456	512	12.879238
63192049664	63190592512	1457152	512	2.050920
46389406208	46387889664	1516544	512	9.071065
27186304512	27185070080	1234432	512	9.254834
53686076416	53684152832	1923584	512	12.860293
20297198080	20295806464	1391616	512	6.704157
41182347264	41181199360	1147904	512	11.008090
5392152576	5390072832	2079744	512	12.735651
10115377664	10114071040	1306624	512	9.273991
44751425024	44749547008	1878016	512	9.480054
30872352256	30871111168	1241088	512	8.367323
58031561728	58030361088	1200640	512	3.493265
8914424832	8913321984	1102848	512	11.096195
19815944704	19814042624	1902080	512	4.150503
35592515584	35590554624	1960960	512	8.554951
1768473088	1766436352	2036736	512	4.246453
64475257856	64473781248	1476608	512	9.512516
26061051904	26059556864	1495040	512	2.962480
20538255872	20536226816	2029056	512	12.349234
75529775104	75528561152	1213952	512	11.047152
74753345536	74751802880	1542656	512	8.831310
63570010112	63568533504	1476608	512	12.602698
73187116544	73185375744	1740800	512	5.826827
24015671296	24014547456	1123840	512	11.861944
76121854976	76119996928	1858048	512	7.920566
9879775744	9878682112	1093632	512	4.817898
16842105856	16840060416	2045440	512	10.107865
38776920576	38775383040	1537536	512	10.130478
18191098880	18189167616	1931264	512	3.401991
36755125248	36753829376	1295872	512	6.048424
3805823488	3804026368	1797120	512	8.783119
23226344960	23224775168	1569792	512	7.686017
62754337280	62752804352	1532928	512	11.430264
61304799232	61302813696	1985536	512	4.753602
53754201088	53752124416	2076672	512	8.486259
55142281728	55140372992	1908736	512	2.167130
7553942528	7552459776	1482752	512	5.787368
51245501952	51244404736	1097216	512	10.232782
26547504640	26545635840	1868800	512	3.251407
13737009664	13735077888	1931776	512	4.362380
47514228736	47513071104	1157632	512	7.533502
51529505792	51527564288	1941504	512	2.703923
74196404224	74195198976	1205248	512	3.009213
69861601792	69860192256	1409536	512	10.767179
2363206656	2361960960	1245696	512	2.736491
45509758464	45508615680	1142784	512	9.889494
40387890688	40386722304	1168384	512	10.451163
10956030464	10954606592	1423872	512	6.642075
41619563008	41617520640	2042368	512	4.423219
65822015488	65820004352	2011136	512	12.518126
68610200576	68608541184	1659392	512	12.511369
75125945856	75123938816	2007040	512	12.345972
37169780736	37168691200	1089536	512	13.130653
29904991232	29903689728	1301504	512	8.794830
16737614848	16736082944	1531904	512	3.434811
76386470400	76384458240	2012160	512	8.773934
73622286848	73620327936	1958912	512	2.527716
78553376768	78552231936	1144832	512	10.900697
66994382336	66992384512	1997824	512	10.353874
60055937024	60054333440	1603584	512	10.528937
40514399232	40513254912	1144320	512	9.220133
2538848256	2537405952	1442304	512	7.769819
78130008576	78128885248	1123328	512	11.627739
23876827136	23874965504	1861632	512	11.767707
61748299776	61746343936	1955840	512	7.519053
29586577408	29585006080	1571328	512	9.600388
75288223232	75286528000	1695232	512	13.194952
17437675520	17436166144	1509376	512	3.915989
29907551232	29906271744	1279488	512	7.521355
76844675072	76842716672	1958400	512	2.235623
1032981504	1031202816	1778688	512	11.634380
44388141568	44386382848	1758720	512	12.675778
54705611776	54704496640	1115136	512	6.618439
1335012352	1333163008	1849344	512	8.253143
65186946048	65185538560	1407488	512	2.543682
67819947520	67818484224	1463296	512	9.905306
39114335232	39112839680	1495552	512	9.383364
61063718912	61062310912	1408000	512	4.200047
63834328064	63832797184	1530880	512	10.906372
73184683008	73182848000	1835008	512	11.661601
49350772224	49349368320	1403904	512	9.186759
66346108416	66344654848	1453568	512	12.141383
70337986048	70336851456	1134592	512	8.148580
55485882880	55484286976	1595904	512	1.950806
22595536896	22593614336	1922560	512	3.605808
47575647744	47573628416	2019328	512	2.871486
24024691200	24023261696	1429504	512	4.523024
14843068928	14841110528	1958400	512	3.767536
32127913472	32126140416	1773056	512	4.660717
75989878784	75988707328	1171456	512	3.414652
31061403648	31060264960	1138688	512	12.774708
40683308032	40681532416	1775616	512	2.140388
23124694016	23123312640	1381376	512	5.706047
70959057408	70957231104	1826304	512	2.243453
11268087808	11266744832	1342976	512	10.322434
53186570240	53185358336	1211904	512	4.684386
10526194688	10524758528	1436160	512	6.337624
39437815296	39435764736	2050560	512	6.067337
4802951168	4801662464	1288704	512	10.659339
57404534272	57403448320	1085952	512	8.698386
65350845440	65349006848	1838592	512	8.974526
19116028928	19114282496	1746432	512	7.717737
64048771584	64047238656	1532928	512	9.582380
58158879744	58157187072	1692672	512	5.922850
36613722112	36611624960	2097152	512	12.528348
1697356800	1695493632	1863168	512	9.838586
76400094720	76398772224	1322496	512	5.992167
19736607744	19734984192	1623552	512	5.983871
30031264768	30029675520	1589248	512	11.021207
10423534592	10421754880	1779712	512	7.839370
59048815104	59047076864	1738240	512	4.586456
63063786496	63062614016	1172480	512	11.128856
30560291328	30558370816	1920512	512	12.080796
13714009600	13711958016	2051584	512	12.771232
9360746496	9358982144	1764352	512	8.121136
58930802688	58929511936	1290752	512	10.694270
27876431872	27874880512	1551360	512	12.765365
58596973056	58595047424	1925632	512	9.997659
4805011456	4803708928	1302528	512	10.361258
15517498368	15515749888	1748480	512	7.703591
9012472320	9010647552	1824768	512	6.795424
23580386816	23579213824	1172992	512	12.629223
7305439744	7304136192	1303552	512	9.727719
49811327488	49809403904	1923584	512	3.975715
19946626048	19945163264	1462784	512	5.060906
71632295424	71631158784	1136640	512	8.053483
23909723648	23907923968	1799680	512	4.966678
33829739008	33828152832	1586176	512	8.655291
98013184	96203776	1809408	512	9.077242
67491661312	67490204672	1456640	512	10.097476
63591232000	63589456896	1775104	512	12.375205
68535732736	68533915136	1817600	512	5.391841
50553766912	50552180736	1586176	512	4.063734
46107490304	46105980928	1509376	512	9.271891
79794493440	79793099776	1393664	512	6.875653
9257884672	9256413696	1470976	512	5.468899
26443594752	26441589248	2005504	512	11.112897
12081949184	12080096256	1852928	512	7.994245
55431675904	55430200832	1475072	512	5.448058
61015527424	61013768704	1758720	512	2.568756
19016184832	19014264320	1920512	512	3.724905
72280563712	72278568448	1995264	512	5.880225
34423359488	34422225408	1134080	512	12.499397
75791009280	75789474816	1534464	512	10.006307
50538278400	50537045504	1232896	512	4.625560
2145056256	2143611392	1444864	512	7.714874
8094675968	8093486080	1189888	512	3.018581
68954381312	68952502272	1879040	512	2.042289
286050304	284763648	1286656	512	12.964510
64241691648	64240014848	1676800	512	3.083031
61878239232	61876170752	2068480	512	2.153406
60172883456	60171106816	1776640	512	3.410755
41160181248	41158460416	1720832	512	3.512777
62451549696	62450399232	1150464	512	12.277285
4550798336	4549616640	1181696	512	3.735797
44454383616	44453254144	1129472	512	9.008964
13669278720	13667496448	1782272	512	7.750734
70486425600	70485085184	1340416	512	10.126655
2758032384	2756062720	1969664	512	4.993077
45653043712	45650977280	2066432	512	12.719703
69170217984	69168977408	1240576	512	5.445542
66921307136	66919289856	2017280	512	9.727216
64233589760	64232270336	1319424	512	5.385005
494995456	493650944	1344512	512	11.756091
32904578048	32903137792	1440256	512	3.491975
13021895168	13020646912	1248256	512	10.601665
72220712448	72219613696	1098752	512	10.451753
50027382272	50026027008	1355264	512	12.343146
16606496768	16604607488	1889280	512	4.454391
69615737344	69613657088	2080256	512	6.316418
16929083904	16927611904	1472000	512	4.883416
14116185600	14114315776	1869824	512	5.757791
30689471488	30687375360	2096128	512	5.970515
400792064	399522816	1269248	512	2.247591
57748923904	57747369984	1553920	512	2.430531
58937026560	58935154688	1871872	512	11.663682
71703564800	71701732864	1831936	512	11.795622
73670581248	73668587520	1993728	512	9.674203
57847193088	57845291520	1901568	512	12.540363
44297341440	44295816192	1525248	512	7.766519
45556005376	45554090496	1914880	512	5.778436
38763159552	38761756160	1403392	512	2.521023
16258397696	16256504832	1892864	512	4.372950
52412427776	52410778624	1649152	512	12.787801
42972512768	42970920448	1592320	512	5.970921
34303190528	34301956096	1234432	512	8.149607
45788777984	45787349504	1428480	512	11.459306
26451579904	26450352128	1227776	512	9.440266
59442433024	59440487424	1945600	512	9.425510
20456442880	20454792192	1650688	512	10.010106
35068013056	35066684416	1328640	512	5.818198
70093011968	70091668992	1342976	512	11.232329
3305912320	3304085504	1826816	512	10.010314
44581106688	44579601408	1505280	512	8.279474
45171803648	45169915904	1887744	512	8.346579
65562289152	65560262144	2027008	512	12.050426
41984173568	41982117376	2056192	512	2.911171
54504873472	54502862336	2011136	512	10.376777
59371996160	59369905664	2090496	512	3.152120
5271834624	5270619136	1215488	512	3.009208
60406412288	60404532736	1879552	512	11.369906
30192953344	30190932992	2020352	512	7.883355
47414928384	47413352960	1575424	512	7.630711
76459563520	76457476096	2087424	512	4.038517
58514899968	58513701376	1198592	512	11.742087
41981318656	41979751936	1566720	512	6.513610
67854238720	67852420608	1818112	512	5.422736
29211330560	29210063872	1266688	512	7.793397
41320797696	41319702528	1095168	512	12.366649
33201505280	33200035840	1469440	512	2.294111
442910720	441370624	1540096	512	5.677803
67077085184	67075938816	1146368	512	11.266687
53013875200	53012273664	1601536	512	3.020878
25708246016	25707141120	1104896	512	12.370621
14653328384	14651636224	1692160	512	11.735282
35101599744	35100103168	1496576	512	12.713098
61358669312	61356967424	1701888	512	10.758452
44617090048	44615796736	1293312	512	4.658266
46827876352	46826487808	1388544	512	7.784742
79573629440	79572196352	1433088	512	3.346856
74511053824	74509886976	1166848	512	4.388122
2285623296	2283687424	1935872	512	8.214705
42253334528	42251753984	1580544	512	6.339966
42434358272	42432583680	1774592	512	12.272948
33177537536	33176459776	1077760	512	2.830807
78530063360	78528046080	2017280	512	12.711782
45479149568	45477635584	1513984	512	7.225436
9385230848	9383594496	1636352	512	11.038212
57873212928	57871482880	1730048	512	6.413739
26878582784	26876751360	1831424	512	4.200151
27354286592	27352409088	1877504	512	3.091462
34015262720	34014211584	1051136	512	3.405841
67985121280	67983276032	1845248	512	6.337448
50787416064	50785348608	2067456	512	8.122417
59324749312	59322963968	1785344	512	3.053239
72608796672	72607696384	1100288	512	10.308103
74650852352	74649396224	1456128	512	4.747377
42961719296	42960010240	1709056	512	2.897987
73191900160	73190759936	1140224	512	7.037571
47155358208	47153672192	1686016	512	2.614999
52064229888	52062585344	1644544	512	12.891725
36713515520	36711546880	1968640	512	7.556155
60461445632	60459374080	2071552	512	5.580587
19940148224	19938356224	1792000	512	6.724276
10411350528	10409956352	1394176	512	7.333682
29199721984	29197760000	1961984	512	11.121668
8619278848	8617811968	1466880	512	5.619285
78367342592	78366022656	1319936	512	12.612188
26976958976	26975434752	1524224	512	11.470022
26175554560	26174357504	1197056	512	12.045129
50530841600	50529386496	1455104	512	7.707418
37025971712	37024488960	1482752	512	10.593326
2951035904	2949754880	1281024	512	12.677428
34638086656	34636938240	1148416	512	10.249365
1700414976	1698344960	2070016	512	3.427056
58747411968	58746279424	1132544	512	4.470413
75607572480	75605957120	1615360	512	5.037658
27289608704	27288153088	1455616	512	3.836334
26550131200	26548097536	2033664	512	8.575115
2188140032	2186788352	1351680	512	9.709176
75140621824	75139242496	1379328	512	4.671102
58804978688	58803482112	1496576	512	2.606384
24624648192	24623008256	1639936	512	10.610631
32625771008	32623729664	2041344	512	7.318335
62307519488	62305733120	1786368	512	12.867801
43317004288	43314914304	2089984	512	8.707702
72324155392	72322446336	1709056	512	6.959319
26333865472	26332596736	1268736	512	10.248269
35208049664	35206360064	1689600	512	5.982056
57219255296	57217166336	2088960	512	6.958791
40108655104	40107299840	1355264	512	3.744503
69577689600	69576526336	1163264	512	8.098583
65071824384	65070703616	1120768	512	11.833242
7289426432	7287900160	1526272	512	4.777295
76014861312	76013199872	1661440	512	3.313573
13844075008	13842710528	1364480	512	7.971066
68770236928	68768157184	2079744	512	7.526852
40708905472	40707290624	1614848	512	6.285533
16482064384	16480847360	1217024	512	12.653973
33180146176	33178896384	1249792	512	7.697243
28952212992	28950759936	1453056	512	3.214116
10743071232	10741863936	1207296	512	11.452891
43409602048	43408104448	1497600	512	10.324226
7466460160	7464821760	1638400	512	11.408503
19378390016	19376888320	1501696	512	4.093070
45721202176	45719817216	1384960	512	7.947373
49730655232	49729299456	1355776	512	12.473734
3481579520	3480064512	1515008	512	5.652936
77805040640	77803043840	1996800	512	11.765372
54322559488	54320509952	2049536	512	9.198204
2504922112	2503311360	1610752	512	2.282741
10892950528	10890859008	2091520	512	11.993256
64107259392	64106124288	1135104	512	2.018639
39901521920	39900253696	1268224	512	6.053468
12366788096	12365279232	1508864	512	4.660038
45116647936	45114689024	1958912	512	6.415395
44577028096	44575193600	1834496	512	8.793200
35035780608	35033693184	2087424	512	7.156571
43795241472	43793371648	1869824	512	7.857501
49515411968	49513999360	1412608	512	8.883710
50765171712	50763273728	1897984	512	4.700421
9507538432	9506274304	1264128	512	12.089455
55870816256	55869007872	1808384	512	6.869924
76207639552	76206106624	1532928	512	8.899036
40584299008	40582809088	1489920	512	9.573644
68996504064	68994527232	1976832	512	9.802608
6393923072	6392827904	1095168	512	5.177149
30201478656	30199387136	2091520	512	7.942658
67889527296	67887704064	1823232	512	5.129983
31780064256	31778690560	1373696	512	5.206174
28311072256	28309998592	1073664	512	3.886926
38638613504	38637458944	1154560	512	8.999512
60833214976	60831857664	1357312	512	8.749769
10393010688	10391818240	1192448	512	2.587946
27553740800	27552094720	1646080	512	8.664617
74573285888	74571515904	1769984	512	11.494254
22416837632	22415008768	1828864	512	5.941528
79257663488	79256067072	1596416	512	5.316724
69393408512	69391743488	1665024	512	11.249860
68596752384	68594879488	1872896	512	3.453082
60037769216	60036201984	1567232	512	11.620195
73436270592	73434700288	1570304	512	9.745823
64005328384	64004034048	1294336	512	6.135287
11645098496	11643471360	1627136	512	13.118235
562890240	561105920	1784320	512	11.474337
22179154432	22177091072	2063360	512	9.690054
51114613760	51113391616	1222144	512	4.925007
42622424064	42620703232	1720832	512	2.569548
10989896704	10988301312	1595392	512	11.990646
18167268864	18165208064	2060800	512	11.568855
41743887360	41742012416	1874944	512	8.836719
44995850240	44994318848	1531392	512	9.449723
11751834624	11749752832	2081792	512	10.228215
29321298432	29319834624	1463808	512	2.976506
37582093824	37580119552	1974272	512	9.243342
40538344960	40536466432	1878528	512	8.740791
4248684032	4246587392	2096640	512	11.477816
31760695296	31759210496	1484800	512	2.414737
61395742720	61393927680	1815040	512	11.887901
38121090048	38119475200	1614848	512	9.067409
55386581504	55385170432	1411072	512	9.219381
3807158272	3806049792	1108480	512	5.364860
76682740736	76680655360	2085376	512	7.922267
4462980096	4460896256	2083840	512	2.499517
17401327104	17399959040	1368064	512	7.325100
64009953792	64008669184	1284608	512	6.562634
19294214656	19292444672	1769984	512	7.160348
50553302528	50551425536	1876992	512	7.091633
40061744128	40059874304	1869824	512	10.856244
29364634624	29362719744	1914880	512	10.398931
45192949760	45190868992	2080768	512	12.331862
73396032000	73394743808	1288192	512	11.046873
47263251456	47261351936	1899520	512	6.142571
66798667776	66796684288	1983488	512	10.833133
70177008128	70175268352	1739776	512	6.792771
30808225280	30806956544	1268736	512	7.724466
50102666752	50101175808	1490944	512	8.604376
38506737152	38504951296	1785856	512	2.906966
48975700992	48974528000	1172992	512	7.193872
19656621056	19655032320	1588736	512	2.052693
42119122944	42117529088	1593856	512	7.787369
32002929664	32000920064	2009600	512	8.067825
4501388800	4499402240	1986560	512	4.572727
31913436160	31911810048	1626112	512	8.245374
79484198400	79483005952	1192448	512	4.692288
33843879424	33842109440	1769984	512	4.051254
3842825216	3841496064	1329152	512	9.778993
49183616512	49182334464	1282048	512	4.284755
40062036480	40060667904	1368576	512	3.423132
16855205888	16853188608	2017280	512	12.572505
77233936896	77232737280	1199616	512	6.554014
14006204928	14004960256	1244672	512	10.684797
16973576704	16972471296	1105408	512	4.058098
59579560960	59577693696	1867264	512	11.752940
5112248832	5110486528	1762304	512	9.554692
2109466112	2107526144	1939968	512	6.261776
11353065984	11351711744	1354240	512	8.203633
28736905216	28735684096	1221120	512	8.874486
16332602368	16330864128	1738240	512	7.937729
66097976320	66095886336	2089984	512	10.037155
19468664320	19467565056	1099264	512	4.202078
23113321984	23112161792	1160192	512	11.012991
46833982976	46832690688	1292288	512	4.040365
19004850688	19003253760	1596928	512	13.037021
49072910336	49071489536	1420800	512	11.636658
61367656448	61366070272	1586176	512	9.795114
4638565376	4637191168	1374208	512	8.772876
67877262336	67875327488	1934848	512	12.523203
50514388480	50513084416	1304064	512	2.654745
24068722688	24067238912	1483776	512	3.205249
61659793920	61657907712	1886208	512	7.839487
53214864896	53213170176	1694720	512	11.516812
37171878912	37170311168	1567744	512	10.283342
65672020992	65669956608	2064384	512	10.875786
76134576128	76132502528	2073600	512	6.398915
18029328896	18027370496	1958400	512	2.860247
28512032256	28510705152	1327104	512	8.855965
40538011648	40535960576	2051072	512	4.236313
65115085312	65113377280	1708032	512	13.131262
4459081728	4457503744	1577984	512	4.343940
33356639744	33354713600	1926144	512	11.233153
61194432000	61192824320	1607680	512	7.312486
2743354368	2741484032	1870336	512	7.210560
49820681728	49818783744	1897984	512	4.661129
16447957504	16446133248	1824256	512	5.942422
3599017472	3597334016	1683456	512	13.139170
26878603264	26876926976	1676288	512	9.737802
6899138048	6897367040	1771008	512	10.404318
65107387904	65106202624	1185280	512	11.594478
44185747456	44184483840	1263616	512	5.451343
48342990336	48341046272	1944064	512	4.927483
63118014464	63116915200	1099264	512	4.043112
647267840	646046208	1221632	512	3.268634
79452502528	79451073536	1428992	512	3.520437
7344057344	7342398464	1658880	512	12.916194
17624290304	17622278144	2012160	512	12.677619
13498320384	13496354304	1966080	512	3.586678
16494712320	16493548032	1164288	512	2.688769
70490897920	70488996352	1901568	512	10.729237
4609069056	4607541248	1527808	512	5.436608
60299814400	60297935360	1879040	512	11.356114
18509247488	18507959808	1287680	512	9.104113
51742584832	51740796928	1787904	512	8.892491
63470202880	63468688896	1513984	512	9.529399
4492823040	4491305984	1517056	512	5.691459
31502898176	31500803072	2095104	512	5.999613
48632456192	48631368704	1087488	512	11.361572
26293014528	26291011072	2003456	512	11.135217
38486380032	38484680704	1699328	512	5.091811
53046195200	53044935680	1259520	512	3.421530
59136456704	59134394368	2062336	512	3.945808
71616901120	71614920192	1980928	512	7.943343
48456176640	48454897152	1279488	512	4.373695
57615439360	57614266368	1172992	512	4.320000
68021890560	68020422656	1467904	512	7.896501
57138607104	57137128448	1478656	512	4.573932
55368497664	55367028224	1469440	512	5.617949
49261722112	49260377600	1344512	512	2.510111
56644920832	56643486208	1434624	512	7.731542
27129223168	27127645184	1577984	512	10.226846
50932212736	50930959360	1253376	512	4.072877
70631841280	70630559232	1282048	512	2.972197
56560672768	56558809600	1863168	512	2.484792
40968928768	40967665152	1263616	512	6.151894
60550589952	60549139456	1450496	512	4.043846
75408811520	75407137792	1673728	512	4.641044
28066896896	28065027072	1869824	512	3.237396
25487140352	25485786624	1353728	512	6.381989
4883429888	4882122240	1307648	512	10.141678
62493658624	62492023808	1634816	512	6.448739
25332398080	25330910720	1487360	512	12.425094
61471510016	61470414336	1095680	512	4.726440
54262113792	54260470784	1643008	512	11.696438
70867900416	70865915392	1985024	512	7.758962
61986330112	61984665088	1665024	512	5.494700
59065497600	59064058368	1439232	512	4.321302
79702480384	79700907520	1572864	512	8.212197
46991786496	46989816320	1970176	512	4.243446
8818161152	8816904192	1256960	512	12.236984
67029779456	67028672512	1106944	512	12.633734
1847117312	1845200896	1916416	512	6.785288
69389200896	69387708928	1491968	512	7.976129
31020037632	31018694144	1343488	512	5.917680
8745849344	8744407552	1441792	512	6.196015
5520373760	5518585856	1787904	512	8.166567
226384896	224753152	1631744	512	3.636424
21584525312	21582435328	2089984	512	9.089540
38173679616	38172513792	1165824	512	11.208297
48763439616	48762218496	1221120	512	5.881745
56931453952	56930341888	1112064	512	6.126507
67277822976	67276523520	1299456	512	4.298200
45809521152	45808029696	1491456	512	7.862417
67686670336	67685504512	1165824	512	8.809860
25624231424	25622955520	1275904	512	8.233179
73395241472	73393221120	2020352	512	11.392058
30167867904	30166465024	1402880	512	4.485701
11356730880	11355076096	1654784	512	12.489908
52874301440	52872407552	1893888	512	4.029375
60382775808	60381505536	1270272	512	11.401950
43438364160	43436644352	1719808	512	2.591468
29801623040	29799819264	1803776	512	3.861986
28348351488	28347187712	1163776	512	10.931755
30862496256	30860399616	2096640	512	5.949729
38620695552	38618876416	1819136	512	12.069291
43737482752	43736231424	1251328	512	5.747966
17111472640	17109732352	1740288	512	7.873119
12281084928	12279698432	1386496	512	7.477001
47775564288	47774354944	1209344	512	12.827433
17772397056	17771054592	1342464	512	7.852313
43164480000	43162397696	2082304	512	2.250449
46609901568	46608631296	1270272	512	4.651032
13860944384	13859709952	1234432	512	12.691914
61304610304	61302632960	1977344	512	4.993851
33791937024	33790106624	1830400	512	2.515469
79306183680	79304534528	1649152	512	3.043288
19890385408	19888590336	1795072	512	6.577217
66158500864	66157277696	1223168	512	10.362255
18947195904	18946047488	1148416	512	3.033263
52218774016	52217135616	1638400	512	13.098016
16365891072	16364014592	1876480	512	4.741620
41131096576	41129230848	1865728	512	9.034913
50931081216	50929178112	1903104	512	4.523598
58866659840	58864602624	2057216	512	4.127757
42633538048	42632158208	1379840	512	11.564249
64714832896	64713779200	1053696	512	4.811947
10583301120	10582056448	1244672	512	10.685027
38842786816	38840765440	2021376	512	5.037191
39384483840	39382965760	1518080	512	8.825890
2472812032	2470846464	1965568	512	5.690267
68465531904	68464360448	1171456	512	10.437898
61415782400	61414088192	1694208	512	4.520091
35048794112	35047519232	1274880	512	7.132384
68277674496	68276578816	1095680	512	12.967349
57077332992	57075747328	1585664	512	12.626017
30430325760	30428692992	1632768	512	8.067019
60805294080	60803955712	1338368	512	7.437732
66578286080	66576270848	2015232	512	12.437564
24301690368	24300219904	1470464	512	12.800602
6489948672	6488734208	1214464	512	2.491411
17465739776	17464653824	1085952	512	4.516311
45273968128	45272619008	1349120	512	11.714761
69145239552	69143200256	2039296	512	7.668425
32174692864	32173302784	1390080	512	4.834044
1841524224	1840187392	1336832	512	11.912516
16163223040	16161995776	1227264	512	12.371318
43095909888	43093896192	2013696	512	4.048735
20860105216	20858044416	2060800	512	11.613936
58108056576	58106980864	1075712	512	6.177305
31016001536	31014319104	1682432	512	6.873761
12129430528	12127741952	1688576	512	11.667029
6989712896	6988550656	1162240	512	12.883670
15651183104	15649668608	1514496	512	3.860561
12201929216	12200229888	1699328	512	11.498332
40206864896	40205243392	1621504	512	6.114431
61506955776	61505082880	1872896	512	10.106951
2977326080	2976081920	1244160	512	11.652923
72037767168	72035670528	2096640	512	11.499853
26752990208	26751800832	1189376	512	10.319765
33386800640	33385720320	1080320	512	11.986341
49657392640	49655783936	1608704	512	3.459221
74572711424	74571638784	1072640	512	9.719110
33904952832	33903610368	1342464	512	5.437370
34375321088	34373358592	1962496	512	10.355693
44598556672	44596965376	1591296	512	6.024765
42801952256	42800278528	1673728	512	3.817774
42297627136	42296562176	1064960	512	6.068103
79451145728	79449870336	1275392	512	12.129949
17530643968	17528631808	2012160	512	12.733963
47282210304	47280635904	1574400	512	5.648021
60343328768	60342021120	1307648	512	5.630242
19127011328	19124944896	2066432	512	11.456242
49224250368	49222264320	1986048	512	3.802748
70864886272	70863686144	1200128	512	5.873249
59733651456	59731679744	1971712	512	14.954439
10604014592	10602660352	1354240	512	8.204414
23324132352	23322586112	1546240	512	12.866145
65916800512	65915430400	1370112	512	3.746261
59454373888	59452987904	1385984	512	6.041741
36543262720	36541994496	1268224	512	6.774516
48750237184	48748725760	1511424	512	9.227500
68022469632	68021400576	1069056	512	12.127654
62802481664	62801325568	1156096	512	2.831632
16262674432	16260964352	1710080	512	10.446006
13478184960	13477057024	1127936	512	4.067746
53462858752	53461612544	1246208	512	12.073101
28035900928	28034454528	1446400	512	4.146128
34362605568	34360810496	1795072	512	3.427896
51757202432	51756118528	1083904	512	10.200602
62867993600	62865927168	2066432	512	12.480587
57058483200	57057242624	1240576	512	2.331135
78270744576	78269450240	1294336	512	2.567036
31517200896	31515395584	1805312	512	10.362717
20362006016	20360802816	1203200	512	11.073139
56474366464	56472615424	1751040	512	7.674831
18037699584	18036410880	1288704	512	10.999022
52848904704	52846889984	2014720	512	9.935357
14306339328	14304243200	2096128	512	8.873410
2450958848	2449259008	1699840	512	11.443381
5831499776	5829688832	1810944	512	7.646919
58420634112	58419020800	1613312	512	8.359241
71991527424	71990156288	1371136	512	8.011153
30908761088	30907640832	1120256	512	2.148073
22092131840	22090286080	1845760	512	7.304380
743603712	741659136	1944576	512	6.175987
30319519232	30318230528	1288704	512	7.233171
48212950528	48210940416	2010112	512	3.111629
32396484096	32394928128	1555968	512	11.782726
64130914816	64129314816	1600000	512	5.562980
42154935808	42153316352	1619456	512	5.332093
66690792448	66689141760	1650688	512	3.876636
59989700096	59988069376	1630720	512	7.855831
69979452928	69977530880	1922048	512	11.693393
8368932864	8367453696	1479168	512	5.805513
51662993920	51661346304	1647616	512	12.862726
47454224896	47453040128	1184768	512	6.903849
23063311872	23061547008	1764864	512	5.759711
68599811072	68597731328	2079744	512	7.566986
15858334208	15857088000	1246208	512	11.886786
9395721728	9394159616	1562112	512	3.463328
22929249792	22928089088	1160704	512	12.802028
42901098496	42899086336	2012160	512	4.117700
56622684672	56621417984	1266688	512	12.663007
45861579264	45860357632	1221632	512	5.908737
9941309440	9939331584	1977856	512	3.332426
62742959616	62741388288	1571328	512	10.290099
44870311424	44868307968	2003456	512	6.146020
63639740928	63638233088	1507840	512	11.555706
52074658304	52073293312	1364992	512	9.644073
12340125184	12338679808	1445376	512	6.146240
56528380416	56527249920	1130496	512	5.588602
45454481920	45453077504	1404416	512	12.110718
28969369600	28968179712	1189888	512	11.525961
77656516608	77655373312	1143296	512	10.834669
28397839872	28395883520	1956352	512	10.442217
64167244800	64165644800	1600000	512	5.534670
59693303296	59691555840	1747456	512	4.313888
30592119296	30591028736	1090560	512	12.143591
45320932864	45319825920	1106944	512	9.026339
21091823616	21090352640	1470976	512	4.870908
18073292288	18071532544	1759744	512	9.286156
6511689216	6509976064	1713152	512	11.675966
5468509696	5466618368	1891328	512	5.865413
44316274176	44314305536	1968640	512	5.313624
30474893312	30473633280	1260032	512	7.942931
36670934016	36668938240	1995776	512	13.367220
58364248064	58363182592	1065472	512	6.481214
7350815744	7348870144	1945600	512	4.650102
6591046144	6589716992	1329152	512	9.182236
42559216640	42557639168	1577472	512	6.401285
43517946880	43515876352	2070528	512	2.547010
41932024832	41930589696	1435136	512	10.140511
2729848320	2727848448	1999872	512	4.321706
50859977728	50858044928	1932800	512	3.703228
62128544256	62127144448	1399808	512	4.498520
23816449536	23815063040	1386496	512	5.583260
22051560448	22050483200	1077248	512	4.709566
71295802880	71294150144	1652736	512	10.209787
72070301696	72069118464	1183232	512	5.505864
28600070144	28598105600	1964544	512	10.232911
25084537856	25082799104	1738752	512	6.389644
32374370816	32372289536	2081280	512	8.196525
40289064960	40287480320	1584640	512	7.047561
64823424000	64821532672	1891328	512	5.321784
52214185472	52212264448	1921024	512	3.296456
71110002688	71108194304	1808384	512	2.904074
66811038208	66809449472	1588736	512	3.799767
70051846656	70050385920	1460736	512	9.011540
71611117568	71609461248	1656320	512	8.260554
49794252288	49793122304	1129984	512	7.465597
73608658432	73607561728	1096704	512	7.089646
30207394304	30205770240	1624064	512	8.279222
48430875648	48428980224	1895424	512	8.087228
30340904448	30338859520	2044928	512	9.071894
58802844160	58801785344	1058816	512	6.801479
61313551360	61312317952	1233408	512	6.948910
21126494208	21124872192	1622016	512	10.682152
14781173760	14779734528	1439232	512	6.274370
48347858944	48346220032	1638912	512	3.923396
63988430336	63986927616	1502720	512	10.530489
9075789824	9073741312	2048512	512	12.796179
57862491136	57861178368	1312768	512	11.326515
56594751488	56592929792	1821696	512	5.607454
41134989824	41133837312	1152512	512	8.986946
47385233408	47383336448	1896960	512	8.070952
48951265280	48949305344	1959936	512	4.486196
54384392192	54383014912	1377280	512	10.148897
15793606656	15792210432	1396224	512	6.484476
46778606080	46777405952	1200128	512	6.487558
64951215616	64949374976	1840640	512	8.842013
59385820160	59384302080	1518080	512	13.098682
23468826112	23467739648	1086464	512	3.543391
57962429952	57961259008	1170944	512	4.404141
50201691648	50200310272	1381376	512	11.620555
6383038464	6381941248	1097216	512	5.113017
78391922176	78390355456	1566720	512	11.483063
24970803712	24969355264	1448448	512	4.097214
75978622976	75977091584	1531392	512	10.074991
8775691776	8774364160	1327616	512	8.771993
37561868288	37560440320	1427968	512	2.729286
65071667200	65070126080	1541120	512	9.414312
60525169152	60524024320	1144832	512	4.086847
6226938880	6225877504	1061376	512	5.938868
59921134592	59919382528	1752064	512	17.082580
52397848576	52395842048	2006528	512	11.992326
25106583040	25105280000	1303040	512	7.579026
57294769664	57293388800	1380864	512	7.450070
34698709504	34697055744	1653760	512	6.949569
44159760896	44157670912	2089984	512	13.191481
38480073728	38478167040	1906688	512	9.109025
9731444736	9730305536	1139200	512	3.828207
4845887488	4843804160	2083328	512	11.776282
41992313856	41990619648	1694208	512	3.296589
14381652992	14379580928	2072064	512	12.279491
53801677312	53800129536	1547776	512	3.351085
44838279168	44836254208	2024960	512	3.771981
52089168384	52087399424	1768960	512	9.401026
53000414208	52998582784	1831424	512	5.833830
64876271616	64874941952	1329664	512	5.044033
4769026560	4767514624	1511936	512	5.782994
78682392576	78680962560	1430016	512	7.987525
1542286848	1540282880	2003968	512	4.911648
2685369856	2683542016	1827840	512	9.970094
1050881024	1049387008	1494016	512	6.657695
11407535616	11406039552	1496064	512	4.962788
1595898368	1594061824	1836544	512	8.522765
28950545920	28948912128	1633792	512	8.043609
14083058176	14081054208	2003968	512	2.717743
57255802880	57254720512	1082368	512	6.969676
73452496896	73451397632	1099264	512	7.058810
59435405312	59434232832	1172480	512	12.527640
12215076864	12213968384	1108480	512	4.510724
17378976256	17377574912	1401344	512	6.470219
32890754560	32888701440	2053120	512	8.865101
23573380096	23572247040	1133056	512	11.660793
52934714880	52932990464	1724416	512	10.676796
15520755200	15519580160	1175040	512	2.453793
75416266240	75414943232	1323008	512	6.927119
36754163712	36752484864	1678848	512	5.610946
48880076800	48878158848	1917952	512	5.651868
46629821440	46628336128	1485312	512	9.892410
30581561344	30580260352	1300992	512	6.902670
79437862400	79436199424	1662976	512	2.327620
9186454016	9184863232	1590784	512	2.757486
3943868928	3942684160	1184768	512	12.930874
34156973056	34155214848	1758208	512	4.363348
16484435456	16483185664	1249792	512	9.995162
62362308096	62360483840	1824256	512	8.747484
6463650304	6462033408	1616896	512	2.788682
11576057856	11574248448	1809408	512	7.116301
44763453440	44762064384	1389056	512	13.130700
55054898176	55053426176	1472000	512	5.550732
37885856768	37884352512	1504256	512	11.898646
24861341184	24860115456	1225728	512	9.455012
61840378368	61838395904	1982464	512	4.860919
55667268096	55665391104	1876992	512	3.124516
22116859904	22114932736	1927168	512	3.554217
12497964544	12496745984	1218560	512	2.008855
52913454592	52912357888	1096704	512	9.819387
18607850496	18606220288	1630208	512	12.237661
10413831168	10411960320	1870848	512	5.772273
47685511168	47683558400	1952768	512	4.676055
19310777344	19308866560	1910784	512	3.944234
79393533440	79391458304	2075136	512	4.515962
61218384384	61217147904	1236480	512	11.449646
14562935296	14560916480	2018816	512	2.391153
68168165888	68167116800	1049088	512	3.474082
60660643840	60658709504	1934336	512	9.713330
65992000000	65990763008	1236992	512	8.050258
69101387776	69099807232	1580544	512	3.065737
38040380416	38038428160	1952256	512	8.029330
20057826816	20056586752	1240064	512	10.208432
10052451328	10050546688	1904640	512	6.847479
32023329792	32021609984	1719808	512	5.894281
63777971712	63776857600	1114112	512	3.661506
80012678144	80011604480	1073664	512	11.775482
18285950976	18283989504	1961472	512	2.755691
38209616896	38208066048	1550848	512	10.710891
34869467648	34867491840	1975808	512	10.053035
22235325440	22233726464	1598976	512	11.143210
48152392704	48150821376	1571328	512	5.709832
37591661568	37590029824	1631744	512	6.794883
67354777088	67353353216	1423872	512	9.354444
40279594496	40277924864	1669632	512	4.913432
56190562816	56188878336	1684480	512	9.651370
53487689728	53486218752	1470976	512	5.602865
23503795200	23502600192	1195008	512	10.167299
33813227520	33812171776	1055744	512	3.264612
46756966400	46755680768	1285632	512	4.136143
45784818176	45783062528	1755648	512	10.022509
120567296	118983168	1584128	512	4.660639
52280630784	52279398912	1231872	512	4.153911
75977830912	75976375296	1455616	512	12.930304
57362302976	57360832000	1470976	512	4.814533
1990661632	1989085696	1575936	512	4.868796
18472924160	18471217152	1707008	512	10.521993
25536574464	25535395840	1178624	512	5.990461
26507742720	26505782784	1959936	512	12.166960
6849206784	6848135680	1071104	512	5.754798
68007258624	68005401088	1857536	512	5.915398
62610593792	62609188352	1405440	512	4.312589
48076085248	48074271744	1813504	512	8.452219
50687229440	50686077440	1152000	512	6.896813
17058309120	17056854016	1455104	512	5.249790
7525031424	7523781120	1250304	512	12.794030
35136381440	35135185408	1196032	512	9.106569
53525783552	53524194304	1589248	512	11.439117
21460991488	21459279872	1711616	512	10.437069
42273866752	42272333312	1533440	512	7.579012
4666256384	4665199104	1057280	512	4.623552
76462509056	76460749824	1759232	512	9.332405
26507319808	26505839104	1480704	512	0.379022
31304584192	31303214592	1369600	512	5.250409
25830947328	25829255168	1692160	512	4.627423
26932033024	26930599424	1433600	512	4.455449
10673838080	10672126464	1711616	512	9.374976
68287337984	68285628416	1709568	512	10.828822
11418257408	11416565760	1691648	512	9.789355
19632324608	19630762496	1562112	512	12.020567
69696165888	69694645248	1520640	512	6.981040
34690605568	34688937472	1668096	512	8.446926
21806700544	21805612032	1088512	512	4.455101
53680139264	53679009792	1129472	512	8.046562
72155789312	72154062848	1726464	512	4.506881
20239355392	20238209024	1146368	512	12.372787
37021198336	37019971584	1226752	512	7.868638
65705884160	65704537088	1347072	512	4.501957
76870556160	76868980224	1575936	512	6.345887
50825715200	50823701504	2013696	512	10.725651
29253893120	29252016640	1876480	512	2.123873
67713714688	67712645632	1069056	512	2.806590
48068279808	48066261504	2018304	512	2.931467
56102661632	56101112832	1548800	512	2.545435
34600316928	34598295040	2021888	512	7.036476
23757969920	23756593664	1376256	512	5.803826
53603058176	53601150464	1907712	512	2.212373
49271275008	49269654528	1620480	512	4.395326
16301516288	16299820032	1696256	512	10.795798
25839954944	25838833152	1121792	512	2.628147
5960861696	5959585280	1276416	512	12.330211
77803172352	77802091008	1081344	512	2.358947
71718083584	71716234240	1849344	512	11.161306
11974287360	11972768768	1518592	512	4.458036
4585721856	4584515584	1206272	512	12.434636
76842337792	76841062912	1274880	512	3.519976
52434630144	52433033728	1596416	512	3.216648
39730877440	39729458176	1419264	512	2.118683
35814316544	35812587520	1729024	512	5.059559
55403453440	55401612800	1840640	512	4.142564
20470583296	20468695552	1887744	512	4.461353
68807756800	68805982720	1774080	512	8.683974
38171895296	38170065408	1829888	512	12.919009
29116732416	29114706944	2025472	512	7.700707
31767710720	31766133760	1576960	512	9.453310
37237695488	37235997184	1698304	512	5.118300
9711694336	9710284288	1410048	512	6.938114
56869809152	56868078592	1730560	512	8.271472
51203246080	51201239552	2006528	512	12.742403
17899527680	17898433536	1094144	512	2.456524
3957563392	3956143104	1420288	512	7.801108
24645576192	24643538944	2037248	512	8.485266
21875771392	21874002944	1768448	512	7.292157
73329588224	73328414720	1173504	512	4.204133
21585727488	21583703552	2023936	512	12.465975
3253248512	3251449344	1799168	512	8.746265
74067798016	74066640384	1157632	512	4.822958
54838080512	54836504576	1575936	512	2.538290
31405932544	31404645376	1287168	512	7.290697
37015764992	37013667840	2097152	512	6.140783
39241525760	39240402432	1123328	512	11.642143
78647751680	78645941760	1809920	512	10.326453
9512514048	9510648320	1865728	512	7.722444
63238528512	63236744704	1783808	512	12.123500
54026898432	54025330176	1568256	512	12.022580
76184482304	76183228928	1253376	512	8.685504
25229108736	25227939328	1169408	512	12.662702
42666573824	42665418240	1155584	512	10.144514
13350924800	13349448704	1476096	512	5.447049
13357241344	13355860992	1380352	512	7.614671
78081735680	78079882240	1853440	512	15.059161
72733548544	72731469824	2078720	512	2.906682
37879724032	37877664768	2059264	512	7.083499
41677551104	41675458560	2092544	512	3.251569
29078950912	29077884416	1066496	512	3.454229
14710555648	14709114368	1441280	512	6.246238
46439833600	46438710784	1122816	512	8.560481
1069218304	1068023808	1194496	512	3.831462
50693983232	50692127232	1856000	512	5.873530
71757629952	71756257280	1372672	512	9.810767
72981186560	72979604480	1582080	512	11.545937
39571668992	39569803776	1865216	512	9.076878
44400846336	44399606272	1240064	512	6.049894
40387252224	40385346560	1905664	512	5.298215
37650215936	37648449024	1766912	512	3.390294
78914553856	78913432064	1121792	512	7.803188
56049820160	56048733184	1086976	512	7.438481
38840055808	38838162432	1893376	512	8.351403
63013527552	63012210688	1316864	512	6.497493
41239990272	41238108672	1881600	512	8.663544
30732754432	30731194368	1560064	512	11.702419
72221343744	72219974656	1369088	512	9.903271
14853344768	14851901440	1443328	512	6.141276
2205645312	2204351488	1293824	512	10.962966
5953215488	5951703040	1512448	512	5.079869
31557463040	31556049408	1413632	512	4.209673
22321142784	22319880192	1262592	512	11.546804
66333959680	66331948032	2011648	512	12.596858
15137373184	15135478784	1894400	512	5.211446
30977972224	30975912448	2059776	512	6.835430
17908674048	17907211776	1462272	512	5.078141
30004965888	30003649536	1316352	512	6.576241
13680958976	13679006208	1952768	512	3.909954
47481128448	47480015872	1112576	512	10.703767
70817579008	70816290304	1288704	512	2.719273
7970218496	7969012224	1206272	512	11.934804
34817925632	34816599040	1326592	512	5.633844
12081534464	12079784448	1750016	512	8.477406
51571225600	51569664000	1561600	512	4.166956
75821216256	75819501568	1714688	512	12.392369
34377876992	34376386560	1490432	512	12.871341
49733961216	49731922944	2038272	512	12.026166
62480689152	62479293440	1395712	512	4.624556
33884488704	33882795008	1693696	512	5.963452
64075983872	64074817536	1166336	512	10.334453
29765982208	29764232704	1749504	512	5.220970
22120873984	22119132672	1741312	512	9.714273
62303999488	62302822400	1177088	512	11.308633
71817679872	71816374784	1305088	512	12.247693
66306288640	66304194048	2094592	512	9.934534
41538680832	41537098240	1582592	512	13.674167
34073226240	34072111616	1114624	512	12.971558
42098424832	42096485888	1938944	512	7.921806
29818962432	29817165824	1796608	512	4.059672
18934977024	18932976128	2000896	512	11.122348
48088187392	48086386176	1801216	512	10.640863
49268336640	49266284544	2052096	512	13.138018
66442410496	66440343040	2067456	512	6.209065
23833881600	23832031744	1849856	512	3.705322
42051189248	42049360896	1828352	512	9.004991
3153253376	3151444992	1808384	512	3.977891
54997406208	54995514880	1891328	512	2.699339
25161591296	25160167424	1423872	512	2.809612
13930902016	13929542656	1359360	512	5.268242
28817424384	28815396864	2027520	512	9.498836
73998486528	73997185536	1300992	512	8.699531
55971571712	55970160640	1411072	512	7.399081
3457035264	3455559680	1475584	512	6.577469
27276013568	27274189312	1824256	512	4.167841
36640925184	36639809024	1116160	512	12.479163
46080493568	46078517760	1975808	512	4.081434
56998930432	56997638144	1292288	512	10.082925
1067597824	1065580032	2017792	512	4.537739
64788235264	64786604032	1631232	512	4.520274
63981996544	63980025856	1970688	512	11.018976
7451182592	7449815552	1367040	512	8.403170
12502618624	12500764160	1854464	512	6.133730
25050399232	25048699904	1699328	512	9.263748
27503979520	27502288896	1690624	512	9.403435
28101191168	28100114432	1076736	512	13.060301
36590765568	36589529088	1236480	512	7.538102
55431496192	55430404608	1091584	512	7.307908
76169940992	76168117248	1823744	512	6.850671
39534921216	39533549568	1371648	512	3.335280
20956707328	20955593728	1113600	512	3.872590
18154046464	18152895488	1150976	512	2.996839
7666505216	7665150464	1354752	512	8.618669
12906194944	12904958976	1235968	512	10.873974
25941922304	25940272640	1649664	512	10.391093
2879251968	2877473280	1778688	512	9.224200
66008915456	66007289344	1626112	512	6.542717
49898769408	49897280000	1489408	512	8.622605
32647309824	32645743104	1566720	512	11.547882
23710345728	23708516352	1829376	512	4.214720
61705528832	61704167936	1360896	512	5.688812
47401333248	47399955456	1377792	512	12.790910
23164961280	23162883584	2077696	512	4.622331
51849531392	51848197120	1334272	512	10.587799
41018421248	41016780800	1640448	512	5.644206
37747898368	37746178048	1720320	512	4.578738
28176121344	28175003648	1117696	512	12.014474
38541809664	38540171776	1637888	512	5.714443
14981348352	14980031488	1316864	512	9.040446
43608735744	43606972416	1763328	512	12.580826
38099456	36496384	1603072	512	2.449298
41626411008	41625211392	1199616	512	7.834118
63279737344	63278002688	1734656	512	4.409799
24931854848	24930707968	1146880	512	2.050505
14862833664	14861101568	1732096	512	8.878984
64808250368	64806756352	1494016	512	10.876598
43902703616	43901088256	1615360	512	5.342619
22129710080	22128627712	1082368	512	2.695332
14362253312	14360847872	1405440	512	7.024163
8614328320	8613085184	1243136	512	12.628408
65706395648	65704355328	2040320	512	2.354437
43413144064	43411540480	1603584	512	5.684315
23584487424	23583044096	1443328	512	4.248980
64498762752	64497233920	1528832	512	9.699964
31178127872	31176264704	1863168	512	2.379035
49094201344	49092375552	1825792	512	5.249479
9612852224	9611760640	1091584	512	4.890828
62361719808	62360385024	1334784	512	14.776950
4137176576	4135798272	1378304	512	8.727767
33568047104	33566790656	1256448	512	7.582995
76652118016	76650685952	1432064	512	12.789487
465036288	463425024	1611264	512	4.074159
66854265344	66852991488	1273856	512	5.165485
4129337344	4127966208	1371136	512	10.690040
73032328704	73031273984	1054720	512	12.005834
20959778304	20958304256	1474048	512	4.898790
32621787136	32619942400	1844736	512	2.831069
75354022912	75351951872	2071040	512	8.022581
30441565184	30440130048	1435136	512	3.602739
3958344192	3956340224	2003968	512	4.270696
48183791616	48181847552	1944064	512	6.727673
51119585280	51118292992	1292288	512	2.958228
26441896960	26440602112	1294848	512	7.788600
13156228608	13154306048	1922560	512	4.581606
56009730560	56008387584	1342976	512	11.160396
12831714304	12829764096	1950208	512	3.954952
56036081152	56034627584	1453568	512	6.045534
41946018816	41944623616	1395200	512	1.942180
32533120000	32531604480	1515520	512	12.810132
39356990464	39355926528	1063936	512	11.334980
18134067712	18132648960	1418752	512	6.020650
57420188672	57418818048	1370624	512	14.251447
37479219200	37478166528	1052672	512	12.190726
61313653760	61311711232	1942528	512	14.456629
75461425152	75459676672	1748480	512	11.090891
21953488384	21951605760	1882624	512	4.596657
58716478976	58715049472	1429504	512	4.705883
35066009088	35064798208	1210880	512	8.750546
19464775168	19462955520	1819648	512	6.095675
11729461248	11727415296	2045952	512	12.874882
77247036928	77245014016	2022912	512	12.501798
71045976576	71044846080	1130496	512	8.227014
18985063936	18983791616	1272320	512	9.454853
52330142720	52328642560	1500160	512	5.872030
23250025984	23248733184	1292800	512	9.709588
70934556672	70933216256	1340416	512	12.022527
70088951808	70087764992	1186816	512	7.416084
10014292480	10012703744	1588736	512	12.160652
44453216256	44451191808	2024448	512	3.789753
39394553344	39393204224	1349120	512	2.058412
32431217152	32429489152	1728000	512	5.752220
14740675072	14739247616	1427456	512	6.524195
53388288	52152320	1235968	512	2.956338
49046638080	49044924416	1713664	512	12.996688
40997867008	40996118528	1748480	512	2.845638
42695678976	42694106112	1572864	512	6.498633
48766544384	48765486592	1057792	512	10.338022
18320003072	18318191104	1811968	512	6.248429
61190587392	61189174784	1412608	512	4.086132
30841650688	30840379392	1271296	512	7.686688
138973184	137451008	1522176	512	6.024755
44555424768	44554272768	1152000	512	10.241541
8719449088	8717910016	1539072	512	3.969040
7499244032	7497770496	1473536	512	5.925777
60859848704	60858497024	1351680	512	7.043250
27262482432	27261274112	1208320	512	9.916818
77834155520	77833043968	1111552	512	10.340505
65473390080	65472095744	1294336	512	6.118791
46336803328	46335045632	1757696	512	11.819989
52712865280	52711113728	1751552	512	14.592640
4268052480	4266839552	1212928	512	12.347058
79038918144	79037234688	1683456	512	12.622669
40303070720	40301345280	1725440	512	3.414213
46621894144	46619996672	1897472	512	6.133222
61228813312	61226807808	2005504	512	6.005082
184841728	183477248	1364480	512	9.390126
52760648192	52759361024	1287168	512	11.883469
28168252928	28166836736	1416192	512	4.873867
37241203200	37239908352	1294848	512	6.077507
30487298048	30485487616	1810432	512	3.727222
55006988288	55005726208	1262080	512	2.325894
37188467200	37186816000	1651200	512	6.307540
14973274112	14971277824	1996288	512	2.891370
24281189376	24279444992	1744384	512	8.064507
25443981312	25442166784	1814528	512	4.589684
64350922240	64349728768	1193472	512	11.343276
40078411776	40077020160	1391616	512	2.781124
23693481984	23692414464	1067520	512	3.999989
10918660608	10916732928	1927680	512	4.440211
64381375488	64379857408	1518080	512	8.218348
32639535616	32638450688	1084928	512	2.988966
22996837888	22995714560	1123328	512	2.655699
73433218048	73431844864	1373184	512	5.991505
51061244416	51060160512	1083904	512	8.823954
24738041344	24736538112	1503232	512	2.790949
71567537664	71565855232	1682432	512	9.229338
75463315456	75461820928	1494528	512	9.663013
52956165120	52954667520	1497600	512	5.974247
51894711296	51893212160	1499136	512	5.934532
44298389504	44296791040	1598464	512	5.829603
73078523392	73077248512	1274880	512	2.220772
67349128704	67347909632	1219072	512	8.891564
33754896896	33753005056	1891840	512	12.086203
50497911296	50496614400	1296896	512	2.843425
4794228224	4792824832	1403392	512	8.128159
63823190016	63821599232	1590784	512	7.108917
25494266368	25492338688	1927680	512	12.955045
9936662528	9935327744	1334784	512	8.648450
51804395008	51803269120	1125888	512	13.672180
34436926976	34435460096	1466880	512	11.603324
64013380608	64012002816	1377792	512	3.457244
775202304	773194752	2007552	512	4.813675
61715755008	61714362368	1392640	512	4.714225
23879574528	23877646336	1928192	512	12.952497
243660288	242337280	1323008	512	10.378402
52693507072	52692387840	1119232	512	9.162003
45186714624	45185526272	1188352	512	6.875677
1029700608	1027872256	1828352	512	8.691160
48402498560	48400571392	1927168	512	5.371229
61955634688	61953917952	1716736	512	3.854464
42573933056	42572470272	1462784	512	9.399723
72630400512	72629201408	1199104	512	4.927551
6571635200	6569591808	2043392	512	2.451585
33046401024	33044401664	1999360	512	10.162265
48050939904	48049608704	1331200	512	12.134139
50954097152	50952843264	1253888	512	2.256833
57418162176	57416588288	1573888	512	10.970108
29718596608	29716860416	1736192	512	13.732953
65910753280	65909009408	1743872	512	12.001044
5192396288	5190633472	1762816	512	11.374903
27637821952	27636091392	1730560	512	6.584728
54884837888	54882828288	2009600	512	8.555822
13277915648	13276230656	1684992	512	11.813241
6953749504	6952039424	1710080	512	11.789329
4127507456	4126009856	1497600	512	12.634214
43242539008	43240604672	1934336	512	8.007171
28248854016	28247797248	1056768	512	4.237837
72553008128	72551617024	1391104	512	7.326290
7824504832	7822810624	1694208	512	10.275893
53374625792	53373344768	1281024	512	12.921042
58046902784	58045831680	1071104	512	7.343793
73529454080	73527960576	1493504	512	12.599980
6112882176	6111446016	1436160	512	6.773103
40678066688	40676935680	1131008	512	9.601172
3916773888	3915144192	1629696	512	3.199118
73127882752	73126750208	1132544	512	7.232737
75003782144	75002108928	1673216	512	4.034813
8360103424	8358585856	1517568	512	5.075555
63788515328	63786929152	1586176	512	7.242322
40931505152	40930246656	1258496	512	6.286039
37779389952	37777869312	1520640	512	9.662112
53411754496	53410330112	1424384	512	6.916045
71969925632	71968690688	1234944	512	3.666521
50678389248	50676353536	2035712	512	11.855172
71604025344	71602096640	1928704	512	9.790082
3314661888	3312729088	1932800	512	5.834133
34713015296	34711620096	1395200	512	4.126052
29015105536	29013837312	1268224	512	7.774236
51925037568	51923286528	1751040	512	9.748909
79278989312	79277092864	1896448	512	12.428083
23140663808	23138695168	1968640	512	11.973395
21182294528	21180291072	2003456	512	12.964980
21266190336	21265039360	1150976	512	12.273241
56764041728	56762694144	1347584	512	10.292224
73240645120	73239491584	1153536	512	6.589628
13597275136	13596015616	1259520	512	10.334472
53942775296	53940779008	1996288	512	10.814342
65080522240	65079024128	1498112	512	10.704318
40576368128	40574633984	1734144	512	3.225999
62431051776	62429884928	1166848	512	2.479504
42004786688	42003219456	1567232	512	6.609690
2598887936	2597816320	1071616	512	6.151223
11692887552	11690847232	2040320	512	12.990352
73529723904	73528228352	1495552	512	12.523705
43649191936	43647721984	1469952	512	9.173725
70713470976	70712192000	1278976	512	12.321060
11064123904	11062412288	1711616	512	11.191187
42015202304	42013841408	1360896	512	2.831248
6909424128	6907425280	1998848	512	3.466113
78059879936	78057988096	1891840	512	6.901084
53418062848	53416889856	1172992	512	4.949748
19045075968	19043362816	1713152	512	8.491871
38258071552	38256064512	2007040	512	6.569718
14749749248	14747724288	2024960	512	2.235735
13964257792	13962357760	1900032	512	5.121948
48636959744	48635160576	1799168	512	10.700315
25192775168	25191116288	1658880	512	8.339505
42028679680	42026968576	1711104	512	2.837071
75776238080	75774934528	1303552	512	7.657268
7396241408	7394983936	1257472	512	12.612703
61007053824	61005281280	1772544	512	13.247207
22642177536	22640145920	2031616	512	12.277750
55832205824	55831085568	1120256	512	6.441208
52271080448	52269778944	1301504	512	2.236027
5230669312	5229336064	1333248	512	9.663786
47654349824	47652509696	1840128	512	9.570381
64869995520	64868481024	1514496	512	10.188626
75412314624	75410481664	1832960	512	4.919484
2736560128	2734876160	1683968	512	13.157309
45789700608	45788531712	1168896	512	9.199847
9227283968	9225814016	1469952	512	13.777576
33231606272	33229640192	1966080	512	8.425765
17409639424	17408354304	1285120	512	10.994681
17170414080	17168397312	2016768	512	12.671242
40518994944	40516926976	2067968	512	5.624555
21623147520	21621675008	1472512	512	4.841236
4393415168	4391936000	1479168	512	6.506490
53784359936	53782957568	1402368	512	7.551737
74644105728	74642075136	2030592	512	11.035437
71665182208	71663486976	1695232	512	5.596108
42028843520	42027461120	1382400	512	2.324086
37645062144	37643869184	1192960	512	8.674270
32537774592	32536252928	1521664	512	12.663543
20711539200	20710313472	1225728	512	10.534091
8901644800	8899962368	1682432	512	9.960352
38191795200	38189981184	1814016	512	2.170386
17097394688	17095771648	1623040	512	12.447043
11203182592	11201645056	1537536	512	4.016785
986784768	985289728	1495040	512	6.553046
77178809344	77177213440	1595904	512	10.108197
45507718656	45506531328	1187328	512	6.815685
20038787072	20037564416	1222656	512	10.620340
53306259456	53304358912	1900544	512	2.381174
14110813184	14109719040	1094144	512	4.818253
53882991104	53881564160	1426944	512	6.830006
62955397120	62953904128	1492992	512	12.014270
61588769792	61587016704	1753088	512	4.573317
49972399104	49971139072	1260032	512	13.063576
43694741504	43692759552	1981952	512	6.832622
55967932928	55966731264	1201664	512	4.131478
41577120256	41576035328	1084928	512	10.800101
55598387200	55596654592	1732608	512	7.261983
72297463296	72296282624	1180672	512	5.610253
9531147776	9529455104	1692672	512	9.649612
1940896256	1939787264	1108992	512	5.677980
48400970752	48399081472	1889280	512	6.422168
7260170240	7258230784	1939456	512	4.759797
12613134848	12611578368	1556480	512	11.820005
54685627392	54684032512	1594880	512	13.076228
8793315840	8791815168	1500672	512	4.912453
61447713280	61446436864	1276416	512	8.355195
42726568448	42724694016	1874432	512	6.732490
58079891456	58078232576	1658880	512	10.404966
960406016	958757376	1648640	512	3.386573
34178203136	34176226304	1976832	512	9.969865
7706425856	7704664064	1761792	512	10.630887
48097807360	48096605184	1202176	512	6.452100
77514295808	77512978944	1316864	512	12.730564
37064641024	37063450624	1190400	512	8.719541
2620957696	2619705856	1251840	512	11.383035
50543127040	50541820416	1306624	512	2.588788
9511072768	9509617152	1455616	512	5.902988
56174303744	56173126144	1177600	512	4.183288
26463890944	26462596608	1294336	512	7.778315
15902501376	15900627968	1873408	512	4.815091
57258115072	57256934400	1180672	512	4.071493
6716590592	6715143168	1447424	512	6.532936
2493987328	2492196352	1790976	512	11.334404
75770137088	75768119808	2017280	512	10.042799
64601296384	64599592448	1703936	512	2.156081
73824967680	73823460352	1507328	512	12.067736
74649422336	74647696384	1725952	512	13.175381
4227976192	4226203648	1772544	512	9.359077
24089541632	24088187904	1353728	512	6.369391
58700746240	58698830848	1915392	512	10.300340
2297763840	2296369152	1394688	512	8.787917
29221515264	29219427328	2087936	512	8.014528
29537709568	29535972352	1737216	512	5.550652
1475544064	1473626624	1917440	512	6.747798
73784101376	73782617088	1484288	512	8.369887
48055072256	48053254656	1817600	512	8.346069
27305828352	27304253440	1574912	512	12.167963
76210518528	76209103360	1415168	512	2.360819
45918436352	45917324800	1111552	512	8.881689
25964764672	25962722816	2041856	512	8.363760
47080124928	47078044672	2080256	512	12.374122
77874229760	77872870400	1359360	512	10.978892
8259170304	8257945088	1225216	512	2.227149
17603094016	17601347584	1746432	512	9.619054
11351058432	11349083648	1974784	512	3.369304
21283703296	21281659392	2043904	512	11.965509
34236605952	34234616320	1989632	512	9.705708
54014332928	54013239296	1093632	512	7.260692
13496917504	13495495168	1422336	512	6.635685
29595919872	29594776576	1143296	512	10.861520
10206313984	10205104128	1209856	512	13.297249
77092518912	77090435584	2083328	512	8.075438
12057007616	12055634432	1373184	512	7.801636
15815172608	15813467648	1704960	512	10.569062
72858957312	72856893440	2063872	512	12.680033
42581075968	42579736064	1339904	512	3.370943
67382235136	67380243456	1991680	512	7.681139
7707254784	7705329152	1925632	512	5.092374
8123215872	8121907712	1308160	512	9.648169
8145418240	8144162816	1255424	512	12.581211
64958114304	64956114944	1999360	512	12.980237
66310626816	66309049856	1576960	512	12.845203
72921050112	72919978496	1071616	512	9.529910
48483805184	48482073600	1731584	512	12.501105
65448732160	65447041024	1691136	512	2.746547
64276078592	64274207744	1870848	512	6.049011
75977558528	75976039424	1519104	512	8.686238
27632654336	27630901248	1753088	512	7.862669
77133571072	77131815424	1755648	512	3.439683
33955521024	33953860608	1660416	512	6.764330
5699168256	5697796096	1372160	512	8.216574
23068093440	23066872320	1221120	512	11.417550
26745414656	26743975936	1438720	512	4.352578
78367122944	78365226496	1896448	512	6.724580
72294893568	72293180928	1712640	512	6.814008
62814617600	62813269504	1348096	512	7.968367
47814927360	47813237248	1690112	512	2.523180
216558080	214733312	1824768	512	10.571870
66163001856	66161216000	1785856	512	8.771195
18591266304	18589361664	1904640	512	4.097944
7865542144	7864177664	1364480	512	10.110660
77314421248	77312418816	2002432	512	11.627021
43178863616	43177631232	1232384	512	6.146636
21322345984	21320339456	2006528	512	10.998406
27881056768	27879384064	1672704	512	9.834270
51116554752	51114616832	1937920	512	3.572502
45493629440	45492365312	1264128	512	4.682294
32376333824	32374516736	1817088	512	3.535827
28952203264	28950865408	1337856	512	6.068318
17866793984	17865392128	1401856	512	6.447144
532420608	530506752	1913856	512	6.862736
78907310592	78905417216	1893376	512	3.340716
39223556096	39221853184	1702912	512	4.018729
63477911552	63476697600	1213952	512	9.715934
63714885632	63712981504	1904128	512	8.351898
77061938688	77060325888	1612800	512	9.506058
20228112384	20226622464	1489920	512	4.428675
17432361984	17430562304	1799680	512	6.507313
38366636032	38365106688	1529344	512	11.267813
10344479232	10342553088	1926144	512	6.368928
78456080896	78454169600	1911296	512	4.247040
43561978368	43560228352	1750016	512	12.887603
36317729280	36316120576	1608704	512	8.069610
1353292288	1351606272	1686016	512	2.492424
25261020160	25259199488	1820672	512	4.400943
40900598272	40899237888	1360384	512	3.662655
35101032448	35099643904	1388544	512	4.284610
67802298880	67800456192	1842688	512	4.491488
72100717056	72099466752	1250304	512	3.074723
7637027840	7635709440	1318400	512	9.422610
68166798336	68165240832	1557504	512	4.869958
19897605120	19895831552	1773568	512	7.117556
42034720768	42033439232	1281536	512	4.929998
2044050944	2042000896	2050048	512	3.770595
43157453824	43156223488	1230336	512	6.412520
41804439552	41803320832	1118720	512	9.923177
70384001024	70382184448	1816576	512	2.608872
1255592448	1254494720	1097728	512	4.076016
47071357952	47069869568	1488384	512	7.927924
468984832	466977280	2007552	512	4.815671
68795445760	68793738240	1707520	512	9.045840
74674456576	74672685056	1771520	512	11.444907
52870856192	52869540352	1315840	512	12.904559
23147269120	23145810944	1458176	512	3.861658
26242253824	26241003520	1250304	512	10.718682
23049453568	23047447552	2006016	512	6.460811
60078895616	60077232128	1663488	512	6.869354
13926462464	13925124096	1338368	512	8.528176
6514546688	6513151488	1395200	512	7.729921
30141593600	30139758592	1835008	512	3.135958
51911026688	51909512192	1514496	512	5.421641
36258552832	36256609280	1943552	512	10.916661
24627768832	24625725952	2042880	512	10.213011
1632047616	1629969920	2077696	512	3.303709
39770332672	39768380928	1951744	512	8.657619
28945901568	28944037376	1864192	512	2.395779
8832919040	8831789056	1129984	512	2.166048
64350014976	64348297728	1717248	512	12.870971
10035099136	10033141248	1957888	512	3.768014
19973288960	19971762688	1526272	512	12.839566
28706774528	28704808960	1965568	512	12.062810
17788374016	17787324416	1049600	512	5.340105
67352170496	67350866432	1304064	512	4.179985
46477476352	46475857920	1618432	512	4.421005
18816031232	18814856704	1174528	512	11.712812
6824765952	6822692864	2073088	512	12.926263
47037843968	47036640768	1203200	512	5.368493
78121193984	78119939072	1254912	512	4.250062
6656054784	6654119424	1935360	512	6.756822
66365952	64953344	1412608	512	10.242321
21813250048	21811431424	1818624	512	6.101562
8389403648	8388016640	1387008	512	7.895630
25209065984	25207930368	1135616	512	2.346500
38339103744	38337905152	1198592	512	10.399868
44792735232	44790862336	1872896	512	7.823465
25269122560	25267075584	2046976	512	8.239043
50668884480	50666931200	1953280	512	3.107754
31295148032	31293554176	1593856	512	9.006678
11198735872	11197338112	1397760	512	7.176457
40531945984	40530643968	1302016	512	5.167516
63284515328	63283239936	1275392	512	7.770337
13542142976	13540558848	1584128	512	2.925387
54536594944	54535119360	1475584	512	5.401670
67830358016	67828290560	2067456	512	8.001505
12179821568	12178720256	1101312	512	4.668010
47505504768	47504435200	1069568	512	9.993302
76441168384	76440078336	1090048	512	5.744032
78844655104	78843423744	1231360	512	5.279043
67062732800	67061270016	1462784	512	9.913172
58835730944	58834467840	1263104	512	11.589652
32430255616	32428932608	1323008	512	6.428103
35040718336	35038746624	1971712	512	8.325938
31163628544	31162152448	1476096	512	2.688009
74341215232	74339410432	1804800	512	10.222658
73660150784	73658075648	2075136	512	9.328944
5160880128	5159441920	1438208	512	9.253784
75874492928	75872401408	2091520	512	7.227513
69284992512	69283052032	1940480	512	11.040758
12362766848	12361483776	1283072	512	5.249844
30859092992	30857857536	1235456	512	10.425828
73870035456	73868005376	2030080	512	10.998716
1159397888	1157826048	1571840	512	4.951870
6234661376	6232667648	1993728	512	3.600067
16000344576	15998685184	1659392	512	11.639453
39632319488	39630862848	1456640	512	12.249497
79184891904	79183242240	1649664	512	4.833492
7436545024	7435188736	1356288	512	10.403558
73419137024	73417443328	1693696	512	3.248213
64335568384	64333985280	1583104	512	7.976168
41212125184	41210705408	1419776	512	11.328019
46369568768	46368460800	1107968	512	8.976497
71469842432	71467815424	2027008	512	4.479588
69215119872	69213988352	1131520	512	11.123343
27936706560	27935005184	1701376	512	9.120440
56054785536	56053242368	1543168	512	3.500464
71881679360	71879643648	2035712	512	12.563707
57774798848	57773615616	1183232	512	4.037435
26945847808	26944500224	1347584	512	8.349813
78813344768	78811960832	1383936	512	8.065201
9051358208	9049735680	1622528	512	2.101850
63571421184	63569387520	2033664	512	2.373574
13305869824	13304167936	1701888	512	11.419153
67112215552	67110372864	1842688	512	4.499499
39946405888	39944799744	1606144	512	8.373854
18976774656	18975681024	1093632	512	2.467196
35452357632	35450870784	1486848	512	11.100495
26325931520	26324158464	1773056	512	5.564539
58608774656	58607541248	1233408	512	12.499372
22643362816	22641427968	1934848	512	3.410266
15353987584	15352073216	1914368	512	3.873196
45873244672	45872037376	1207296	512	6.309880
45848114688	45846792192	1322496	512	3.189282
59680243712	59679192064	1051648	512	8.769421
11005909504	11004202496	1707008	512	11.300740
49594842624	49593615872	1226752	512	4.828004
79717785600	79715747328	2038272	512	6.164803
26262828032	26260944384	1883648	512	2.890188
69023798272	69022639616	1158656	512	10.146258
64240555008	64238690816	1864192	512	8.124763
58204047872	58202993664	1054208	512	6.851510
64103828480	64102640640	1187840	512	9.622822
59231883264	59230793728	1089536	512	5.774162
69520804864	69518962688	1842176	512	3.329343
41685628416	41683687424	1940992	512	7.145002
45497803776	45495792128	2011648	512	3.123126
55164668928	55163137024	1531904	512	3.830155
30119732224	30118277632	1454592	512	3.180369
60457968640	60456906240	1062400	512	6.574559
24711110144	24709737984	1372160	512	5.970540
8271653376	8270052352	1601024	512	3.101700
50852954112	50851300864	1653248	512	2.209201
49903047168	49901189120	1858048	512	5.782846
58013137408	58011737088	1400320	512	8.738425
11576207872	11575139840	1068032	512	5.407550
71485914112	71484493312	1420800	512	7.333262
23476494848	23475278336	1216512	512	9.671014
67427259904	67425524736	1735168	512	8.117252
57048787968	57047643648	1144320	512	5.066617
43092228608	43090782720	1445888	512	11.850237
28462355968	28460303360	2052608	512	9.891211
37123986432	37122232320	1754112	512	3.682800
12486528512	12484795904	1732608	512	10.674759
41913038848	41911801344	1237504	512	6.099018
61612574720	61611189248	1385472	512	4.956373
47195026432	47193798656	1227776	512	5.727391
28930896384	28928948224	1948160	512	11.434757
52199234048	52197750784	1483264	512	6.339090
17796464128	17795250688	1213440	512	10.805709
62618719744	62617481728	1238016	512	9.553296
70081943552	70080251904	1691648	512	10.405291
29025008640	29023578624	1430016	512	3.853067
40145966080	40144134656	1831424	512	11.795550
31275489280	31273541120	1948160	512	11.398806
60468568064	60466784768	1783296	512	3.172144
26535624192	26533990400	1633792	512	10.765928
13514484736	13512654336	1830400	512	6.716768
3322961408	3321012224	1949184	512	5.438448
1044383744	1042914816	1468928	512	7.177329
75309663232	75308190208	1473024	512	12.305004
7135864320	7134620672	1243648	512	11.060849
53586953216	53585416704	1536512	512	3.614507
62216499712	62214669824	1829888	512	11.440354
25868323328	25866294784	2028544	512	10.560236
60288933888	60287650816	1283072	512	10.978432
49002064384	49000273920	1790464	512	10.872971
5907496448	5906038784	1457664	512	6.304981
7376736768	7374844928	1891840	512	5.857614
32133250560	32131531264	1719296	512	5.896066
35675501568	35674067456	1434112	512	3.159751
49036897280	49034939904	1957376	512	4.579655
69049187328	69047830528	1356800	512	12.549710
57382484992	57380555264	1929728	512	11.658359
26974985728	26973305856	1679872	512	9.625063
75809741312	75807952384	1788928	512	9.553246
35941427200	35940183552	1243648	512	7.882799
39417616896	39416062464	1554432	512	9.794155
67024275968	67022896128	1379840	512	10.843124
294898688	293782528	1116160	512	3.669041
71524471808	71522625024	1846784	512	12.669773
38902250496	38900576256	1674240	512	4.810553
40544892928	40543276544	1616384	512	6.257449
39644347392	39642278400	2068992	512	5.623772
46041113088	46039224832	1888256	512	8.271826
77078773248	77077499904	1273344	512	3.491227
10767246848	10765742592	1504256	512	4.793487
64684314624	64682779648	1534976	512	9.508495
30953673216	30952140800	1532416	512	12.407857
45054771712	45053207552	1564160	512	5.921685
19496859136	19495127552	1731584	512	8.133293
55203865600	55202353152	1512448	512	4.349789
64820093952	64818627072	1466880	512	11.762038
41906989056	41905719808	1269248	512	5.267506
70241912832	70240237056	1675776	512	9.424566
39616240640	39614206464	2034176	512	4.653403
61897577984	61896377856	1200128	512	12.557675
29805506048	29804036608	1469440	512	12.109601
37172173824	37171065856	1107968	512	10.811312
22235886080	22233801216	2084864	512	9.188612
12075502080	12074081792	1420288	512	6.638682
37009438720	37008027648	1411072	512	3.147919
26377220096	26375193600	2026496	512	10.596480
19646180352	19644483584	1696768	512	10.759549
75154923520	75153811456	1112064	512	5.728661
77682164224	77680513024	1651200	512	7.902745
65625327616	65623878144	1449472	512	12.254463
5017462272	5015773184	1689088	512	11.166142
75347277312	75346052096	1225216	512	12.505759
64649931776	64648364032	1567744	512	6.605476
62366178816	62364671488	1507328	512	12.239232
73552356352	73551048192	1308160	512	10.290619
77140955136	77139817984	1137152	512	9.249945
10755185152	10753205760	1979392	512	3.261583
1590409216	1588439552	1969664	512	5.635183
74503733248	74502228480	1504768	512	12.199679
70381029888	70379624960	1404928	512	6.880425
55111354368	55109484032	1870336	512	3.289286
58435310592	58434144256	1166336	512	3.420581
66980069376	66978938368	1131008	512	11.826666
36144219648	36142944256	1275392	512	7.111410
5841680384	5840275968	1404416	512	9.339548
27700875264	27699123712	1751552	512	6.032576
75645813248	75644412928	1400320	512	3.953698
58649952768	58648254976	1697792	512	5.825978
55865272832	55863871488	1401344	512	7.612831
79458528768	79456606720	1922048	512	11.321920
54418367488	54417201664	1165824	512	5.165095
9781993984	9780467200	1526784	512	4.270595
14603754496	14601861120	1893376	512	5.234929
15172078592	15170629120	1449472	512	5.934438
17539713024	17538205184	1507840	512	3.984991
18320228864	18318386688	1842176	512	5.524743
16448590336	16446725632	1864704	512	4.986459
72790593024	72788916224	1676800	512	8.107853
3779505152	3778224640	1280512	512	10.879052
43852104192	43850213376	1890816	512	9.207943
42112854016	42111374848	1479168	512	8.988462
54487535616	54486209536	1326080	512	11.635136
63568786432	63567090688	1695744	512	5.544355
7409452544	7408139776	1312768	512	9.539924
22829170688	22827483136	1687552	512	10.908194
54346535936	54344926208	1609728	512	12.604216
74473036800	74471561216	1475584	512	2.163550
4574472704	4573152768	1319936	512	9.968329
74707466240	74706254848	1211392	512	2.798099
67728660992	67727279616	1381376	512	12.635662
1271825920	1269861888	1964032	512	5.751029
28718837760	28716892160	1945600	512	12.530741
852759040	851233792	1525248	512	5.972966
19160326144	19158604288	1721856	512	8.339638
66558021632	66556139520	1882112	512	7.531713
66736789504	66734747648	2041856	512	11.599195
70603107840	70602018304	1089536	512	9.738409
19216664576	19215049216	1615360	512	12.628259
41346145792	41344751104	1394688	512	12.025930
45933953536	45932311040	1642496	512	3.803561
57694170112	57692792320	1377792	512	7.578226
30455812608	30453799936	2012672	512	9.861400
7126445056	7125124096	1320960	512	9.339475
27077929984	27076101632	1828352	512	4.207327
14495828992	14494715904	1113088	512	4.353847
24688287232	24686390272	1896960	512	2.578998
78435556352	78433601536	1954816	512	4.183908
77068867584	77067545600	1321984	512	12.536603
51608775680	51607268352	1507328	512	5.658045
24597154816	24595852800	1302016	512	7.600703
23157353472	23155334144	2019328	512	10.764361
29060982272	29059385344	1596928	512	8.946347
14340509184	14339095040	1414144	512	6.897011
43636185600	43634876416	1309184	512	4.210254
79130984448	79129306624	1677824	512	12.834928
64873092608	64871716352	1376256	512	3.505516
50110755328	50108972544	1782784	512	7.884987
23318891008	23317071872	1819136	512	4.423953
29248025600	29246276096	1749504	512	5.227022
77812999680	77811389952	1609728	512	9.619618
19509278208	19507679744	1598464	512	13.032891
77600602624	77598785536	1817088	512	10.126277
2204994048	2203643904	1350144	512	9.733946
33561352192	33559939584	1412608	512	3.703725
49545059328	49542986240	2073088	512	10.893043
40593280512	40591945216	1335296	512	4.335052
58495950848	58494390272	1560576	512	11.795160
13933423616	13931687936	1735680	512	10.648079
13374637056	13372576768	2060288	512	10.694336
38838723072	38837267968	1455104	512	10.412104
21227239936	21226006016	1233920	512	10.340682
63774793728	63773100032	1693696	512	3.822534
13691964928	13690504192	1460736	512	5.675128
61629503488	61628342784	1160704	512	2.659891
27680445440	27678993920	1451520	512	4.005572
55661090816	55659116032	1974784	512	11.372157
10372487680	10370999808	1487872	512	5.164282
66677575680	66676303872	1271808	512	6.907240
15681310720	15679982080	1328640	512	8.178428
16103485440	16101529088	1956352	512	2.912939
439830016	437787136	2042880	512	4.044940
63017789440	63015837696	1951744	512	4.906821
18527964160	18526279168	1684992	512	11.031375
8961632768	8960223232	1409536	512	6.935343
7468946432	7467884544	1061888	512	4.050030
45120119296	45118983168	1136128	512	8.216863
29711887360	29710383104	1504256	512	11.202855
64765944832	64764529664	1415168	512	2.272038
58720502784	58718780416	1722368	512	5.032687
46506204672	46504331776	1872896	512	6.842661
11071974400	11070106112	1868288	512	5.810536
49187447296	49185572352	1874944	512	8.598654
1299690496	1297729536	1960960	512	7.655092
48855989248	48854810112	1179136	512	7.064539
18492452352	18490692096	1760256	512	7.423138
53190107136	53188203008	1904128	512	3.758894
1372423680	1370744320	1679360	512	11.884547
57777879552	57775907328	1972224	512	10.416892
42931638272	42930424320	1213952	512	6.725859
69938634240	69937098240	1536000	512	4.575359
54821755392	54819928576	1826816	512	6.446158
52937980928	52936579584	1401344	512	8.655795
70033413632	70032103424	1310208	512	3.105202
72099078144	72097489408	1588736	512	11.282195
14373326848	14371807232	1519616	512	4.446148
60148473344	60147271168	1202176	512	2.318869
34358434816	34356615168	1819648	512	12.068796
13972914688	13971604480	1310208	512	9.217603
53313136640	53311298560	1838080	512	4.249707
29732315136	29730644480	1670656	512	7.122687
33999447040	33997720064	1726976	512	5.130148
13762463232	13761076224	1387008	512	7.448091
77685637120	77684000256	1636864	512	8.443306
25315960320	25314300928	1659392	512	8.301488
22423915520	22422589440	1326080	512	10.044852
65298271232	65297205248	1065984	512	4.341380
5250767360	5248771584	1995776	512	4.422263
56601996288	56600008704	1987584	512	8.122683
7230781440	7229213184	1568256	512	3.811646
44379517952	44378088960	1428992	512	12.155664
76641031680	76639131648	1900032	512	13.153895
35247657984	35245625344	2032640	512	14.996121
