base_offset	offset	absdelta	probe_length	millis
45102188032	45101779968	408064	512	9.326063
61245088768	61244736512	352256	512	9.374306
58128528384	58128171008	357376	512	9.521393
38529462272	38529127424	334848	512	11.708009
71667243520	71666884608	358912	512	7.382262
73945108480	73944704000	404480	512	5.205158
28768340992	28767860224	480768	512	8.582769
5652836864	5652469248	367616	512	12.140083
33953700352	33953430528	269824	512	2.619867
61713319424	61712893952	425472	512	7.114949
17713123840	17712673792	450048	512	9.962597
27971075584	27970690560	385024	512	11.114920
26727891968	26727587328	304640	512	13.024708
24254842880	24254395392	447488	512	9.632444
14238646784	14238349824	296960	512	2.517235
64798405632	64798116864	288768	512	11.002977
53214419968	53213923328	496640	512	4.547079
50497180672	50496677376	503296	512	6.378198
56091237888	56090920448	317440	512	11.019399
44927244288	44926870528	373760	512	10.474032
27838774784	27838289920	484864	512	8.731237
39091416576	39090921984	494592	512	7.542027
40335320576	40335038976	281600	512	13.073714
11619902976	11619622912	280064	512	4.742651
11026369024	11026066944	302080	512	2.393284
48709259776	48708936192	323584	512	11.592994
21628508672	21628024320	484352	512	9.172564
1389182976	1388881408	301568	512	4.590372
59163968512	59163463168	505344	512	5.016470
74066567680	74066151936	415744	512	2.947601
54222870528	54222436352	434176	512	7.780427
1519371776	1518899712	472064	512	10.237975
32390866944	32390394368	472576	512	8.797353
23360748544	23360468992	279552	512	2.490902
6435987968	6435561472	426496	512	10.848974
59487467008	59487035904	431104	512	7.276732
56649644032	56649277440	366592	512	9.564491
18965046272	18964574208	472064	512	9.446825
51809343488	51808849920	493568	512	4.597618
54454932480	54454459904	472576	512	6.700406
64308351488	64307999232	352256	512	8.963457
23366194688	23365692416	502272	512	8.279458
28595206144	28594800128	406016	512	10.603077
68211293184	68210793984	499200	512	3.526661
22631283200	22630951936	331264	512	12.698697
29531509760	29531107328	402432	512	10.492483
72879588864	72879129600	459264	512	3.844353
36822838784	36822426624	412160	512	9.948501
4114705408	4114370048	335360	512	13.046021
45292428288	45291960832	467456	512	7.752240
67533643264	67533219840	423424	512	6.174866
24754949632	24754443264	506368	512	8.173602
14393756160	14393488896	267264	512	3.200884
4558418432	4557950464	467968	512	10.097355
57711452672	57710990336	462336	512	6.735511
42145200128	42144778240	421888	512	9.110121
7515698176	7515407872	290304	512	2.844068
46430884352	46430578176	306176	512	12.092864
54810562560	54810215936	346624	512	10.315363
33838075392	33837622272	453120	512	9.068515
46312957952	46312651264	306688	512	12.076364
36663246336	36662838784	407552	512	10.069914
37832666112	37832294912	371200	512	10.912060
73651908608	73651537920	370688	512	4.652827
24541726720	24541378560	348160	512	2.737119
25697293312	25697012736	280576	512	2.476217
75298615808	75298177536	438272	512	3.641182
1696758784	1696420352	338432	512	13.065415
11454739456	11454290944	448512	512	10.188100
51396335616	51395853312	482304	512	5.123038
48989004288	48988686336	317952	512	2.540404
20280882176	20280492544	389632	512	11.339280
74382781440	74382403584	377856	512	4.333085
38804162048	38803640320	521728	512	6.822698
16606281728	16605976576	305152	512	2.225886
71542929408	71542635520	293888	512	11.849430
22625086976	22624655360	431616	512	10.328993
13563068416	13562637312	431104	512	10.590107
33972676608	33972243456	433152	512	9.580346
26653222912	26652875776	347136	512	12.042162
66637962752	66637583360	379392	512	8.055351
18477769728	18477264384	505344	512	8.701883
59033230336	59032889856	340480	512	10.018064
16345277440	16344957440	320000	512	3.724840
53479569408	53479183360	386048	512	9.205569
69579650560	69579134976	515584	512	11.888526
70231735296	70231281152	454144	512	4.375226
4398574080	4398198784	375296	512	12.128769
18990349312	18989865472	483840	512	9.168888
20944859648	20944497152	362496	512	11.997243
37348206592	37347923968	282624	512	2.115928
77854563328	77854278656	284672	512	8.311174
16065211904	16064899584	312320	512	13.125563
22286334464	22285861376	473088	512	9.428428
25060015616	25059633664	381952	512	11.191998
71758952960	71758479360	473600	512	3.321290
49515547136	49515249152	297984	512	12.112090
32858614784	32858259456	355328	512	11.645704
72198651904	72198259200	392704	512	4.374557
54110167552	54109716992	450560	512	7.302445
32667873792	32667400704	473088	512	8.741164
57373035520	57372730880	304640	512	6.773884
49366199808	49365852672	347136	512	10.727730
1857287680	1856776704	510976	512	9.331388
7960151040	7959673856	477184	512	9.733314
12269368832	12268884992	483840	512	9.366877
25359902208	25359624192	278016	512	2.579452
52159444480	52159019520	424960	512	8.402849
19788571648	19788097536	474112	512	9.388199
30512999424	30512596992	402432	512	10.485308
44796390400	44796041216	349184	512	11.110619
71703159296	71702671872	487424	512	12.068555
30736223744	30735726592	497152	512	8.172230
77501803520	77501317632	485888	512	10.926300
11990572032	11990240256	331776	512	12.856762
416619008	416150016	468992	512	10.230479
7352583168	7352135680	447488	512	12.232971
25588619776	25588245504	374272	512	11.381686
31565371392	31564982272	389120	512	10.824489
16808795136	16808392704	402432	512	1.793688
4761413120	4760924160	488960	512	9.653319
7015150080	7014788096	361984	512	12.220508
997826048	997403136	422912	512	11.211187
22082554368	22082102272	452096	512	9.863901
56034341376	56033818112	523264	512	5.212495
13497021952	13496540672	481280	512	9.427356
53888094720	53887628288	466432	512	6.843267
29923320832	29922932736	388096	512	10.842643
54602377728	54601925120	452608	512	7.215726
40635130880	40634757632	373248	512	1.419517
66144432128	66144142848	289280	512	1.771015
77605521408	77605147136	374272	512	4.528765
10104090112	10103780864	309248	512	8.807705
56985763840	56985432576	331264	512	10.616912
5932529664	5932080128	449536	512	10.312452
46891137024	46890824192	312832	512	11.984415
23162781184	23162262016	519168	512	7.884265
41612305920	41611785728	520192	512	5.013006
17979280896	17978825216	455680	512	9.834346
41079804928	41079437824	367104	512	10.816764
49879398400	49879069696	328704	512	11.217620
43068921856	43068473856	448000	512	8.490303
36631678464	36631339008	339456	512	11.757063
30437686272	30437378560	307712	512	3.504758
16422486016	16422059520	426496	512	10.483985
45375697920	45375288320	409600	512	9.315917
24879979008	24879582208	396800	512	10.849205
9676247040	9675948544	298496	512	2.489466
221409792	220958208	451584	512	10.614276
17079172608	17078865920	306688	512	3.981264
12221616640	12221349888	266752	512	5.010993
46516440576	46516067840	372736	512	10.292659
69782015488	69781709824	305664	512	9.875565
15864189440	15863885824	303616	512	4.085265
16938808832	16938302464	506368	512	8.661441
18847537152	18847237120	300032	512	4.202715
64267769856	64267355136	414720	512	6.924790
69826720256	69826287616	432640	512	5.491598
6151611392	6151118336	493056	512	9.244784
46331129344	46330621952	507392	512	4.818690
41509948416	41509529600	418816	512	9.521535
49722326016	49721992704	333312	512	11.112325
12909739520	12909217280	522240	512	8.528024
76500635136	76500131840	503296	512	11.894996
62402063360	62401713664	349696	512	9.427048
73703265280	73702964736	300544	512	9.121110
79492981760	79492617728	364032	512	2.415903
1762662912	1762212352	450560	512	10.728624
18684466688	18684093952	372736	512	11.747738
22696441344	22695942656	498688	512	8.809645
42955158528	42954845184	313344	512	12.066758
68870173184	68869659136	514048	512	12.283044
21393190400	21392802304	388096	512	11.393059
66667209728	66666774016	435712	512	6.225355
27296100864	27295697408	403456	512	10.631945
36432819712	36432355840	463872	512	8.831137
3948376064	3947947008	429056	512	10.965186
22451002368	22450595840	406528	512	10.969824
25965435392	25965030912	404480	512	10.647762
34527446528	34526982656	463872	512	8.830361
73692126720	73691728896	397824	512	5.446224
33977795072	33977482240	312832	512	12.560169
63868317184	63867836928	480256	512	5.210407
22560448512	22560032256	416256	512	10.699509
78100486144	78100159488	326656	512	4.629470
39082463744	39082144768	318976	512	2.874808
73778818048	73778547712	270336	512	10.255517
27131823616	27131339264	484352	512	8.731356
49683168256	49682788352	379904	512	9.813848
50558266880	50557809664	457216	512	7.587827
18976462336	18976130560	331776	512	12.689136
36829304832	36828997120	307712	512	3.316398
37311499264	37311172096	327168	512	2.802338
32905679872	32905312768	367104	512	11.326783
31826808320	31826372608	435712	512	11.520326
46663881728	46663569408	312320	512	11.931869
5583783936	5583319552	464384	512	9.970684
75241867264	75241523712	343552	512	7.238632
63925366272	63925014016	352256	512	8.968308
61915028480	61914759168	269312	512	11.967078
76753932288	76753632768	299520	512	7.738801
63679088128	63678668288	419840	512	7.111829
17273101312	17272724992	376320	512	11.666387
46879485952	46879013376	472576	512	4.700251
71919575552	71919054336	521216	512	10.838631
3599421440	3598924288	497152	512	9.518627
1536996352	1536586240	410112	512	11.520468
3994136576	3993704960	431616	512	10.895161
62645273088	62644898304	374784	512	8.669802
46881342464	46880865280	477184	512	7.449026
12548315136	12547960832	354304	512	12.421429
56793611264	56793300992	310272	512	13.103632
65932454400	65932167168	287232	512	12.888189
49087022592	49086629376	393216	512	9.736654
42621093888	42620589056	504832	512	6.986709
13007376896	13007105536	271360	512	4.838302
77158842368	77158420480	421888	512	11.736930
62167585280	62167308288	276992	512	11.745306
13675463680	13675093504	370176	512	11.966100
30527312896	30526964224	348672	512	2.595030
61536821760	61536534528	287232	512	11.382272
21321968128	21321543680	424448	512	10.563979
44092254720	44091748352	506368	512	6.975895
65049313792	65048870400	443392	512	5.986150
18611801600	18611491840	309760	512	13.199259
35909790720	35909447168	343552	512	2.545971
70272269312	70271977472	291840	512	10.091125
56800352768	56799895552	457216	512	6.895068
10601817600	10601295872	521728	512	8.554646
48692608000	48692278272	329728	512	11.488922
5972376064	5971961856	414208	512	11.090565
72410537472	72410114048	423424	512	5.103156
10709428224	10708996608	431616	512	10.568120
38256915968	38256501248	414720	512	9.854293
15908635136	15908122112	513024	512	8.486443
8410181120	8409806848	374272	512	11.989834
49132017664	49131552256	465408	512	7.791406
45896694784	45896193536	501248	512	6.826242
47600408576	47600049664	358912	512	10.658650
26343361024	26343018496	342528	512	12.236686
13771264512	13771001344	263168	512	5.151968
30657719296	30657228800	490496	512	8.337274
57326950400	57326572032	378368	512	9.228738
15907557888	15907065856	492032	512	8.992705
43705219072	43704837632	381440	512	10.292311
62785653248	62785368576	284672	512	11.505839
38123029504	38122688000	341504	512	11.724736
73719211008	73718748672	462336	512	3.028815
57682086400	57681626624	459776	512	6.842123
56621765120	56621455872	309248	512	11.271106
16292985344	16292573184	412160	512	10.815292
19937288704	19936870912	417792	512	10.701565
10586007040	10585738240	268800	512	4.994195
8706557440	8706092032	465408	512	9.806202
61300284416	61299791872	492544	512	5.010919
67427060736	67426670080	390656	512	7.239386
31520386560	31519889408	497152	512	8.169764
69455979520	69455716352	263168	512	11.301016
71265831936	71265479680	352256	512	7.934144
69074010112	69073726976	283136	512	10.629491
58199818752	58199428096	390656	512	8.493759
65245605888	65245216768	389120	512	7.786879
53668135936	53667717632	418304	512	8.272103
57078390784	57078001664	389120	512	8.935923
58333176320	58332669952	506368	512	3.150801
25290229248	25289745408	483840	512	8.741830
35094194688	35093733376	461312	512	8.876351
71053634560	71053154304	480256	512	3.440086
49284549632	49284196864	352768	512	10.672660
11607132160	11606683648	448512	512	10.314423
37234973184	37234591232	381952	512	10.689724
32577504256	32577046528	457728	512	9.138857
27478459392	27477971968	487424	512	8.640559
68219188224	68218741248	446976	512	5.271154
76118439424	76117963264	476160	512	2.206513
59474159616	59473805312	354304	512	9.609195
73059976192	73059557888	418304	512	3.461846
59971636736	59971255808	380928	512	6.939601
72528657920	72528274944	382976	512	4.722794
53447742976	53447408640	334336	512	10.702038
15387431424	15386991104	440320	512	10.185335
29901271552	29900987904	283648	512	4.159568
17599705600	17599308288	397312	512	11.145177
55541518336	55541219840	298496	512	11.735284
47046413312	47045958144	455168	512	8.071477
14102880768	14102431232	449536	512	10.240457
62187581440	62187291136	290304	512	11.269854
5127828992	5127417344	411648	512	11.373146
32564383744	32563887616	496128	512	8.199332
65358830592	65358443520	387072	512	7.846930
27782117888	27781630976	486912	512	8.661095
77273589248	77273144832	444416	512	12.679948
69105287168	69104954368	332800	512	9.016313
51860767744	51860376576	391168	512	9.345876
34388234240	34387868672	365568	512	1.986696
326410752	325982208	428544	512	11.113382
33836579328	33836186624	392704	512	10.552336
62074770944	62074275840	495104	512	4.910583
63606706176	63606354432	351744	512	9.208630
68074039808	68073773056	266752	512	11.357650
18301796864	18301483008	313856	512	13.096712
29608801280	29608332288	468992	512	8.868772
44805979648	44805500928	478720	512	7.702243
48152993280	48152608768	384512	512	10.035371
12109845504	12109322752	522752	512	8.491126
75648056320	75647579648	476672	512	11.430356
34432169472	34431652864	516608	512	7.485729
35902053888	35901632512	421376	512	9.875051
12354810368	12354413056	397312	512	11.321451
70586806784	70586518016	288768	512	10.176671
63742122496	63741624320	498176	512	2.774378
57512945664	57512535040	410624	512	8.289178
67535404032	67535041024	363008	512	8.116761
6240375296	6240043520	331776	512	3.692771
72341719040	72341393920	325120	512	8.610717
50319031808	50318516224	515584	512	6.026346
59564888064	59564434944	453120	512	6.571695
54702177792	54701670912	506880	512	5.715412
11133944320	11133651968	292352	512	2.631876
73072640	72696832	375808	512	12.256210
20120702976	20120396800	306176	512	2.145704
18080666624	18080344064	322560	512	12.868218
42680519168	42680217088	302080	512	12.322228
20968942592	20968656384	286208	512	2.620102
7715757056	7715407872	349184	512	12.568480
41742440448	41742104064	336384	512	2.399619
76543834624	76543448064	386560	512	3.467905
30937965568	30937685504	280064	512	2.341758
65409414144	65409061888	352256	512	8.944217
28900107776	28899658752	449024	512	9.347893
58769815552	58769499136	316416	512	10.734082
35952003072	35951482880	520192	512	7.408437
16598545920	16598066176	479744	512	9.273920
709443584	709011456	432128	512	11.027138
6439141376	6438623232	518144	512	8.728626
13115496448	13114980352	516096	512	8.704036
9054447104	9054076928	370176	512	12.014561
6703932416	6703483392	449024	512	10.333706
53346112512	53345744384	368128	512	9.647618
54149813248	54149512704	300544	512	11.662603
58090790400	58090470912	319488	512	10.965039
17878136320	17877865472	270848	512	2.964457
77768020992	77767727616	293376	512	7.955786
52771478016	52771179520	298496	512	11.940913
38176982016	38176622080	359936	512	11.248507
71081783808	71081461248	322560	512	9.134610
62724128768	62723802112	326656	512	10.116463
19927460864	19927179264	281600	512	4.601092
52126070272	52125807616	262656	512	12.949186
7698987520	7698480640	506880	512	9.037606
30913140224	30912640512	499712	512	8.174161
77186763264	77186350080	413184	512	12.100653
75244761600	75244440064	321536	512	8.069368
17033423872	17033092096	331776	512	12.680637
61141252096	61140930048	322048	512	10.335695
20041601536	20041137664	463872	512	9.654562
61330176512	61329737216	439296	512	6.655961
49692462080	49692107264	354816	512	12.369103
57658672640	57658191360	481280	512	6.194989
38506153472	38505686528	466944	512	8.581071
47579859968	47579342848	517120	512	6.314314
42421433856	42420957184	476672	512	5.893814
69234359808	69233873920	485888	512	12.915990
6300952064	6300628480	323584	512	3.884317
53818412032	53817955328	456704	512	5.288321
44085914624	44085445632	468992	512	7.971232
32709264384	32708895744	368640	512	11.287586
73338294784	73337966080	328704	512	8.082497
29901829632	29901538304	291328	512	3.926050
17081781248	17081286144	495104	512	8.874753
51245577216	51245283328	293888	512	12.196082
21613963776	21613448704	515072	512	8.478380
76543626240	76543310848	315392	512	8.113537
69292112384	69291786240	326144	512	9.171628
71727804416	71727510528	293888	512	9.771653
52456827904	52456305664	522240	512	5.668909
56416177664	56415747072	430592	512	7.677647
42671206912	42670819328	387584	512	11.942882
70013711872	70013310464	401408	512	6.577709
68026194432	68025679872	514560	512	12.276707
76284385792	76284109312	276480	512	9.593549
71124301312	71123851776	449536	512	4.493681
78392887296	78392368640	518656	512	7.657664
79058203648	79057810432	393216	512	2.988705
4529730048	4529450496	279552	512	4.924383
62375068672	62374784512	284160	512	11.414742
9039693824	9039278080	415744	512	10.943950
18635520000	18635066368	453632	512	9.899051
67707901440	67707429376	472064	512	4.445725
78246961152	78246645248	315904	512	6.947411
44394926080	44394407936	518144	512	6.677782
59659937792	59659603456	334336	512	10.207368
20667368960	20666875392	493568	512	8.859247
22979511808	22979064320	447488	512	9.615269
16307217920	16306750976	466944	512	9.556620
4102972416	4102510080	462336	512	10.219707
9774333952	9773957120	376832	512	11.825422
65852479488	65852030464	449024	512	5.802736
48753862144	48753568768	293376	512	12.396089
11562494976	11562018304	476672	512	9.529521
48420890624	48420473344	417280	512	9.100702
4731376640	4730892288	484352	512	9.762194
8318718464	8318294016	424448	512	10.854601
74321854464	74321575424	279040	512	9.905348
72350922752	72350406656	516096	512	11.039453
14248066560	14247742464	324096	512	3.655908
3804842496	3804343296	499200	512	9.426433
23420018176	23419591168	427008	512	10.116758
16269776384	16269332480	443904	512	10.158526
57205133824	57204870144	263680	512	12.587648
738733568	738445312	288256	512	4.826492
50535172096	50534875136	296960	512	12.120337
70401482752	70400987136	495616	512	2.850411
62808199680	62807733248	466432	512	5.842077
73010994176	73010644992	349184	512	7.769498
42428849664	42428402176	447488	512	8.510808
19199816704	19199374336	442368	512	10.122238
22115138560	22114828800	309760	512	3.948949
3238245888	3237794304	451584	512	10.590546
70823091712	70822706176	385536	512	6.768686
50645955584	50645639680	315904	512	11.587668
1983337472	1982986752	350720	512	12.809659
19244186624	19243819520	367104	512	2.630653
61964708352	61964301824	406528	512	7.521428
3027246592	3026964992	281600	512	4.930830
12171679232	12171187712	491520	512	9.244273
6770355200	6769965056	390144	512	0.461976
30215709184	30215427584	281600	512	2.340172
37502612992	37502242304	370688	512	10.964048
41981330432	41980828160	502272	512	7.051796
62157842944	62157420032	422912	512	7.148797
19625379328	19625074176	305152	512	2.205419
9659308032	9658822144	485888	512	9.336890
18488376320	18487960576	415744	512	10.799905
72889799168	72889301504	497664	512	2.448096
1571501568	1570991616	509952	512	9.342552
50555438592	50555041792	396800	512	9.325470
61508051456	61507786752	264704	512	12.120537
42289735168	42289219072	516096	512	6.722646
76684873728	76684599808	273920	512	8.816060
20133380096	20133111808	268288	512	3.020416
65183175168	65182830592	344576	512	9.200285
74911876096	74911496192	379904	512	6.153937
14386705920	14386290176	415744	512	10.981788
29562700800	29562305536	395264	512	10.682070
66518904320	66518478848	425472	512	6.566255
13779234304	13778850304	384000	512	2.409679
72838785024	72838472192	312832	512	9.093596
2929644544	2929228288	416256	512	11.270446
22865433600	22865155584	278016	512	2.813079
5754168320	5753868800	299520	512	4.392547
34122327040	34121804800	522240	512	7.346895
40136888320	40136523264	365056	512	10.909568
77623289856	77622961152	328704	512	6.401924
61710673408	61710383616	289792	512	11.349392
7165668352	7165377536	290816	512	2.737508
78827804672	78827530752	273920	512	8.780440
19662956032	19662477824	478208	512	9.323467
53144777728	53144390144	387584	512	9.453703
33455833088	33455396352	436736	512	9.503160
63594826240	63594519040	307200	512	10.653280
36111290368	36110792192	498176	512	7.946111
60279065600	60278701568	364032	512	9.263356
22203170816	22202701312	469504	512	9.517413
53841520640	53841155072	365568	512	9.800458
53358773248	53358352384	420864	512	8.157694
78330654720	78330272768	381952	512	4.197441
4384263168	4383972352	290816	512	9.454082
18380542464	18380190720	351744	512	12.237565
45199255040	45198975488	279552	512	12.781109
4449796096	4449452032	344064	512	12.817112
2485740032	2485283328	456704	512	10.524842
1494067200	1493769216	297984	512	4.658366
70623392256	70623024128	368128	512	7.299015
70263905280	70263491072	414208	512	5.740102
6918464512	6918118912	345600	512	3.368254
40464665088	40464296448	368640	512	10.925791
15497308672	15496850432	458240	512	9.786315
22062580224	22062087168	493056	512	8.963769
13208351232	13207837184	514048	512	8.675866
44547192320	44546859008	333312	512	11.606178
67931769856	67931449856	320000	512	9.580195
28753482752	28753130496	352256	512	11.697742
12845459968	12845120512	339456	512	12.641103
3593252352	3592764416	487936	512	9.691300
6660094976	6659715072	379904	512	11.870743
10876293632	10875876352	417280	512	10.862278
20705897984	20705387520	510464	512	8.526519
2687881216	2687540736	340480	512	3.656512
54640465408	54640057856	407552	512	8.559326
20127635968	20127177216	458752	512	9.795974
19353722368	19353449472	272896	512	4.796084
25758474240	25758026240	448000	512	9.579337
74309180416	74308743680	436736	512	13.245576
1415204864	1414826496	378368	512	12.207928
76190333440	76190018560	314880	512	8.204414
69944818176	69944498688	319488	512	9.375600
34056875008	34056374784	500224	512	7.898944
41577705472	41577233920	471552	512	8.121650
7350247936	7349840896	407040	512	11.286437
63991300096	63990919680	380416	512	8.056661
15415937536	15415569920	367616	512	11.838350
15522946048	15522568704	377344	512	11.705833
9027433472	9027113472	320000	512	3.868165
79740686848	79740285440	401408	512	2.572220
29605081600	29604746752	334848	512	12.149709
14276219392	14275697664	521728	512	8.574426
48925921792	48925441536	480256	512	7.402228
63080828416	63080544256	284160	512	11.401576
27816625664	27816322560	303104	512	13.065532
63671620608	63671206912	413696	512	7.256837
39397055488	39396790784	264704	512	4.260912
12273923584	12273599488	324096	512	3.735077
7129875456	7129570304	305152	512	2.396449
77007192576	77006713856	478720	512	9.370755
30836953088	30836460032	493056	512	8.241106
2803747328	2803324928	422400	512	11.128254
74105245696	74104871936	373760	512	6.351989
71733992448	71733505024	487424	512	2.798611
20647276544	20646996992	279552	512	2.780236
60008696320	60008215552	480768	512	5.763116
78513227264	78512816128	411136	512	2.947199
23118701056	23118228480	472576	512	9.086205
8588082176	8587637760	444416	512	10.295370
39106630656	39106229760	400896	512	9.974110
25594710016	25594391552	318464	512	3.468351
70090101248	70089634304	466944	512	2.458711
67012015104	67011519488	495616	512	3.633134
5145922048	5145443840	478208	512	9.874606
1941787648	1941265920	521728	512	9.123500
61841387008	61840883200	503808	512	4.657095
36628027392	36627692544	334848	512	11.864571
5144947712	5144595968	351744	512	12.558997
77248458240	77248190976	267264	512	9.053351
41705616896	41705132544	484352	512	7.814610
69593949696	69593430016	519680	512	11.769190
68878318080	68877870592	447488	512	5.257742
55208047104	55207672320	374784	512	9.526271
46776232448	46775922176	310272	512	11.974155
36905467904	36905171968	295936	512	12.878295
48630264832	48629859840	404992	512	9.426127
30464180736	30463828480	352256	512	11.743487
60390426624	60390149632	276992	512	11.928722
75756168704	75755685888	482816	512	11.208266
3776034816	3775515136	519680	512	8.965256
194182144	193818624	363520	512	12.565648
73560044032	73559627776	416256	512	4.721889
17332082176	17331755520	326656	512	12.802796
47702190080	47701890560	299520	512	2.984091
49119437824	49119127552	310272	512	11.998377
5953308672	5952940032	368640	512	12.133794
10362786304	10362270720	515584	512	8.682958
59879424512	59878991872	432640	512	7.233642
29258536448	29258048512	487936	512	8.402505
45740279808	45739982336	297472	512	3.072242
13639875072	13639578624	296448	512	2.519990
74781600256	74781303808	296448	512	9.257421
39667356672	39667083264	273408	512	2.180078
9336903168	9336404992	498176	512	9.065870
16917466624	16917109760	356864	512	12.076577
19139574784	19139126272	448512	512	9.989284
37347015680	37346529792	485888	512	8.107772
69647101440	69646753792	347648	512	8.288640
17649593856	17649126400	467456	512	9.645295
2747300352	2746904064	396288	512	11.696436
29152727552	29152355840	371712	512	11.240739
1793290752	1792887808	402944	512	11.598853
47578593280	47578324992	268288	512	13.122080
57813820416	57813515776	304640	512	11.364218
55790146048	55789788672	357376	512	10.026221
14944641024	14944337408	303616	512	2.335544
29971926528	29971479552	446976	512	9.326894
60575848448	60575379968	468480	512	6.116094
41066913280	41066569216	344064	512	11.446998
24625052160	24624707584	344576	512	2.818318
11459186688	11458805760	380928	512	2.419354
55081850880	55081455616	395264	512	8.905429
18483393536	18483028992	364544	512	2.666758
7845584896	7845287936	296960	512	4.554351
1414798336	1414302208	496128	512	9.674585
44750668800	44750287872	380928	512	12.154359
50635634688	50635313664	321024	512	11.446589
42217714176	42217259008	455168	512	8.385822
12758250496	12757948928	301568	512	2.251201
28047875072	28047548416	326656	512	12.539093
3961587200	3961079808	507392	512	9.210691
72076865536	72076406784	458752	512	3.833370
27845523456	27845039104	484352	512	8.696275
79934692864	79934427136	265728	512	8.632700
76643950592	76643648512	302080	512	8.616766
66408626176	66408285184	340992	512	9.320227
47357831168	47357408256	422912	512	8.946420
38801591296	38801099264	492032	512	7.601087
74491339776	74490816000	523776	512	11.877021
24379444224	24379179520	264704	512	2.912396
53595022336	53594741248	281088	512	12.249532
46977795584	46977280512	515072	512	4.585777
69219612160	69219323904	288256	512	10.440409
18849172480	18848908800	263680	512	3.155730
10037881344	10037397504	483840	512	9.371544
12644453376	12644086272	367104	512	2.791456
29535941120	29535658496	282624	512	2.312489
46557739008	46557237248	501760	512	6.811564
1324964864	1324555264	409600	512	13.276698
40008515072	40008171520	343552	512	11.479861
58676099584	58675821056	278528	512	11.872752
41128373760	41127887360	486400	512	7.747534
14100961792	14100609024	352768	512	12.364308
55377328640	55376983552	345088	512	10.353312
63674797056	63674488832	308224	512	10.588913
61150171136	61149788672	382464	512	8.478747
65999004160	65998658048	346112	512	9.089354
22699180544	22698775040	405504	512	12.820282
48236243968	48235970048	273920	512	12.970934
47508438528	47507954176	484352	512	5.447746
48609637888	48609214976	422912	512	8.967326
2028917760	2028622848	294912	512	2.894732
10559460864	10558991360	469504	512	9.691845
19280909824	19280478208	431616	512	10.437840
74547213824	74546860544	353280	512	7.124239
68770509824	68770070528	439296	512	5.546579
51400657920	51400384512	273408	512	3.494441
77232602112	77232214016	388096	512	3.902815
65326834176	65326533120	301056	512	10.555039
44408741376	44408393728	347648	512	11.151669
30299024384	30298519552	504832	512	14.483123
16650243072	16649724928	518144	512	8.411319
57075218944	57074788864	430080	512	7.799127
35088692224	35088377856	314368	512	12.524420
25161472512	25161194496	278016	512	4.447885
58616563712	58616233984	329728	512	10.325347
36341816320	36341435904	380416	512	10.885968
53898491392	53897988096	503296	512	5.814755
11955540480	11955258368	282112	512	4.638030
54214168064	54213657088	510976	512	5.528584
74812131840	74811816960	314880	512	6.719571
26462028288	26461736448	291840	512	4.112769
25343923712	25343636480	287232	512	4.219123
61126918144	61126609408	308736	512	1.442202
74424280064	74423881728	398336	512	5.473677
22036118016	22035749376	368640	512	11.756539
40692237312	40691911168	326144	512	11.915981
54196911616	54196500992	410624	512	8.478667
76424914944	76424513536	401408	512	4.751010
21197323776	21196819968	503808	512	8.719653
36835287040	36834986496	300544	512	12.743308
79551875072	79551549952	325120	512	6.009740
71182374912	71182019072	355840	512	7.839853
49616129536	49615661568	467968	512	5.506600
61067118080	61066612224	505856	512	2.716517
66072870400	66072523264	347136	512	9.130157
78307013632	78306587136	426496	512	11.544916
17276839936	17276414976	424960	512	10.529153
60600973312	60600654336	318976	512	10.656837
45877378560	45876869120	509440	512	6.609999
11519998976	11519484416	514560	512	6.826867
39583714816	39583437824	276992	512	2.082952
194860032	194432000	428032	512	11.131556
62616488448	62616036352	452096	512	6.288845
34384760832	34384370176	390656	512	10.620584
69691138048	69690819584	318464	512	9.408385
24287567360	24287225856	341504	512	12.181373
21227586048	21227116544	469504	512	9.521228
4135087616	4134606336	481280	512	9.785061
69741714944	69741263872	451072	512	4.837028
35872731648	35872376832	354816	512	11.560777
16625812992	16625480704	332288	512	3.390168
32263657472	32263232000	425472	512	9.914496
79256340480	79256026112	314368	512	6.449496
64287838720	64287469568	369152	512	8.363351
14411936768	14411600896	335872	512	12.826573
42951233024	42950845952	387072	512	10.136922
77140384768	77139918848	465920	512	11.762215
29705321472	29705035264	286208	512	4.062665
51266956800	51266444800	512000	512	6.110669
75839401472	75839133696	267776	512	12.032073
65995840512	65995557888	282624	512	11.262025
28367287296	28367017472	269824	512	2.852917
32284201984	32283831808	370176	512	11.261852
65694751232	65694257664	493568	512	10.776938
4494542336	4494089728	452608	512	10.445620
57219405312	57218920960	484352	512	6.066884
2432844800	2432508416	336384	512	13.128818
24981459456	24981148160	311296	512	3.676130
68282228224	68281874944	353280	512	8.419542
50615133184	50614826496	306688	512	11.848837
18256847360	18256404992	442368	512	10.122785
29850318336	29850040832	277504	512	2.479404
65626685440	65626274304	411136	512	7.163990
8358353920	8357928960	424960	512	10.861535
29637421568	29637092864	328704	512	12.293061
60690843136	60690418176	424960	512	7.421898
69647789568	69647393792	395776	512	4.953135
3848364544	3848016896	347648	512	12.757901
34777357312	34776936448	420864	512	9.871288
76191678464	76191415808	262656	512	10.153171
48339216384	48338743808	472576	512	7.535297
18720756224	18720386048	370176	512	11.802483
34742828032	34742469632	358400	512	11.430789
79046206976	79045859840	347136	512	3.204168
1043999744	1043589120	410624	512	2.240593
37575150592	37574887936	262656	512	4.447498
34838775296	34838339072	436224	512	9.482053
52411029504	52410580480	449024	512	7.718409
77271489536	77270984192	505344	512	8.242203
9739113472	9738793472	320000	512	13.160310
51899202560	51898908160	294400	512	12.079440
54607188992	54606718976	470016	512	4.962662
7065712640	7065446912	265728	512	5.128989
60558845440	60558532096	313344	512	10.849201
33896455680	33895966208	489472	512	8.186951
36141128704	36140816384	312320	512	12.491114
63585247232	63584867840	379392	512	8.365667
3280684544	3280279040	405504	512	11.492040
43247578112	43247179264	398848	512	9.704368
16917909504	16917508608	400896	512	11.169658
71495684608	71495329280	355328	512	7.854112
32020090368	32019722240	368128	512	11.322972
73389065216	73388747264	317952	512	8.487976
77610225664	77609718272	507392	512	8.141995
35707809792	35707322368	487424	512	8.186083
79876760576	79876264960	495616	512	7.707204
8618051584	8617773056	278528	512	2.953393
23870290944	23870019584	271360	512	4.625601
62876064256	62875648000	416256	512	7.187895
76302681088	76302384128	296960	512	8.833970
39085701120	39085386752	314368	512	12.230695
53109428736	53108917760	510976	512	5.972297
77324587008	77324281856	305152	512	5.561337
50189767168	50189438976	328192	512	11.242962
5885416448	5884958208	458240	512	10.112146
42819531776	42819058176	473600	512	7.792220
45699469312	45699019776	449536	512	8.236693
48916015104	48915654144	360960	512	10.608983
9664436736	9663956992	479744	512	9.457593
34828345856	34828023296	322560	512	3.069811
32905158144	32904801280	356864	512	11.594723
22404426752	22404130304	296448	512	2.398732
67154414592	67154001920	412672	512	6.445500
26782685696	26782332928	352768	512	11.774107
3287897600	3287574528	323072	512	2.181374
1263860224	1263561216	299008	512	2.821033
726190592	725770240	420352	512	11.281801
38046834176	38046367744	466432	512	8.573123
12586358784	12585978368	380416	512	11.744248
4733269504	4732868608	400896	512	11.598501
22268473856	22268069376	404480	512	11.033262
57541979648	57541677056	302592	512	11.454503
10382354432	10381923840	430592	512	10.615323
33707514368	33707142144	372224	512	10.943590
37573339136	37573071872	267264	512	4.304868
29853231616	29852944384	287232	512	2.206817
66859770368	66859394560	375808	512	7.688926
33917561856	33917052416	509440	512	7.667580
79110400000	79109966336	433664	512	5.873439
43002941952	43002488832	453120	512	8.399067
21011392512	21011013120	379392	512	11.583932
67742918656	67742599168	319488	512	9.568180
32270004736	32269591552	413184	512	10.231999
47324472320	47324163072	309248	512	11.994595
79301294592	79300951552	343040	512	5.179623
47307297280	47306936832	360448	512	10.623803
24603478528	24602978304	500224	512	8.372230
64076931584	64076651008	280576	512	2.006428
74774361600	74774062080	299520	512	9.134246
43777393664	43777122304	271360	512	3.928117
36552879104	36552544256	334848	512	11.856332
4835986432	4835585536	400896	512	11.465405
54734659072	54734376960	282112	512	12.284860
38564701184	38564354048	347136	512	11.378003
11345943040	11345469440	473600	512	9.638060
68585398272	68584957440	440832	512	3.653582
69395714560	69395260416	454144	512	4.740334
8136576512	8136218112	358400	512	3.069749
56749618176	56749324288	293888	512	11.736564
4223688704	4223387648	301056	512	4.550308
58899583488	58899128320	455168	512	6.514412
389940736	389471232	469504	512	10.246739
12823149056	12822796288	352768	512	12.363606
43376266240	43375857664	408576	512	9.542005
67542834176	67542385152	449024	512	3.351000
32584435200	32584115712	319488	512	3.275897
8285391360	8284970496	420864	512	10.903836
42359677952	42359275520	402432	512	9.677423
69355549184	69355211264	337920	512	8.752352
69954188288	69953722880	465408	512	4.344420
63789942272	63789541888	400384	512	7.700750
36106921984	36106606592	315392	512	3.240461
29599650816	29599365632	285184	512	2.252122
34275814400	34275529728	284672	512	4.013835
74229935616	74229480960	454656	512	12.568613
77357266432	77356823552	442880	512	10.832558
16437608960	16437154304	454656	512	11.674935
16556839424	16556504576	334848	512	12.627910
888742400	888388096	354304	512	12.692103
59243802624	59243378688	423936	512	5.625358
70831094272	70830739456	354816	512	7.833460
57763782656	57763396608	386048	512	7.075838
37373067264	37372803584	263680	512	2.543504
39742461440	39742170112	291328	512	3.484894
29471694848	29471413760	281088	512	2.328883
75077270528	75076930560	339968	512	7.632054
66172889600	66172544000	345600	512	9.156413
45004531200	45004191232	339968	512	11.374661
16448319488	16447922688	396800	512	11.192831
23985709568	23985349120	360448	512	11.795195
28153970688	28153598976	371712	512	11.415653
54578217472	54577876992	340480	512	10.500161
3679463936	3678991360	472576	512	10.002811
61455209984	61454729216	480768	512	3.513480
9555345408	9554970624	374784	512	11.892570
9241979392	9241653248	326144	512	3.736840
35230134784	35229855744	279040	512	4.182921
21253911040	21253571072	339968	512	12.379756
58957106688	58956589056	517632	512	4.644468
56513576448	56513247232	329216	512	10.660320
65426801664	65426296832	504832	512	4.035776
68725881856	68725517824	364032	512	8.111251
69884470784	69884161024	309760	512	9.687088
1682341376	1681958400	382976	512	12.094402
9298289152	9297893888	395264	512	11.404968
5063036928	5062712832	324096	512	2.181798
42821076992	42820769280	307712	512	2.947915
15131723776	15131335680	388096	512	11.567550
28215200768	28214691840	508928	512	8.152745
52155412992	52154898944	514048	512	3.968115
47199311872	47198898688	413184	512	9.187136
31696551424	31696173056	378368	512	11.083614
2130001920	2129518080	483840	512	9.926032
56993995776	56993683456	312320	512	12.994866
17315975680	17315578880	396800	512	1.892466
33699889152	33699372032	517120	512	7.494880
67318013952	67317529600	484352	512	2.170015
26694415360	26694008832	406528	512	10.601999
22176749568	22176457728	291840	512	2.503311
29468486656	29468042752	443904	512	9.444195
435522560	435240960	281600	512	3.173648
16413857280	16413551616	305664	512	2.063658
26474105344	26473581568	523776	512	7.781117
3936650240	3936196096	454144	512	10.501054
27630625792	27630324736	301056	512	13.143482
18633819648	18633516032	303616	512	4.038751
4512409600	4511939584	470016	512	10.094661
72088995840	72088547328	448512	512	2.285471
48352454144	48352140288	313856	512	11.881692
50261278208	50260975104	303104	512	11.967840
76039950336	76039655424	294912	512	9.121793
6705616896	6705155584	461312	512	10.028772
79370982400	79370499584	482816	512	10.159394
69954692096	69954355712	336384	512	6.900669
65607902208	65607609344	292864	512	1.606362
12463936512	12463412736	523776	512	8.512378
70861786624	70861338112	448512	512	2.701350
66684195840	66683890176	305664	512	10.469959
1808909312	1808544256	365056	512	12.492263
1766898176	1766491136	407040	512	2.320565
56455058432	56454684160	374272	512	9.339509
13176205824	13175700992	504832	512	8.902820
31743700992	31743286272	414720	512	10.232316
23663430656	23663024128	406528	512	12.461941
75704706048	75704281600	424448	512	4.179665
57838237696	57837925376	312320	512	11.168278
814138880	813665792	473088	512	10.108920
16379472384	16379180032	292352	512	4.371008
3365044736	3364545024	499712	512	9.424801
35341798400	35341382656	415744	512	9.965812
19664807936	19664365056	442880	512	10.116681
19586544128	19586184704	359424	512	2.808246
42996279808	42995908096	371712	512	10.528564
47779121664	47778797568	324096	512	11.628422
30087329280	30086841856	487424	512	8.405578
12732253696	12731874816	378880	512	11.778357
17231305728	17230970880	334848	512	12.655369
68253184	67921408	331776	512	13.190275
14943661568	14943153152	508416	512	8.842659
52118357504	52117974528	382976	512	9.488942
30342945792	30342654464	291328	512	2.073695
72506583552	72506243584	339968	512	8.133032
63792731136	63792323072	408064	512	7.399906
65871753728	65871480320	273408	512	11.592771
68370810368	68370537472	272896	512	11.110703
1692740608	1692357632	382976	512	12.109306
63507497984	63507017728	480256	512	5.175249
31585438208	31585093120	345088	512	11.883685
33049746432	33049433088	313344	512	3.429253
10003847168	10003486208	360960	512	2.944170
58375192064	58374695424	496640	512	5.279020
33664338944	33663969792	369152	512	11.133342
18083921408	18083607552	313856	512	3.830073
23455937024	23455498240	438784	512	9.784922
3328861696	3328503296	358400	512	12.489641
62067145216	62066767872	377344	512	8.604313
6308006400	6307699200	307200	512	4.248828
25237705728	25237319168	386560	512	11.096921
62441461760	62441100800	360960	512	9.095038
24069379072	24068975616	403456	512	10.640552
33581892096	33581565440	326656	512	2.972999
48869704704	48869205504	499200	512	5.053828
37613114880	37612709376	405504	512	10.087274
57405011968	57404531712	480256	512	4.361172
24662369792	24661965312	404480	512	10.655504
69110300160	69110014976	285184	512	10.572862
77576781824	77576519168	262656	512	9.254260
64644982784	64644474368	508416	512	3.891404
47120848384	47120537088	311296	512	11.975126
10586899968	10586597888	302080	512	4.274698
13122860544	13122502144	358400	512	12.258520
982467584	981945856	521728	512	9.143983
75673874432	75673401344	473088	512	2.354660
44867319296	44866999296	320000	512	2.660447
78766061056	78765597696	463360	512	10.001246
5186169856	5185748480	421376	512	11.163704
8942196224	8941928448	267776	512	3.203426
53587866624	53587494912	371712	512	9.624221
15365259776	15364911104	348672	512	12.230502
58626564096	58626061824	502272	512	5.087205
20094617600	20094234624	382976	512	11.586463
62100126720	62099767808	358912	512	9.198778
55672183296	55671743488	439808	512	7.643788
66003746304	66003341824	404480	512	7.252616
35777267200	35776808960	458240	512	8.930635
7107850752	7107404800	445952	512	10.414006
77980876288	77980499968	376320	512	4.441724
13661161472	13660739072	422400	512	1.497819
5364215296	5363951104	264192	512	3.340239
79594213376	79593941504	271872	512	8.324262
8847469568	8847147008	322560	512	3.789279
36673363456	36673036800	326656	512	12.114834
66761925632	66761567232	358400	512	8.734741
71407582208	71407188480	393728	512	6.467621
40641332736	40641022464	310272	512	12.318429
61778099712	61777818624	281088	512	11.470256
44559320064	44558809088	510976	512	4.991603
2334781952	2334330880	451072	512	10.676438
4213943296	4213570048	373248	512	12.199805
55723862528	55723544064	318464	512	11.031030
77486517760	77486025216	492544	512	8.763097
14549661184	14549315072	346112	512	12.483308
62274493440	62274211328	282112	512	11.582532
66352701952	66352360960	340992	512	9.309313
61634979328	61634512384	466944	512	5.733550
20063838720	20063465472	373248	512	11.743196
6169721344	6169390592	330752	512	3.793151
77254723072	77254342144	380928	512	2.365169
31921629184	31921161728	467456	512	8.903322
21485952000	21485648896	303104	512	4.063418
68959535616	68959244800	290816	512	10.355233
33915819520	33915479040	340480	512	11.859081
9735542272	9735278592	263680	512	3.254377
67626229760	67625798656	431104	512	5.822887
52614632448	52614306816	325632	512	1.925641
36521488384	36521105920	382464	512	10.723247
59350445568	59350031360	414208	512	7.741030
15085892096	15085496320	395776	512	11.355091
68451775488	68451307520	467968	512	2.716889
68412675584	68412397056	278528	512	10.949188
35062690816	35062264832	425984	512	9.727910
55993224192	55992862208	361984	512	9.870453
59343699456	59343211008	488448	512	3.627180
73341208576	73340754432	454144	512	3.360311
56638858240	56638394368	463872	512	6.695714
17950004224	17949511168	493056	512	8.963176
2238829568	2238540288	289280	512	0.444507
35019621376	35019203584	417792	512	9.983302
41810386944	41810089472	297472	512	12.575249
28842190336	28841761280	429056	512	9.829970
23091959296	23091532288	427008	512	10.119245
69973855232	69973390336	464896	512	2.473172
42173048832	42172563968	484864	512	7.513022
64606488064	64606155264	332800	512	9.581900
39497352192	39496942080	410112	512	9.715195
60000337920	59999841280	496640	512	5.241268
22958569984	22958297600	272384	512	2.709983
47337614848	47337245696	369152	512	10.411934
74463747072	74463475200	271872	512	10.231893
23064166400	23063751680	414720	512	10.388345
75116156928	75115678720	478208	512	11.377506
38175777792	38175469568	308224	512	12.519747
51176456192	51176018432	437760	512	8.214146
50223942656	50223428608	514048	512	4.182843
76043665920	76043185152	480768	512	11.280099
34314265600	34313820160	445440	512	9.250244
2267017216	2266732032	285184	512	4.932771
64912818688	64912384512	434176	512	6.300330
33473812480	33473500160	312320	512	12.570930
52148277760	52147858432	419328	512	8.567369
62176299520	62175797248	502272	512	4.703258
10448389120	10447918592	470528	512	9.700256
55906809856	55906410496	399360	512	8.828588
11310778368	11310514688	263680	512	3.258426
17562038784	17561572352	466432	512	9.537419
46835167744	46834774528	393216	512	9.747438
13071148544	13070637056	511488	512	8.783610
69307935744	69307531264	404480	512	4.600328
72274805760	72274332672	473088	512	3.312315
70455749120	70455383040	366080	512	7.448046
52215881216	52215591936	289280	512	12.229755
30302714368	30302234112	480256	512	8.583154
20469547520	20469255168	292352	512	2.458967
55479152128	55478860800	291328	512	2.663871
36378681344	36378392064	289280	512	13.174642
44374308352	44374045696	262656	512	2.221495
45011765760	45011415552	350208	512	11.013919
5392023040	5391559680	463360	512	10.003193
25334452224	25334169600	282624	512	2.448379
54517881344	54517573632	307712	512	11.416049
24189820928	24189403136	417792	512	10.317362
31488498176	31487976448	521728	512	7.539651
14836206080	14835773952	432128	512	10.568262
58289867776	58289480192	387584	512	8.557320
79347769344	79347373568	395776	512	2.854638
7398121984	7397753856	368128	512	12.137866
59582296064	59581786624	509440	512	4.907164
71824115712	71823713280	402432	512	5.861032
2101357056	2100908032	449024	512	10.696111
49163170816	49162872832	297984	512	3.077003
50204540928	50204256256	284672	512	12.503818
73062420992	73061903872	517120	512	10.977974
38573326848	38572979200	347648	512	11.370533
61251826176	61251483136	343040	512	9.663672
78069530112	78069215232	314880	512	7.048221
79341913088	79341542400	370688	512	13.236655
61249242112	61248855040	387072	512	8.326629
75308211200	75307805184	406016	512	4.810671
53989778944	53989407744	371200	512	9.586563
78555907072	78555386880	520192	512	7.545757
56503292416	56502823936	468480	512	6.566823
41429135360	41428615680	519680	512	15.119551
55597308416	55596822528	485888	512	6.290729
17721896448	17721422336	474112	512	9.405369
36489702400	36489339904	362496	512	11.319266
74899345408	74898891776	453632	512	3.392105
54648306176	54648007680	298496	512	11.715788
4015064576	4014798848	265728	512	5.278299
42581406208	42581042176	364032	512	10.759986
5467708416	5467335680	372736	512	11.973408
8946770944	8946273792	497152	512	9.112269
28493104640	28492784128	320512	512	12.679869
45929849344	45929343488	505856	512	6.705153
67839587328	67839278080	309248	512	9.911533
2976315904	2975987200	328704	512	13.180010
76465042432	76464764416	278016	512	9.565058
57911123456	57910826496	296960	512	11.626985
66673743872	66673316864	427008	512	6.527808
73524460544	73524110848	349696	512	7.278065
45007440896	45007007744	433152	512	8.900774
44682257920	44681832960	424960	512	9.095964
69119837696	69119340544	497152	512	3.380829
39150471680	39150009856	461824	512	8.410043
6009541120	6009115136	425984	512	10.825787
57510737920	57510470656	267264	512	12.491584
67516063744	67515642880	420864	512	6.157075
10468016640	10467712000	304640	512	2.337141
73103712256	73103423488	288768	512	9.955957
67662804992	67662292480	512512	512	3.068432
45568624128	45568262144	361984	512	10.566479
50214111232	50213806592	304640	512	11.896031
2675170304	2674722816	447488	512	1.313465
77805183488	77804908544	274944	512	8.717481
843593216	843239936	353280	512	12.811874
8540846080	8540352000	494080	512	9.175949
63206711808	63206301184	410624	512	5.599350
1797208064	1796702208	505856	512	9.482083
34878886400	34878589952	296448	512	13.004196
53948191232	53947678720	512512	512	3.688397
5050373632	5050031104	342528	512	12.861397
23469234176	23468782592	451584	512	9.537148
37117991424	37117504512	486912	512	8.003905
72470985216	72470461440	523776	512	10.743199
75484230144	75483954688	275456	512	9.867051
23488161280	23487886336	274944	512	2.642213
66978377216	66977944576	432640	512	5.716246
72228080640	72227781632	299008	512	9.597498
31844432896	31844059648	373248	512	1.906461
2089229824	2088957952	271872	512	3.360905
73217846784	73217548800	297984	512	9.659866
16814688768	16814425088	263680	512	3.182522
48833638400	48833231360	407040	512	9.364310
69487755264	69487411712	343552	512	8.570888
50342819840	50342443008	376832	512	9.881706
42671944192	42671493632	450560	512	14.998634
47168066048	47167657472	408576	512	9.355596
79611867136	79611344384	522752	512	6.534141
68184641024	68184331264	309760	512	9.888481
12924626944	12924258816	368128	512	12.020046
36721761280	36721480704	280576	512	4.027758
31897430528	31896981504	449024	512	9.362531
55926722048	55926199808	522240	512	5.259559
11468220416	11467777536	442880	512	10.287594
44394017792	44393569280	448512	512	8.547555
68720005120	68719718400	286720	512	1.455586
41329990656	41329467904	522752	512	6.819640
74231387136	74231073792	313344	512	8.637018
48722294272	48721872896	421376	512	8.978615
44573516288	44573054976	461312	512	8.162742
34956719104	34956243456	475648	512	8.492620
54501223424	54500816896	406528	512	8.610324
17353385472	17353023488	361984	512	2.711600
14828519424	14828038144	481280	512	9.413890
47982508032	47982225920	282112	512	3.453796
8213704192	8213342208	361984	512	12.258674
24832867840	24832563712	304128	512	3.817579
47221041152	47220661248	379904	512	12.038977
22490638336	22490270208	368128	512	11.747992
13231217664	13230744064	473600	512	9.622795
17537451008	17537170944	280064	512	2.776459
29039377408	29038925824	451584	512	9.268792
27044536832	27044032512	504320	512	8.237384
35331339776	35330826752	513024	512	7.593111
13788083200	13787629056	454144	512	11.859917
61919665152	61919329280	335872	512	9.865373
31649065472	31648604160	461312	512	9.022711
165452800	164940288	512512	512	9.326495
1572246016	1571781120	464896	512	10.324579
70614984192	70614525440	458752	512	4.177225
13617183744	13616780288	403456	512	11.193756
72382999552	72382494208	505344	512	11.427693
60636805120	60636459008	346112	512	9.809610
7757479424	7757150720	328704	512	13.071412
40125659136	40125296128	363008	512	10.965388
75928594944	75928071680	523264	512	9.621349
58759367680	58758843904	523776	512	4.449278
49442250752	49441747456	503296	512	6.406772
33523900928	33523528192	372736	512	11.061157
26259272192	26258934272	337920	512	12.250553
70891047424	70890542080	505344	512	11.766451
1618587136	1618227712	359424	512	12.613941
71014020608	71013685760	334848	512	8.584469
75341882368	75341507584	374784	512	4.200897
5437855232	5437530624	324608	512	13.112451
58784564736	58784241664	323072	512	10.556178
38260487680	38260075008	412672	512	9.918077
27769455616	27769181696	273920	512	2.687392
52740655616	52740379648	275968	512	12.571679
26197462016	26197034496	427520	512	10.087818
27102953984	27102446080	507904	512	8.114490
58047573504	58047113216	460288	512	13.174130
23376718848	23376326656	392192	512	10.961710
52102544384	52102102016	442368	512	7.883015
49936308224	49935917056	391168	512	9.504726
62824670208	62824226816	443392	512	6.325120
9146062848	9145618944	443904	512	10.297015
9921852928	9921451520	401408	512	11.334876
57794378752	57794020864	357888	512	9.801554
23964730368	23964343808	386560	512	12.922675
183767552	183303168	464384	512	10.340392
52707442176	52707104768	337408	512	10.870316
30302579200	30302270464	308736	512	12.788280
79776240128	79775786496	453632	512	9.496066
2839278592	2838923776	354816	512	12.592991
17992028160	17991746048	282112	512	4.566250
5686231552	5685822976	408576	512	11.237295
74757515776	74757231104	284672	512	9.681668
18597069824	18596659712	410112	512	10.889760
36117024256	36116754944	269312	512	2.551644
31305541632	31305113600	428032	512	9.840744
23769861632	23769556480	305152	512	3.755352
28664036864	28663635968	400896	512	10.728963
74305427456	74305096192	331264	512	7.927694
4798625792	4798226944	398848	512	2.373233
3280961024	3280675328	285696	512	4.868823
66959459840	66959099392	360448	512	8.192775
43835379200	43835009536	369664	512	10.565147
8862471168	8862116352	354816	512	12.340042
25840367616	25839846400	521216	512	7.819683
8995804672	8995483648	321024	512	13.076951
67266088448	67265671168	417280	512	6.337946
53355772928	53355444736	328192	512	10.838774
30065851904	30065462272	389632	512	10.716828
24221938688	24221623296	315392	512	3.507402
27962833408	27962457088	376320	512	11.347898
49342901760	49342418944	482816	512	6.867270
2436296704	2435980288	316416	512	4.271858
8113536000	8113028608	507392	512	9.026199
40916128256	40915849216	279040	512	13.145857
34384498176	34384039424	458752	512	8.926137
10278292992	10277958656	334336	512	3.531041
28636557824	28636151808	406016	512	12.467178
73339904	73050624	289280	512	3.021191
36953888768	36953469440	419328	512	9.748955
25424459264	25424114176	345088	512	2.773136
12062093312	12061787648	305664	512	2.311442
36786021376	36785581056	440320	512	9.201480
10287434752	10287168512	266240	512	3.194846
34790329344	34789947392	381952	512	10.901894
69144992768	69144491520	501248	512	3.248096
54351789568	54351418880	370688	512	9.605410
66035174912	66034880512	294400	512	10.832634
24213277184	24212800000	477184	512	8.924395
49692013056	49691511808	501248	512	6.469816
4904297472	4903790080	507392	512	9.278636
24819145216	24818870272	274944	512	2.680203
7359288832	7358887424	401408	512	11.386021
35872323072	35871984128	338944	512	2.653154
34713179136	34712689152	489984	512	8.179036
52547334656	52546832896	501760	512	4.439970
38328413696	38327964160	449536	512	8.984693
12539011584	12538702848	308736	512	4.135812
19604606976	19604256768	350208	512	12.271572
49168889344	49168404992	484352	512	7.297453
79299203072	79298810368	392704	512	12.196848
41907092480	41906780160	312320	512	2.829029
41899342336	41898958336	384000	512	10.211835
36233257984	36232871424	386560	512	10.744447
73828720128	73828456960	263168	512	10.499904
32291569664	32291055616	514048	512	7.744732
22445984768	22445623296	361472	512	2.799425
733749248	733246976	502272	512	9.473905
49628861952	49628375040	486912	512	6.828555
610308608	609887232	421376	512	11.287906
77276466176	77276019712	446464	512	12.572334
76236719616	76236378624	340992	512	5.251758
64300628992	64300318720	310272	512	10.271128
31310588928	31310258688	330240	512	12.244102
41020937728	41020527616	410112	512	9.725962
48700151296	48699692032	459264	512	6.097087
32602803200	32602512384	290816	512	13.109816
42873058304	42872654336	403968	512	9.640776
15582047232	15581632000	415232	512	10.757440
54516929536	54516563968	365568	512	9.790263
30435731456	30435271168	460288	512	9.037119
12938659328	12938245632	413696	512	10.980601
18866212352	18865716736	495616	512	8.864883
3979656192	3979169792	486400	512	9.712077
18546601984	18546142208	459776	512	9.738039
17796383744	17795992576	391168	512	11.386148
18692324352	18691902976	421376	512	10.605310
14729261056	14728931328	329728	512	3.644968
14667244032	14666923520	320512	512	13.091230
51836349952	51835979776	370176	512	9.929491
36122571776	36122214912	356864	512	2.236035
72221716480	72221394944	321536	512	8.784051
49380196352	49379727360	468992	512	5.468114
24809858048	24809475072	382976	512	11.164969
44329031680	44328566272	465408	512	8.046369
49702836736	49702342144	494592	512	6.606871
11311884800	11311470592	414208	512	10.956053
55002915840	55002452992	462848	512	6.937938
24676427776	24675910144	517632	512	7.921786
49053848064	49053490688	357376	512	10.742129
79602180096	79601729536	450560	512	9.664675
36119654400	36119143424	510976	512	7.647420
7823942144	7823657984	284160	512	2.898079
14535455744	14534988288	467456	512	9.720784
60688171008	60687690752	480256	512	3.927106
15166400512	15166103040	297472	512	4.320791
65930684928	65930362880	322048	512	9.988042
29072728064	29072395264	332800	512	12.255894
14176390656	14175986688	403968	512	11.228411
61843966976	61843454976	512000	512	2.540863
50164743168	50164340736	402432	512	9.088144
48619837952	48619326976	510976	512	4.723844
24234034176	24233647616	386560	512	12.843158
55698848256	55698448896	399360	512	8.787049
35986078208	35985782784	295424	512	3.753635
12397870592	12397492224	378368	512	11.698795
11959035904	11958706688	329216	512	12.918044
42472903680	42472517120	386560	512	10.148210
32050897408	32050601472	295936	512	13.097044
6153416192	6152923136	493056	512	9.343388
48614348800	48614083584	265216	512	3.871241
56384723456	56384348672	374784	512	9.202036
67552114176	67551676928	437248	512	5.623166
23476906496	23476412416	494080	512	8.519520
57308221952	57307733504	488448	512	6.003236
56592157696	56591891968	265728	512	12.535754
25081575424	25081086464	488960	512	8.637845
8850337792	8850054656	283136	512	2.831455
16967186432	16966678016	508416	512	8.668669
36523141120	36522655744	485376	512	8.144621
41275974144	41275489280	484864	512	7.829152
5808604160	5808186368	417792	512	11.015769
12970248192	12969890816	357376	512	2.999995
27727491072	27727079424	411648	512	10.500871
654932480	654605824	326656	512	3.995167
35999031808	35998757376	274432	512	4.245546
59507721728	59507259904	461824	512	6.326632
48353420288	48353081344	338944	512	11.188707
74706664448	74706356224	308224	512	8.825409
33715603968	33715192832	411136	512	10.124360
66729545216	66729084928	460288	512	5.446262
15364449280	15364018176	431104	512	10.401357
73291893248	73291560960	332288	512	7.985398
52302954496	52302618112	336384	512	10.895247
51824902656	51824516096	386560	512	9.501208
31779065344	31778606592	458752	512	9.120263
50515354624	50515054592	300032	512	2.742528
68328267776	68327792640	475136	512	2.422514
20166664704	20166391808	272896	512	4.803331
35984303104	35983979008	324096	512	3.034618
22970370560	22969995264	375296	512	11.320348
6883494912	6883158016	336896	512	8.253663
48833989632	48833706496	283136	512	12.628577
2110432768	2110111232	321536	512	2.305764
7588674048	7588345344	328704	512	3.704289
56552383488	56552036352	347136	512	10.166249
2762629632	2762310144	319488	512	8.756520
16445551616	16445198848	352768	512	12.214129
59826124288	59825799680	324608	512	12.293138
54874244608	54873837056	407552	512	8.579175
73163146240	73162863104	283136	512	10.172266
73331633152	73331182592	450560	512	3.498664
22482705920	22482441728	264192	512	3.137680
50996213248	50995923968	289280	512	12.355495
16636908032	16636570112	337920	512	3.285703
24160235520	24159718400	517120	512	7.957090
64568020992	64567578624	442368	512	6.004963
31947673600	31947255808	417792	512	10.100353
78582213120	78581827584	385536	512	2.190637
52453613568	52453291008	322560	512	11.276851
33860210688	33859711488	499200	512	7.956334
57542022144	57541720576	301568	512	11.466951
29982142464	29981814272	328192	512	12.317528
34697280512	34696856576	423936	512	9.798194
13821565440	13821230080	335360	512	12.738180
5100668416	5100170752	497664	512	4.866403
60651945472	60651485184	460288	512	6.358493
17166942720	17166481408	461312	512	9.707647
39825387520	39824878592	508928	512	7.161786
22590235136	22589851136	384000	512	11.462088
77774068224	77773777920	290304	512	8.057519
74618557440	74618222080	335360	512	7.742853
75933757440	75933360128	397312	512	16.319658
55298984448	55298467840	516608	512	5.392981
26407617024	26407110656	506368	512	8.206195
9064731136	9064389120	342016	512	12.629183
66850323456	66850029056	294400	512	10.426916
18323512832	18323107840	404992	512	1.732963
38522893312	38522537984	355328	512	11.018680
42654137344	42653754880	382464	512	10.238427
4404762112	4404265984	496128	512	9.504325
7151770624	7151426560	344064	512	12.657358
46589481472	46589218816	262656	512	4.035781
21100965888	21100475904	489984	512	9.032643
69212829696	69212450304	379392	512	7.297384
55233906688	55233410048	496640	512	4.129056
60195076608	60194553344	523264	512	2.607410
43566624768	43566190592	434176	512	8.863938
56862287872	56861786624	501248	512	5.573086
57551371776	57550999552	372224	512	9.431623
74908291072	74907907584	383488	512	6.003243
77191838720	77191327744	510976	512	7.979964
15792505344	15792003584	501760	512	8.755822
5571821056	5571424768	396288	512	11.494354
15445561344	15445291520	269824	512	3.005620
44014973952	44014483456	490496	512	7.318519
12720220160	12719807488	412672	512	11.006862
71874538496	71874199040	339456	512	8.225773
21381528576	21381052416	476160	512	9.343775
56248399360	56247993344	406016	512	8.407902
2942835200	2942567424	267776	512	3.376013
18566554624	18566057472	497152	512	8.870595
45494170624	45493658112	512512	512	6.627300
24352932864	24352643584	289280	512	4.150340
20600559616	20600067072	492544	512	8.991113
20892002304	20891624960	377344	512	11.651322
16114562560	16114152448	410112	512	10.902500
7212490240	7212054016	436224	512	10.631086
19879075840	19878610944	464896	512	9.635941
8919226368	8918951424	274944	512	3.042276
52433519616	52433055232	464384	512	7.260010
55862174720	55861819904	354816	512	10.160557
71564096512	71563617280	479232	512	12.749052
37206135296	37205650432	484864	512	8.085945
66817449472	66817134080	315392	512	9.710573
18490381312	18489909760	471552	512	9.477032
63197910016	63197472768	437248	512	6.566234
23378082304	23377697792	384512	512	11.126833
18089247744	18088728064	519680	512	6.485764
75091595264	75091169792	425472	512	2.577050
38481534464	38481162752	371712	512	10.965739
67803073536	67802673152	400384	512	6.862660
20816032768	20815577600	455168	512	9.818345
75976734720	75976223744	510976	512	10.118822
62604211712	62603896320	315392	512	10.553167
43494516736	43494214144	302592	512	3.083332
1557598720	1557182976	415744	512	11.415255
35365481472	35364981248	500224	512	7.898990
31147399168	31146966528	432640	512	9.742037
28951441920	28950924288	517632	512	5.798634
4822882304	4822578176	304128	512	4.455774
60547467776	60547043328	424448	512	7.439977
79082309120	79081946624	362496	512	4.353361
66984191488	66983900672	290816	512	10.565302
59718085632	59717670912	414720	512	7.724676
53601719296	53601401856	317440	512	11.159905
40884583936	40884315136	268800	512	4.115719
8594179584	8593737216	442368	512	10.327158
61924232192	61923844608	387584	512	8.262593
10012797440	10012323840	473600	512	9.620470
45957759488	45957312512	446976	512	8.270017
34918879744	34918399488	480256	512	8.416357
50023413248	50022896640	516608	512	6.023737
35447655424	35447385088	270336	512	2.521801
69463692288	69463418880	273408	512	10.953398
15717656576	15717350400	306176	512	3.955968
28640873472	28640431104	442368	512	9.738526
26996168704	26995772928	395776	512	10.870212
78063865344	78063428096	437248	512	12.942374
9567939584	9567461888	477696	512	9.500551
75950476288	75950148096	328192	512	7.849679
14833725440	14833235456	489984	512	9.267757
66643604992	66643289088	315904	512	10.178837
17591015936	17590644736	371200	512	11.816218
75800402432	75799932928	469504	512	11.710550
37051184128	37050729984	454144	512	8.875598
50132625408	50132291072	334336	512	11.040726
41695711744	41695428608	283136	512	3.763106
3037835776	3037330944	504832	512	9.232069
26568360960	26567908864	452096	512	9.511070
38043043328	38042779136	264192	512	2.556973
49903941632	49903565824	375808	512	9.901491
1712633344	1712296448	336896	512	13.090964
60747480576	60746963968	516608	512	2.809525
40310550528	40310150656	399872	512	10.024458
78286940160	78286519808	420352	512	11.832938
41189615104	41189223936	391168	512	10.209465
8876991488	8876703744	287744	512	4.572809
70877783552	70877271552	512000	512	2.319619
70263276544	70262957568	318976	512	9.070843
17515487232	17515180032	307200	512	2.152731
23189427712	23188974592	453120	512	9.449904
29289448960	29289077760	371200	512	1.986877
78835551232	78835185152	366080	512	4.851213
52350420480	52349908992	511488	512	5.949608
30699238400	30698848256	390144	512	10.765766
20025061888	20024788992	272896	512	4.778402
35259194880	35258731520	463360	512	8.781555
47690921984	47690409984	512000	512	6.501137
11607710720	11607316992	393728	512	11.423261
2004675072	2004294656	380416	512	2.886192
33715633664	33715251712	381952	512	10.838422
68880782848	68880441344	341504	512	8.876615
12310245376	12309748224	497152	512	9.114118
24516668416	24516204032	464384	512	9.232751
66563360768	66563075584	285184	512	11.141540
61154205184	61153910272	294912	512	11.158258
51093532672	51093062144	470528	512	18.400329
14790032384	14789605376	427008	512	10.698796
72584387584	72583919616	467968	512	3.500830
995627520	995353088	274432	512	5.137321
62841461760	62840984064	477696	512	3.423428
28693812736	28693512192	300544	512	3.883643
40556543488	40556104704	438784	512	9.039848
55721660928	55721217536	443392	512	7.532546
55713108480	55712687616	420864	512	8.219630
8249555968	8249045504	510464	512	8.958631
29949962752	29949600768	361984	512	11.504885
31151480320	31151170048	310272	512	3.496002
11645891584	11645559808	331776	512	3.577042
32799681536	32799245824	435712	512	9.657389
64356229632	64355829248	400384	512	5.551216
43132179968	43131747840	432128	512	8.916849
7874658816	7874152448	506368	512	9.047905
45843122176	45842752512	369664	512	10.405881
70844974592	70844517888	456704	512	4.266364
7234820096	7234502144	317952	512	2.153293
46673337344	46673015808	321536	512	11.576731
11048521728	11048044544	477184	512	9.533754
17980929024	17980627456	301568	512	2.273444
5293114880	5292721664	393216	512	11.744981
35385081856	35384615936	465920	512	8.736349
40489436160	40489169920	266240	512	4.207588
48452521984	48452030976	491008	512	7.093205
39303011840	39302583296	428544	512	9.261588
65953910784	65953463808	446976	512	5.872522
21106803712	21106378752	424960	512	10.526136
41322591744	41322188288	403456	512	9.904294
67595797504	67595471872	325632	512	9.428692
27196984320	27196554752	429568	512	10.064572
65717038592	65716707328	331264	512	9.648991
28238841344	28238508032	333312	512	12.299800
18329007104	18328627200	379904	512	11.606215
69368771584	69368325632	445952	512	5.041247
34818900992	34818490880	410112	512	10.157942
17178518528	17178205184	313344	512	3.860661
45404164096	45403672064	492032	512	13.641055
45247227392	45246829056	398336	512	9.550270
25481184768	25480882688	302080	512	13.044009
13476563968	13476056064	507904	512	8.863350
36447991808	36447557632	434176	512	9.472810
39706330112	39706011648	318464	512	12.101278
24828556288	24828254720	301568	512	13.139866
79171567616	79171273728	293888	512	7.371923
6500248064	6499748352	499712	512	9.182553
57267416576	57266914304	502272	512	5.572140
3285519360	3285077504	441856	512	10.664450
65887756288	65887396864	359424	512	8.708665
30881687552	30881358336	329216	512	3.038411
40967308288	40966981120	327168	512	11.904824
7726821376	7726328320	493056	512	9.321503
55693371904	55692896768	475136	512	6.625938
65487688192	65487340544	347648	512	9.089508
42510738432	42510258176	480256	512	14.194779
2477006848	2476518912	487936	512	9.832707
30930223616	30929943040	280576	512	2.369217
22222227456	22221769728	457728	512	9.686967
66215759872	66215288832	471040	512	5.087045
5220022784	5219694592	328192	512	13.177617
16468435968	16468102656	333312	512	12.649642
9121073152	9120774144	299008	512	2.468977
47734360064	47733897728	462336	512	7.907712
74034201088	74033892352	308736	512	8.801414
34500800512	34500397056	403456	512	10.310137
26156512256	26156084736	427520	512	10.087423
6602787840	6602299392	488448	512	9.442035
29412455424	29412123648	331776	512	12.254497
14517848576	14517324288	524288	512	8.475127
55776103424	55775750656	352768	512	10.156045
70343301632	70342852096	449536	512	2.686423
55729435136	55729136640	298496	512	11.724582
77917220352	77916886016	334336	512	6.210274
14586507264	14586007040	500224	512	9.019083
19440464896	19440085504	379392	512	11.609158
53600459264	53600086528	372736	512	9.561647
74797899264	74797376512	522752	512	10.017112
64359366656	64358987776	378880	512	8.123877
27714124288	27713682944	441344	512	9.733229
13764791808	13764335104	456704	512	10.029531
1854683648	1854217216	466432	512	10.297836
55383480832	55383067136	413696	512	8.390620
62448749568	62448474624	274944	512	11.800641
74223775232	74223455232	320000	512	8.372406
32471433216	32471104000	329216	512	12.274854
15916187648	15915680256	507392	512	8.619408
50490927104	50490489856	437248	512	8.207801
71058790912	71058270208	520704	512	13.060914
69684007936	69683601408	406528	512	4.518166
3248664576	3248234496	430080	512	10.833103
45463392256	45462955008	437248	512	8.572186
72517030400	72516725248	305152	512	9.363463
25332077056	25331608576	468480	512	9.105588
62596713984	62596236800	477184	512	5.470532
73769477120	73769038848	438272	512	3.947178
42634679296	42634187776	491520	512	7.335140
60723059200	60722773504	285696	512	11.688167
11812345344	11811927040	418304	512	10.893972
65084097536	65083624448	473088	512	5.056426
20138451456	20138124288	327168	512	3.546058
78105858048	78105573888	284160	512	8.346667
5190994432	5190707200	287232	512	2.951015
61769739776	61769296384	443392	512	6.580055
56924281856	56923782144	499712	512	3.776949
79917813760	79917317120	496640	512	7.663559
8107223552	8106845184	378368	512	2.649393
49562862592	49562480128	382464	512	9.742259
68316545536	68316027904	517632	512	12.117262
33206074368	33205773312	301056	512	3.589356
65530696704	65530365440	331264	512	9.768186
78045070848	78044617216	453632	512	10.282230
28300661248	28300378624	282624	512	2.486687
31933600768	31933215744	385024	512	1.674199
55007898112	55007456768	441344	512	7.586859
74744116224	74743819776	296448	512	9.259936
39449652736	39449300480	352256	512	11.242250
53023192576	53022673408	519168	512	3.882948
78036503552	78036024832	478720	512	9.344849
69601881088	69601413120	467968	512	4.289900
6828611072	6828245504	365568	512	12.177994
49236870656	49236527104	343552	512	1.848253
32804706816	32804361728	345088	512	11.900816
26051637248	26051160064	477184	512	8.964526
8779597824	8779111424	486400	512	9.277311
20947165184	20946881536	283648	512	4.535197
42842501632	42842035200	466432	512	8.019114
67793412096	67792924672	487424	512	13.154456
33234987008	33234501120	485888	512	8.246493
31189648384	31189145088	503296	512	7.942681
78002828800	78002477056	351744	512	5.447880
42114972672	42114572288	400384	512	9.773001
43566191104	43565794816	396288	512	9.881077
10414536192	10414025216	510976	512	8.660167
60313036288	60312740864	295424	512	2.136670
73286599168	73286087680	511488	512	11.194565
43568867328	43568354816	512512	512	4.893966
39931040256	39930700288	339968	512	2.303051
7977951744	7977621504	330240	512	3.697162
33301165056	33300836864	328192	512	12.194795
69484660736	69484186624	474112	512	2.220741
50030918144	50030502912	415232	512	8.816720
71821232640	71820743680	488960	512	11.957288
63314604544	63314195968	408576	512	7.418320
13096424448	13096110592	313856	512	2.133197
68204170752	68203662336	508416	512	12.451921
44233825280	44233544704	280576	512	3.677022
56769551360	56769159680	391680	512	8.798692
10123455488	10122997248	458240	512	9.988104
42579471360	42579081216	390144	512	10.033472
26299398656	26299005952	392704	512	10.947948
16626044928	16625603072	441856	512	10.147603
30248333312	30247918080	415232	512	10.087218
20469274624	20468789248	485376	512	9.101222
69712577024	69712243200	333824	512	8.946143
30236872704	30236412928	459776	512	9.041459
50757763072	50757283328	479744	512	5.192773
32265022976	32264588288	434688	512	9.678882
78203459584	78203191808	267776	512	9.029153
21716573184	21716093952	479232	512	9.270838
14649481728	14649189888	291840	512	4.487092
41547746816	41547476480	270336	512	2.229317
1138079744	1137720832	358912	512	3.343776
54112719872	54112318464	401408	512	8.736484
27051515904	27051108352	407552	512	10.581521
32649665536	32649378304	287232	512	2.195126
44887393280	44886884864	508416	512	6.869151
70080706048	70080184320	521728	512	11.790019
38099653120	38099316736	336384	512	11.825922
592884736	592366080	518656	512	4.573292
47582043136	47581556224	486912	512	7.216536
56116388864	56116041216	347648	512	10.046800
72616865792	72616492544	373248	512	6.927142
55474272256	55473930752	341504	512	10.505642
78120631808	78120173568	458240	512	12.043976
42570833408	42570396160	437248	512	8.797226
18073991168	18073572352	418816	512	10.673064
15023966208	15023653376	312832	512	2.191845
68431440896	68431116288	324608	512	9.434713
4432618496	4432319488	299008	512	2.650107
32346696704	32346189824	506880	512	7.927037
43163116032	43162781696	334336	512	11.536679
61508920832	61508540928	379904	512	8.523154
3699602432	3699113472	488960	512	9.662444
69801602048	69801194496	407552	512	4.531558
74035456512	74035148288	308224	512	8.831118
32178752512	32178356736	395776	512	10.658905
25161994240	25161477632	516608	512	7.916150
31976347136	31976062464	284672	512	2.268895
57963002880	57962736640	266240	512	3.251818
7345994752	7345720832	273920	512	4.947783
47827048448	47826634240	414208	512	9.166347
44648427008	44648124928	302080	512	12.317012
55501338624	55500834304	504320	512	5.781057
49611970560	49611662336	308224	512	11.745719
68477938688	68477462016	476672	512	4.290679
69688004608	69687642624	361984	512	7.904253
56657314304	56656914432	399872	512	8.561647
64536100864	64535699456	401408	512	7.359033
61423274496	61422799872	474624	512	5.608059
68932206080	68931840512	365568	512	8.018125
45000652288	45000143360	508928	512	6.888035
63263413248	63262958592	454656	512	5.927380
1443869696	1443428352	441344	512	10.815628
66474350080	66474004480	345600	512	9.153072
11673466368	11672994304	472064	512	9.661238
45788140544	45787770368	370176	512	10.368152
57937390080	57936980992	409088	512	8.304212
58633411072	58632944640	466432	512	6.165967
77130441216	77129988608	452608	512	12.329474
16284802560	16284360704	441856	512	10.135435
47609973760	47609563136	410624	512	9.329771
33482320384	33481953792	366592	512	11.259264
73484515328	73484032000	483328	512	11.530534
16906908672	16906467328	441344	512	7.286765
37589268480	37588789760	478720	512	8.240058
6352905728	6352563712	342016	512	12.686640
78315346944	78314880512	466432	512	9.855765
26208637952	26208237056	400896	512	10.747493
29920620544	29920236032	384512	512	10.926073
77004287488	77003862016	425472	512	2.334816
11713391104	11712956928	434176	512	10.500653
55679934976	55679450112	484864	512	6.393736
37151011840	37150589440	422400	512	9.679745
32866656256	32866138624	517632	512	7.574949
18407006720	18406718464	288256	512	4.441674
45532125696	45531662848	462848	512	7.856139
48308298752	48307935744	363008	512	10.518844
65903255040	65902864896	390144	512	7.751088
32202967040	32202643456	323584	512	12.360432
54410755584	54410386944	368640	512	9.702726
74771226112	74770724864	501248	512	10.872300
38335457280	38334988800	468480	512	8.472180
35826497536	35826186752	310784	512	12.630515
36938337792	36937972224	365568	512	11.111194
7596426240	7595949056	477184	512	9.690168
36699725312	36699202048	523264	512	7.113713
5479961600	5479678464	283136	512	2.900162
25382791168	25382435840	355328	512	2.529962
50911966720	50911512576	454144	512	7.746217
9027051008	9026725888	325120	512	12.987288
62806834176	62806561280	272896	512	11.957234
34216578560	34216076288	502272	512	7.894337
26129298432	26128833536	464896	512	9.269645
62549780992	62549480448	300544	512	11.016726
1627827712	1627514880	312832	512	2.523829
70815678464	70815233024	445440	512	2.779642
16343432192	16343021056	411136	512	1.595273
25368347136	25367996416	350720	512	11.950051
41080598016	41080292864	305152	512	12.460148
73275530752	73275182080	348672	512	7.816437
61219885056	61219558912	326144	512	10.198053
40197702656	40197194240	508416	512	5.327273
40689727488	40689445376	282112	512	13.117326
7336453632	7335946752	506880	512	9.029861
54791139328	54790635008	504320	512	3.923203
5732758528	5732344832	413696	512	11.118071
19151211520	19150803968	407552	512	10.930866
73626417664	73625988608	429056	512	2.454597
55673052160	55672729088	323072	512	1.730827
60722646528	60722154496	492032	512	5.396049
11221044736	11220592640	452096	512	10.115403
36363303424	36363024896	278528	512	4.137793
73699168768	73698697728	471040	512	11.960344
57358791168	57358277120	514048	512	5.235589
47223659008	47223209984	449024	512	8.251768
15527814656	15527464448	350208	512	12.277278
41764533248	41764077568	455680	512	8.544103
38281520128	38281007616	512512	512	7.358870
32247091712	32246661632	430080	512	9.822122
10996210688	10995927040	283648	512	2.835884
21481128448	21480686592	441856	512	10.106924
31663226880	31662706688	520192	512	7.631802
42792564224	42792135168	429056	512	9.040955
52361609216	52361234944	374272	512	9.823539
54861822976	54861361152	461824	512	7.013110
68655458304	68655019008	439296	512	5.530380
2253145088	2252666368	478720	512	10.022395
55670623744	55670231552	392192	512	9.035685
69427240960	69426823168	417792	512	6.030385
72061803520	72061370368	433152	512	2.934848
40835801088	40835321344	479744	512	7.921494
49588561408	49588191232	370176	512	10.068560
70942666752	70942325248	341504	512	8.247824
70451698688	70451426304	272384	512	10.752341
8330610176	8330144256	465920	512	9.942952
79289461760	79289120768	340992	512	5.206105
67700354048	67699956224	397824	512	6.942788
56677074432	56676690944	383488	512	9.025884
27117147648	27116809216	338432	512	12.209664
70484761600	70484423680	337920	512	8.453157
68783682560	68783325696	356864	512	8.327736
28417121280	28416716288	404992	512	10.609383
8307209216	8306817024	392192	512	11.616054
79957399552	79956875264	524288	512	6.453929
4733855232	4733341184	514048	512	9.121301
73604914688	73604544000	370688	512	6.462522
16633928704	16633661440	267264	512	4.881298
58528997376	58528719872	277504	512	11.888956
62014235648	62013727232	508416	512	4.508109
18779991040	18779677696	313344	512	13.113842
59820986368	59820597248	389120	512	8.536256
41448354304	41447937536	416768	512	9.599636
71461039616	71460536320	503296	512	11.903044
4724999168	4724603392	395776	512	2.401552
11672809472	11672543232	266240	512	5.086740
29942452224	29942132224	320000	512	12.514421
19273589760	19273187840	401920	512	11.077844
57522546688	57522157056	389632	512	8.889877
25211566592	25211241984	324608	512	3.318405
48967875072	48967593984	281088	512	12.658800
79597356032	79596989440	366592	512	4.191551
26046724096	26046265856	458240	512	9.372588
367768064	367432704	335360	512	3.875574
79528325120	79527859712	465408	512	10.862131
68140847104	68140547072	300032	512	10.356672
9622663680	9622291456	372224	512	2.646627
79244260352	79243930112	330240	512	5.809922
45215354880	45214974976	379904	512	10.118927
8537171968	8536675328	496640	512	9.279205
79714834944	79714539520	295424	512	7.288828
76434898944	76434424832	474112	512	13.028956
12436315136	12435995136	320000	512	13.114749
41793408000	41793074176	333824	512	11.742053
22058724352	22058332160	392192	512	11.263509
16350910976	16350504448	406528	512	11.007532
3424621568	3424171520	450048	512	12.363802
68887214592	68886845952	368640	512	7.909056
46898259968	46897827328	432640	512	8.701769
28324167168	28323745792	421376	512	10.247269
13835835392	13835426304	409088	512	11.087007
38478918656	38478415360	503296	512	7.627943
65627755008	65627436544	318464	512	10.072466
74469076480	74468655104	421376	512	4.606217
17570317824	17569825280	492544	512	8.968006
7914641920	7914134016	507904	512	8.966288
1677403648	1677058560	345088	512	3.695275
73835506176	73835067392	438784	512	13.175881
61094281728	61093811712	470016	512	3.824130
73414470656	73414055424	415232	512	4.839338
28581070336	28580788224	282112	512	2.438559
64384905216	64384398848	506368	512	3.943252
13910665216	13910289920	375296	512	11.850290
67147040768	67146651648	389120	512	5.333726
31195386368	31195091968	294400	512	3.863038
74541540352	74541145088	395264	512	5.575465
32544847872	32544345088	502784	512	8.026012
853880832	853549056	331776	512	13.188800
64319736320	64319321600	414720	512	6.926553
71515316736	71514916864	399872	512	6.285506
51066443264	51065950720	492544	512	4.842751
4751033344	4750626816	406528	512	11.453821
10543270912	10542858240	412672	512	8.116327
27720518144	27720227328	290816	512	4.112030
31616941568	31616434176	507392	512	7.898534
25083020288	25082636288	384000	512	11.122488
29530503680	29530181632	322048	512	12.506602
69200863232	69200500224	363008	512	7.893302
54397178368	54396859392	318976	512	8.253849
25825521152	25825224192	296960	512	2.158814
36664366080	36663928832	437248	512	9.277641
1944649728	1944262656	387072	512	12.010603
78433882624	78433398784	483840	512	9.102276
45744358400	45743917568	440832	512	8.387010
30453979648	30453581824	397824	512	10.601550
77483232256	77482967040	265216	512	9.079823
26084203520	26083823616	379904	512	11.247745
1885742592	1885287936	454656	512	10.570871
69951769088	69951400960	368128	512	7.667343
58765992960	58765701120	291840	512	11.497695
22946787840	22946355712	432128	512	9.986875
7272723456	7272221184	502272	512	9.124880
23876077056	23875566080	510976	512	5.189066
78422582784	78422213632	369152	512	4.706219
52720710656	52720298496	412160	512	8.781786
72039263232	72038908416	354816	512	5.726557
49773628928	49773293056	335872	512	12.883243
55736612352	55736345600	266752	512	12.657734
45755703808	45755351552	352256	512	10.863484
4752658432	4752352256	306176	512	2.533692
65435148288	65434748928	399360	512	7.392492
75099500544	75099219968	280576	512	9.907859
78936914432	78936498176	416256	512	11.203877
62002176000	62001654784	521216	512	2.190398
10306535424	10306062848	472576	512	9.639536
4837274624	4836831744	442880	512	10.674482
45730381312	45729874944	506368	512	6.710028
60401859584	60401482752	376832	512	8.802314
33861274112	33860817408	456704	512	8.994269
13566658048	13566133760	524288	512	6.621985
8982924800	8982532096	392704	512	11.457646
70545138176	70544838656	299520	512	9.810863
33385078272	33384693760	384512	512	10.775264
36232192512	36231765504	427008	512	9.713197
15578089984	15577719808	370176	512	11.819646
41094779904	41094327808	452096	512	8.701066
42822254592	42821965824	288768	512	3.487763
25303722496	25303408640	313856	512	12.776305
26189770752	26189430272	340480	512	12.122719
19200709120	19200233984	475136	512	9.350539
9565678592	9565214208	464384	512	9.760313
53647384064	53647034368	349696	512	10.235807
79070036992	79069569024	467968	512	10.794118
76408921088	76408520192	400896	512	4.713735
68061766656	68061346304	420352	512	6.178336
66060893184	66060456960	436224	512	6.247733
42545275392	42544752640	522752	512	6.490350
38093418496	38093155840	262656	512	4.456773
41054201856	41053750784	451072	512	8.684090
75754743808	75754269696	474112	512	11.531829
42431719936	42431444480	275456	512	13.111224
63608852480	63608498176	354304	512	9.164819
79567181824	79566854656	327168	512	5.899201
61253656064	61253158912	497152	512	4.827269
39798300672	39798017536	283136	512	13.038097
48429022208	48428574720	447488	512	8.285918
7340536320	7340192256	344064	512	3.430452
50874514944	50874239488	275456	512	12.711224
61917323264	61917006336	316928	512	12.318629
44038657024	44038344704	312320	512	12.100761
49883576320	49883173888	402432	512	9.189503
3934874624	3934508544	366080	512	12.380167
31453522944	31453113856	409088	512	10.333052
38278656	37903360	375296	512	12.281996
77858441728	77858167808	273920	512	8.731206
32414557184	32414279168	278016	512	2.411136
38575121408	38574791168	330240	512	2.531654
69694686208	69694279680	406528	512	4.536236
77401352192	77400967680	384512	512	2.199380
17771497472	17771060736	436736	512	10.274521
67942581760	67942075392	506368	512	12.501847
8552488448	8552050176	438272	512	10.440923
59552477184	59551973376	503808	512	4.991355
26941274112	26940792320	481792	512	8.790626
36370330624	36370015232	315392	512	12.460190
74757964800	74757459968	504832	512	10.704238
34261566464	34261294080	272384	512	4.315996
60893278720	60892963840	314880	512	10.785136
4866256384	4865943040	313344	512	2.397234
69154968576	69154593280	375296	512	7.477983
73522807808	73522298880	508928	512	10.586313
31301597696	31301235200	362496	512	11.468135
36573369344	36572965888	403456	512	10.118143
24960757760	24960412160	345600	512	12.029252
79802363392	79802034688	328704	512	5.836852
48315108352	48314845184	263168	512	3.979614
17519780864	17519426048	354816	512	12.184603
32307238912	32306790912	448000	512	9.400756
30460601856	30460182016	419840	512	10.028596
37705345024	37704901120	443904	512	9.114566
13552484352	13552152576	331776	512	12.844081
42991414272	42991092224	322048	512	11.811900
77140289536	77139998208	291328	512	8.034238
21258801664	21258388480	413184	512	10.801613
8416528384	8416029696	498688	512	9.229443
53728700928	53728438272	262656	512	12.773681
8477103104	8476603392	499712	512	9.175064
48778724864	48778259968	464896	512	7.820419
47639747584	47639252992	494592	512	5.181421
20111496192	20111062016	434176	512	10.219618
57164172800	57163750400	422400	512	8.028849
29820904960	29820534272	370688	512	11.293355
13685725696	13685241856	483840	512	9.429618
70247336448	70246860800	475648	512	12.847944
3718599168	3718244352	354816	512	12.575856
28509131264	28508837376	293888	512	4.038038
31915484672	31915117568	367104	512	2.093930
69327375360	69326955520	419840	512	4.081386
74123493888	74123164672	329216	512	6.166137
39438354432	39437956096	398336	512	10.051518
40203746304	40203437056	309248	512	12.347421
41737705472	41737405952	299520	512	3.342782
46722121216	46721743360	377856	512	12.026273
10048089088	10047633920	455168	512	10.125382
78194514944	78194041344	473600	512	9.543840
8001064960	8000785920	279040	512	2.994664
67716777472	67716373504	403968	512	6.761582
48168188416	48167691776	496640	512	6.961373
28182604288	28182235136	369152	512	11.490602
25468711936	25468190208	521728	512	7.837996
7306311680	7305872896	438784	512	1.157137
22157447680	22157154304	293376	512	4.318772
12939821568	12939400704	420864	512	10.829828
74804012032	74803738112	273920	512	10.118141
71644485120	71643969024	516096	512	11.042853
3660666880	3660395520	271360	512	3.314603
70712722944	70712453632	269312	512	10.836180
52576230912	52575876096	354816	512	10.373097
42335109120	42334703104	406016	512	9.568323
29255682048	29255349760	332288	512	12.199531
27033114112	27032643072	471040	512	9.047849
71571235840	71570831360	404480	512	6.109912
57230226944	57229823488	403456	512	6.612666
70195291136	70194781696	509440	512	11.647454
15171317760	15171044864	272896	512	4.896029
10794202624	10793747456	455168	512	10.066982
68963112448	68962832896	279552	512	10.739924
67486690304	67486248448	441856	512	5.441539
55373657600	55373164544	493056	512	4.233741
70932239360	70931830784	408576	512	5.975795
25981125120	25980665856	459264	512	9.336967
41682886144	41682592256	293888	512	3.488458
43646715904	43646205952	509952	512	6.994115
26507131904	26506833920	297984	512	13.217104
63359859200	63359538176	321024	512	10.191517
30648000000	30647640576	359424	512	11.553094
47742871040	47742384128	486912	512	7.202316
1403826176	1403539968	286208	512	3.077462
48574045184	48573623808	421376	512	9.061066
40338499584	40338220544	279040	512	3.861399
4014878208	4014421504	456704	512	10.370640
38283776000	38283368960	407040	512	10.034042
22253849600	22253580288	269312	512	4.867517
60648242176	60647763968	478208	512	5.842838
42711613952	42711161344	452608	512	8.446664
71488502784	71488203264	299520	512	9.777620
73342756352	73342334976	421376	512	4.563077
24067923456	24067458048	465408	512	7.257868
27468014080	27467638272	375808	512	11.347081
79720264192	79719874048	390144	512	12.342077
70590376448	70589990400	386048	512	6.777519
16477694464	16477289472	404992	512	10.959201
16836357632	16835967488	390144	512	11.319857
9969669120	9969220608	448512	512	12.053978
2130271232	2129944064	327168	512	4.019912
50394530304	50394201600	328704	512	11.207651
42899727360	42899461120	266240	512	2.282968
10773185024	10772676608	508416	512	8.858011
76186433536	76186024960	408576	512	2.636850
11523614208	11523343360	270848	512	3.119098
19975481344	19975050752	430592	512	10.366467
79234259968	79233788928	471040	512	8.778676
7118258176	7117856768	401408	512	11.370383
34291815424	34291421696	393728	512	10.581815
43936790016	43936267776	522240	512	6.537118
52204912640	52204542976	369664	512	9.992350
60144555008	60144086016	468992	512	4.212708
15766188032	15765719552	468480	512	9.648112
39468756480	39468444672	311808	512	12.263318
39342567424	39342200320	367104	512	10.833639
52607677440	52607295488	381952	512	9.630244
54513718784	54513321472	397312	512	8.884122
43201934336	43201446912	487424	512	5.624489
21886553088	21886055936	497152	512	5.985265
31049752064	31049447424	304640	512	12.895135
15971452416	15971108864	343552	512	12.409167
16555246592	16554950656	295936	512	4.272836
37406094336	37405826048	268288	512	2.460244
73574339584	73574070784	268800	512	10.314344
75982930944	75982590976	339968	512	7.391231
25548881920	25548588032	293888	512	4.057474
45440787968	45440420352	367616	512	10.451550
51060921856	51060613632	308224	512	11.768075
29211290624	29211001856	288768	512	2.164239
62867654144	62867271168	382976	512	8.283786
45598540800	45598105088	435712	512	8.599972
33679385088	33679060480	324608	512	12.264784
36406493184	36406008832	484352	512	8.287803
62878128640	62877663744	464896	512	5.586735
29077884416	29077380096	504320	512	8.059741
73250733056	73250252288	480768	512	3.024205
18901581824	18901146624	435200	512	10.270482
21503367168	21503056384	310784	512	13.192653
46915740672	46915264000	476672	512	7.498918
52734337024	52734050816	286208	512	12.292704
31202101760	31201796608	305152	512	3.615629
51383796224	51383450624	345600	512	10.761309
50946548736	50946164736	384000	512	9.748551
5419962368	5419664896	297472	512	4.451768
12137603584	12137213952	389632	512	11.515125
53008111616	53007770112	341504	512	1.463031
63932829696	63932438528	391168	512	7.675667
64892176896	64891891712	285184	512	11.102698
10509386752	10509059584	327168	512	12.954147
33995970560	33995640832	329728	512	12.170450
18937858048	18937458688	399360	512	11.113986
7586599424	7586186240	413184	512	11.150447
29109850112	29109436416	413696	512	10.196806
8429691904	8429347840	344064	512	12.673280
49417014272	49416704000	310272	512	11.720715
60565775360	60565453824	321536	512	10.581844
39949601280	39949181440	419840	512	9.423527
37217344512	37216928256	416256	512	9.837358
64389888512	64389600768	287744	512	11.066634
28157960192	28157524480	435712	512	9.885897
45597863424	45597355008	508416	512	6.648015
48277307392	48276858368	449024	512	8.268516
36577514496	36577018368	496128	512	7.817935
28179982848	28179587584	395264	512	10.869408
71312727552	71312407552	320000	512	9.070403
32087789056	32087313920	475136	512	8.693372
54941063680	54940620288	443392	512	7.559084
47324642816	47324278272	364544	512	10.487372
74413718016	74413437952	280064	512	9.922027
76691540480	76691276288	264192	512	9.157365
24767499264	24767074816	424448	512	10.145897
27028889088	27028513280	375808	512	11.356037
48623566848	48623145472	421376	512	9.070720
50923171840	50922797568	374272	512	9.970978
57732876288	57732535296	340992	512	10.336983
23716563456	23716232704	330752	512	3.146877
18712851456	18712467456	384000	512	11.487903
12936806400	12936361984	444416	512	10.325937
26988277760	26987920384	357376	512	11.793080
51923747328	51923223040	524288	512	5.622614
17617162752	17616700416	462336	512	9.700365
12661415424	12661038592	376832	512	11.802833
72073200640	72072694784	505856	512	2.140442
24398783488	24398318592	464896	512	9.186607
15916120576	15915824640	295936	512	2.429307
74077808128	74077473792	334336	512	7.840458
42782884864	42782589952	294912	512	3.304655
26509439488	26508991488	448000	512	9.611493
40486203392	40485761536	441856	512	8.926601
56790825472	56790343680	481792	512	6.147565
47086718464	47086436864	281600	512	12.752159
11274030080	11273524224	505856	512	8.911698
70302543872	70302266368	277504	512	10.557400
35856963584	35856505344	458240	512	9.058982
15833039872	15832540672	499200	512	8.821753
74915852288	74915443200	409088	512	3.164653
53343321088	53342829568	491520	512	6.131049
56310088704	56309791744	296960	512	11.656065
29608412672	29607956992	455680	512	9.171392
65881555456	65881233408	322048	512	9.919945
73563329536	73562868736	460800	512	3.124511
68680415744	68679992832	422912	512	6.105577
75491038208	75490592256	445952	512	12.608139
42756972032	42756564480	407552	512	9.595936
77867791872	77867442176	349696	512	3.681075
33017781248	33017304576	476672	512	8.658099
12631247872	12630875648	372224	512	0.962450
15834580480	15834143232	437248	512	10.233208
17538483712	17538031616	452096	512	9.899024
19235359232	19234868736	490496	512	9.010196
25327235072	25326968832	266240	512	4.807477
34133366784	34133054464	312320	512	12.624659
24649580544	24649303040	277504	512	4.437581
57831203328	57830706176	497152	512	5.699871
65857798144	65857374208	423936	512	6.651212
57687234560	57686906368	328192	512	10.700019
47519589376	47519075840	513536	512	4.674526
45539100160	45538701312	398848	512	9.592276
28576054272	28575700992	353280	512	11.864745
16723010048	16722492928	517120	512	8.393163
73052845568	73052570112	275456	512	10.451624
74954184192	74953825280	358912	512	6.936778
62831010304	62830660608	349696	512	9.301035
55254889984	55254502400	387584	512	9.181261
62129508864	62128994816	514048	512	2.448778
64892686848	64892407808	279040	512	2.071944
36909298688	36908853760	444928	512	9.088684
68378466304	68378100736	365568	512	8.051504
61736114688	61735770624	344064	512	9.627867
50457352192	50457029120	323072	512	2.125948
19071955456	19071544832	410624	512	10.916836
29512467456	29511983616	483840	512	8.519284
42774973952	42774651392	322560	512	11.825953
34682145792	34681621504	524288	512	7.290238
49188805632	49188395520	410112	512	9.270578
45609442304	45608928768	513536	512	6.521119
77207866368	77207384064	482304	512	9.156847
62658865664	62658343936	521728	512	4.111068
73034354688	73034009088	345600	512	6.089317
40779276288	40778789376	486912	512	7.738712
59308619776	59308288000	331776	512	10.260123
62172688896	62172340736	348160	512	9.537575
41689034752	41688654848	379904	512	10.514965
41648787456	41648481792	305664	512	12.452149
67814731264	67814302720	428544	512	4.028546
54140708864	54140279296	429568	512	7.909796
8940370944	8939955200	415744	512	10.966913
72384612864	72384347648	265216	512	10.870217
1473875456	1473594880	280576	512	3.199890
47609710592	47609304576	406016	512	9.405692
12627645440	12627290624	354816	512	12.294341
37340114944	37339848704	266240	512	2.483129
43035933696	43035488768	444928	512	8.494718
16667300864	16666991104	309760	512	13.189324
69511443968	69511084032	359936	512	6.107029
44817695232	44817352704	342528	512	11.318139
21803537408	21803237888	299520	512	2.316867
33061005824	33060701184	304640	512	3.563905
4341343232	4340878336	464896	512	10.150769
9769524736	9769260032	264704	512	3.233182
34274990080	34274589184	400896	512	12.272602
16319524352	16319232000	292352	512	2.485550
23869881856	23869442048	439808	512	9.801744
21211432960	21211106304	326656	512	12.803418
75144431616	75143911936	519680	512	9.792180
50256403456	50256097280	306176	512	11.883032
61756580864	61756132352	448512	512	6.367764
36176567296	36176267264	300032	512	12.861951
60405727744	60405432320	295424	512	11.398035
26638530048	26638151680	378368	512	0.763739
28327597056	28327204352	392704	512	10.929601
65072610304	65072262144	348160	512	9.054059
61389940736	61389523968	416768	512	7.366342
72748432384	72748152832	279552	512	10.314278
26885844992	26885539328	305664	512	13.036017
64657344000	64656840192	503808	512	4.037408
61492795904	61492404736	391168	512	8.160517
463113216	462808576	304640	512	2.687751
4224530432	4224048640	481792	512	9.814227
20106935808	20106529280	406528	512	10.954205
4115650560	4115136000	514560	512	9.026036
9546123264	9545767424	355840	512	12.310163
27891772416	27891473920	298496	512	3.952754
17130635264	17130283520	351744	512	12.252744
7264608768	7264313344	295424	512	2.648870
67005976576	67005511680	464896	512	4.716654
55709329920	55709017088	312832	512	11.284107
79877811200	79877308416	502784	512	7.423582
50019120640	50018699776	420864	512	5.790818
46821966848	46821694464	272384	512	13.001610
41467712512	41467285504	427008	512	9.298380
18728715776	18728216576	499200	512	8.838434
45717558784	45717289472	269312	512	13.089255
54160228864	54159762432	466432	512	6.867726
52039936512	52039656448	280064	512	12.504355
29957114368	29956740096	374272	512	11.171129
16615219712	16614953472	266240	512	4.969384
29990743552	29990451200	292352	512	2.093204
1132743680	1132314624	429056	512	11.108792
20947646976	20947224576	422400	512	1.342311
64080951296	64080506880	444416	512	5.956021
38164800512	38164492288	308224	512	12.568998
18944407552	18944025088	382464	512	11.535389
16519919104	16519635968	283136	512	2.809313
46752913920	46752601088	312832	512	2.662673
74413859840	74413444608	415232	512	4.825727
14080036864	14079732224	304640	512	4.199617
39320649216	39320135680	513536	512	6.994451
24039163904	24038735872	428032	512	10.070423
79258702336	79258317824	384512	512	12.625913
785945600	785586688	358912	512	12.624636
47638491136	47638000128	491008	512	5.277723
75257758208	75257459712	298496	512	8.967992
56333281792	56332902912	378880	512	9.206419
58027000832	58026684928	315904	512	11.067827
23246949888	23246438912	510976	512	8.083820
62573963264	62573481984	481280	512	5.372974
16304467456	16304035328	432128	512	10.371420
42945003008	42944663552	339456	512	11.390739
39132731392	39132387840	343552	512	11.461069
54374144000	54373789696	354304	512	10.088447
4497013760	4496568320	445440	512	10.651965
36712571904	36712109056	462848	512	8.648418
27003595776	27003181056	414720	512	10.393439
11914802176	11914328576	473600	512	9.622484
6880122880	6879670784	452096	512	10.281385
78138906112	78138580992	325120	512	6.606446
78627728896	78627233280	495616	512	8.652890
35265657856	35265178112	479744	512	8.437608
56479030784	56478546944	483840	512	6.094806
10740257792	10739774464	483328	512	9.382961
18009799168	18009312256	486912	512	9.124047
58687368704	58687094272	274432	512	2.821989
25796825088	25796512768	312320	512	12.843783
13823515648	13823200256	315392	512	13.201068
7096046080	7095623680	422400	512	12.775079
78987348992	78986935296	413696	512	13.161428
13811977728	13811483648	494080	512	9.173453
33256058880	33255681536	377344	512	1.650100
44386751488	44386416640	334848	512	11.450629
12405782016	12405506048	275968	512	0.439683
31121004032	31120597504	406528	512	10.386356
57981128704	57980818944	309760	512	13.079781
29094789632	29094402560	387072	512	10.880693
16011176960	16010759168	417792	512	10.697764
8950467072	8949990912	476160	512	9.572779
75072035840	75071759872	275968	512	10.066335
72205106688	72204624896	481792	512	12.196272
51740372480	51740024832	347648	512	10.568805
79545559552	79545217536	342016	512	5.237962
47051657728	47051348480	309248	512	12.016646
4003037696	4002648576	389120	512	2.596834
28845832704	28845340672	492032	512	8.202295
31832700416	31832270336	430080	512	11.632961
8034841600	8034400256	441344	512	10.448175
36084847616	36084574720	272896	512	2.433235
11740066304	11739707392	358912	512	12.229074
3381685248	3381305344	379904	512	12.019829
40206909952	40206597120	312832	512	12.259572
71370182656	71369754624	428032	512	3.414787
65046992384	65046618112	374272	512	8.242925
5679017984	5678531072	486912	512	9.506688
59251465216	59250984960	480256	512	5.747040
32911587328	32911223808	363520	512	11.395793
25801352192	25800912384	439808	512	9.735411
76043607040	76043085824	521216	512	11.581205
77657006080	77656684544	321536	512	6.747301
58742877184	58742372352	504832	512	5.041950
23031127552	23030801408	326144	512	3.278690
43242796544	43242412032	384512	512	10.194672
42945155072	42944761856	393216	512	9.974032
72390093824	72389733376	360448	512	7.357481
12066579456	12066250752	328704	512	12.938036
23048174592	23047671808	502784	512	19.334582
79547517952	79547183616	334336	512	3.772578
31011812864	31011456000	356864	512	11.609749
62994748928	62994269184	479744	512	5.199407
29328436224	29327920128	516096	512	5.844953
68807365632	68807055360	310272	512	9.906490
49421978624	49421714944	263680	512	13.023618
16408400896	16407981568	419328	512	10.646014
3491653632	3491328000	325632	512	13.248690
27650663936	27650311680	352256	512	2.653214
66265697792	66265189888	507904	512	13.127832
22640344064	22640033792	310272	512	13.165348
60200013312	60199655936	357376	512	9.499775
8680793088	8680299008	494080	512	9.168448
53344532992	53344066048	466944	512	4.998012
30551404544	30550956032	448512	512	9.357124
22739509760	22739127808	381952	512	13.297554
50873495040	50873120256	374784	512	10.008145
74359100416	74358796800	303616	512	8.966321
53143916544	53143443456	473088	512	7.093373
21323366400	21322933760	432640	512	10.380111
12418524160	12418103808	420352	512	10.851462
23856707584	23856393728	313856	512	12.849167
25741752832	25741467136	285696	512	2.370172
74279971328	74279560704	410624	512	3.145524
54421300224	54421029888	270336	512	12.548623
15240456192	15240188416	267776	512	3.151648
74039685120	74039241216	443904	512	3.745974
60777283584	60776934912	348672	512	9.760293
15759093760	15758742528	351232	512	12.230674
15395217920	15394757632	460288	512	9.745157
51099120128	51098664960	455168	512	7.694960
71078199296	71077919744	279552	512	10.479915
4317218816	4316916736	302080	512	2.658951
6927820800	6927420416	400384	512	11.405233
64498622464	64498269184	353280	512	8.891871
10662423552	10662055936	367616	512	2.733037
10003221504	10002934784	286720	512	2.746014
68018191360	68017809408	381952	512	5.615671
57769277952	57768975872	302080	512	11.452285
6984844288	6984330752	513536	512	8.831748
70204676608	70204338688	337920	512	8.463478
1973688320	1973249536	438784	512	10.922264
1562451456	1561987072	464384	512	10.260463
32687065088	32686706688	358400	512	11.666912
60404560896	60404071936	488960	512	3.607918
10280002048	10279529984	472064	512	9.540871
844525056	844175360	349696	512	12.925528
58846623232	58846165504	457728	512	6.384532
57466477056	57466098176	378880	512	9.190688
72368559616	72368175616	384000	512	6.517059
28043061760	28042678272	383488	512	11.142403
55090647552	55090327040	320512	512	11.113450
25882446848	25882013184	433664	512	9.941404
34503710208	34503241216	468992	512	19.693294
8046211072	8045743616	467456	512	9.902002
41282106880	41281733632	373248	512	10.660160
3125708800	3125415936	292864	512	4.712496
60011020800	60010654208	366592	512	9.276657
42843021824	42842649088	372736	512	10.537191
32504547328	32504030208	517120	512	7.702363
96055296	95672320	382976	512	12.111621
34113149440	34112646656	502784	512	5.981882
52546854912	52546592256	262656	512	3.616491
74851124736	74850732544	392192	512	5.734814
48378381312	48378038272	343040	512	11.087963
32917224448	32916838400	386048	512	10.893792
68604209664	68603777536	432128	512	3.938439
38672715264	38672422912	292352	512	12.827146
12668003328	12667666432	336896	512	3.472952
50535361024	50534918144	442880	512	8.049554
50460983296	50460462592	520704	512	5.898096
34767020544	34766507008	513536	512	7.603893
55946227200	55945960448	266752	512	12.641548
22622200832	22621888512	312320	512	3.901936
36155637760	36155338240	299520	512	12.908515
25587073024	25586640384	432640	512	9.992032
19458032640	19457606144	426496	512	10.486292
8216750080	8216460800	289280	512	2.774316
22877998080	22877542400	455680	512	9.409220
74063588352	74063112192	476160	512	11.770500
43835590144	43835264512	325632	512	11.749830
77638941184	77638534144	407040	512	3.138000
27813250048	27812751360	498688	512	8.433811
77421199872	77420917248	282624	512	8.399787
42379858944	42379338240	520704	512	6.579551
5255853568	5255418368	435200	512	10.845358
53931312640	53930982400	330240	512	10.804330
59954029568	59953750528	279040	512	2.558436
56955448320	56955058688	389632	512	8.868436
57655565824	57655158272	407552	512	8.363482
6983291904	6982785536	506368	512	9.032997
37159023104	37158525440	497664	512	7.717812
48383488000	48383130624	357376	512	10.766624
58610380800	58610023936	356864	512	9.519458
25650703872	25650298368	405504	512	10.678549
36191250944	36190934528	316416	512	3.220781
26727587840	26727261184	326656	512	12.583170
15294836224	15294521344	314880	512	13.239805
60583072768	60582750720	322048	512	10.567107
64962588160	64962165760	422400	512	6.691022
33550916608	33550586880	329728	512	12.178139
7051647488	7051332096	315392	512	4.009476
14010377728	14010088960	288768	512	4.531085
74648829440	74648504320	325120	512	8.192850
64816718336	64816449536	268800	512	11.684687
19548827136	19548436480	390656	512	11.318960
10458292736	10457822720	470016	512	9.711172
57858824704	57858374656	450048	512	7.121652
45690598400	45690160640	437760	512	8.537480
50511908864	50511597568	311296	512	11.715510
30717323776	30716950016	373760	512	11.187129
45964451840	45964146176	305664	512	12.125099
57301660160	57301314048	346112	512	10.152032
56874884096	56874380800	503296	512	5.523742
64656842240	64656547328	294912	512	10.821033
51042227200	51041777664	449536	512	7.874716
52396391424	52395972096	419328	512	8.449479
64131634176	64131289600	344576	512	9.407053
50193112064	50192714752	397312	512	9.321651
37031317504	37030796800	520704	512	7.167693
66068312064	66068014592	297472	512	10.699467
37485516800	37484994048	522752	512	7.127058
51658343936	51658023424	320512	512	11.338919
1987746304	1987325440	420864	512	11.348722
38087725056	38087450112	274944	512	4.139523
33451624448	33451340288	284160	512	13.278050
25334037504	25333677568	359936	512	11.739752
47549550592	47549105664	444928	512	6.502397
43118722048	43118338048	384000	512	10.252168
77444276736	77443828224	448512	512	12.463312
76899343872	76898927104	416768	512	12.021067
41858609152	41858114048	495104	512	7.190808
21737444352	21737178624	265728	512	3.052860
12653512704	12653120000	392704	512	11.463648
29628894208	29628369920	524288	512	7.539675
27514289152	27513947648	341504	512	12.160816
30159115776	30158771200	344576	512	11.883486
40592079360	40591668224	411136	512	9.716762
16253961216	16253640192	321024	512	12.928672
34202284544	34202005504	279040	512	4.156040
26284712960	26284189696	523264	512	7.798612
47686071808	47685664768	407040	512	9.387630
77357549568	77357053440	496128	512	8.620710
69769344512	69769004032	340480	512	8.679096
46653439488	46653129728	309760	512	12.027232
72749604864	72749324288	280576	512	10.237255
30245230592	30244804096	426496	512	9.912076
72765965312	72765537280	428032	512	4.957006
20021912576	20021389312	523264	512	8.259056
595727360	595399680	327680	512	4.026798
38878392832	38878116864	275968	512	13.217634
457383424	456940544	442880	512	1.493515
37935191040	37934912000	279040	512	2.180871
69987415040	69987096576	318464	512	9.405990
53118957568	53118486528	471040	512	5.236725
69643330560	69643043840	286720	512	10.455319
56981819392	56981553664	265728	512	3.300308
39867334144	39866917376	416768	512	9.611711
22090246656	22089727488	519168	512	6.529526
27569370112	27568853504	516608	512	7.960684
73889978368	73889593856	384512	512	5.965773
66363732992	66363339264	393728	512	7.651741
16122472448	16122148864	323584	512	3.610889
16956960768	16956581376	379392	512	11.588457
61266365440	61266090496	274944	512	8.883246
31080691712	31080279552	412160	512	10.238791
13566292480	13565983744	308736	512	2.237562
67790968832	67790668800	300032	512	12.066577
13312281088	13311918080	363008	512	2.906164
3230786560	3230280704	505856	512	9.277515
68712539648	68712031744	507904	512	12.486217
1304710144	1304397312	312832	512	2.464906
56829891584	56829471744	419840	512	6.139971
64662519296	64662074368	444928	512	5.954280
25348048384	25347749376	299008	512	0.431233
19739314688	19738865664	449024	512	9.991101
41036171776	41035825152	346624	512	11.394922
44778168832	44777906176	262656	512	2.282781
22132806144	22132436480	369664	512	11.800799
10179401216	10179052544	348672	512	12.430881
61381962752	61381524480	438272	512	6.677367
39469838848	39469323264	515584	512	7.022026
14980769792	14980279296	490496	512	9.236133
45681068544	45680761344	307200	512	2.820387
48946231296	48945896960	334336	512	2.054370
34563370496	34562920448	450048	512	9.148400
63645633024	63645331456	301568	512	10.840098
16413199360	16412842496	356864	512	12.137554
29133377536	29133047296	330240	512	12.244268
31123486208	31123125248	360960	512	11.523158
60493961216	60493601792	359424	512	9.426308
11151391232	11151122432	268800	512	4.936031
27760530432	27760203264	327168	512	12.410928
30634657792	30634376704	281088	512	2.362564
5685572096	5685137408	434688	512	1.377384
50788094464	50787757568	336896	512	12.850024
4530299904	4529942016	357888	512	12.509549
28815558144	28815052288	505856	512	7.975739
35384145920	35383716864	429056	512	9.642995
2837042688	2836578816	463872	512	12.083142
34677145088	34676820480	324608	512	12.329380
37157638144	37157357056	281088	512	2.142059
66121574400	66121067520	506880	512	2.077806
52133979136	52133559296	419840	512	8.504337
22945752064	22945230848	521216	512	7.864874
34267055104	34266760192	294912	512	13.056215
67800597504	67800159744	437760	512	3.719434
66231287808	66230787584	500224	512	2.363945
66843809280	66843483136	326144	512	9.388754
21564663296	21564213760	449536	512	9.991184
3409554432	3409036800	517632	512	9.052733
29390456320	29390112768	343552	512	11.942602
38348854272	38348427264	427008	512	9.571261
61433557504	61433042944	514560	512	2.467436
58199817728	58199300608	517120	512	2.820643
45462198272	45461821440	376832	512	10.199161
64439311360	64438978560	332800	512	9.554169
738617856	738094080	523776	512	9.068831
64238279680	64237811712	467968	512	3.337845
18173171200	18172669952	501248	512	8.771193
61067956224	61067487744	468480	512	5.750745
42873310208	42872931328	378880	512	10.330847
2359535104	2359131136	403968	512	11.615667
19003448832	19003091968	356864	512	12.102983
25142644736	25142301184	343552	512	12.086871
60249881088	60249507328	373760	512	8.985672
46302690304	46302332928	357376	512	10.721209
32381473280	32381104640	368640	512	11.298183
8783354880	8782840320	514560	512	8.730565
70102307840	70102027776	280064	512	1.462504
41897688576	41897327616	360960	512	10.800671
71671640576	71671201280	439296	512	4.544407
8511345152	8510985728	359424	512	3.089889
64183622144	64183229952	392192	512	7.668375
38882077184	38881760256	316928	512	12.156637
4758150656	4757680640	470016	512	10.077214
24657859584	24657556480	303104	512	3.831314
39349586944	39349237248	349696	512	11.235394
38684221952	38683833344	388608	512	10.298449
53522338816	53521845248	493568	512	4.217524
72098202112	72097822720	379392	512	6.649003
65794828288	65794511872	316416	512	10.112763
53153080832	53152734208	346624	512	10.623959
1867552256	1867140096	412160	512	11.451234
34282003456	34281644544	358912	512	11.420206
51194048512	51193722880	325632	512	11.319731
60296590336	60296235520	354816	512	9.566861
7508001792	7507481600	520192	512	8.731879
57162047488	57161774080	273408	512	12.303438
57171428352	57171149824	278528	512	12.147454
36287024640	36286709760	314880	512	3.239212
19421322752	19420865536	457216	512	9.751309
28469702656	28469283840	418816	512	10.303409
22526288896	22525818880	470016	512	9.487632
66839622656	66839231488	391168	512	7.156379
74349265920	74348747776	518144	512	10.227050
9110219776	9109917184	302592	512	4.234575
47118110208	47117701120	409088	512	9.378386
4035175936	4034691072	484864	512	9.715420
124949504	124475392	474112	512	10.151944
15277372416	15276889088	483328	512	9.397066
14744929280	14744539136	390144	512	11.607202
68084245504	68083747328	498176	512	3.528936
77527248896	77526891520	357376	512	5.237563
26586834432	26586497536	336896	512	12.256939
62732207616	62731761664	445952	512	6.470590
60205739008	60205276160	462848	512	6.276349
46062278144	46061946368	331776	512	11.386259
51524305920	51524015616	290304	512	12.173794
32573059584	32572581376	478208	512	8.755165
72908283904	72907871232	412672	512	5.507908
71250217472	71249918464	299008	512	9.833016
56271138304	56270762496	375808	512	9.277827
14647159808	14646771200	388608	512	11.534039
29877616640	29877105664	510976	512	7.852305
35175884800	35175461376	423424	512	9.822164
644555776	644191744	364032	512	12.485762
33182388224	33182046720	341504	512	11.872217
17983195648	17982798336	397312	512	11.168273
79153459712	79152984576	475136	512	8.615649
66711323648	66711035904	287744	512	11.026237
46239801344	46239432192	369152	512	10.394724
60465053696	60464555520	498176	512	5.235696
35244754944	35244399104	355840	512	11.516838
43571122176	43570679808	442368	512	8.664126
58156923392	58156419072	504320	512	5.062526
5415821824	5415369216	452608	512	10.248069
74960390144	74959898624	491520	512	11.225343
7149471744	7149135872	335872	512	12.871000
64058761216	64058243072	518144	512	3.560340
8219103232	8218809856	293376	512	4.516845
20357600256	20357078016	522240	512	8.238351
27115801600	27115407360	394240	512	10.860195
40061874688	40061432320	442368	512	8.907880
4085811712	4085496320	315392	512	2.343032
55879273472	55878924800	348672	512	10.241646
14518311424	14517923328	388096	512	11.555064
24002121728	24001679872	441856	512	9.747670
59240082944	59239793664	289280	512	2.309445
41358258176	41357990912	267264	512	2.317250
10291319808	10290969088	350720	512	12.405763
15795395072	15794977280	417792	512	10.745975
3231686144	3231306752	379392	512	12.058587
22174924288	22174615040	309248	512	2.169167
16864942592	16864628224	314368	512	3.860142
13675417088	13675013632	403456	512	13.065409
45712497152	45712141312	355840	512	10.869938
5178800128	5178422784	377344	512	12.084284
1878871040	1878559232	311808	512	2.531472
78548176384	78547745280	431104	512	13.201754
63548284928	63547902464	382464	512	8.249212
22082240000	22081867776	372224	512	11.733778
47644395520	47644019712	375808	512	10.223842
2795256320	2794853888	402432	512	11.553735
40530211328	40529849856	361472	512	10.975596
70630264832	70629937152	327680	512	8.803558
55553200128	55552791552	408576	512	8.533654
28008624640	28008274432	350208	512	11.871875
60370767872	60370442752	325120	512	10.402275
68259835392	68259558912	276480	512	11.031770
57068143616	57067832320	311296	512	11.269242
845239296	844932096	307200	512	4.464712
56732834304	56732397056	437248	512	7.491562
24331679232	24331297792	381440	512	13.031536
57631876096	57631366144	509952	512	5.350628
17225400832	17224963072	437760	512	10.232507
72382042112	72381573632	468480	512	8.172953
50670766592	50670352384	414208	512	8.861957
79492369920	79491856384	513536	512	6.906693
77291125760	77290744832	380928	512	4.231902
38016741376	38016289280	452096	512	8.921166
59661436928	59661160960	275968	512	11.987545
11839054848	11838701056	353792	512	12.338304
44054872064	44054571520	300544	512	12.392709
10544692224	10544272384	419840	512	10.899103
65738839040	65738314752	524288	512	3.357379
47346378240	47346051584	326656	512	11.539320
18325221888	18324729856	492032	512	8.991735
19147396096	19146990592	405504	512	10.995676
18519017984	18518744576	273408	512	4.759302
21776487424	21776154112	333312	512	3.356026
20541885952	20541554176	331776	512	12.559285
13960664576	13960222720	441856	512	10.322750
54466980864	54466637312	343552	512	10.427247
60449623040	60449216000	407040	512	7.948993
12265895424	12265386496	508928	512	8.745943
37071504384	37071074816	429568	512	9.432659
52305451520	52304946688	504832	512	6.165352
78273417216	78272968704	448512	512	10.665973
5279393792	5279123968	269824	512	3.357611
30430027264	30429624832	402432	512	1.240326
10544648704	10544382464	266240	512	3.198681
37094850560	37094490112	360448	512	11.145050
71437829632	71437528064	301568	512	9.819985
75238900736	75238508032	392704	512	5.362430
5679298048	5678983168	314880	512	2.208193
46884559872	46884122624	437248	512	8.568186
7266611200	7266235392	375808	512	11.974432
80008467968	80008165888	302080	512	7.018829
5000340992	4999918592	422400	512	11.162468
300556800	300106752	450048	512	10.652534
17988527616	17988133888	393728	512	11.232164
75771466240	75771171328	294912	512	9.089689
42235027968	42234537984	489984	512	5.531440
35199390720	35199091200	299520	512	3.647929
15314921472	15314533376	388096	512	11.381283
38978304512	38978032128	272384	512	4.005160
79960606720	79960187392	419328	512	11.104668
70908129792	70907848192	281600	512	10.483539
64828445696	64828054016	391680	512	7.639510
36364963328	36364696064	267264	512	2.585330
39525128704	39524622848	505856	512	7.258747
20962974720	20962676736	297984	512	4.220620
136997888	136691200	306688	512	2.633363
52683172864	52682860544	312320	512	11.552489
34992502784	34992114176	388608	512	1.426871
71446163456	71445651968	511488	512	11.552509
69057753088	69057456640	296448	512	10.171218
48947181056	48946871296	309760	512	11.985460
71687602688	71687109120	493568	512	2.571192
71426019328	71425587712	431616	512	3.307107
33892294656	33891900928	393728	512	10.562205
79152688128	79152396800	291328	512	7.487502
38303356928	38302896640	460288	512	8.718679
53830425600	53830072832	352768	512	10.196874
29160815104	29160314368	500736	512	8.071422
5571030528	5570608640	421888	512	10.932831
53073532928	53073079808	453120	512	7.594529
61762073600	61761634816	438784	512	6.705022
77083500544	77083112960	387584	512	13.196007
65079000064	65078528000	472064	512	3.219458
71622607872	71622234624	373248	512	7.240969
62501238272	62500777984	460288	512	6.015284
64105837056	64105356800	480256	512	2.947874
66360456192	66359982592	473600	512	5.008346
50025511424	50024995840	515584	512	6.030913
58080855040	58080535552	319488	512	10.976929
44334198272	44333779968	418304	512	9.306404
22268991488	22268662272	329216	512	12.741675
45822647808	45822259200	388608	512	9.927196
34005859840	34005549056	310784	512	12.650658
42964678656	42964313088	365568	512	1.444481
38998845440	38998512128	333312	512	11.840023
61644712960	61644294144	418816	512	7.314257
40061944832	40061608960	335872	512	11.681942
32246434816	32245948416	486400	512	8.453515
47153267200	47152748544	518656	512	6.372222
63929722368	63929214976	507392	512	3.926911
34445775872	34445348352	427520	512	9.725014
77523831808	77523543040	288768	512	8.150348
21259978752	21259584512	394240	512	11.241738
2602175488	2601881600	293888	512	2.826223
48018157568	48017669632	487936	512	7.206853
66595739136	66595278336	460800	512	5.490585
41971276288	41970759680	516608	512	6.694173
14327913472	14327447040	466432	512	9.778747
45567670272	45567383040	287232	512	12.607274
74295020544	74294509056	511488	512	10.529195
19457644544	19457381376	263168	512	3.043081
60956866560	60956463616	402944	512	7.778402
14386539520	14386025984	513536	512	8.729677
46931471872	46930999296	472576	512	7.616967
24854774272	24854452224	322048	512	12.609897
29989773312	29989506560	266752	512	2.700054
77067741696	77067328512	413184	512	12.120887
32669031424	32668653568	377856	512	11.087117
1021285888	1020953088	332800	512	3.923347
57083393024	57083040256	352768	512	5.399879
15512499200	15512217600	281600	512	4.575942
28511270400	28510879232	391168	512	10.880324
36291589632	36291129856	459776	512	8.894864
37735592448	37735291904	300544	512	12.668849
53379803648	53379521536	282112	512	2.925310
30373149184	30372736000	413184	512	10.235199
70889693696	70889220608	473088	512	3.671587
13201742848	13201337344	405504	512	11.150904
34161716224	34161399808	316416	512	3.221889
58717710848	58717233152	477696	512	5.854365
16399300608	16399026176	274432	512	2.906836
75456123392	75455686144	437248	512	12.944337
2928867328	2928450048	417280	512	1.950468
42911933952	42911448064	485888	512	7.501172
37744220672	37743930368	290304	512	13.024179
27458114560	27457815552	299008	512	3.955548
43816890368	43816403456	486912	512	7.454251
6987869696	6987530240	339456	512	12.778449
9250711552	9250420736	290816	512	4.525461
73307546112	73307130880	415232	512	4.880951
37175972864	37175677440	295424	512	12.866816
63500935168	63500601856	333312	512	9.856712
67203932672	67203492864	439808	512	5.529143
70592821760	70592526848	294912	512	9.949239
12501591040	12501191168	399872	512	11.333200
65645108736	65644608000	500736	512	2.233804
31465949184	31465441280	507904	512	7.880017
45718076928	45717581312	495616	512	6.997805
58362224128	58361783808	440320	512	6.949395
75586480128	75586130432	349696	512	6.962438
77902559232	77902161920	397312	512	3.623340
39175760896	39175497728	263168	512	2.404747
4312826880	4312509440	317440	512	2.272282
4732550144	4732243968	306176	512	4.408396
32415847424	32415576576	270848	512	2.585472
74338060288	74337643008	417280	512	4.777709
1011463680	1011136512	327168	512	4.041942
13843496448	13843092992	403456	512	11.226410
36491582464	36491289088	293376	512	13.035361
31825776128	31825441792	334336	512	12.126086
52063605760	52063235072	370688	512	9.980192
23965862400	23965582336	280064	512	2.506944
3506130432	3505632768	497664	512	9.486565
52667580416	52667270144	310272	512	11.580183
70437870592	70437389312	481280	512	12.671817
3560784384	3560290304	494080	512	9.574085
14267100160	14266577920	522240	512	8.509436
44597730816	44597222400	508416	512	6.903557
43143532544	43143104000	428544	512	9.032416
19435914240	19435622400	291840	512	2.496091
56545424896	56545024000	400896	512	8.613368
65747011072	65746704384	306688	512	10.368441
22968676352	22968299008	377344	512	2.038180
36367168000	36366676480	491520	512	8.110605
42035874816	42035577856	296960	512	12.490675
68951407104	68951014912	392192	512	6.851678
66505784320	66505293312	491008	512	2.616774
69054434304	69054093824	340480	512	8.668406
59683810816	59683436544	374272	512	8.986470
27876538880	27876133376	405504	512	1.364255
53948428800	53948019200	409600	512	8.575469
3934827008	3934431744	395264	512	11.784919
19058416128	19058143232	272896	512	9.505373
76762310144	76761800192	509952	512	8.046548
13960606720	13960310272	296448	512	2.527186
70649390080	70648963584	426496	512	5.326529
18506019328	18505601024	418304	512	1.441234
46908644352	46908168192	476160	512	5.632325
28017730048	28017415168	314880	512	3.509488
53707702272	53707366400	335872	512	10.625450
45141620224	45141170176	450048	512	8.179224
57677176320	57676838912	337408	512	10.430056
14332894208	14332526080	368128	512	2.777363
38661605376	38661317632	287744	512	3.655011
3594421248	3594151424	269824	512	5.171200
5502610432	5502222336	388096	512	2.424388
20873125888	20872638464	487424	512	9.102618
38050151424	38049837056	314368	512	12.420757
68052868608	68052564480	304128	512	10.148868
70283298304	70282899456	398848	512	4.480920
24834969600	24834525184	444416	512	9.698368
46348778496	46348329984	448512	512	6.421251
24392352768	24392030208	322560	512	12.605595
39389227520	39388956160	271360	512	2.209986
25070988288	25070716928	271360	512	2.735127
78860486144	78860024832	461312	512	10.089857
58295924224	58295434240	489984	512	3.561190
35916160000	35915727872	432128	512	9.592327
7090033664	7089639424	394240	512	2.233436
6751067136	6750551040	516096	512	8.836657
78958064640	78957618688	445952	512	9.904893
42756167680	42755778560	389120	512	10.081515
57598879232	57598426624	452608	512	7.021500
58473037312	58472522752	514560	512	4.752764
44872367104	44871882752	484352	512	7.493291
78063427072	78062989824	437248	512	11.073564
6937330688	6936982016	348672	512	3.303181
28822964736	28822475264	489472	512	8.315101
58132017152	58131640320	376832	512	8.916457
60673946112	60673598976	347136	512	9.822428
63260864000	63260487168	376832	512	8.428850
77025920000	77025577472	342528	512	3.991387
55357526016	55357239296	286720	512	12.051885
3148328960	3147914752	414208	512	11.282285
6915810304	6915502592	307712	512	2.470684
59309008896	59308508672	500224	512	5.177931
34623011328	34622502400	508928	512	7.685341
52905073152	52904664576	408576	512	8.876207
44572419072	44571982848	436224	512	8.861857
10511332864	10510993408	339456	512	12.681742
10527297536	10526876160	421376	512	10.822675
21321125888	21320631808	494080	512	8.921452
5874176000	5873773568	402432	512	11.373932
72783032832	72782615552	417280	512	3.482664
54628913664	54628464128	449536	512	7.353142
74293850112	74293408768	441344	512	3.776126
31251695616	31251325952	369664	512	11.296977
33664407552	33664033792	373760	512	11.078358
52231233536	52230869504	364032	512	10.117192
74257964032	74257549312	414720	512	4.855620
40886643712	40886141952	501760	512	7.335936
37959076352	37958573568	502784	512	7.653081
20340931072	20340602368	328704	512	12.753320
9646158848	9645843456	315392	512	3.972169
43557165568	43556727296	438272	512	8.737475
75592771584	75592457728	313856	512	8.411362
57825312256	57824935936	376320	512	9.227837
25768146944	25767839744	307200	512	12.961841
26708292608	26707949056	343552	512	12.091309
69158695424	69158331392	364032	512	7.820159
10298936832	10298527744	409088	512	13.028432
14628898304	14628606464	291840	512	4.448278
14451374592	14450993664	380928	512	11.742449
33402160640	33401737728	422912	512	9.824529
76910111232	76909651968	459264	512	10.157214
77352968192	77352534528	433664	512	11.225666
43603667968	43603346944	321024	512	2.588941
38175565312	38175041024	524288	512	5.217021
26641174528	26640876544	297984	512	3.948748
69243078144	69242575872	502272	512	12.287510
51931768832	51931309568	459264	512	7.454073
59130794496	59130356224	438272	512	7.026847
9224962560	9224612352	350208	512	12.460440
21253093376	21252823552	269824	512	4.864807
50964074496	50963640320	434176	512	6.419308
17766853120	17766524416	328704	512	3.447382
24468955136	24468567552	387584	512	11.047508
30945154048	30944731136	422912	512	9.963508
3754624000	3754344448	279552	512	3.141466
53718649856	53718290432	359424	512	9.944037
44895144448	44894702080	442368	512	6.855409
11148099072	11147759616	339456	512	12.645720
12691817472	12691396608	420864	512	10.838537
2191555072	2191253504	301568	512	2.738191
52257316864	52256900608	416256	512	8.643132
37236896256	37236581376	314880	512	3.135489
46581116416	46580618240	498176	512	6.990210
32215323648	32215005184	318464	512	12.552885
49764171776	49763698176	473600	512	7.159221
27430449152	27430067712	381440	512	8.298205
25383928832	25383647744	281088	512	2.486000
31907018752	31906706944	311808	512	12.694853
34616749056	34616365056	384000	512	10.795087
15938886656	15938445312	441344	512	10.152458
79824823808	79824496128	327680	512	3.988836
59976329728	59975883776	445952	512	6.818816
69457585152	69457272832	312320	512	9.609540
11067879936	11067615744	264192	512	3.295991
35524793344	35524516352	276992	512	2.361903
51615852032	51615492608	359424	512	10.239517
79969773056	79969350656	422400	512	12.769575
66577921024	66577644032	276992	512	11.349933
6257118208	6256693760	424448	512	10.874917
46676806656	46676458496	348160	512	1.751041
60614390784	60614038016	352768	512	9.631125
56700068352	56699687424	380928	512	9.143722
48384634880	48384226304	408576	512	9.352878
2641920000	2641475072	444928	512	10.614437
71086870016	71086470656	399360	512	6.303057
59769887232	59769540096	347136	512	9.831738
63117615104	63117351936	263168	512	12.024640
53482176000	53481756672	419328	512	8.229734
7152907264	7152574976	332288	512	12.927710
53494070784	53493732352	338432	512	10.659074
21135768576	21135354880	413696	512	10.788771
36078774272	36078469120	305152	512	3.487202
6317868544	6317422080	446464	512	10.251446
77118836224	77118316544	519680	512	7.613301
46759010816	46758510592	500224	512	6.875347
21732138496	21731741696	396800	512	11.196478
47482200576	47481818624	381952	512	10.121987
50939775488	50939376640	398848	512	9.252596
42993005568	42992712704	292864	512	12.615278
35740581888	35740116992	464896	512	8.780678
75444251136	75443817984	433152	512	3.831489
55062089728	55061687296	402432	512	8.713251
13078565376	13078217216	348160	512	3.204859
32700369920	32700089344	280576	512	2.399894
35922066944	35921565184	501760	512	7.843439
54032040448	54031740416	300032	512	11.696644
15080070144	15079762944	307200	512	4.142245
37703246848	37702978048	268800	512	4.283261
66676358144	66675999744	358400	512	8.744398
32987111424	32986723840	387584	512	10.840742
43780730880	43780267520	463360	512	8.072737
46491355136	46491022848	332288	512	11.407306
43548427776	43547998208	429568	512	8.999911
70555953664	70555518464	435200	512	5.006312
26282397696	26281940480	457216	512	9.367915
19422828544	19422325248	503296	512	8.712943
37659810816	37659457024	353792	512	11.428091
8488132096	8487787520	344576	512	12.654159
32626596864	32626275840	321024	512	12.448969
53890732544	53890310656	421888	512	8.142866
57360948736	57360521728	427008	512	7.776077
47561900032	47561619968	280064	512	12.835598
8232080384	8231599616	480768	512	9.655476
42214750208	42214236672	513536	512	6.770203
45160320000	45160031232	288768	512	3.329876
6760098816	6759693824	404992	512	11.325816
63687931392	63687486464	444928	512	4.454525
4257442304	4257024512	417792	512	11.212218
70505767936	70505272832	495104	512	12.153757
59097235968	59096745984	489984	512	3.603528
32210478080	32210100224	377856	512	11.042319
63774221824	63773792256	429568	512	6.713256
47362418688	47362125312	293376	512	12.440528
15205688832	15205252096	436736	512	10.450736
23767555584	23767243776	311808	512	3.611460
2661462016	2661011456	450560	512	10.487158
14380062720	14379691520	371200	512	11.958516
12718240768	12717831168	409600	512	11.088171
2381612032	2381332480	279552	512	3.224983
13063693312	13063179264	514048	512	8.647839
55188541952	55188042752	499200	512	4.050682
76405460480	76405019648	440832	512	3.176251
13363532800	13363087872	444928	512	10.277947
47976022528	47975501312	521216	512	4.455917
51314767872	51314450432	317440	512	11.571237
56074245120	56073812992	432128	512	7.522149
36414197760	36413749760	448000	512	9.193283
72754376192	72754002432	373760	512	6.965759
47945067008	47944553472	513536	512	6.482159
9481364480	9480948224	416256	512	10.949767
69703579648	69703258624	321024	512	9.332868
2200208384	2199841280	367104	512	3.149879
43237517312	43237183488	333824	512	2.230644
57122996224	57122569728	426496	512	7.802165
29509602304	29509112320	489984	512	8.349656
22349841920	22349440000	401920	512	11.071395
29111849472	29111383040	466432	512	8.926825
70260713472	70260349440	364032	512	7.507083
42478725632	42478262272	463360	512	8.105157
76988937216	76988556288	380928	512	2.382875
2295105024	2294816256	288768	512	2.970733
26405706752	26405314048	392704	512	12.766796
63743472640	63743198208	274432	512	11.692831
72352304640	72351967744	336896	512	8.204637
23523935744	23523446272	489472	512	8.601881
19315292672	19315009536	283136	512	4.545363
69251058176	69250709504	348672	512	6.500402
73735442944	73735010304	432640	512	2.320393
13067891200	13067445760	445440	512	10.278199
10083140608	10082678784	461824	512	9.891940
38493334528	38493008896	325632	512	12.120822
77239771648	77239331840	439808	512	11.021876
43030284288	43029963264	321024	512	11.876351
1981274624	1980838400	436224	512	10.924290
34091128832	34090628096	500736	512	7.862732
53113667072	53113145344	521728	512	5.652258
59590052352	59589642240	410112	512	7.902450
17702976512	17702604800	371712	512	11.738112
20806987776	20806475264	512512	512	6.748714
62624228864	62623910912	317952	512	10.466476
55433820160	55433466880	353280	512	10.167157
59512489984	59512059392	430592	512	5.445742
71387878400	71387614720	263680	512	11.073514
29111056384	29110670848	385536	512	10.918039
31743824384	31743379456	444928	512	9.424431
56285340160	56284824576	515584	512	5.193769
70844859392	70844417536	441856	512	4.781966
39572600320	39572235776	364544	512	10.925456
59519637504	59519312896	324608	512	10.501289
43735090688	43734825472	265216	512	4.023206
49729830400	49729405440	424960	512	8.551788
41591603200	41591315968	287232	512	3.690395
33110222848	33109804032	418816	512	9.897704
47761273856	47760905216	368640	512	10.418754
7937819648	7937443840	375808	512	11.975717
73770841088	73770523648	317440	512	8.504797
65943061504	65942695424	366080	512	8.484109
15708573696	15708239360	334336	512	3.364851
15238641152	15238312960	328192	512	12.926380
20661900800	20661543424	357376	512	2.837358
74774727680	74774395904	331776	512	6.069886
30624273920	30623948800	325120	512	12.391056
72103506944	72103192576	314368	512	9.068709
34279358976	34279050752	308224	512	3.428204
1688632832	1688154624	478208	512	10.069544
17829390336	17829015552	374784	512	2.374148
40855206912	40854708224	498688	512	7.401616
48261666816	48261333504	333312	512	2.169933
29267868672	29267554304	314368	512	12.681367
67277301248	67276916736	384512	512	7.381900
63478509568	63477989888	519680	512	3.913530
62197619712	62197152768	466944	512	5.783462
6061950464	6061552640	397824	512	13.326733
51344510464	51344122880	387584	512	9.656809
76634378240	76633967104	411136	512	2.455964
65429490176	65429011968	478208	512	4.862338
73384311808	73383944192	367616	512	6.591808
62866752000	62866467328	284672	512	11.372575
35681926144	35681458176	467968	512	8.699436
58188342272	58188072448	269824	512	12.144548
46712856064	46712337408	518656	512	6.365260
21092966912	21092464128	502784	512	8.761585
15132717568	15132257792	459776	512	9.953018
58937436672	58937038336	398336	512	8.288518
13108177408	13107817472	359936	512	12.198803
38415396352	38415108608	287744	512	3.813330
5787161600	5786872320	289280	512	2.843716
66312010752	66311507456	503296	512	2.168336
37585920512	37585472512	448000	512	9.047433
43609342976	43608883712	459264	512	8.203685
41624199680	41623687168	512512	512	7.097201
57620928512	57620572672	355840	512	9.882073
7360898560	7360476160	422400	512	10.985127
47353808384	47353545728	262656	512	10.400838
65752448000	65752070656	377344	512	8.148044
25336373248	25335861248	512000	512	8.027613
35838874624	35838558720	315904	512	3.249579
5747872768	5747485696	387072	512	11.642207
24954454016	24954014720	439296	512	9.794214
37808780288	37808430080	350208	512	11.491575
35606130176	35605706240	423936	512	9.848096
67593121280	67592649728	471552	512	4.449713
18742538240	18742068224	470016	512	9.499036
54060716544	54060289536	427008	512	6.158510
38522123264	38521738240	385024	512	12.447826
9574134272	9573847552	286720	512	4.631167
11228810240	11228308480	501760	512	8.996503
69286280704	69285767168	513536	512	11.983590
78271972864	78271477760	495104	512	8.661072
21799986176	21799596032	390144	512	11.430938
16391271424	16390835200	436224	512	10.246339
5254845440	5254334464	510976	512	9.142537
51801670656	51801408000	262656	512	3.683410
7367360512	7366939648	420864	512	10.986857
40674108928	40673671680	437248	512	9.026147
65087878656	65087557632	321024	512	9.969689
33237978112	33237472256	505856	512	7.772545
40701888000	40701476352	411648	512	9.769187
69855347712	69855071744	275968	512	10.838472
39138943488	39138442752	500736	512	7.412459
70719504384	70719163392	340992	512	8.330407
70825458176	70825062912	395264	512	4.563080
59169533440	59169024512	508928	512	4.896089
24949652480	24949224960	427520	512	10.105377
23501291520	23500966912	324608	512	12.500795
57471760384	57471355392	404992	512	8.556857
24604525568	24604143104	382464	512	11.179930
70952321024	70951924224	396800	512	6.395068
2048436736	2047947264	489472	512	9.816294
74744455680	74744113664	342016	512	5.703689
16219169792	16218716160	453632	512	9.885133
2080558592	2080117760	440832	512	10.858329
10654941184	10654596608	344576	512	12.554825
3424269824	3423768576	501248	512	9.366797
56010969088	56010475520	493568	512	6.099193
1167223296	1166893056	330240	512	13.240989
12802482688	12802036224	446464	512	10.139466
435279872	434757632	522240	512	9.074162
42153330688	42152927232	403456	512	9.691627
61636251648	61635891200	360448	512	8.998329
55772581888	55772278272	303616	512	11.606519
26219381760	26218943488	438272	512	9.860643
75384876032	75384397824	478208	512	13.206873
77431407104	77430974976	432128	512	2.066872
56378452480	56377979392	473088	512	6.340060
70224731136	70224449536	281600	512	10.425534
28605585920	28605097472	488448	512	6.839920
65442668544	65442351616	316928	512	10.124780
43352378880	43352046592	332288	512	11.548260
18700730368	18700252160	478208	512	9.286987
16217084928	16216748544	336384	512	3.318250
14689069568	14688759808	309760	512	4.074166
19856309760	19855870976	438784	512	10.204661
744197632	743923200	274432	512	3.313656
5766240768	5765793280	447488	512	10.358465
27826806272	27826363904	442368	512	9.735076
7157635584	7157203968	431616	512	1.445213
25363089408	25362599424	489984	512	8.608762
42145426432	42145096192	330240	512	11.575727
15723372032	15723016704	355328	512	2.859486
18150973440	18150629376	344064	512	12.401321
3005812224	3005310976	501248	512	9.387539
45364078592	45363667456	411136	512	9.238001
5738211840	5737737728	474112	512	16.291227
6547485184	6547015168	470016	512	9.876417
31174107136	31173764608	342528	512	2.707707
36281839616	36281379840	459776	512	8.960330
68464099328	68463792128	307200	512	9.983003
72696541184	72696091136	450048	512	4.136951
79661906944	79661468672	438272	512	10.269678
51529262080	51528752128	509952	512	5.987499
55033193472	55032912896	280576	512	12.235945
52034140672	52033824256	316416	512	11.449991
62198900224	62198471168	429056	512	5.123682
52716446720	52715983872	462848	512	5.537858
3027227136	3026930688	296448	512	4.623366
26157846528	26157482496	364032	512	11.651610
8888072704	8887726080	346624	512	12.596223
37189357056	37188874240	482816	512	8.093107
48319138816	48318620672	518144	512	6.407881
1526583296	1526088192	495104	512	9.649051
76419897344	76419541504	355840	512	6.529450
65578566656	65578227200	339456	512	9.360709
44301291520	44300837376	454144	512	8.357222
69371378688	69371030016	348672	512	8.364094
23978550272	23978191872	358400	512	2.490934
75561133568	75560673792	459776	512	2.822772
21395423744	21395154944	268800	512	3.023940
46157599744	46157249024	350720	512	10.897692
2264390144	2263873024	517120	512	9.231448
63099704320	63099352576	351744	512	9.250100
4364623360	4364235776	387584	512	11.875061
46304851456	46304448512	402944	512	9.491117
18210552832	18210080256	472576	512	9.428652
5018225664	5017783808	441856	512	10.690301
29636674560	29636355584	318976	512	12.530753
36199040000	36198764032	275968	512	2.366305
61094684672	61094296576	388096	512	8.260635
211030016	210530304	499712	512	9.585611
4760352768	4759863808	488960	512	9.686453
42755931648	42755666432	265216	512	4.035988
34123153920	34122725888	428032	512	9.690746
23194615808	23194187776	428032	512	10.066368
79698155008	79697748992	406016	512	11.660074
12647826432	12647423488	402944	512	11.247367
33660061184	33659699200	361984	512	11.349867
16184720384	16184198656	521728	512	8.286987
66754994176	66754628608	365568	512	8.487752
880055808	879596032	459776	512	10.448753
17356543488	17356057600	485888	512	9.134470
30454948352	30454529024	419328	512	11.915953
21434545664	21434145792	399872	512	11.149779
3048436224	3048098304	337920	512	12.952324
35316109824	35315802112	307712	512	12.710069
40760488960	40760203264	285696	512	12.970727
38971635712	38971225088	410624	512	9.770799
77764303360	77763840512	462848	512	10.006018
8273172480	8272656384	516096	512	8.830025
40434127360	40433712128	415232	512	9.629902
42952401920	42952101888	300032	512	12.428360
9592229376	9591755264	474112	512	9.577504
71515892224	71515535872	356352	512	7.800084
68577786880	68577470464	316416	512	9.724679
45542734848	45542241792	493056	512	7.001218
9940503552	9940230144	273408	512	3.065872
14550067200	14549680640	386560	512	11.610758
77789204480	77788789248	415232	512	12.053923
16289284096	16288915968	368128	512	11.827189
6739318272	6738899968	418304	512	11.019623
451129856	450621952	507904	512	9.405900
5261619200	5261136384	482816	512	9.784842
45179989504	45179507200	482304	512	7.372327
75271932928	75271516672	416256	512	2.626236
21272143360	21271783424	359936	512	12.065191
16533896192	16533475840	420352	512	10.658875
14197074432	14196731392	343040	512	12.535081
23039479296	23039178240	301056	512	3.881090
42934700032	42934330880	369152	512	10.583181
71480775680	71480252928	522752	512	13.051303
55558230016	55557721600	508416	512	5.635143
42298915328	42298547712	367616	512	10.632618
10258699264	10258262528	436736	512	10.509796
7174682112	7174252544	429568	512	10.760466
57699082752	57698727424	355328	512	9.885981
25484981248	25484464640	516608	512	7.942576
36561267200	36560802816	464384	512	8.613825
15794783232	15794478080	305152	512	2.234635
52922760704	52922450944	309760	512	11.648476
27944597504	27944208896	388608	512	12.904719
24094363136	24093878272	484864	512	8.677612
15636020736	15635576832	443904	512	10.094260
52902504448	52902099968	404480	512	8.954654
39859971584	39859693568	278016	512	13.184308
22166019072	22165749760	269312	512	4.859522
96486400	96132096	354304	512	12.716136
70016367616	70015956992	410624	512	6.221789
31285486080	31285006336	479744	512	8.576479
68475581952	68475207680	374272	512	7.692901
75752248320	75751785984	462336	512	2.644963
54715800064	54715308544	491520	512	4.274340
78911989760	78911618048	371712	512	13.183957
73997777408	73997338112	439296	512	3.903967
70517690368	70517282304	408064	512	4.113058
79811790336	79811503616	286720	512	7.698620
45501069824	45500690432	379392	512	10.115206
77562137600	77561771520	366080	512	4.849429
3261675520	3261189632	485888	512	9.749646
10131495936	10131142144	353792	512	12.353717
13702158336	13701753856	404480	512	11.213429
5077157888	5076707840	450048	512	10.510642
72144456704	72143990272	466432	512	3.495105
60856892928	60856561664	331264	512	10.297737
56784166912	56783687168	479744	512	6.204004
26532851712	26532521472	330240	512	12.428140
3718498816	3717985280	513536	512	9.126276
58234162176	58233778176	384000	512	8.677644
64762066432	64761690112	376320	512	8.190705
10575864832	10575432192	432640	512	10.548076
53218710528	53218443264	267264	512	12.824747
6240355840	6240073216	282624	512	4.761289
63632602624	63632083456	519168	512	3.950643
53676114432	53675848704	265728	512	12.700516
79707703808	79707288576	415232	512	11.272478
51795544576	51795092480	452096	512	7.631943
74193518592	74193100800	417792	512	4.738655
56403921920	56403403776	518144	512	3.253359
27067051008	27066716160	334848	512	3.029120
79775611392	79775340544	270848	512	8.391445
34698573824	34698206720	367104	512	11.200959
80001851904	80001416192	435712	512	10.353525
50382575616	50382123008	452608	512	7.783825
30580561408	30580134912	426496	512	9.897187
44736010752	44735611904	398848	512	9.827559
7616726016	7616281600	444416	512	10.438592
15853064192	15852657152	407040	512	10.947578
53370272768	53369976320	296448	512	11.777972
53562976256	53562560512	415744	512	8.323327
9622892544	9622446592	445952	512	10.250902
78758581248	78758087168	494080	512	8.728748
70773313536	70772875776	437760	512	4.948366
79891022336	79890703360	318976	512	6.237290
68852746752	68852273152	473600	512	2.419317
3935339520	3934855680	483840	512	9.769458
23976488448	23976129024	359424	512	11.734880
5488616960	5488344576	272384	512	5.039977
49517768192	49517471232	296960	512	12.123550
40304516608	40304107008	409600	512	9.770600
39650195456	39649708544	486912	512	7.743813
53447587840	53447147520	440320	512	7.607928
64641162240	64640818688	343552	512	9.199196
510149632	509846528	303104	512	2.721709
39263538176	39263078400	459776	512	8.464582
67358848000	67358517248	330752	512	9.213119
1092098048	1091715584	382464	512	12.148156
78528534016	78528073728	460288	512	11.995546
21736713728	21736402432	311296	512	3.907751
37614844416	37614474752	369664	512	11.039358
61532331520	61531884544	446976	512	6.405768
28051207168	28050818048	389120	512	11.031984
68075338240	68075002368	335872	512	8.996508
28214775296	28214316544	458752	512	9.369656
29973753856	29973314560	439296	512	9.602793
38024231936	38023715840	516096	512	7.282564
4931080192	4930776064	304128	512	4.450069
43115736064	43115367424	368640	512	10.565090
15028030464	15027638784	391680	512	11.496703
15338459136	15337978880	480256	512	9.266578
11348308992	11347798016	510976	512	8.803609
78532662784	78532399104	263680	512	9.175265
71040824832	71040356352	468480	512	3.838274
78445129728	78444684800	444928	512	10.799256
42343154176	42342689280	464896	512	8.071182
5556734976	5556296704	438272	512	10.571992
26807265792	26806957568	308224	512	13.016447
43271977984	43271533568	444416	512	8.532986
48723155968	48722694656	461312	512	7.927839
19971386368	19970985472	400896	512	11.089490
13185493504	13185155584	337920	512	12.695219
29743747584	29743237632	509952	512	7.825565
78714216960	78713815552	401408	512	3.337035
852949504	852633600	315904	512	4.298191
22825154048	22824826368	327680	512	12.778012
59110183936	59109901824	282112	512	11.775692
48412029952	48411580928	449024	512	8.224332
55733228032	55732750336	477696	512	6.555833
66683325440	66682883584	441856	512	6.031455
29324173824	29323725312	448512	512	9.283243
43076366336	43075991040	375296	512	12.285203
79375143936	79374749184	394752	512	12.182160
7515778560	7515459584	318976	512	2.123480
5159934976	5159548416	386560	512	11.892663
44617799680	44617325568	474112	512	7.879742
20111221760	20110728704	493056	512	8.974619
65483496448	65483110400	386048	512	7.879273
77247881216	77247358976	522240	512	7.479110
55818677248	55818160128	517120	512	3.607572
43942338048	43941925376	412672	512	9.354211
71367030272	71366748160	282112	512	10.531035
54729707520	54729211904	495616	512	4.178649
6447434240	6447159296	274944	512	3.093385
68498572288	68498124800	447488	512	3.395227
12869302784	12869000704	302080	512	4.278218
13248785408	13248315392	470016	512	9.680202
2717865472	2717561856	303616	512	2.579465
50241967616	50241598464	369152	512	10.115314
66353622016	66353273856	348160	512	9.084752
47826227712	47825749504	478208	512	5.616364
10996206592	10995700736	505856	512	8.884349
71265423872	71265082368	341504	512	6.448528
65369392640	65368940032	452608	512	5.704678
18512668160	18512246272	421888	512	10.610878
14900948480	14900558848	389632	512	11.560932
58720500736	58720235520	265216	512	12.305232
63542128128	63541611008	517120	512	13.231067
21625652224	21625317888	334336	512	12.614986
6551919104	6551538176	380928	512	11.826293
8287506432	8287201280	305152	512	2.421426
78692762112	78692318720	443392	512	10.917855
25184742912	25184232960	509952	512	6.265062
57838334464	57837821952	512512	512	5.351601
46903037440	46902674944	362496	512	10.595690
71118364672	71118099968	264704	512	11.013962
31115379200	31114921984	457216	512	9.157136
71776974848	71776550400	424448	512	3.244383
26357348864	26357009920	338944	512	12.132408
18034813440	18034537984	275456	512	4.746322
74105840640	74105369600	471040	512	2.736621
68683531776	68683120640	411136	512	4.613523
324743168	324475392	267776	512	3.467671
40895593984	40895085568	508416	512	7.180673
67947450368	67947127808	322560	512	9.486657
19132334592	19131960320	374272	512	11.737679
18742850048	18742537728	312320	512	13.193802
17880203264	17879862272	340992	512	3.212201
33178978304	33178541056	437248	512	9.498647
60977473536	60977126400	347136	512	9.554499
46408638464	46408133120	505344	512	6.749372
27358178304	27357847552	330752	512	3.176691
27381148160	27380824576	323584	512	12.587231
58031471104	58031109632	361472	512	9.712010
20059101184	20058614784	486400	512	9.117984
30536811520	30536301568	509952	512	7.845433
76154255872	76153848320	407552	512	4.525845
39622932480	39622612480	320000	512	2.815797
53182709248	53182289408	419840	512	8.547991
52187940864	52187422720	518144	512	5.774260
64414503936	64414043648	460288	512	5.368829
76848480768	76848094208	386560	512	3.988699
64912190976	64911722496	468480	512	5.179865
16489084416	16488565248	519168	512	8.368045
8553789952	8553275904	514048	512	8.702299
53803054592	53802723840	330752	512	10.680956
17588881408	17588477440	403968	512	11.067951
72740663296	72740248064	415232	512	5.422342
24207501824	24207031296	470528	512	9.067592
4509857280	4509539840	317440	512	4.146886
2149904384	2149383168	521216	512	9.118015
73390454272	73389953536	500736	512	10.926642
35916490752	35915996672	494080	512	8.048387
46799553024	46799174144	378880	512	10.178324
31075877376	31075418624	458752	512	9.108935
12622989312	12622574080	415232	512	10.951799
14204268544	14203914240	354304	512	12.361088
10736039936	10735623168	416768	512	10.945441
19341705216	19341192704	512512	512	8.528503
73070617600	73070163968	453632	512	4.004018
78503715840	78503237632	478208	512	9.413514
27847343104	27846878720	464384	512	4.624739
32627755520	32627433984	321536	512	12.437903
8475299328	8474781184	518144	512	8.792493
70416179712	70415805952	373760	512	7.183166
8768457216	8768165888	291328	512	2.760300
54451133952	54450822144	311808	512	11.309538
48432791552	48432413184	378368	512	10.131948
21285957120	21285489664	467456	512	9.564022
4643849216	4643393536	455680	512	10.391936
63406260224	63405874688	385536	512	8.181420
5671829504	5671498752	330752	512	13.012753
23674020864	23673623040	397824	512	1.565105
58869311488	58868846080	465408	512	6.190974
70753741824	70753428992	312832	512	9.365008
24277289984	24277014528	275456	512	2.724764
71469803008	71469342208	460800	512	2.263364
49378678784	49378324992	353792	512	10.557500
21538816512	21538427904	388608	512	2.111569
63065907712	63065399808	507904	512	2.495763
53179036160	53178609664	426496	512	8.339731
48809620992	48809205760	415232	512	9.127198
77928728064	77928344576	383488	512	2.260003
30355047424	30354641408	406016	512	5.839592
14659505152	14659045888	459264	512	9.961551
42153860096	42153570816	289280	512	12.722253
74843632640	74843302400	330240	512	7.996923
18367811584	18367547392	264192	512	3.156698
59803373568	59803044352	329216	512	10.316433
68619800576	68619398656	401920	512	6.811717
35200675328	35200282112	393216	512	10.570705
44330625536	44330116608	508928	512	6.911148
17403379712	17402917888	461824	512	9.675044
75856260608	75855736832	523776	512	11.483237
3475452928	3474979328	473600	512	9.996740
11349929472	11349412864	516608	512	8.661259
39477828096	39477460992	367104	512	10.821278
25269762048	25269336064	425984	512	10.135866
36951000064	36950526464	473600	512	8.347645
26540031488	26539710464	321024	512	12.653488
38362505728	38362036224	469504	512	8.461826
66513686016	66513283072	402944	512	7.305319
30298235392	30297810432	424960	512	9.924184
69791136256	69790788608	347648	512	8.399025
78275204096	78274794496	409600	512	12.254794
52885655552	52885168128	487424	512	6.611076
57222040064	57221547520	492544	512	5.915481
40210243584	40209875968	367616	512	10.812912
32909431296	32908949504	481792	512	8.548711
30898699264	30898248704	450560	512	9.300251
70155590656	70155144192	446464	512	5.021984
62578692608	62578411008	281600	512	2.335119
1713101312	1712644608	456704	512	10.521170
9561232384	9560777216	455168	512	10.092229
50808708096	50808257536	450560	512	7.829799
42107285504	42106899968	385536	512	10.136240
51977072640	51976705536	367104	512	10.003114
47895205888	47894801920	403968	512	9.468419
70318900736	70318493696	407040	512	6.028749
70688274944	70687956480	318464	512	9.137394
28905025536	28904648192	377344	512	11.115043
37188609536	37188279808	329728	512	2.737499
21354830848	21354352128	478720	512	9.279067
62892822016	62892446208	375808	512	8.499819
3830225920	3829706240	519680	512	8.962716
68662698496	68662434304	264192	512	2.176206
50583961088	50583654400	306688	512	11.855783
28627218432	28626891264	327168	512	3.178234
49955959296	49955656704	302592	512	2.675605
51446687744	51446184448	503296	512	6.459050
15109097984	15108782592	315392	512	3.941234
68260862464	68260393984	468480	512	2.689570
59524068864	59523785728	283136	512	11.740587
37439429120	37439136256	292864	512	12.915443
76648268800	76647992832	275968	512	9.648754
15411073536	15410765824	307712	512	2.142139
69916558336	69916063744	494592	512	3.359539
23616837120	23616516096	321024	512	12.632530
4563920896	4563568128	352768	512	12.636022
13882889728	13882487808	401920	512	11.258709
11578375680	11577930752	444928	512	10.299747
73820798464	73820308992	489472	512	2.066982
17698625024	17698309120	315904	512	3.774719
76489450496	76489059328	391168	512	5.190903
69405147648	69404718592	429056	512	3.786144
7939699712	7939392512	307200	512	4.238222
30730695168	30730365952	329216	512	12.305954
32374423040	32374115328	307712	512	3.527990
22856135680	22855787008	348672	512	3.028891
6610145792	6609683968	461824	512	10.039072
1331427328	1331132416	294912	512	2.858812
58318152192	58317705728	446464	512	6.804135
49218711552	49218343424	368128	512	10.379595
36160953856	36160623104	330752	512	7.525003
75076987392	75076611072	376320	512	6.264349
25822417920	25822102016	315904	512	3.534007
67767834624	67767314944	519680	512	2.797062
16938750976	16938410496	340480	512	12.498797
5634738176	5634263040	475136	512	9.750431
65029386240	65029043712	342528	512	9.272421
78644292096	78643980288	311808	512	7.162692
27699328512	27698936320	392192	512	10.996074
74570289152	74569796096	493056	512	11.167587
3523540992	3523113472	427520	512	1.726443
29114632704	29114330624	302080	512	12.997426
40813052928	40812534784	518144	512	5.107749
43018126848	43017663488	463360	512	8.156315
61448858624	61448386048	472576	512	5.616762
19172455424	19171933184	522240	512	8.267120
56420539904	56420180480	359424	512	9.770524
1754203648	1753785856	417792	512	11.375825
27653696000	27653185536	510464	512	8.110587
72875133440	72874651648	481792	512	12.253904
26179109376	26178768896	340480	512	12.179057
46107684864	46107163648	521216	512	6.307647
63377560576	63377117184	443392	512	6.346784
7290432000	7289956864	475136	512	11.601437
16713437696	16713073664	364032	512	11.913441
18937235456	18936822272	413184	512	10.806606
59677952512	59677648896	303616	512	11.115272
22683588608	22683315200	273408	512	2.867361
69721624064	69721292800	331264	512	8.979620
72611432960	72610914304	518656	512	10.971930
38231837696	38231320576	517120	512	7.284833
33349365760	33349064192	301568	512	12.859237
54901421056	54901015040	406016	512	8.615202
76349659136	76349180928	478208	512	11.030636
11861137408	11860676096	461312	512	9.859001
910734336	910272000	462336	512	12.298380
45145991168	45145500672	490496	512	5.249526
51827593728	51827269632	324096	512	11.256623
63341113856	63340682240	431616	512	6.692506
12179915264	12179651584	263680	512	5.104307
5300053504	5299699200	354304	512	12.430983
2627212800	2626861568	351232	512	12.674152
44673963008	44673634304	328704	512	11.601316
40559484416	40559221248	263168	512	2.411055
75761143808	75760719360	424448	512	2.314554
23494821888	23494491136	330752	512	12.405095
72622670848	72622221824	449024	512	4.192253
22420096000	22419603456	492544	512	9.000167
43134854144	43134383104	471040	512	7.918102
13497836544	13497410560	425984	512	10.694969
22694494208	22694194688	299520	512	2.315388
26258920960	26258459648	461312	512	9.275332
43403092992	43402827776	265216	512	2.279515
54696258048	54695850496	407552	512	8.581409
75384849920	75384411648	438272	512	3.658857
43151995392	43151531008	464384	512	6.174653
40269107712	40268613120	494592	512	7.512053
69427289600	69426981376	308224	512	9.735621
45598922752	45598418944	503808	512	6.856030
64097295360	64097024000	271360	512	11.576144
28659419136	28659144704	274432	512	2.669397
11429510144	11429218304	291840	512	2.647434
37707338752	37707070976	267776	512	2.484053
35514552320	35514243072	309248	512	12.633553
77665192960	77664769024	423936	512	2.393896
1001940480	1001548800	391680	512	11.911469
67685694976	67685276672	418304	512	4.430258
24441925632	24441446912	478720	512	8.882350
175618560	175166976	451584	512	10.666200
23821728768	23821219840	508928	512	8.114579
36502442496	36501979648	462848	512	9.316658
34717792768	34717502976	289792	512	3.865114
48938120192	48937598464	521728	512	4.349077
65895103488	65894688768	414720	512	5.062224
71808365056	71808060928	304128	512	9.507998
45253423616	45253125632	297984	512	12.343673
19330775552	19330502144	273408	512	2.950431
58530580992	58530178048	402944	512	6.200446
24292318720	24291951104	367616	512	2.311089
65798845440	65798439424	406016	512	7.197489
12260781056	12260517376	263680	512	5.241397
29949370880	29948994560	376320	512	1.865498
68899165184	68898871808	293376	512	10.322119
38025085440	38024570368	515072	512	7.321707
37534566400	37534171648	394752	512	10.393883
35461448704	35461081600	367104	512	11.255703
47291233792	47290727424	506368	512	6.625523
61148903936	61148508160	395776	512	8.030145
52059066368	52058630144	436224	512	8.122644
19937670144	19937262080	408064	512	1.619089
49311368192	49310852096	516096	512	6.031403
63078072320	63077729280	343040	512	9.447302
57463899136	57463477248	421888	512	7.943813
4305833472	4305432064	401408	512	11.588220
1295629824	1295275008	354816	512	3.459859
71894896640	71894506496	390144	512	6.454824
48554746368	48554361856	384512	512	9.977901
74071831552	74071321088	510464	512	10.564721
65172685312	65172236288	449024	512	3.977662
29175999488	29175561216	438272	512	9.594408
50671717888	50671362048	355840	512	1.220400
45641598464	45641223680	374784	512	10.250254
52046270976	52045964800	306176	512	11.751051
16414953984	16414564864	389120	512	2.114994
35055682560	35055181824	500736	512	7.845915
78221500928	78221211648	289280	512	8.076632
20622339584	20621855232	484352	512	9.212528
64316597760	64316322304	275456	512	11.470170
37516666368	37516339200	327168	512	12.075769
54036147200	54035860480	286720	512	12.060751
7895897600	7895537152	360448	512	3.039364
35896943616	35896419840	523776	512	7.334539
16901583360	16901191168	392192	512	11.311643
2398732288	2398331904	400384	512	11.722153
38587566592	38587075072	491520	512	7.692917
7564496384	7563985408	510976	512	8.900652
61197224448	61196758016	466432	512	3.960181
33298071040	33297670656	400384	512	10.390642
68859938816	68859552256	386560	512	7.362853
58359177728	58358776832	400896	512	8.153876
25513561600	25513240576	321024	512	12.761884
57616558592	57616239104	319488	512	1.693143
39874064896	39873724928	339968	512	13.399880
72660902912	72660545536	357376	512	7.494925
46723710464	46723197952	512512	512	6.416026
10338582528	10338260480	322048	512	3.777682
77070657024	77070141440	515584	512	7.794735
31546896384	31546613760	282624	512	2.333964
2932390400	2932103168	287232	512	4.821176
48352190976	48351881728	309248	512	2.848827
32809764864	32809474048	290816	512	3.996222
44478572544	44478101504	471040	512	7.886551
68908761088	68908296192	464896	512	2.820998
33983533056	33983088128	444928	512	9.107081
40512607232	40512252928	354304	512	13.115689
5044185600	5043885568	300032	512	4.513828
58279989760	58279698432	291328	512	11.492702
15313414144	15312914432	499712	512	8.819950
40914291712	40913815552	476160	512	8.021973
11638225408	11637898240	327168	512	12.949767
61286567936	61286113280	454656	512	6.217947
48164802048	48164295168	506880	512	6.666561
37289824256	37289397248	427008	512	9.576874
53923165184	53922712064	453120	512	7.238213
78955764224	78955300864	463360	512	9.141878
26257726976	26257359872	367104	512	11.550642
50816351744	50815849984	501760	512	6.449742
77609548288	77609098752	449536	512	10.543662
49155584	48805376	350208	512	12.773368
23106336768	23105960448	376320	512	11.404171
16710449152	16710108672	340480	512	12.509369
9528486400	9528006656	479744	512	9.641577
30269500928	30269221376	279552	512	2.372277
55400587264	55400151040	436224	512	7.742634
71385193984	71384825344	368640	512	7.352049
13190039552	13189724672	314880	512	2.190959
46524627456	46524343808	283648	512	12.713081
36921225728	36920778240	447488	512	9.049569
410415104	409927168	487936	512	9.716363
67371307008	67370927104	379904	512	7.580748
19733221376	19732826112	395264	512	11.228478
44412596224	44412152320	443904	512	8.509858
14624771072	14624433152	337920	512	12.695779
56105288704	56104842240	446464	512	7.217897
70828397568	70827880960	516608	512	11.392202
39041202688	39040876032	326656	512	12.006833
61390287872	61389811712	476160	512	5.483354
21825298944	21825014272	284672	512	2.676100
74528391680	74527974400	417280	512	4.752988
41909448192	41909057536	390656	512	10.029041
2960189440	2959909888	279552	512	5.035698
60831976960	60831655936	321024	512	10.561895
42084875264	42084350976	524288	512	6.510216
17452879872	17452603904	275968	512	2.988479
21494925312	21494489088	436224	512	10.286597
71470908416	71470452224	456192	512	12.491188
28575571968	28575095296	476672	512	8.866443
35162815488	35162407424	408064	512	10.194024
32144593920	32144270336	323584	512	12.384601
5671273984	5670812160	461824	512	10.035098
22051319808	22051012096	307712	512	3.978731
39781405184	39780978688	426496	512	9.343485
22242503168	22242003968	499200	512	8.805138
65995616768	65995115008	501760	512	2.209071
434359296	433916416	442880	512	10.775982
53992117760	53991753728	364032	512	9.832565
38378097664	38377627136	470528	512	8.475984
4624501760	4624156160	345600	512	3.542440
72015041536	72014519808	521728	512	10.827429
66400289792	66399905280	384512	512	7.918912
29966194688	29965792256	402432	512	10.496219
69330317312	69330028032	289280	512	10.445060
50154809344	50154363392	445952	512	7.855099
64776592896	64776202752	390144	512	7.739781
9729552896	9729094144	458752	512	11.823959
66855649280	66855153152	496128	512	3.617709
15534630400	15534251008	379392	512	11.593159
18823275520	18822862336	413184	512	10.816698
71143798272	71143389184	409088	512	5.964201
34526779904	34526436352	343552	512	11.840583
25451171840	25450685440	486400	512	8.693288
35786519552	35786032640	486912	512	8.247004
36950935040	36950647808	287232	512	13.097819
77652484608	77652096000	388608	512	3.836745
31013668352	31013393408	274944	512	2.476180
65856754176	65856242176	512000	512	12.979432
61735903744	61735516160	387584	512	8.379934
35970126848	35969724416	402432	512	10.343138
42607216640	42606914560	302080	512	12.355596
6828079616	6827688448	391168	512	13.471654
48650569728	48650219520	350208	512	10.909390
50363929088	50363511808	417280	512	8.795687
16493679616	16493209600	470016	512	9.489873
11805838336	11805550592	287744	512	2.837907
54727023104	54726554112	468992	512	6.798376
22306732544	22306266624	465920	512	9.608850
9798732800	9798315520	417280	512	10.898911
76714011648	76713515008	496640	512	8.597683
66909411328	66908895744	515584	512	12.273129
5959708672	5959389696	318976	512	13.207243
33885188096	33884748288	439808	512	9.364740
77550286336	77549890560	395776	512	12.862596
51806044672	51805653504	391168	512	9.377293
73515552768	73515280896	271872	512	10.199929
19344719360	19344411136	308224	512	13.224294
8437222400	8436811776	410624	512	11.205700
76144883200	76144360960	522240	512	9.333242
44333857792	44333369856	487936	512	5.586826
67397343744	67397027328	316416	512	9.656121
58018778624	58018466816	311808	512	11.238544
790689280	790404096	285184	512	4.968332
49370870272	49370525696	344576	512	10.809120
20228890624	20228523520	367104	512	11.894724
24911518208	24911255040	263168	512	4.777862
14217142784	14216773632	369152	512	11.989029
30057936384	30057668608	267776	512	4.543060
34168074752	34167713280	361472	512	11.361140
15869449216	15869151744	297472	512	4.194285
23392451072	23392168960	282112	512	2.484637
41727812608	41727390720	421888	512	9.392804
27468598784	27468266496	332288	512	12.369298
7504680960	7504232960	448000	512	12.176873
33729158656	33728708608	450048	512	9.111741
57585868288	57585422336	445952	512	7.226060
35273446912	35273003520	443392	512	9.251640
11331110400	11330625536	484864	512	9.401293
35871960064	35871578112	381952	512	12.714595
27670610432	27670106624	503808	512	8.240289
12138908160	12138573312	334848	512	12.786230
22986269184	22985959424	309760	512	3.662495
7456114176	7455741952	372224	512	7.465941
27524748288	27524382208	366080	512	0.538113
49850722816	49850421760	301056	512	2.742716
31386085376	31385605120	480256	512	8.591420
13546539520	13546216960	322560	512	3.773948
19329929216	19329601024	328192	512	12.778579
33729656320	33729150464	505856	512	0.497194
61009959424	61009586176	373248	512	8.660163
11419917312	11419651584	265728	512	4.906147
21366749184	21366326784	422400	512	10.577323
16313658368	16313200128	458240	512	9.771466
65599666176	65599251456	414720	512	6.931059
42719254528	42718888448	366080	512	10.693948
63769643520	63769355264	288256	512	11.253946
26823945728	26823624192	321536	512	12.617543
57490153472	57489778176	375296	512	9.329731
11774566400	11774172672	393728	512	11.427346
26373171712	26372819456	352256	512	11.886995
30662687744	30662166016	521728	512	7.565783
40250873344	40250454016	419328	512	9.487410
5215343616	5214831104	512512	512	9.132181
66381927424	66381412352	515072	512	12.873236
38487004672	38486568448	436224	512	9.246636
43523667456	43523351040	316416	512	12.034317
64529748480	64529255424	493056	512	4.389258
63291091456	63290674176	417280	512	7.212624
10908867072	10908507136	359936	512	2.941200
14872158208	14871795712	362496	512	12.165675
61486373888	61486005248	368640	512	8.837891
11884186112	11883701760	484352	512	9.356048
35235498496	35235172352	326144	512	2.966584
32565884928	32565425664	459264	512	9.073042
57308025344	57307722752	302592	512	11.445969
67510982656	67510626304	356352	512	8.345761
51326158336	51325791232	367104	512	10.160378
3253697024	3253320704	376320	512	12.114844
9860633600	9860174848	458752	512	9.854570
68040142848	68039815680	327168	512	9.292376
23494929408	23494413824	515584	512	7.972702
65888880640	65888471040	409600	512	7.094849
6360326144	6359980544	345600	512	12.631852
76616791040	76616360448	430592	512	12.859453
47186083840	47185672192	411648	512	9.271048
38397559296	38397230080	329216	512	12.029567
16980162560	16979772928	389632	512	11.341158
22277530112	22277224448	305664	512	2.174356
11074838016	11074357760	480256	512	9.480691
62700684800	62700254720	430080	512	6.926892
43383233536	43382741504	492032	512	7.354453
113221120	112842240	378880	512	12.213772
33209886720	33209393664	493056	512	8.115025
10254088192	10253735936	352256	512	12.390157
50119994368	50119570944	423424	512	8.589524
6037693440	6037273088	420352	512	10.952329
17026178048	17025695232	482816	512	9.194359
7834186752	7833665536	521216	512	8.730169
61476759552	61476280832	478720	512	5.405136
40452544000	40452081664	462336	512	8.363514
44477905920	44477424640	481280	512	7.616264
11164146176	11163700736	445440	512	10.288489
51980914176	51980485120	429056	512	8.197758
40833315328	40832907264	408064	512	9.798982
1607682048	1607159808	522240	512	9.073273
45457124864	45456836096	288768	512	3.297753
25929547776	25929110528	437248	512	9.863226
67591339008	67591050240	288768	512	10.615128
70513958912	70513452032	506880	512	11.785985
2101734400	2101256704	477696	512	10.070927
73882401792	73881995264	406528	512	3.284890
76889182208	76888912896	269312	512	8.946666
61498541056	61498204160	336896	512	9.857321
66042549760	66042161152	388608	512	7.760007
54215656960	54215157760	499200	512	5.930657
33456836608	33456323584	513024	512	7.654587
8073220608	8072913408	307200	512	2.373217
15754177536	15753729024	448512	512	9.988670
62198233600	62197747200	486400	512	3.342047
12380699136	12380432896	266240	512	5.136433
67635244032	67634792960	451072	512	5.137816
70185602048	70185305088	296960	512	9.879274
23257487872	23257217536	270336	512	4.652566
11652485632	11652137472	348160	512	12.477667
15438582272	15438305792	276480	512	4.694029
45410130432	45409640448	489984	512	7.144695
15906104832	15905828352	276480	512	2.773648
66023896064	66023497216	398848	512	7.432070
63512495104	63512154624	340480	512	9.582360
18169664000	18169389056	274944	512	2.855309
43241413632	43241137664	275968	512	13.082990
20805239296	20804788736	450560	512	9.943098
66922381312	66921967104	414208	512	6.403080
2619839488	2619500032	339456	512	3.625479
2869788160	2869356544	431616	512	10.941000
31643712000	31643307008	404992	512	10.393572
48256231424	48255964160	267264	512	3.902565
25307366400	25306912256	454144	512	9.443520
28987468800	28986953728	515072	512	7.735609
58603020288	58602725376	294912	512	11.395043
43487435776	43486978048	457728	512	6.401099
17561861632	17561471488	390144	512	2.031746
51491956224	51491659776	296448	512	12.025244
19060248576	19059963904	284672	512	4.532214
38106929664	38106566656	363008	512	11.157810
72234411008	72233969152	441856	512	2.567150
38765570560	38765106176	464384	512	8.367233
25062394880	25061988352	406528	512	10.577302
32315401728	32315124736	276992	512	2.443328
34758170112	34757790208	379904	512	10.923251
14514723328	14514328064	395264	512	2.132729
74758091264	74757791232	300032	512	9.153593
47294209024	47293844480	364544	512	10.507712
9433887232	9433388032	499200	512	9.030490
68929615360	68929230336	385024	512	7.505850
32599811584	32599420416	391168	512	10.773429
26937031680	26936766976	264704	512	4.749857
25469549568	25469241344	308224	512	12.917857
74009124352	74008789504	334848	512	7.816727
69045568512	69045117440	451072	512	2.993897
39038167552	39037895168	272384	512	2.180459
3781095424	3780599808	495616	512	9.460074
68779896832	68779619328	277504	512	1.748560
10902793728	10902412800	380928	512	11.772772
1849950720	1849660928	289792	512	2.994915
49116646912	49116208640	438272	512	8.551932
76234371072	76233993728	377344	512	5.689247
64870162944	64869687296	475648	512	3.074995
38111135232	38110786560	348672	512	11.527004
33871518208	33871217664	300544	512	12.875565
53041797632	53041524224	273408	512	12.655737
9878463488	9878088704	374784	512	2.584389
47762355712	47762003968	351744	512	12.701148
79478116352	79477608960	507392	512	7.195371
72669294080	72668902400	391680	512	6.290008
41073971200	41073597440	373760	512	1.414636
59587940864	59587478528	462336	512	6.319153
30080807424	30080501248	306176	512	12.883659
13056536576	13056164864	371712	512	2.700187
68614612992	68614239232	373760	512	7.763447
76806232064	76805780480	451584	512	10.489610
25915981824	25915466240	515584	512	7.916772
74817625088	74817247232	377856	512	6.239849
66820819456	66820542976	276480	512	11.029066
37527702016	37527350272	351744	512	11.444605
59974293504	59973911552	381952	512	8.789503
3271111680	3270669312	442368	512	10.686029
17692744192	17692366848	377344	512	11.653574
73792604160	73792146432	457728	512	3.213568
26387308032	26386845184	462848	512	9.243308
6943119360	6942783488	335872	512	12.851303
45716165632	45715719680	445952	512	8.319242
53487219200	53486810112	409088	512	8.521539
46896025088	46895759360	265728	512	13.222278
45958653440	45958169088	484352	512	7.261868
76390578688	76390193664	385024	512	5.417041
14836786688	14836417024	369664	512	11.976410
8928217088	8927868416	348672	512	12.452064
4136558592	4136292864	265728	512	3.456480
7830645248	7830156288	488960	512	9.459164
48791561728	48791057920	503808	512	4.915797
25904287744	25903805440	482304	512	8.776485
28736398848	28736031232	367616	512	13.167847
17271498752	17271232000	266752	512	3.070317
64567816704	64567497216	319488	512	10.017452
30203412992	30203107840	305152	512	12.867948
71510915072	71510485504	429568	512	5.225128
52722626560	52722352128	274432	512	3.373812
30060218368	30059713536	504832	512	7.974561
32655294464	32654788096	506368	512	7.936151
16829461504	16829108224	353280	512	2.928911
73919095808	73918812160	283648	512	9.775240
52505635840	52505198080	437760	512	7.998552
68538780160	68538448384	331776	512	9.181956
15235513344	15235210240	303104	512	4.192918
30036189696	30035863040	326656	512	3.098858
22693878272	22693466112	412160	512	1.588323
46567054848	46566585344	469504	512	7.704670
37340196864	37339754496	442368	512	9.132524
13114707456	13114401792	305664	512	4.206741
521433600	521102848	330752	512	2.108436
37598674944	37598377472	297472	512	12.892555
39362629632	39362219008	410624	512	9.734789
27282023424	27281508352	515072	512	7.951578
57902184448	57901696000	488448	512	6.075291
29307595776	29307092480	503296	512	8.040164
24044837376	24044334592	502784	512	6.417141
43088832000	43088500224	331776	512	11.560356
1788790784	1788267008	523776	512	9.077488
15162491392	15162027008	464384	512	9.810615
36128576000	36128217088	358912	512	11.441420
61425545728	61425100288	445440	512	6.367805
13065618432	13065147904	470528	512	9.873107
62266861056	62266516480	344576	512	9.600331
27264971776	27264698880	272896	512	2.659577
21867899904	21867536896	363008	512	11.964494
25272757248	25272265216	492032	512	8.631878
57038828544	57038389248	439296	512	7.424581
5730189312	5729779200	410112	512	11.201891
71620071424	71619691008	380416	512	6.853611
44671123456	44670764544	358912	512	10.812735
29241757184	29241239040	518144	512	7.626117
77604149760	77603741184	408576	512	12.360494
20420878336	20420610560	267776	512	3.042382
5181095424	5180729344	366080	512	3.056196
70212531200	70212178432	352768	512	7.991326
51276365312	51275932672	432640	512	6.503527
7654218240	7653898240	320000	512	3.976645
52977829888	52977414144	415744	512	8.651664
30348706816	30348337664	369152	512	11.314858
604147200	603762688	384512	512	12.069056
78528291328	78527983616	307712	512	7.339860
29453368832	29453090816	278016	512	2.442505
3502965248	3502497280	467968	512	10.125297
71668066816	71667639296	427520	512	4.933183
74678703104	74678307840	395264	512	5.529919
6422282240	6421903360	378880	512	11.893670
2650622464	2650332672	289792	512	2.919323
62044008448	62043675648	332800	512	10.003776
50407797248	50407444480	352768	512	1.313400
62346963968	62346474496	489472	512	5.052764
40555330560	40554939392	391168	512	10.250471
53926052352	53925658112	394240	512	8.959762
34502474240	34501999104	475136	512	6.666875
14221165568	14220786176	379392	512	2.417113
28601646080	28601234432	411648	512	10.489811
78433198080	78432683520	514560	512	7.830178
67981447168	67981176320	270848	512	11.228345
76505057280	76504581632	475648	512	11.147826
61276653056	61276268544	384512	512	8.399037
42050906624	42050573824	332800	512	11.555736
20316368896	20316071424	297472	512	2.387696
29432247808	29431961088	286720	512	2.194503
24884755456	24884413440	342016	512	2.889936
39818018304	39817611776	406528	512	9.848163
60294495232	60294170112	325120	512	10.485648
67105673728	67105305088	368640	512	7.916756
46873214464	46872766464	448000	512	6.396004
35649437184	35648931840	505344	512	7.769640
9369793024	9369406464	386560	512	11.604130
18732668928	18732306944	361984	512	2.725304
14654040576	14653567488	473088	512	9.733424
71820954112	71820684288	269824	512	10.633957
69637379584	69636996096	383488	512	7.110200
18424334336	18423904256	430080	512	10.409095
70478119936	70477800960	318976	512	9.132654
890036736	889649152	387584	512	12.030896
33901921280	33901441024	480256	512	8.400140
1379345920	1378871296	474624	512	10.116969
1649592320	1649180160	412160	512	2.185028
23311639552	23311271936	367616	512	2.266540
377142784	376826880	315904	512	4.273609
72884350464	72884083712	266752	512	10.741544
68124202496	68123679744	522752	512	11.968943
17704563712	17704059904	503808	512	8.732302
14304690688	14304243200	447488	512	10.321138
64152338944	64151976448	362496	512	8.612303
14829359616	14829068800	290816	512	2.665695
12296048128	12295611392	436736	512	10.437151
53377504256	53377120256	384000	512	9.239844
67273335296	67273063936	271360	512	11.229009
47772891136	47772487680	403456	512	9.503751
76596228608	76595898880	329728	512	7.521759
38345846784	38345558528	288256	512	13.062902
35848089088	35847670272	418816	512	9.929647
72301054464	72300553216	501248	512	13.399017
49607099392	49606621696	477696	512	7.093432
69728540672	69728215552	325120	512	7.338615
72217052160	72216607232	444928	512	4.320879
29586089984	29585735680	354304	512	11.756221
52447985664	52447596032	389632	512	9.361852
67217091072	67216826368	264704	512	11.447348
78860043776	78859661824	381952	512	2.342463
53142818816	53142430208	388608	512	9.411189
29787719680	29787228672	491008	512	8.253521
41882978816	41882707456	271360	512	2.067837
61122434048	61122040320	393728	512	8.065610
10698769920	10698263552	506368	512	7.029066
46927690752	46927400448	290304	512	12.524382
38627267584	38626759680	507904	512	7.197481
2335755776	2335242752	513024	512	9.314479
13492692480	13492346368	346112	512	12.493770
68031093248	68030617600	475648	512	2.451864
61084174848	61083822080	352768	512	15.859084
38963409408	38963030016	379392	512	12.387365
315371520	315036160	335360	512	3.839145
75787240448	75786946560	293888	512	9.159117
66678426112	66677932544	493568	512	4.398233
4384809472	4384390144	419328	512	11.181461
3036030976	3035525632	505344	512	9.310690
55269079552	55268777984	301568	512	2.358573
61897422848	61897114624	308224	512	10.744515
9384459776	9384187904	271872	512	4.944498
48721078784	48720713728	365056	512	12.365261
59562302464	59562033152	269312	512	12.195238
71676416000	71676063232	352768	512	7.646322
66361476096	66360982016	494080	512	4.363742
1116452864	1116111872	340992	512	3.736190
74822207488	74821846528	360960	512	6.832594
3928232960	3927965184	267776	512	3.367123
28988389376	28988056576	332800	512	12.198091
5428572672	5428107264	465408	512	9.952095
44406431744	44406084096	347648	512	13.034805
78460658176	78460310016	348160	512	5.610050
9578616320	9578141184	475136	512	9.595471
13219526144	13219017216	508928	512	8.854290
79060108288	79059584512	523776	512	6.476142
55612038656	55611675136	363520	512	11.692299
15023578624	15023279104	299520	512	2.481236
60360714240	60360340480	373760	512	8.960549
56214647808	56214249984	397824	512	8.655024
68955710464	68955231744	478720	512	3.898030
66825253888	66824890880	363008	512	8.112572
33792836608	33792351232	485376	512	8.263438
43030941184	43030545408	395776	512	9.861053
64532493824	64532161536	332288	512	9.593677
14726534144	14726098944	435200	512	10.538110
57808775680	57808292352	483328	512	4.266985
49468757504	49468468736	288768	512	12.364982
75712918016	75712435200	482816	512	13.075368
75754962944	75754544128	418816	512	2.557855
4326170112	4325900800	269312	512	5.205429
9170003968	9169633280	370688	512	2.715670
7059553280	7059247104	306176	512	2.363799
73336125440	73335648256	477184	512	2.503783
43929443328	43929042432	400896	512	9.749044
29110789120	29110375424	413696	512	10.220841
37271957504	37271597056	360448	512	11.251740
45365705728	45365324800	380928	512	10.104627
21917648384	21917131776	516608	512	8.455660
2648428032	2648110080	317952	512	2.278572
36255404032	36255119360	284672	512	4.069689
39228443136	39228149248	293888	512	12.700575
59732753408	59732365312	388096	512	5.622510
4005028352	4004517888	510464	512	9.216264
53026298368	53025924608	373760	512	9.814550
69894816768	69894436352	380416	512	7.283947
39726201856	39725891584	310272	512	3.039043
13594018304	13593650688	367616	512	2.758891
27195847168	27195579904	267264	512	2.819532
23764609536	23764329984	279552	512	2.537801
942680576	942234624	445952	512	10.772082
282438656	281991168	447488	512	1.399085
23479088128	23478565376	522752	512	7.816933
67731364352	67731078144	286208	512	1.424308
75766645248	75766340608	304640	512	8.862258
77237568512	77237178880	389632	512	3.855920
79974801920	79974415872	386048	512	3.278229
61380581376	61380147712	433664	512	6.790085
10435503104	10435191296	311808	512	4.029796
67508946432	67508458496	487936	512	13.155887
11661048320	11660634112	414208	512	1.728829
25995214848	25994853888	360960	512	11.666983
67107296256	67106796032	500224	512	12.744611
5851042816	5850528768	514048	512	8.867301
70320021504	70319643648	377856	512	7.003986
51835868160	51835505152	363008	512	10.111957
16236736000	16236357120	378880	512	11.614695
54934752768	54934252544	500224	512	4.056532
21937156096	21936845824	310272	512	13.207943
18473357824	18473016320	341504	512	3.180957
6338343936	6337970688	373248	512	2.741590
58027799040	58027319296	479744	512	6.201330
56975961088	56975586304	374784	512	9.337636
64455867904	64455407616	460288	512	5.463144
65485899264	65485383168	516096	512	12.897868
65111949824	65111465472	484352	512	2.930697
42325709312	42325367296	342016	512	11.248646
62524281856	62523922432	359424	512	9.151077
21329076736	21328629760	446976	512	10.030636
48113933824	48113648128	285696	512	12.644512
73498314240	73497938432	375808	512	6.280598
1580250112	1579785728	464384	512	10.337759
37216979968	37216650240	329728	512	11.956496
34382669312	34382360064	309248	512	12.719067
59175199744	59174690304	509440	512	3.043519
52556341760	52555927040	414720	512	8.641901
39659757568	39659297792	459776	512	8.386126
28641277952	28640951808	326144	512	12.528071
56910286336	56909904384	381952	512	9.122411
22197533184	22197158400	374784	512	11.699646
3333275136	3332798976	476160	512	9.908062
44206815232	44206316032	499200	512	7.164647
60267274752	60266855424	419328	512	7.620948
70885613056	70885236736	376320	512	7.071150
50511202816	50510921728	281088	512	12.548212
74847625728	74847156736	468992	512	11.990215
78779081728	78778689024	392704	512	3.748523
65218522624	65218200576	322048	512	9.941342
18056183808	18055753216	430592	512	10.431935
77063910912	77063643136	267776	512	9.040265
11185057792	11184723968	333824	512	12.782955
66645355008	66644848640	506368	512	13.219785
43258626560	43258192384	434176	512	8.875364
56388401152	56387948544	452608	512	5.248443
842762240	842485760	276480	512	5.081091
43037323264	43036884992	438272	512	8.733930
60008361984	60008037888	324096	512	10.522939
12987991040	12987589632	401408	512	11.260250
39544744448	39544360448	384000	512	10.424606
47437554176	47437142016	412160	512	9.279256
7620773888	7620509696	264192	512	3.351941
12660644864	12660367360	277504	512	4.825060
41792485888	41792189440	296448	512	12.658458
45323993088	45323532288	460800	512	7.916063
71955484160	71955196416	287744	512	10.011460
29645094400	29644718592	375808	512	11.140853
10704630784	10704192000	438784	512	12.281128
49480951808	49480465920	485888	512	5.041799
65043594752	65043298816	295936	512	10.784985
48140938752	48140471808	466944	512	7.782324
65420499456	65420178944	320512	512	9.987978
32643120640	32642731520	389120	512	10.798361
51173332992	51173011456	321536	512	11.351568
38972901376	38972579328	322048	512	12.015111
49761487360	49760989184	498176	512	6.553709
33907932672	33907466752	465920	512	8.656488
242016256	241750016	266240	512	3.509547
60795530752	60795164160	366592	512	9.215220
69564925952	69564576256	349696	512	8.350649
66577836544	66577350144	486400	512	2.746547
29901656576	29901362688	293888	512	13.191430
2496438272	2496067072	371200	512	12.352108
72311566336	72311266304	300032	512	11.385460
51632316416	51631964160	352256	512	10.313662
61677481984	61677175296	306688	512	1.585920
70223191040	70222822400	368640	512	7.333721
2583020544	2582637568	382976	512	11.974487
68214580224	68214221312	358912	512	8.241485
18150324736	18149856768	467968	512	9.485277
19212723200	19212331008	392192	512	11.295760
30438916608	30438416384	500224	512	8.045063
46719930880	46719523840	407040	512	9.348640
55348104704	55347687424	417280	512	8.309284
47130130432	47129656320	474112	512	5.699128
43138936320	43138646016	290304	512	3.426696
57969592832	57969324544	268288	512	12.442071
62875283456	62874833408	450048	512	6.101881
15928489984	15927973888	516096	512	8.409942
72640898048	72640586752	311296	512	9.116197
6338080768	6337712128	368640	512	12.122344
78901926912	78901459456	467456	512	8.963437
50402877952	50402458112	419840	512	8.689860
57680676352	57680343040	333312	512	10.553427
43439898624	43439420928	477696	512	7.710675
49438380544	49437878272	502272	512	6.395279
76889405952	76889056256	349696	512	3.649222
11134628352	11134239232	389120	512	11.557688
6390684672	6390186496	498176	512	9.214797
31818610176	31818153984	456192	512	9.172779
50161146880	50160808960	337920	512	10.954659
72517250048	72516869632	380416	512	4.826503
69536703488	69536241152	462336	512	2.558099
7101334528	7100840960	493568	512	9.319545
41938806784	41938389504	417280	512	9.258225
10699190272	10698718720	471552	512	9.721462
28538288128	28538016256	271872	512	4.582912
68272832000	68272316928	515072	512	2.985330
2813116928	2812758528	358400	512	3.258186
4934754304	4934452736	301568	512	2.586035
71018976768	71018624000	352768	512	7.902155
18338014208	18337721856	292352	512	2.508005
37589591552	37589265920	325632	512	12.123980
65376516608	65376089088	427520	512	6.532557
75086782464	75086437376	345088	512	7.465040
41809679360	41809296896	382464	512	10.444889
32112662016	32112180224	481792	512	8.545443
68184711680	68184353792	357888	512	8.281108
49196856832	49196575744	281088	512	3.509638
31651541504	31651248640	292864	512	3.897225
6604886016	6604418560	467456	512	9.898640
34293773312	34293385216	388096	512	10.693041
77171627520	77171302912	324608	512	6.590904
45407902208	45407582720	319488	512	11.827257
5331752960	5331306496	446464	512	10.399650
78784729600	78784441344	288256	512	8.179105
71026205696	71025827840	377856	512	7.050505
30951656448	30951292928	363520	512	11.531885
27789560320	27789109760	450560	512	11.430422
14519810560	14519457280	353280	512	12.340706
56158600192	56158258176	342016	512	10.292346
20236381184	20236054528	326656	512	0.423539
76394252288	76393738752	513536	512	9.612835
53778083840	53777730048	353792	512	10.118589
54926344192	54925963264	380928	512	9.359656
44863952384	44863579136	373248	512	10.388752
19985428992	19985023488	405504	512	10.978353
55040700416	55040246272	454144	512	5.371730
5076323840	5075927552	396288	512	11.665335
29525421056	29525147648	273408	512	2.558306
1412859392	1412437504	421888	512	11.274542
47590824960	47590531584	293376	512	12.548234
67067472384	67067051520	420864	512	6.139907
28729536000	28729082880	453120	512	9.490460
55454164480	55453701120	463360	512	6.963791
18479723008	18479294464	428544	512	10.458965
24474030080	24473673216	356864	512	11.797241
75125733888	75125313024	420864	512	2.447382
16653464064	16653162496	301568	512	2.290239
12000228864	11999860736	368128	512	11.959376
78223941632	78223442944	498688	512	8.510260
62883803648	62883331584	472064	512	5.438365
78454016512	78453523456	493056	512	8.763173
8031544320	8031267840	276480	512	4.922816
45807533568	45807047680	485888	512	7.236201
55976990208	55976482816	507392	512	5.665699
76761459712	76761175040	284672	512	8.319031
62816288256	62815971328	316928	512	10.465836
11113195008	11112843264	351744	512	3.145843
13544719872	13544290304	429568	512	10.617553
1697176576	1696681984	494592	512	9.713431
67697435136	67697043968	391168	512	7.171599
8242199040	8241677824	521216	512	8.706825
745652736	745250304	402432	512	11.657721
57550804480	57550303232	501248	512	5.593657
30011053056	30010782720	270336	512	2.632993
37725526528	37725153792	372736	512	10.933839
71315777536	71315319808	457728	512	4.243803
54116219392	54115882496	336896	512	10.613149
31872438272	31871927808	510464	512	7.831347
12444116480	12443653120	463360	512	9.826845
64712374784	64711876608	498176	512	2.364322
21455375360	21454947840	427520	512	10.459949
71505999872	71505640960	358912	512	7.711131
22481083392	22480651776	431616	512	10.370329
67446298624	67446004736	293888	512	10.462501
31490336768	31489923584	413184	512	10.239685
2052442624	2051939328	503296	512	9.553732
68061060608	68060618240	442368	512	5.402326
9187794944	9187524096	270848	512	3.083583
63580311552	63579985408	326144	512	10.069104
65982851584	65982398976	452608	512	5.694794
16859991040	16859594240	396800	512	11.206891
4782216192	4781884928	331264	512	13.104619
62130078208	62129747968	330240	512	11.899382
13277066240	13276696576	369664	512	11.973901
70753207296	70752748544	458752	512	2.348393
39050941440	39050565120	376320	512	10.622230
9000813056	9000485888	327168	512	0.455036
32817089024	32816800768	288256	512	0.467991
51706169856	51705771008	398848	512	9.146903
40309833728	40309526016	307712	512	3.108292
53058726912	53058376704	350208	512	10.486872
6119336448	6118964736	371712	512	12.065132
41191823872	41191311360	512512	512	7.106337
64876517376	64876228096	289280	512	10.825117
22437634560	22437334016	300544	512	2.367486
34198435840	34197913600	522240	512	7.371048
20190459392	20190020608	438784	512	10.213413
23741110784	23740756992	353792	512	2.598466
67521274880	67520932864	342016	512	8.842475
17942728704	17942218752	509952	512	8.538904
49574247424	49573905920	341504	512	10.836620
17563985920	17563713536	272384	512	2.902441
45246582784	45246206464	376320	512	10.188468
24424600576	24424233472	367104	512	11.545620
42479497216	42479112192	385024	512	10.175073
73616720384	73616249856	470528	512	12.037972
5488977920	5488672256	305664	512	2.404560
51562709504	51562188288	521216	512	5.736130
63359323648	63358853632	470016	512	5.561707
55008175616	55007718912	456704	512	7.101789
31130070016	31129645568	424448	512	9.957530
26213146112	26212666880	479232	512	8.841162
11943532032	11943163904	368128	512	12.044288
33782633984	33782238720	395264	512	10.534747
78651636736	78651264512	372224	512	4.617698
2249753600	2249478656	274944	512	3.339042
27173268480	27172894208	374272	512	11.368214
75784917504	75784467968	449536	512	3.204170
32613422592	32612978688	443904	512	9.512507
51678737920	51678404096	333824	512	1.669043
43541457920	43540937728	520192	512	6.592372
66528836096	66528314880	521216	512	12.740751
79148793344	79148513792	279552	512	8.021592
54019068416	54018772992	295424	512	11.837557
31789758464	31789443072	315392	512	12.637830
10283281920	10282769920	512000	512	6.920537
62981140480	62980835840	304640	512	10.661825
27973196800	27972742144	454656	512	9.449600
19131396096	19130948608	447488	512	10.033635
70572403712	70571948544	455168	512	4.323289
33471982592	33471561728	420864	512	9.952324
66207756288	66207304704	451584	512	5.738797
5530211328	5529917440	293888	512	2.668602
21566420480	21565906944	513536	512	8.501196
7916787200	7916519424	267776	512	5.114438
71958319104	71958000640	318464	512	8.872046
15345598976	15345318400	280576	512	2.722110
41812429824	41812102144	327680	512	11.857177
22132255232	22131983360	271872	512	2.936303
60616350208	60615868928	481280	512	5.749450
60395944960	60395635200	309760	512	10.947238
60934564864	60934241280	323584	512	10.241227
4732283392	4731818496	464896	512	10.196254
15618822656	15618374144	448512	512	9.998681
68084384256	68083970560	413696	512	4.542711
50395043840	50394772992	270848	512	12.836494
42359452672	42358964736	487936	512	7.420512
31306257408	31305872896	384512	512	1.695421
49864937984	49864443904	494080	512	6.664091
23583133696	23582799360	334336	512	12.368264
26816908288	26816404992	503296	512	8.291829
21157552640	21157231104	321536	512	3.678775
64133025792	64132703744	322048	512	9.933680
30561637376	30561353216	284160	512	4.168240
48389729792	48389447680	282112	512	12.745618
71704222208	71703929856	292352	512	9.819701
14590392320	14590069248	323072	512	13.029286
3133989888	3133705728	284160	512	3.019571
17341275136	17340893184	381952	512	11.547274
3171622912	3171162112	460800	512	10.293752
39918488576	39918220800	267776	512	4.175308
18041880064	18041512448	367616	512	11.872268
52210890240	52210448384	441856	512	7.906927
8276291584	8275824640	466944	512	11.869430
629336576	628885504	451072	512	10.646225
43950334976	43950030336	304640	512	12.286737
12020521472	12020026368	495104	512	9.159214
19752094720	19751751680	343040	512	12.515689
16157799424	16157286912	512512	512	8.519926
21469410816	21468889600	521216	512	8.280436
68223937024	68223494656	442368	512	10.122221
3223409152	3222894080	515072	512	9.100353
36451773440	36451419136	354304	512	11.610377
79118471680	79118076928	394752	512	12.268941
58994476544	58994159104	317440	512	10.717827
6110053888	6109562368	491520	512	9.410805
52516768768	52516366848	401920	512	9.062799
39111506432	39111023616	482816	512	7.831243
43660570112	43660155392	414720	512	9.362081
24282981376	24282675712	305664	512	3.748738
54110026240	54109600256	425984	512	8.056402
32871943680	32871650816	292864	512	13.185734
45304430592	45304056320	374272	512	10.332134
52852641280	52852258304	382976	512	9.585793
50146972160	50146643456	328704	512	11.214353
52626648576	52626265600	382976	512	9.585803
4941938688	4941448704	489984	512	9.552117
8871272960	8870909952	363008	512	12.117443
41783121408	41782717440	403968	512	9.866941
9413802496	9413278720	523776	512	8.497905
41395341312	41394938880	402432	512	9.976741
18314404864	18313994752	410112	512	1.612483
10114885120	10114592768	292352	512	2.672521
48110710784	48110225920	484864	512	7.310598
10921664000	10921389056	274944	512	0.429825
31394967552	31394542592	424960	512	9.938085
2266997248	2266577408	419840	512	11.301149
65597092352	65596661248	431104	512	6.438031
35647356928	35646954496	402432	512	5.684223
56825964544	56825654272	310272	512	11.197301
11552491520	11552197632	293888	512	2.590048
28716875776	28716612096	263680	512	2.832444
79259945984	79259521024	424960	512	10.821043
5103618560	5103127040	491520	512	9.597748
19481238016	19480765440	472576	512	9.446667
11877849088	11877571584	277504	512	2.948080
4753171456	4752796672	374784	512	12.160189
11739331072	11738853376	477696	512	9.528330
3359889408	3359556608	332800	512	13.077482
41017211904	41016837120	374784	512	10.630186
79947507200	79947222528	284672	512	7.763517
213292032	212991488	300544	512	2.783228
13296017408	13295716864	300544	512	4.296292
57042693120	57042236416	456704	512	5.045652
16004969984	16004651520	318464	512	13.026570
56790718976	56790331904	387072	512	9.004179
4411495936	4411087360	408576	512	13.262299
51751806976	51751382016	424960	512	8.376106
26398879744	26398370304	509440	512	8.112930
41551743488	41551367168	376320	512	10.608629
14138037760	14137609728	428032	512	10.676597
10002952192	10002639872	312320	512	4.046331
56332834304	56332337664	496640	512	5.773376
73679677440	73679244800	432640	512	4.206024
26714432000	26713909760	522240	512	7.838342
42325885440	42325602816	282624	512	12.845458
72767137792	72766824960	312832	512	9.080416
18578141184	18577683968	457216	512	9.757883
45527791616	45527460864	330752	512	11.428184
22862217216	22861848064	369152	512	11.825251
71234151424	71233636352	515072	512	2.222006
11044201472	11043850240	351232	512	3.126702
49891686912	49891406848	280064	512	12.599759
14902438400	14901965312	473088	512	9.650458
13495176192	13494825984	350208	512	12.419516
324166144	323755008	411136	512	13.321330
20474800640	20474398720	401920	512	11.048389
21694201344	21693704704	496640	512	8.871460
32310353920	32309848064	505856	512	7.939222
27201981952	27201575936	406016	512	10.615138
42293092864	42292755968	336896	512	11.374349
20381285888	20380814336	471552	512	9.477687
25206259712	25205900288	359424	512	11.730707
74543449088	74543079424	369664	512	6.456247
23685597184	23685217280	379904	512	1.925153
48250243584	48249943040	300544	512	12.208360
64403024384	64402556416	467968	512	5.195152
12979496448	12979162112	334336	512	3.534470
33063827456	33063395840	431616	512	9.756980
67647414784	67647136768	278016	512	1.710791
49834516992	49834176512	340480	512	10.891661
70556832256	70556499456	332800	512	8.661466
25327408128	25327144448	263680	512	2.899400
54955460096	54955023360	436736	512	7.646725
55034634752	55034363392	271360	512	12.582941
68581452800	68581054976	397824	512	5.090103
61120060416	61119627776	432640	512	6.854706
24352625664	24352208896	416768	512	10.393228
46299738112	46299444736	293376	512	3.284829
72609165312	72608733696	431616	512	4.813314
6191108096	6190792192	315904	512	4.032591
72360029696	72359517696	512000	512	13.081365
21156948480	21156640256	308224	512	3.975578
25030459392	25030124032	335360	512	12.310653
58016435712	58015964672	471040	512	6.493151
72011478016	72011115008	363008	512	5.428304
54886886912	54886537728	349184	512	10.261918
65378712064	65378308096	403968	512	7.323764
75301746688	75301472256	274432	512	9.904986
21303714816	21303450112	264704	512	3.128553
42490011136	42489563136	448000	512	8.520045
51880649216	51880241152	408064	512	8.868147
22979636736	22979221504	415232	512	10.329476
48958791680	48958411776	379904	512	10.000286
9299466240	9298958336	507904	512	8.829919
31268598784	31268217856	380928	512	11.015005
38702616064	38702214656	401408	512	9.948310
54965405696	54964925440	480256	512	4.681885
33386848256	33386419200	429056	512	9.677354
78828466688	78828111872	354816	512	5.354613
74040785920	74040519680	266240	512	10.440135
41382902784	41382435840	466944	512	8.275580
74110341632	74109965824	375808	512	6.276492
45932231168	45931868672	362496	512	10.574098
41308394496	41308090368	304128	512	3.198016
11712494592	11712121856	372736	512	2.678490
74355437568	74355056128	381440	512	4.229897
79196622848	79196186112	436736	512	10.281401
14041438208	14041152512	285696	512	4.614720
32631260672	32630898688	361984	512	11.498561
2594617856	2594139648	478208	512	9.893608
1307013120	1306533376	479744	512	10.028554
60966675968	60966170112	505856	512	2.692437
5363104768	5362768896	335872	512	12.837602
72192503296	72192197120	306176	512	9.413998
16692108288	16691715584	392704	512	2.025765
58653573120	58653100032	473088	512	5.988379
35142983168	35142524928	458240	512	8.923215
51033009664	51032588288	421376	512	8.649275
26724037120	26723566592	470528	512	9.047965
71915325440	71914842624	482816	512	2.956011
46377519616	46377019904	499712	512	6.822405
1867110912	1866646528	464384	512	10.404603
43148359168	43147874816	484352	512	7.541534
51639744512	51639308288	436224	512	6.174830
26419397120	26418903552	493568	512	8.516891
16329437696	16328970240	467456	512	9.548389
31237751808	31237416960	334848	512	12.137123
65679595008	65679097856	497152	512	4.241982
67507553792	67507213312	340480	512	6.079366
21988709376	21988376576	332800	512	12.668352
9352814080	9352496128	317952	512	13.176624
77374144000	77373838336	305664	512	13.965053
61714322944	61713986560	336384	512	9.889076
78326080512	78325595136	485376	512	9.071212
55923597824	55923262976	334848	512	10.688293
41971069440	41970651648	417792	512	9.319972
6769873408	6769359360	514048	512	8.873717
47303031808	47302597120	434688	512	8.606168
28772160512	28771741696	418816	512	11.955596
14538289664	14537815552	474112	512	9.639258
28615604224	28615092224	512000	512	14.594734
61851836928	61851361792	475136	512	3.700577
41365958656	41365488128	470528	512	8.187946
11933097472	11932590080	507392	512	8.873403
4361390592	4360895488	495104	512	9.530601
3012670464	3012161536	508928	512	9.220537
56918652928	56918260224	392704	512	8.743755
60114392064	60114104832	287232	512	11.628729
63179352064	63178987520	364544	512	8.825481
50707648512	50707211776	436736	512	8.250018
66253089280	66252609536	479744	512	4.836271
44827096576	44826593792	502784	512	7.048477
44064141312	44063857152	284160	512	3.582220
73991215104	73990922752	292352	512	9.363507
53349034496	53348531712	502784	512	5.789383
25152463872	25152195072	268800	512	2.781837
31909291008	31909003776	287232	512	13.357560
62664911360	62664541184	370176	512	8.855211
51031249920	51030887424	362496	512	10.251250
26012023808	26011750400	273408	512	2.694900
48641868800	48641462784	406016	512	9.400325
35793070592	35792760832	309760	512	12.682048
13313296896	13312942080	354816	512	3.080014
21300666880	21300248576	418304	512	12.566791
35653242880	35652831744	411136	512	10.134715
10524136448	10523729920	406528	512	11.155794
18487699968	18487319040	380928	512	11.531583
454545920	454071296	474624	512	10.111907
8505329664	8504994304	335360	512	3.608339
11602708992	11602278400	430592	512	10.577055
70299809792	70299335680	474112	512	12.899988
78604160512	78603685888	474624	512	11.322091
77865404928	77865062400	342528	512	3.992016
7302777856	7302494208	283648	512	4.780203
51314577408	51314172928	404480	512	9.126792
67195048960	67194728960	320000	512	9.574966
54917560320	54917225472	334848	512	10.666711
27170985984	27170463232	522752	512	7.807593
40351683584	40351348224	335360	512	11.694695
28658648576	28658342400	306176	512	3.747177
73187152384	73186676736	475648	512	12.519518
58699657216	58699262464	394752	512	8.332026
73269092864	73268660736	432128	512	4.804062
15916049920	15915715584	334336	512	3.370050
51089978880	51089704960	273920	512	3.498399
49716245504	49715920384	325120	512	11.338871
47440788992	47440325120	463872	512	7.829981
19490967040	19490661376	305664	512	4.009598
4851238400	4850821632	416768	512	11.239487
76156224512	76155877888	346624	512	6.879624
66052072448	66051739136	333312	512	9.524203
53110719488	53110333952	385536	512	9.501584
77531947520	77531664896	282624	512	8.427158
40686771712	40686279680	492032	512	7.615117
74462295552	74461960704	334848	512	7.818777
77988799488	77988325376	474112	512	11.394342
68784810496	68784513536	296960	512	10.341746
70743393792	70743123456	270336	512	1.569901
53984596480	53984226304	370176	512	9.662706
65724674048	65724331008	343040	512	9.246079
3512409600	3511917056	492544	512	11.434693
15999940096	15999570944	369152	512	11.800425
22891437056	22890964992	472064	512	9.108707
74739976192	74739689472	286720	512	9.659987
47476112384	47475734016	378368	512	10.144703
31354827776	31354530816	296960	512	13.095533
68099158016	68098746368	411648	512	4.623948
29973539840	29973070848	468992	512	8.860305
46222648832	46222138368	510464	512	6.561797
32738967040	32738618368	348672	512	11.817763
32035581952	32035229696	352256	512	11.723840
61602527744	61602128896	398848	512	7.932578
4743928832	4743661056	267776	512	3.415486
50112254464	50111959040	295424	512	2.896518
71334803968	71334346240	457728	512	2.364488
19669816320	19669446144	370176	512	11.783526
14853348352	14852880384	467968	512	9.751280
63082000896	63081569792	431104	512	6.737290
44691231232	44690732544	498688	512	7.207489
48445438464	48445021696	416768	512	9.103572
14584899584	14584541696	357888	512	12.289129
58549656576	58549259776	396800	512	8.291225
13212931072	13212553728	377344	512	11.804605
75421149696	75420709888	439808	512	12.878343
71260233728	71259738624	495104	512	3.009832
18124919808	18124433920	485888	512	9.123543
11175158272	11174770176	388096	512	11.531315
50749245440	50748903936	341504	512	10.908012
36079223808	36078705152	518656	512	7.480666
40571614720	40571275776	338944	512	11.570573
68798388736	68798087168	301568	512	10.256077
22065213440	22064928256	285184	512	4.509668
35378574336	35378244096	330240	512	12.172863
63183053824	63182672896	380928	512	8.319561
48986701824	48986289152	412672	512	9.366248
33198900224	33198596608	303616	512	3.527715
63576370688	63575883264	487424	512	4.929305
62496701952	62496187392	514560	512	4.325599
76077199360	76076706816	492544	512	10.851948
63536833024	63536403456	429568	512	6.735568
58080105472	58079738368	367104	512	9.521511
34952864256	34952484864	379392	512	12.775702
77412928512	77412617216	311296	512	7.188013
50582604800	50582171136	433664	512	6.489202
27916412416	27916017152	395264	512	10.831121
23955624448	23955355136	269312	512	2.791891
11434430976	11434004992	425984	512	10.721998
12663947776	12663467520	480256	512	9.513588
70213476864	70213134336	342528	512	8.296725
52764372480	52763892224	480256	512	6.852573
46850672128	46850195456	476672	512	7.505990
66369061888	66368591360	470528	512	5.115866
11442948608	11442444288	504320	512	8.936216
68073600512	68073080320	520192	512	12.071848
30556980224	30556616192	364032	512	11.421046
60021002752	60020565504	437248	512	5.235835
77149101568	77148713472	388096	512	13.222479
7243974656	7243552256	422400	512	10.931007
5338672640	5338288640	384000	512	11.838083
51188230656	51187816960	413696	512	8.876791
78073003520	78072713728	289792	512	8.051181
77516506624	77516025856	480768	512	11.148694
22552601088	22552294400	306688	512	3.983834
66955611648	66955180032	431616	512	5.840575
68844161536	68843657216	504320	512	12.622408
33465462784	33464995840	466944	512	8.715473
46571619328	46571191808	427520	512	8.816477
49876655616	49876261888	393728	512	9.425721
11702132736	11701855744	276992	512	4.817483
30108165632	30107752448	413184	512	10.197032
70643273728	70642757632	516096	512	11.419132
58888862208	58888529408	332800	512	10.245881
64140780032	64140352000	428032	512	4.652528
64139651072	64139167232	483840	512	4.684155
65840875520	65840531456	344064	512	9.238495
58899636224	58899355648	280576	512	11.818523
64139071488	64138737152	334336	512	9.556784
20010210304	20009761792	448512	512	11.788453
30978492928	30978024960	467968	512	8.885675
19662647808	19662245888	401920	512	11.073336
56538728448	56538306560	421888	512	7.880895
72831331328	72830990336	340992	512	8.094822
17554119168	17553722368	396800	512	11.200967
8057630720	8057294848	335872	512	12.884225
37524409344	37524078592	330752	512	11.946533
23713992192	23713536512	455680	512	9.406629
15277913088	15277619712	293376	512	2.614590
35833395200	35833017856	377344	512	10.957744
42079738880	42079252480	486400	512	5.612488
38194650624	38194349568	301056	512	12.747133
36299110912	36298788352	322560	512	3.049120
31740358144	31739930112	428032	512	11.714178
5381019648	5380622336	397312	512	11.464721
10945091584	10944656896	434688	512	10.511458
76072643072	76072257024	386048	512	5.683684
10161843712	10161453568	390144	512	11.515840
64572563456	64572205056	358400	512	8.766531
14877900288	14877404672	495616	512	9.150070
19072509952	19071994368	515584	512	8.441003
71632509440	71632082432	427008	512	7.224074
44130898432	44130496000	402432	512	9.708703
35566399488	35566013952	385536	512	10.843935
40499105792	40498622976	482816	512	7.913133
11697156096	11696846848	309248	512	2.220436
19830804480	19830503936	300544	512	2.271935
6763531264	6763131904	399360	512	11.430544
77069845504	77069394432	451072	512	10.605757
12847034880	12846702592	332288	512	12.848503
10268383744	10267905536	478208	512	9.615468
55989597184	55989157888	439296	512	7.653027
9467519488	9467066368	453120	512	10.097901
3891134464	3890868224	266240	512	3.445625
26318253568	26317940224	313344	512	12.843266
26512287744	26512012288	275456	512	2.611124
76442889728	76442368000	521728	512	9.409113
7174314496	7174039552	274944	512	3.119784
44703370752	44702877696	493056	512	7.306738
23698663424	23698329600	333824	512	12.326256
9381413888	9381116928	296960	512	2.517833
32312688640	32312297472	391168	512	10.742139
44679363072	44679098368	264704	512	2.211145
21806969344	21806584320	385024	512	11.438957
29251282432	29250816000	466432	512	8.930737
19299201024	19298815488	385536	512	11.429693
29326963200	29326647296	315904	512	3.323893
10536085504	10535754240	331264	512	3.646954
36424413696	36424137216	276480	512	4.179208
50466343936	50466052608	291328	512	12.258417
295458304	295041024	417280	512	11.342393
20229868032	20229401088	466944	512	9.576099
39204834304	39204419072	415232	512	9.617431
66001310720	66001038848	271872	512	11.540376
24671577088	24671237120	339968	512	12.205086
49500624896	49500324352	300544	512	12.044401
43810598912	43810076160	522752	512	6.530703
14270023680	14269532672	491008	512	9.243209
572898816	572389376	509440	512	9.351081
79542702592	79542313472	389120	512	12.409465
71093911552	71093411328	500224	512	11.997466
16836847104	16836389376	457728	512	9.805219
52952777728	52952474624	303104	512	11.791402
65776662016	65776289280	372736	512	8.283841
42176395776	42175884288	511488	512	6.819655
22735458304	22735123456	334848	512	12.647002
12779959296	12779550208	409088	512	11.085478
2802222592	2801807872	414720	512	11.275274
18313265664	18312807424	458240	512	9.753055
42756679168	42756260864	418304	512	9.279889
27181297664	27180961792	335872	512	12.281619
42579894272	42579608576	285696	512	12.792426
78478201856	78477828096	373760	512	2.666221
2551367168	2550888960	478208	512	10.028745
9121306624	9120796672	509952	512	8.785308
55403907072	55403495424	411648	512	8.451199
2747634176	2747212800	421376	512	11.135923
212513792	212228096	285696	512	3.085146
72787430400	72786991104	439296	512	2.657522
63580928512	63580626944	301568	512	10.849563
48241039872	48240668160	371712	512	10.303668
18856201216	18855803904	397312	512	11.186119
61342993408	61342705664	287744	512	11.416668
71985248256	71984867840	380416	512	4.798130
69609967616	69609447936	519680	512	2.494087
50369712128	50369390592	321536	512	11.406679
75079808512	75079326720	481792	512	11.565950
31924355584	31923935744	419840	512	10.112325
24983973888	24983468544	505344	512	8.255970
44179447296	44178962944	484352	512	7.512756
73665195008	73664927744	267264	512	10.312658
24991495680	24991174144	321536	512	12.613896
10260741120	10260249088	492032	512	9.121452
31534831616	31534437376	394240	512	1.408215
14178070016	14177606656	463360	512	9.831379
76107961856	76107582464	379392	512	5.864016
27093209600	27092697088	512512	512	8.027462
5060476416	5059998720	477696	512	9.932019
65874696704	65874380288	316416	512	10.085313
68459209216	68458713088	496128	512	3.624609
20919809536	20919340544	468992	512	9.534158
79021084672	79020710912	373760	512	13.064797
61390762496	61390247424	515072	512	2.499196
65285462528	65285020672	441856	512	5.979064
45943800832	45943407616	393216	512	9.743969
62986161664	62985784320	377344	512	8.429657
23326823936	23326519296	304640	512	3.782010
61909482496	61908970496	512000	512	4.481692
5261483520	5261033472	450048	512	10.496246
16708072960	16707551232	521728	512	8.312695
15964374528	15964000256	374272	512	11.761353
12186315264	12185970176	345088	512	3.273042
5393080832	5392802304	278528	512	3.020510
53614381568	53613936128	445440	512	7.458259
38029083136	38028588544	494592	512	7.822211
22474368000	22473999872	368128	512	2.594555
38413440000	38413003776	436224	512	9.334667
7474129408	7473684992	444416	512	10.455261
26856392704	26856088576	304128	512	3.781524
36319439360	36318957056	482304	512	8.365699
21987258368	21986827776	430592	512	10.412838
35149141504	35148852224	289280	512	13.135763
45018233344	45017872384	360960	512	10.797749
44046195712	44045736960	458752	512	8.200503
27869927424	27869500928	426496	512	10.141830
29753330688	29753056768	273920	512	4.400799
16819845120	16819409920	435200	512	10.279831
11203041280	11202580992	460288	512	9.953008
32868624896	32868168704	456192	512	9.151618
58571107840	58570675712	432128	512	7.235972
68717756416	68717327872	428544	512	4.045758
45021683712	45021294080	389632	512	10.060091
50573888000	50573466112	421888	512	8.610918
36133526528	36133254656	271872	512	2.456079
9628193792	9627819520	374272	512	11.865846
24384975360	24384565248	410112	512	10.536984
59812680704	59812325376	355328	512	9.579151
17792324608	17791974400	350208	512	3.059528
38214644736	38214209024	435712	512	9.284285
19657110016	19656817664	292352	512	4.345910
20594485760	20594064384	421376	512	10.614442
65824004608	65823566848	437760	512	6.180506
41170829312	41170314752	514560	512	7.075071
18519276544	18518813696	462848	512	9.667524
41193048576	41192657920	390656	512	10.266635
45851494912	45851189248	305664	512	2.832955
33181480960	33181099520	381440	512	10.861209
16834900480	16834470912	429568	512	10.445831
74381137920	74380711936	425984	512	4.437502
7825532416	7825021952	510464	512	8.950692
71080614400	71080151552	462848	512	2.189707
29361378304	29361021952	356352	512	2.367174
20598910976	20598480896	430080	512	10.400391
11025255424	11024956928	298496	512	2.505647
61703628800	61703231488	397312	512	7.937050
61587898368	61587491328	407040	512	7.686823
65973654528	65973219328	435200	512	4.489427
10302332416	10301842944	489472	512	9.273472
61315777024	61315427328	349696	512	9.463992
44358621184	44358137344	483840	512	5.715010
51586261504	51585787392	474112	512	7.148360
69869116416	69868787200	329216	512	9.029988
23900292608	23899939840	352768	512	11.910723
43519826944	43519470080	356864	512	10.932231
79543180800	79542732288	448512	512	11.658502
28727289344	28726783488	505856	512	8.227285
16564983296	16564545024	438272	512	10.212582
71938501632	71938180608	321024	512	8.801291
7935919104	7935527424	391680	512	11.611750
15281839104	15281442304	396800	512	11.357549
46913688064	46913310208	377856	512	10.127275
22667003392	22666725376	278016	512	4.708165
29794801152	29794334208	466944	512	8.902627
2654911488	2654614528	296960	512	4.584883
75979897344	75979562496	334848	512	7.711350
45007301632	45006778368	523264	512	4.632502
42177073664	42176759808	313856	512	2.788308
69526398976	69526028288	370688	512	7.606763
51203272192	51202799104	473088	512	7.226219
52425162240	52424728576	433664	512	8.120813
35181591552	35181102080	489472	512	8.153818
9852542976	9852154880	388096	512	0.485287
77564193792	77563892224	301568	512	7.626052
13390863360	13390559232	304128	512	2.363892
30972923904	30972421120	502784	512	8.044637
13840704512	13840191488	513024	512	8.728693
48717633024	48717256192	376832	512	10.147874
61231130112	61230700544	429568	512	6.974011
65660203008	65659685888	517120	512	12.882363
29911650816	29911134208	516608	512	7.690301
59769875456	59769405952	469504	512	4.257090
52603402752	52603083776	318976	512	11.364744
40632900096	40632465920	434176	512	9.134786
39892044800	39891745280	299520	512	3.362255
69242670080	69242188800	481280	512	13.071809
16882440704	16882042880	397824	512	11.226990
28387168768	28386750976	417792	512	10.309101
8334504448	8334084608	419840	512	10.982841
34301425664	34301111808	313856	512	12.538655
35406980096	35406674432	305664	512	12.713649
68146983936	68146613760	370176	512	7.864103
71050084864	71049567744	517120	512	11.399582
11872825344	11872431616	393728	512	11.453708
10578762752	10578294272	468480	512	9.797447
19842515456	19842060800	454656	512	9.840987
25133072384	25132711424	360960	512	11.666103
72157680640	72157189632	491008	512	11.914781
47601344000	47601079808	264192	512	3.995062
57578019328	57577708544	310784	512	11.196836
27058358272	27057848832	509440	512	6.268106
36534969344	36534593024	376320	512	10.845129
52348259328	52347879424	379904	512	9.641262
53068029952	53067534336	495616	512	6.411558
30639766016	30639426560	339456	512	12.023409
28811869696	28811393536	476160	512	8.684492
22449751552	22449425920	325632	512	12.831067
60702969856	60702451712	518144	512	4.624881
32163764736	32163356672	408064	512	10.322560
65904018432	65903588864	429568	512	4.615230
76573673984	76573410304	263680	512	10.110684
79590918656	79590508032	410624	512	2.190963
64040027136	64039672320	354816	512	8.802014
8476472832	8476203520	269312	512	5.095604
57893796352	57893437952	358400	512	9.846118
60049125888	60048657920	467968	512	6.148376
40524290560	40523815424	475136	512	8.030019
71425831424	71425541120	290304	512	10.149680
30740698624	30740186624	512000	512	7.777544
22515221504	22514760192	461312	512	9.664455
8992365568	8992088576	276992	512	2.962556
52926216704	52925821952	394752	512	9.237432
5915336192	5914841600	494592	512	9.297656
70818726912	70818435584	291328	512	10.102287
40668514816	40668197376	317440	512	2.866487
19603238400	19602886144	352256	512	12.216688
68295782400	68295311872	470528	512	2.635754
1247472640	1246956544	516096	512	9.199634
23688380928	23687882240	498688	512	8.384009
46216900096	46216572416	327680	512	11.527461
58030312960	58029972480	340480	512	10.325699
50160935424	50160553984	381440	512	9.746151
79553185280	79552726016	459264	512	9.305246
67563559424	67563074560	484864	512	13.289660
45576402944	45576133632	269312	512	3.832257
7204422144	7203977216	444928	512	12.275556
68320638464	68320143360	495104	512	3.663704
60041744384	60041413120	331264	512	10.309204
52787604992	52787184640	420352	512	8.507901
19417149440	19416673280	476160	512	9.364370
53405045248	53404668416	376832	512	9.418903
38300832256	38300538368	293888	512	12.952083
28399939072	28399636480	302592	512	3.852863
18109842944	18109334016	508928	512	8.593384
58240858112	58240590848	267264	512	12.235337
48998113280	48997708288	404992	512	9.445239
46693686272	46693214208	472064	512	7.661995
63034157568	63033713152	444416	512	6.318613
74030639616	74030308352	331264	512	7.940420
75415197696	75414762496	435200	512	3.770272
34200335360	34199897088	438272	512	9.406810
9873676288	9873229312	446976	512	10.233666
69343430656	69343091712	338944	512	8.695023
63455280128	63454993408	286720	512	11.294037
26375017984	26374522368	495616	512	8.462828
13376640000	13376353280	286720	512	2.751199
37974233088	37973910016	323072	512	12.156850
44433345536	44432829440	516096	512	4.856835
63793047040	63792763392	283648	512	11.393694
75427592192	75427072000	520192	512	9.777933
44483249664	44482801664	448000	512	8.522703
73546631168	73546130432	500736	512	10.789780
17746370560	17745879552	491008	512	9.012113
74374801920	74374537728	264192	512	10.451816
67735356928	67735004672	352256	512	6.695045
68219949056	68219675648	273408	512	12.997783
44686378496	44685883904	494592	512	7.333844
71399491072	71399023616	467456	512	13.163296
71391137792	71390806016	331776	512	8.672241
50043355648	50042832896	522752	512	5.813004
52686018560	52685560320	458240	512	7.468186
16501125120	16500616704	508416	512	8.616892
13194881024	13194593280	287744	512	2.710100
26392010752	26391516672	494080	512	8.528947
18423510016	18423095296	414720	512	10.859579
5733769728	5733350400	419328	512	11.024966
65754130944	65753615360	515584	512	12.902993
523332096	522979840	352256	512	12.744147
41682115584	41681718272	397312	512	10.060551
49458725376	49458230272	495104	512	6.621864
79996737536	79996345344	392192	512	12.267664
55476895232	55476503040	392192	512	9.018123
58607955968	58607648768	307200	512	11.039179
57356241920	57355735552	506368	512	5.459434
5958586880	5958112256	474624	512	9.848054
46564474368	46563959808	514560	512	6.484506
1196249088	1195940864	308224	512	4.450377
49609606144	49609250816	355328	512	10.474463
1448105984	1447703552	402432	512	11.671033
78446045696	78445685760	359936	512	5.147414
48165009920	48164707840	302080	512	12.222763
43478459392	43477991936	467456	512	7.989804
63407138816	63406799360	339456	512	9.547407
77463011840	77462658048	353792	512	3.545304
63506903040	63506449920	453120	512	6.014636
30558081536	30557730304	351232	512	2.489980
12998910976	12998592000	318976	512	13.145453
69913863680	69913465856	397824	512	6.752494
50625761792	50625361408	400384	512	9.245149
45203393024	45202960384	432640	512	8.714480
41723857920	41723484672	373248	512	10.702348
14149940224	14149677056	263168	512	3.281386
47383470080	47383162368	307712	512	12.066074
27450863616	27450380800	482816	512	8.727937
69539536896	69539132928	403968	512	6.488628
54725103104	54724727808	375296	512	9.522068
46293981184	46293511168	470016	512	7.674888
19720158720	19719755776	402944	512	12.919351
42031455744	42031011328	444416	512	8.591307
74845795328	74845290496	504832	512	10.719889
53146549760	53146153472	396288	512	9.201470
45361445376	45360957440	487936	512	7.200575
54797846528	54797451264	395264	512	8.924917
40485962752	40485540352	422400	512	9.442652
71937175040	71936794112	380928	512	6.636578
27675836416	27675328000	508416	512	8.152932
76763946496	76763525120	421376	512	2.541257
31774826496	31774403584	422912	512	9.995587
34591901696	34591576064	325632	512	12.286723
70098580480	70098213888	366592	512	7.776772
46392270336	46391845888	424448	512	8.903532
12166907904	12166499328	408576	512	11.091446
32030363648	32029969408	394240	512	10.699382
70473576448	70473088512	487936	512	12.421390
65867017216	65866712064	305152	512	10.524953
20181138432	20180726784	411648	512	10.874506
16313270784	16312912896	357888	512	12.103854
30715812352	30715300352	512000	512	7.816960
5530838016	5530347520	490496	512	9.424734
18500852736	18500387328	465408	512	9.576328
40210726912	40210347520	379392	512	10.532674
7400680960	7400208896	472064	512	9.822208
40242013696	40241525248	488448	512	7.711104
58824992256	58824521728	470528	512	5.927489
1600055808	1599693824	361984	512	12.549354
53163110400	53162841600	268800	512	12.797626
14693234176	14692902400	331776	512	12.824774
303094784	302633984	460800	512	10.393021
23189536256	23189199360	336896	512	12.254997
59298085376	59297625088	460288	512	6.358628
65925951488	65925636096	315392	512	10.114238
2306563584	2306226176	337408	512	13.043409
22418046464	22417709056	337408	512	12.529811
35337785856	35337493504	292352	512	13.072577
29086529024	29086056448	472576	512	8.744933
16359852544	16359588352	264192	512	3.137097
31347960320	31347563520	396800	512	12.444980
66723869696	66723416064	453632	512	3.815342
23895042048	23894730752	311296	512	12.917333
31437865472	31437591040	274432	512	4.375946
42749231616	42748815360	416256	512	9.365009
67853485056	67853033472	451584	512	5.136065
73163204096	73162815488	388608	512	6.339379
17471735296	17471466496	268800	512	3.046158
53584602112	53584173056	429056	512	7.984963
79473679360	79473228288	451072	512	9.672364
66949115392	66948639744	475648	512	4.329303
834565632	834284032	281600	512	4.929080
43786629632	43786293760	335872	512	11.465522
33034969600	33034485248	484352	512	8.497003
54232859136	54232385536	473600	512	6.656663
14457139712	14456795648	344064	512	12.583249
44246641664	44246340096	301568	512	12.406111
37001925120	37001471488	453632	512	8.864432
31043846656	31043431936	414720	512	10.155209
36870363136	36870004736	358400	512	11.283079
71540109824	71539620352	489472	512	12.383364
73443241984	73442851328	390656	512	5.745714
27606109696	27605776384	333312	512	12.345999
66992032256	66991674368	357888	512	8.274933
19353854464	19353576960	277504	512	2.796744
61528364544	61527904256	460288	512	6.023157
37651063808	37650672128	391680	512	10.455253
3270838272	3270332416	505856	512	9.278825
17153703936	17153351168	352768	512	12.193042
46235822592	46235521024	301568	512	12.242313
48866059776	48865698304	361472	512	10.593319
6444355584	6443913728	441856	512	10.478120
23618586624	23618099712	486912	512	8.654119
17006503936	17006031872	472064	512	9.450486
18712286208	18712011264	274944	512	2.904644
6135522304	6135060992	461312	512	11.970484
48143743488	48143293440	450048	512	8.175545
49287918592	49287438848	479744	512	7.429821
51780586496	51780290560	295936	512	12.033181
68936868864	68936403456	465408	512	4.684526
33084103168	33083696640	406528	512	10.236513
1124116480	1123628544	487936	512	9.856710
29193884160	29193557504	326656	512	3.102012
9901879296	9901392384	486912	512	9.325989
10667475968	10666956800	519168	512	8.569764
12620319232	12619919360	399872	512	11.410909
31001420288	31001152512	267776	512	2.690491
25714255872	25713828352	427520	512	5.490044
7193704960	7193276416	428544	512	10.791723
77508335104	77507826176	508928	512	8.028197
7584160768	7583876608	284160	512	4.746783
29145770496	29145318912	451584	512	9.323154
7296031744	7295602688	429056	512	10.781015
65209569280	65209244672	324608	512	9.853701
32563799040	32563390976	408064	512	10.257096
18132457472	18131997696	459776	512	9.721220
3108235264	3107812864	422400	512	11.122391
36131729920	36131326464	403456	512	10.319842
11616876032	11616465408	410624	512	11.055389
67762778624	67762423808	354816	512	8.354227
64494329856	64493888000	441856	512	6.019106
51207348736	51206963712	385024	512	9.636680
66848052224	66847728128	324096	512	9.401260
2787751424	2787450880	300544	512	4.508749
39747421184	39747032576	388608	512	10.340460
56622504960	56622071808	433152	512	7.615833
35375685120	35375241728	443392	512	9.346789
68922263040	68921934336	328704	512	9.228007
