base_offset	offset	absdelta	probe_length	millis
76972783616	76972627968	155648	512	0.439961
18852157440	18851968000	189440	512	6.730218
41051971584	41051794944	176640	512	6.528368
28692778496	28692546560	231936	512	3.702371
49585184768	49584943616	241152	512	4.414022
13342094336	13341839872	254464	512	0.437034
974129152	973906432	222720	512	4.440411
50930784768	50930523648	261120	512	3.825411
66383849984	66383593984	256000	512	2.828706
15385154048	15384897536	256512	512	5.158228
20176409600	20176195072	214528	512	4.291544
54510824448	54510579712	244736	512	2.098783
64033224192	64032990720	233472	512	12.775650
30477939712	30477709824	229888	512	5.500213
34924847616	34924662272	185344	512	4.624434
1354186752	1353971712	215040	512	6.483843
10780837888	10780632576	205312	512	6.457067
70530308608	70530102784	205824	512	13.125724
27940869632	27940702208	167424	512	7.037462
77603698688	77603493376	205312	512	2.422537
69404408832	69404203520	205312	512	4.065188
65505813504	65505595904	217600	512	2.180938
55144524800	55144331264	193536	512	3.612738
58259091968	58258844672	247296	512	12.875824
10587124736	10586989568	135168	512	6.245395
29103256064	29103088640	167424	512	0.402796
70015084032	70014918656	165376	512	5.448772
64678932992	64678689280	243712	512	3.207130
34212466688	34212308992	157696	512	7.176198
3192095232	3191876608	218624	512	6.322991
1378878464	1378631168	247296	512	5.765446
3992769536	3992542208	227328	512	6.130613
29652299776	29652124160	175616	512	6.792760
20117599744	20117457920	141824	512	7.830418
218743808	218534400	209408	512	4.715974
73654163456	73653933568	229888	512	11.745245
2989429248	2989208064	221184	512	4.422630
53421559296	53421326848	232448	512	4.377815
17564051456	17563835904	215552	512	6.121069
45327852032	45327697920	154112	512	6.894067
79855450112	79855254016	196096	512	11.712416
69116790784	69116530176	260608	512	11.395855
41386799104	41386631680	167424	512	6.737462
14859013632	14858850304	163328	512	0.445513
70321586688	70321453056	133632	512	0.438399
1770817024	1770557952	259072	512	3.681918
41804364800	41804135424	229376	512	3.314267
24690892800	24690733568	159232	512	5.423410
59018374656	59018178048	196608	512	3.271455
57565489152	57565228544	260608	512	12.652425
68947020288	68946849280	171008	512	5.181637
36116025856	36115851264	174592	512	4.840113
76051447808	76051291136	156672	512	5.144929
27840654848	27840487424	167424	512	7.070647
65828002816	65827845120	157696	512	0.434552
37932575232	37932332544	242688	512	3.093421
69963248640	69963071488	177152	512	3.152506
15349315072	15349172224	142848	512	7.744270
38829765120	38829544448	220672	512	3.539283
31566210048	31566076416	133632	512	5.948776
47897881088	47897720832	160256	512	4.935248
41655419904	41655200256	219648	512	5.395465
72508902400	72508770816	131584	512	4.491930
66801435136	66801292800	142336	512	4.426712
50025842176	50025703936	138240	512	0.430138
34749355008	34749186560	168448	512	6.904877
35010430976	35010246656	184320	512	4.675411
35093881856	35093711360	170496	512	5.118725
72787969024	72787825152	143872	512	4.070971
63937988096	63937835008	153088	512	6.171191
70814149120	70813998080	151040	512	3.936960
59207428608	59207177216	251392	512	12.708154
70110307840	70110097920	209920	512	3.857747
61143072256	61142865408	206848	512	2.778958
43936337408	43936143360	194048	512	4.114147
58996232704	58996077568	155136	512	6.395124
75020520448	75020282368	238080	512	11.459673
32436312064	32436081152	230912	512	5.401017
71146230784	71146014720	216064	512	12.748541
63551020544	63550843904	176640	512	3.675846
39481751040	39481489408	261632	512	2.457333
57392846336	57392587776	258560	512	0.592060
54020497408	54020248576	248832	512	13.178712
62237339136	62237121024	218112	512	4.379371
75291353600	75291171840	181760	512	4.174480
5785188352	5784997888	190464	512	4.984733
75846200832	75846005760	195072	512	12.915318
53978866176	53978685952	180224	512	5.928018
77977367040	77977204736	162304	512	2.362815
53313805312	53313613824	191488	512	5.557681
57924280320	57924061696	218624	512	2.836613
26767849472	26767621632	227840	512	3.756420
69819934208	69819697664	236544	512	2.944926
37152335360	37152172544	162816	512	5.149009
23166841856	23166621696	220160	512	3.862394
19501945344	19501683200	262144	512	5.031135
5076818944	5076644352	174592	512	5.427719
3740324352	3740187136	137216	512	6.224752
14490840576	14490607104	233472	512	3.946150
12633182208	12632996864	185344	512	6.828214
52038424576	52038284288	140288	512	5.319258
79111102464	79110954496	147968	512	2.694842
17645668864	17645509120	159744	512	7.416296
57333879296	57333719040	160256	512	6.391311
57480369664	57480203264	166400	512	6.209833
47326131200	47325903872	227328	512	3.085752
14530882048	14530718720	163328	512	7.404836
43774416384	43774195712	220672	512	5.259591
47765075968	47764921344	154624	512	6.904160
78639327744	78639181824	145920	512	4.952150
60773322240	60773177344	144896	512	6.704056
48180690432	48180553216	137216	512	5.525501
29381696512	29381558272	138240	512	7.643586
40545477632	40545278976	198656	512	5.945796
61518631936	61518493696	138240	512	4.955570
76077779456	76077575680	203776	512	12.579808
29512975360	29512825856	149504	512	7.433188
64516637184	64516481024	156160	512	6.075673
33150066176	33149890560	175616	512	4.880494
13291747840	13291555840	192000	512	6.729542
24840548352	24840327168	221184	512	3.913242
68781556224	68781373440	182784	512	4.941647
54948965376	54948806144	159232	512	4.632839
9817009152	9816875008	134144	512	8.051294
41594068992	41593813504	255488	512	2.620337
35466642944	35466463232	179712	512	4.793171
7340146176	7339894272	251904	512	5.476532
6298460672	6298266624	194048	512	6.781998
462803968	462650880	153088	512	7.813715
76054957568	76054777344	180224	512	4.219605
25925726720	25925501440	225280	512	5.705616
14244297728	14244155392	142336	512	6.007602
17272711680	17272501760	209920	512	6.235191
53603056128	53602840064	216064	512	3.007382
1499236864	1498994176	242688	512	5.874856
21171616256	21171472896	143360	512	5.943823
60160746496	60160549888	196608	512	3.234759
65823959552	65823769600	189952	512	4.942591
21787805184	21787598848	206336	512	4.492927
2978068992	2977839616	229376	512	6.073788
21914550784	21914405888	144896	512	5.901831
2129918976	2129784832	134144	512	8.209832
19190539776	19190391808	147968	512	5.828366
11318369792	11318198784	171008	512	7.248702
9248104960	9247885312	219648	512	4.261559
31323353600	31323141120	212480	512	5.889344
41751881728	41751649280	232448	512	5.073493
46231111168	46230979072	132096	512	5.667207
53760714752	53760523776	190976	512	5.574736
38425635840	38425439744	196096	512	4.249550
58603024384	58602794496	229888	512	2.225926
121057792	120911872	145920	512	5.972447
12716527616	12716304896	222720	512	4.192916
37162715136	37162466816	248320	512	4.833972
55276247040	55276073472	173568	512	6.099369
24856305664	24856060928	244736	512	3.384350
13507836928	13507619840	217088	512	6.175544
16163268608	16163128832	139776	512	7.863851
34094376448	34094150144	226304	512	5.462224
10074665472	10074466304	199168	512	4.779144
69524507136	69524301312	205824	512	2.166898
18977942528	18977777152	165376	512	7.300329
65071765504	65071605760	159744	512	5.953240
9419737088	9419563520	173568	512	7.181651
75758025728	75757803008	222720	512	11.857461
45352260608	45352033280	227328	512	3.115303
49926384640	49926247424	137216	512	7.207411
6063145472	6062945792	199680	512	4.792530
2072867328	2072697856	169472	512	7.464024
53785894912	53785668608	226304	512	2.712934
37920539648	37920347648	192000	512	6.259715
21741010432	21740830208	180224	512	6.920968
49744907264	49744698368	208896	512	3.421437
11640131072	11639934976	196096	512	4.806370
35812826624	35812601856	224768	512	3.639468
69674589696	69674442240	147456	512	4.143548
44363303424	44363059712	243712	512	2.819523
6383861760	6383692288	169472	512	7.315361
31720291840	31720153600	138240	512	7.724265
12119974400	12119839744	134656	512	8.068281
52362635776	52362460672	175104	512	6.046215
16097563648	16097385472	178176	512	6.983432
3136610304	3136383488	226816	512	4.329326
69805721600	69805548032	173568	512	5.088384
33674931712	33674764800	166912	512	5.093162
56393534976	56393278976	256000	512	3.568540
51338585600	51338324480	261120	512	13.027397
61966349312	61966182400	166912	512	5.890386
35123729920	35123477504	252416	512	2.952816
71233014272	71232841216	173056	512	3.152044
79530381312	79530237952	143360	512	2.916023
44585378304	44585231360	146944	512	5.353959
9127715328	9127514112	201216	512	6.530428
58511419904	58511195648	224256	512	4.301357
14759566336	14759398400	167936	512	7.324864
78673662976	78673516032	146944	512	3.026672
39006638080	39006459904	178176	512	6.482921
28804410880	28804230144	180736	512	4.760831
46749215744	46748979200	236544	512	4.713884
75459356672	75459157504	199168	512	12.769699
67096633856	67096418304	215552	512	3.901824
40985269248	40985063424	205824	512	5.729256
15026806784	15026555904	250880	512	3.689434
9417277952	9417073152	204800	512	6.460053
9820952576	9820737024	215552	512	6.208200
27236294656	27236093440	201216	512	6.275516
57156966400	57156722176	244224	512	3.889596
11162615296	11162417152	198144	512	6.609658
77647245312	77647034880	210432	512	11.486582
13412814336	13412614656	199680	512	4.719524
19301298688	19301049856	248832	512	5.320942
28944506368	28944295936	210432	512	5.973426
53220150272	53219917312	232960	512	4.453639
52303470080	52303235584	234496	512	2.629067
46366642176	46366475776	166400	512	6.592302
75214045184	75213900800	144384	512	3.713008
52943465984	52943281152	184832	512	5.909355
29482210304	29482003968	206336	512	6.040071
56582009344	56581848576	160768	512	4.498137
27150477312	27150313984	163328	512	5.339657
6003945472	6003715584	229888	512	4.125113
40273341440	40273192448	148992	512	7.220541
14127273984	14127139840	134144	512	6.229697
2316407296	2316238336	168960	512	7.436730
73282082816	73281943552	139264	512	6.102741
42928539648	42928313344	226304	512	5.119162
22499319808	22499069952	249856	512	5.336889
16625491968	16625297920	194048	512	4.790727
50046796288	50046588928	207360	512	3.552171
25503311872	25503104000	207872	512	4.254707
65277283328	65277135872	147456	512	4.475585
13228986368	13228845568	140800	512	7.918251
47791575040	47791370240	204800	512	5.606678
79362755072	79362496512	258560	512	8.885947
20816067584	20815814656	252928	512	5.142703
997991936	997819392	172544	512	7.371863
11553604096	11553439232	164864	512	7.355007
52320890880	52320742400	148480	512	6.927179
15202988032	15202781696	206336	512	6.391440
28951985664	28951794688	190976	512	4.555284
74089093120	74088842240	250880	512	10.967361
70318701056	70318528512	172544	512	3.179393
1177585152	1177414144	171008	512	7.406040
57968785920	57968557056	228864	512	2.524108
75340214272	75339980800	233472	512	11.428844
53493540864	53493307904	232960	512	2.524469
37281726976	37281547264	179712	512	4.717172
14763661312	14763472896	188416	512	0.943048
1654483968	1654338560	145408	512	7.988289
9296009728	9295778816	230912	512	4.024702
11225997312	11225863168	134144	512	6.198832
16916159488	16915926528	232960	512	3.832543
73230068736	73229918208	150528	512	3.826510
4185492992	4185293824	199168	512	6.748995
44729434112	44729235456	198656	512	3.956437
32978256384	32978123264	133120	512	5.982487
55404342784	55404191744	151040	512	4.900265
68861715968	68861545472	170496	512	3.493083
46994228736	46994085376	143360	512	7.233313
6295620608	6295436288	184320	512	6.949004
31660111360	31659932160	179200	512	6.683001
17848549888	17848371712	178176	512	6.968525
69902642688	69902510592	132096	512	6.553834
34200279040	34200122880	156160	512	7.190726
79788048384	79787911680	136704	512	3.191599
35275669504	35275415040	254464	512	4.762853
67017316864	67017119232	197632	512	4.403825
61911255552	61911042048	213504	512	4.469321
26230770688	26230582784	187904	512	4.717312
37410759168	37410589184	169984	512	4.963014
58150078464	58149836288	242176	512	13.007805
32494870016	32494612480	257536	512	2.921990
54727392768	54727159296	233472	512	2.483749
73465104384	73464884736	219648	512	2.883401
66447473664	66447306752	166912	512	3.820000
40675849216	40675658752	190464	512	6.156279
77789934080	77789757952	176128	512	3.653996
61829599744	61829425664	174080	512	5.664319
23202853376	23202717696	135680	512	7.869534
37949059072	37948883456	175616	512	6.632329
24549976576	24549796864	179712	512	6.784322
48980361216	48980163584	197632	512	5.784622
69781228544	69781047296	181248	512	3.023535
18725285376	18725040128	245248	512	3.579129
1406846464	1406701568	144896	512	6.088513
29794324480	29794132992	191488	512	4.476486
68180003328	68179797504	205824	512	4.174813
77040103936	77039932416	171520	512	13.098430
25999418880	25999182336	236544	512	3.565471
18378605568	18378416640	188928	512	6.710811
20251003392	20250761728	241664	512	3.664840
39917409792	39917161984	247808	512	2.850855
71671343104	71671118336	224768	512	12.299212
41943341568	41943119872	221696	512	3.397504
49013558784	49013368320	190464	512	4.105380
44355534848	44355289088	245760	512	4.595591
55366897152	55366754816	142336	512	6.985612
39535425024	39535232512	192512	512	6.101025
1046976000	1046759936	216064	512	6.440314
69500865536	69500667904	197632	512	2.547503
4308473856	4308320256	153600	512	7.753061
75146761216	75146627584	133632	512	4.168973
19163046400	19162825728	220672	512	5.965877
6240132096	6239995904	136192	512	8.085633
71483008000	71482848768	159232	512	5.466624
33994790400	33994581504	208896	512	5.893604
58591457280	58591220736	236544	512	13.186962
52050710528	52050485248	225280	512	2.909662
22255359488	22255166464	193024	512	6.661112
38254574592	38254385152	189440	512	4.463524
78035984896	78035819520	165376	512	4.135742
69081655296	69081419264	236032	512	12.248657
72113031680	72112875008	156672	512	5.499111
39009854464	39009615872	238592	512	3.053573
2775431168	2775260160	171008	512	7.363343
17503355392	17503154688	200704	512	4.626547
4582080512	4581867520	212992	512	4.592023
25321492992	25321234944	258048	512	3.077293
69423534592	69423378944	155648	512	5.742665
3659620352	3659468288	152064	512	5.971400
44381641728	44381508096	133632	512	7.544514
44163416576	44163267072	149504	512	5.345539
69600759296	69600608256	151040	512	5.909856
37753504256	37753250304	253952	512	2.803756
41480436224	41480223232	212992	512	3.825014
38544708608	38544500736	207872	512	5.717189
32070078464	32069886976	191488	512	6.394034
52667672576	52667526144	146432	512	6.926148
31063817216	31063595520	221696	512	3.896821
60379835392	60379631104	204288	512	4.898010
45124243968	45124066816	177152	512	4.487000
5092388864	5092133888	254976	512	5.529876
27030929920	27030737408	192512	512	6.566426
31319778816	31319607808	171008	512	6.898552
42617723392	42617581568	141824	512	7.316877
60739017728	60738798592	219136	512	2.568609
24574585856	24574427136	158720	512	0.418783
47617516544	47617375232	141312	512	5.442423
12348016128	12347767808	248320	512	5.483529
29309856768	29309653504	203264	512	6.112542
30995961856	30995809280	152576	512	5.488950
55777773056	55777626112	146944	512	6.852160
7969674240	7969536512	137728	512	6.181263
43581505536	43581266432	239104	512	2.865191
11914250240	11914043392	206848	512	6.417979
51303614976	51303393280	221696	512	3.088840
73249285632	73249051136	234496	512	12.022963
14405146112	14404916736	229376	512	4.065535
46765751296	46765527552	223744	512	5.084902
14712722432	14712586752	135680	512	6.202680
62690023936	62689844736	179200	512	3.627127
58164105216	58163898880	206336	512	2.947198
61614494208	61614258688	235520	512	12.998560
5897330176	5897146368	183808	512	6.976857
25933427712	25933293056	134656	512	7.767013
29207735808	29207532544	203264	512	4.279786
22893186560	22893042688	143872	512	7.672925
75648683520	75648546304	137216	512	4.010451
40680443904	40680309248	134656	512	7.615172
73332805632	73332553728	251904	512	10.939863
39733799936	39733556224	243712	512	4.781629
8894333440	8894174208	159232	512	7.489317
13623603200	13623391232	211968	512	4.448708
56048718848	56048463872	254976	512	13.002936
28295080960	28294906368	174592	512	5.049042
54374791168	54374639616	151552	512	6.720011
29107557376	29107421184	136192	512	5.896148
58765122560	58764877312	245248	512	12.965003
26287600128	26287368192	231936	512	5.551537
50875011584	50874864640	146944	512	5.157252
29466278400	29466075136	203264	512	6.122872
58320857088	58320602624	254464	512	12.648429
4960573952	4960388096	185856	512	5.298567
61493440512	61493261824	178688	512	3.677231
34146452480	34146269184	183296	512	6.552564
36126758912	36126573568	185344	512	4.635734
60562957824	60562757632	200192	512	3.172100
22029127680	22028980224	147456	512	7.663976
59555295744	59555055104	240640	512	13.047830
71108405760	71108204544	201216	512	2.154741
31902635520	31902458368	177152	512	6.760412
22456783872	22456565760	218112	512	4.223176
46250714112	46250569216	144896	512	7.173496
75804540928	75804337152	203776	512	12.586529
58954148352	58953999360	148992	512	6.642769
51304545280	51304384000	161280	512	6.645007
75572369408	75572177408	192000	512	13.036167
34095389184	34095163392	225792	512	3.632870
26365083648	26364935168	148480	512	5.684435
7118604288	7118464512	139776	512	7.931589
15644839936	15644687872	152064	512	5.739958
10664916992	10664747520	169472	512	7.239320
55568431616	55568223232	208384	512	3.220833
52716435456	52716248064	187392	512	3.881311
52618464256	52618274816	189440	512	5.653244
17172617216	17172419072	198144	512	6.611009
7616436224	7616205824	230400	512	5.944688
73738865152	73738659840	205312	512	3.426453
11872898048	11872693248	204800	512	4.627852
62141611008	62141397504	213504	512	2.591601
51279468544	51279220736	247808	512	4.215307
60648873984	60648647680	226304	512	2.290991
12700200448	12699968512	231936	512	5.839797
67479454720	67479206400	248320	512	11.968643
35095502336	35095340544	161792	512	7.072468
66246490624	66246338048	152576	512	4.295162
78989095936	78988923904	172032	512	3.474650
936144896	935940096	204800	512	4.840630
44466595328	44466459136	136192	512	5.648951
11752461824	11752314368	147456	512	7.750780
21350784512	21350595072	189440	512	4.833802
4145847808	4145601536	246272	512	3.862211
60728054272	60727849984	204288	512	3.023364
1024407040	1024163328	243712	512	5.773347
32170650624	32170465792	184832	512	6.562976
63613931520	63613788160	143360	512	6.561303
58062381056	58062245376	135680	512	5.240469
31094749696	31094537728	211968	512	5.915540
22879108608	22878916608	192000	512	0.462558
64919938560	64919747072	191488	512	3.019713
27891225088	27890998784	226304	512	5.696720
52964147712	52963931136	216576	512	3.169562
61398569472	61398326272	243200	512	12.773778
40004509184	40004348928	160256	512	11.608690
70860990464	70860743680	246784	512	11.685156
63570226176	63570067968	158208	512	4.271715
19178785280	19178544640	240640	512	5.536667
41282509824	41282295296	214528	512	5.548563
16959300096	16959071232	228864	512	4.008837
49496775680	49496573952	201728	512	5.473716
1903813632	1903597568	216064	512	6.423937
10126007296	10125751808	255488	512	3.453714
31618433024	31618226688	206336	512	6.017846
45105581568	45105332736	248832	512	4.351674
38369395712	38369192448	203264	512	5.963557
2711068672	2710883328	185344	512	7.025325
56202289152	56202077696	211456	512	4.893866
79520137728	79519937536	200192	512	11.488505
8095974912	8095740416	234496	512	3.991629
48622577152	48622410240	166912	512	6.551208
16473981952	16473836032	145920	512	7.730966
45073284096	45073063424	220672	512	3.311417
12606491648	12606279680	211968	512	6.372739
18141442560	18141208576	233984	512	5.688412
12861582336	12861408256	174080	512	5.320960
73193068544	73192857088	211456	512	12.741099
24832922624	24832755200	167424	512	7.126542
43769405440	43769248256	157184	512	6.969763
12869703168	12869506560	196608	512	6.634999
58781734912	58781529600	205312	512	2.999068
31407587840	31407453184	134656	512	7.800983
9908589056	9908358656	230400	512	4.022605
15748589056	15748341760	247296	512	3.537245
27124227072	27123991552	235520	512	3.584538
34537255424	34537109504	145920	512	5.619024
51219473920	51219248640	225280	512	4.812242
36180572160	36180344320	227840	512	3.571853
54059975168	54059771904	203264	512	3.359609
44606899712	44606665728	233984	512	3.059849
23786897408	23786723328	174080	512	6.946814
68214631936	68214461952	169984	512	5.399569
34709696000	34709554688	141312	512	7.564634
74963082752	74962912768	169984	512	2.858362
59950971904	59950731264	240640	512	13.082511
16547104256	16546865664	238592	512	5.526232
63287589888	63287376384	213504	512	2.475975
41883662336	41883414016	248320	512	2.692299
1687149568	1686953984	195584	512	6.838535
16787440128	16787236352	203776	512	4.533222
30860020736	30859829760	190976	512	6.408538
55838455296	55838215680	239616	512	2.320394
36443340288	36443137024	203264	512	4.202922
20746895872	20746666496	229376	512	5.804530
69735571968	69735334912	237056	512	2.963518
74324015104	74323838464	176640	512	2.615765
28170233344	28170068480	164864	512	7.157812
29284255232	29284038144	217088	512	3.920185
63977585152	63977331712	253440	512	12.182275
4869242368	4869018624	223744	512	4.303614
31341367296	31341123072	244224	512	3.283516
45319687680	45319487488	200192	512	3.852702
36495349248	36495207424	141824	512	0.443896
75649443328	75649292288	151040	512	5.276190
79601516032	79601304064	211968	512	10.986251
71280105472	71279894528	210944	512	12.914653
65625585152	65625388032	197120	512	2.833096
41218699776	41218446336	253440	512	4.549004
29436538368	29436305920	232448	512	5.404806
60000708096	60000557056	151040	512	6.487334
71460796416	71460605952	190464	512	2.522833
42299277824	42299107328	170496	512	4.700221
13238871040	13238664192	206848	512	4.579686
60722583552	60722398720	184832	512	3.662445
15384010240	15383856128	154112	512	5.711194
26581464576	26581266944	197632	512	6.332691
61926906880	61926738944	167936	512	5.880606
18127277056	18127063552	213504	512	4.290806
55162865664	55162613248	252416	512	13.043170
29174008832	29173772800	236032	512	5.318384
22236133376	22235984384	148992	512	7.669292
15840577024	15840438272	138752	512	7.915688
21472671232	21472416256	254976	512	3.337038
11000301568	11000114176	187392	512	0.409557
28975052288	28974870528	181760	512	4.806796
3804267008	3804011520	255488	512	3.665914
5986625536	5986429952	195584	512	6.859047
46778803712	46778588160	215552	512	5.296702
3391814144	3391645184	168960	512	5.558304
38262022656	38261819392	203264	512	4.107327
28800367616	28800130048	237568	512	3.440410
63782372864	63782150144	222720	512	2.335130
22424682496	22424539648	142848	512	7.811105
53880333312	53880186880	146432	512	4.998796
5759185920	5759034368	151552	512	7.731505
56516701184	56516460032	241152	512	13.252656
72328087552	72327950848	136704	512	6.203009
31001045504	31000797184	248320	512	3.126767
18812440576	18812207616	232960	512	5.697813
11509306368	11509133824	172544	512	5.278259
62012274176	62012091904	182272	512	3.552947
75736184320	75736035840	148480	512	5.450130
2190822912	2190571008	251904	512	5.643839
33105002496	33104821760	180736	512	4.783195
19342214656	19342032384	182272	512	5.023124
13013344768	13013202432	142336	512	7.851094
42001870848	42001629696	241152	512	4.712556
58222382592	58222214656	167936	512	6.006497
46829050880	46828881920	168960	512	6.566123
48666178560	48665916416	262144	512	2.169682
71705835008	71705601536	233472	512	11.948949
2571174400	2571008000	166400	512	7.507293
16338301440	16338125824	175616	512	5.192113
10339411968	10339265024	146944	512	7.732231
20858363904	20858102272	261632	512	5.065789
61356292096	61356083200	208896	512	2.736056
35392687616	35392453120	234496	512	3.398267
1517133824	1516909568	224256	512	4.365806
5836295168	5836067328	227840	512	4.122324
27299254784	27299057664	197120	512	6.365351
58183166976	58182919680	247296	512	12.902692
48660749312	48660617216	132096	512	7.562942
32631586304	32631421952	164352	512	5.238083
12553924608	12553760256	164352	512	5.552966
937422336	937175552	246784	512	5.779174
23820794880	23820628480	166400	512	7.093217
79507927552	79507692032	235520	512	9.939888
78700679168	78700536320	142848	512	3.200825
70888002560	70887867904	134656	512	4.494382
68883275264	68883046912	228352	512	3.392866
78727841792	78727630848	210944	512	11.422333
23405294592	23405129216	165376	512	5.291031
65586642432	65586436096	206336	512	4.422855
57422447616	57422227968	219648	512	2.779109
59246396416	59246140928	255488	512	12.633609
20117019648	20116886016	133632	512	7.991046
9049819648	9049587712	231936	512	5.890368
62783368704	62783195136	173568	512	3.849561
46952931840	46952792576	139264	512	7.337447
12565530624	12565318656	211968	512	6.279122
1440905728	1440661504	244224	512	3.994154
43320793600	43320540672	252928	512	2.549243
47473189888	47473032704	157184	512	6.908090
43510347264	43510176768	170496	512	6.579839
67918548480	67918403584	144896	512	6.271571
27350379520	27350150144	229376	512	3.739190
55242123776	55241912320	211456	512	4.976323
79032502272	79032329216	173056	512	12.722012
26980173312	26979943936	229376	512	3.747421
61467262976	61467127296	135680	512	6.868181
4043747840	4043544576	203264	512	4.800680
42448297472	42448045056	252416	512	4.401414
44928073728	44927937024	136704	512	7.493878
120985088	120850432	134656	512	6.352886
65026105344	65025939968	165376	512	5.724617
40235710464	40235530752	179712	512	6.440719
10110713344	10110551552	161792	512	7.442253
22847017472	22846757376	260096	512	5.081809
47805059072	47804797440	261632	512	0.439807
74462589952	74462340608	249344	512	12.860334
35214106624	35213900288	206336	512	5.953074
12254113792	12253962752	151040	512	5.837439
17267524096	17267392000	132096	512	6.199960
68848219648	68847987712	231936	512	12.533075
8536606208	8536433664	172544	512	7.246332
67676451328	67676217856	233472	512	12.508568
59654117888	59653916160	201728	512	3.128306
58098604032	58098443776	160256	512	4.383155
79544339968	79544116224	223744	512	10.440494
53681879040	53681731584	147456	512	6.819973
76571292672	76571050496	242176	512	10.986339
13515341824	13515143168	198656	512	4.714359
11700615680	11700354048	261632	512	5.138936
8553177600	8552990720	186880	512	5.140761
39284617728	39284462592	155136	512	7.084340
8606632960	8606385152	247808	512	3.635802
55754721792	55754533376	188416	512	5.610397
27647168000	27646913536	254464	512	3.128522
62288696320	62288461824	234496	512	13.059109
44819962368	44819751424	210944	512	5.509128
31287664128	31287497216	166912	512	6.994862
59810889216	59810637824	251392	512	12.764641
72261277696	72261025792	251904	512	11.223849
19346369536	19346119168	250368	512	5.319878
48444044288	48443813376	230912	512	4.940596
39236743680	39236532736	210944	512	5.600808
54056771584	54056531968	239616	512	4.158681
27108114432	27107976704	137728	512	0.432007
37571456512	37571305984	150528	512	7.300657
67310020608	67309855232	165376	512	3.628475
40736328704	40736098304	230400	512	3.273710
45305805312	45305638400	166912	512	4.765133
12191345664	12191124480	221184	512	4.241824
53971928064	53971780608	147456	512	6.828824
77485947904	77485690368	257536	512	9.434307
68774532608	68774291456	241152	512	12.152210
34582113792	34581900800	212992	512	5.808410
68880491008	68880301056	189952	512	2.853771
51289714688	51289492480	222208	512	3.072090
2182731264	2182470656	260608	512	5.463919
16655421952	16655263744	158208	512	7.489138
11834671616	11834477056	194560	512	4.805450
43828766208	43828609024	157184	512	5.082007
6674995200	6674736128	259072	512	3.502877
49998952960	49998730752	222208	512	3.075398
60417542144	60417347584	194560	512	5.205837
9395560448	9395334144	226304	512	4.164883
20258381824	20258244608	137216	512	7.918643
52874798592	52874624512	174080	512	6.252503
55168143360	55167921152	222208	512	2.807887
74618674688	74618473984	200704	512	12.868142
70123629056	70123438080	190976	512	4.532548
45383587328	45383408640	178688	512	4.416198
9010256896	9010077696	179200	512	0.452102
62167981568	62167738368	243200	512	12.774051
62497183744	62496992768	190976	512	3.267555
10643949568	10643812352	137216	512	6.163402
40691985408	40691755520	229888	512	5.109502
60905767424	60905510912	256512	512	12.378761
46247234048	46247065088	168960	512	12.917522
3485163008	3484949504	213504	512	4.520208
69996888064	69996743680	144384	512	6.143554
5173127680	5172985344	142336	512	6.087741
59851390464	59851231744	158720	512	4.445818
2921756672	2921578496	178176	512	7.226669
3140457984	3140240384	217600	512	6.372330
37266839040	37266644480	194560	512	4.366269
54248977920	54248785408	192512	512	3.679604
12782335488	12782139904	195584	512	4.827348
48961884160	48961664000	220160	512	5.161351
53323195904	53323011072	184832	512	3.884503
6357897728	6357725184	172544	512	5.444822
44617479680	44617312768	166912	512	6.655691
48242880000	48242695168	184832	512	4.268748
52006098944	52005953536	145408	512	13.372643
78687302144	78687040512	261632	512	9.290187
21517941248	21517685248	256000	512	3.302310
35258060288	35257915392	144896	512	7.501412
8763239936	8762999808	240128	512	5.664952
42463884288	42463652864	231424	512	3.120427
31874343424	31874109952	233472	512	5.382970
74721948672	74721816064	132608	512	4.254567
11144726016	11144485888	240128	512	3.836159
53393979904	53393734656	245248	512	4.119040
67943091200	67942958592	132608	512	4.790949
12061400064	12061219328	180736	512	6.999715
5305820160	5305642496	177664	512	5.309937
29199836160	29199630848	205312	512	6.055039
60608658432	60608410624	247808	512	12.841476
37673870848	37673679360	191488	512	6.253429
42891314176	42891097600	216576	512	3.517373
16910922240	16910778880	143360	512	7.800326
68651462144	68651243520	218624	512	3.729356
39230371328	39230174720	196608	512	6.012884
40623581184	40623322624	258560	512	4.412736
24497824256	24497600000	224256	512	5.726941
54443623424	54443414016	209408	512	3.225583
10047236096	10047006208	229888	512	4.039800
15909056512	15908850688	205824	512	4.503024
55801051136	55800833024	218112	512	2.970585
9843883008	9843631104	251904	512	3.541373
4091026944	4090833920	193024	512	5.020803
48367254016	48367032832	221184	512	3.263160
38282383360	38282225152	158208	512	7.079133
25568754176	25568505344	248832	512	5.079482
52085676032	52085427200	248832	512	2.249594
72140868096	72140660224	207872	512	12.925254
58208037376	58207830016	207360	512	4.807344
64192100864	64191868416	232448	512	12.833208
14723782144	14723613184	168960	512	7.298269
41426066432	41425869312	197120	512	5.998293
14698351104	14698213888	137216	512	8.000838
43922497024	43922260992	236032	512	3.019170
5292586496	5292338688	247808	512	3.833690
1131352064	1131129856	222208	512	6.318359
34369104896	34368862720	242176	512	5.016227
51599959040	51599798272	160768	512	4.740874
71338236416	71337980416	256000	512	2.091253
46134970880	46134785536	185344	512	0.442356
72170672640	72170510336	162304	512	5.237891
38783774720	38783604736	169984	512	6.685629
3203834368	3203607552	226816	512	6.195234
40205886976	40205637120	249856	512	2.781345
43919546880	43919355392	191488	512	4.282060
3278577152	3278410240	166912	512	5.601052
2569219072	2569027072	192000	512	4.997373
20141573632	20141386752	186880	512	6.780584
75843610624	75843378176	232448	512	11.478517
78771933184	78771750400	182784	512	12.612785
6346472448	6346287104	185344	512	5.078907
408340992	408181760	159232	512	7.654948
27811780608	27811594240	186368	512	6.612855
62046258176	62046006784	251392	512	3.262188
26425290240	26425050624	239616	512	9.995182
15709261824	15709061120	200704	512	4.611824
17194257408	17194039808	217600	512	6.103124
30174141952	30173999104	142848	512	7.558336
31526290432	31526034944	255488	512	2.948646
12943505920	12943293440	212480	512	4.429585
16066905088	16066678272	226816	512	3.990978
73204726272	73204574208	152064	512	5.586638
35506617344	35506481664	135680	512	7.722127
73489451008	73489223680	227328	512	2.543111
3284106752	3283858944	247808	512	3.801196
7111916032	7111735296	180736	512	7.075218
74389878784	74389704192	174592	512	2.689204
12060645888	12060498432	147456	512	7.772440
18403843072	18403661312	181760	512	5.050304
12156623872	12156361728	262144	512	3.321188
61067180032	61067037184	142848	512	4.785181
43244761088	43244624896	136192	512	5.519797
9414295040	9414102528	192512	512	6.735949
62209131520	62208965120	166400	512	5.907565
75491023872	75490819072	204800	512	12.585526
40457414656	40457188352	226304	512	3.377095
2945516544	2945334272	182272	512	7.114254
1972243968	1972055552	188416	512	7.030924
76580619264	76580358144	261120	512	10.199523
17665680384	17665491968	188416	512	4.919905
33456655360	33456472064	183296	512	6.529438
5511445504	5511215616	229888	512	5.939643
14823370240	14823155712	214528	512	6.236322
77133210624	77133024256	186368	512	12.487252
15610435584	15610207232	228352	512	5.828060
33440648192	33440455168	193024	512	4.452733
61903141888	61902913536	228352	512	13.244843
9808832000	9808578560	253440	512	5.347744
15001012224	15000793088	219136	512	4.263998
42637402624	42637161472	241152	512	2.813938
68168789504	68168584704	204800	512	2.346008
29438036992	29437877248	159744	512	5.334517
79272180736	79271991808	188928	512	2.817845
39151557120	39151412224	144896	512	5.471483
5315297792	5315121664	176128	512	5.282891
13892040192	13891839488	200704	512	4.709326
73567801856	73567631872	169984	512	4.736827
64494564352	64494364672	199680	512	2.799689
46003846144	46003671040	175104	512	4.527470
38527329280	38527183360	145920	512	7.254220
68253724160	68253529088	195072	512	2.725129
37031760896	37031585792	175104	512	4.827283
25670744064	25670509568	234496	512	3.607922
3256309248	3256148992	160256	512	5.739421
18773953024	18773787136	165888	512	7.276342
30969517568	30969281536	236032	512	5.298995
63738050560	63737794560	256000	512	3.010647
29471238656	29471093760	144896	512	7.551664
2269105152	2268858368	246784	512	5.847250
54692756992	54692604416	152576	512	4.838353
18763782656	18763640832	141824	512	7.820837
22507553280	22507420672	132608	512	8.082661
1695003136	1694795264	207872	512	4.753946
13716596224	13716376064	220160	512	4.258253
46095114240	46094927872	186368	512	6.086618
8803081728	8802925056	156672	512	5.760709
61347715584	61347502592	212992	512	2.512749
29148902400	29148694016	208384	512	4.113136
61217491456	61217331200	160256	512	4.248530
32445398016	32445148672	249344	512	4.964904
34326595072	34326431232	163840	512	7.049366
34792391680	34792240640	151040	512	5.490585
78707775488	78707547648	227840	512	10.666631
15642148352	15641967104	181248	512	6.924108
12432929792	12432705024	224768	512	4.187264
77641545728	77641333760	211968	512	2.131261
14076324352	14076165120	159232	512	5.651831
13923001344	13922754048	247296	512	3.649509
60901853184	60901687296	165888	512	6.114650
38820319232	38820158464	160768	512	5.072790
20759690752	20759441408	249344	512	5.318983
17182281216	17182062592	218624	512	0.475678
45584915968	45584764928	151040	512	7.012948
30963731456	30963569152	162304	512	5.259693
49171723776	49171586048	137728	512	7.377809
33014413824	33014155776	258048	512	4.760030
32436992000	32436779008	212992	512	4.034530
26051897856	26051649024	248832	512	5.135761
50593477120	50593226752	250368	512	2.286527
67790195712	67790058496	137216	512	6.475863
44530430976	44530177024	253952	512	2.528688
27318307840	27318116864	190976	512	6.512888
40750723072	40750495744	227328	512	5.250576
65300987904	65300836864	151040	512	4.368195
68293359104	68293184000	175104	512	5.217329
19971248640	19971096064	152576	512	7.569272
57505534976	57505303040	231936	512	4.272445
539006464	538806272	200192	512	6.792590
59548867072	59548726784	140288	512	6.940518
73237814272	73237647360	166912	512	3.256151
6543301120	6543135232	165888	512	5.563850
12992188928	12992001536	187392	512	6.882654
61577290240	61577107968	182272	512	5.410478
67658483712	67658348544	135168	512	6.578408
51728237568	51728044032	193536	512	3.808765
61427503104	61427358208	144896	512	4.729567
60232560128	60232356864	203264	512	4.921643
68040325120	68040103936	221184	512	12.971535
33794134016	33793918464	215552	512	5.810894
23936045568	23935809024	236544	512	0.871069
34302319616	34302084096	235520	512	3.381785
19143945216	19143749632	195584	512	4.682841
31190032384	31189897728	134656	512	5.944383
48356481024	48356247552	233472	512	9.452319
52750945792	52750765056	180736	512	0.446118
67515311104	67515088384	222720	512	12.840740
35224991232	35224745472	245760	512	3.127626
60821889024	60821721088	167936	512	5.891072
9242829824	9242627072	202752	512	0.418016
30831795712	30831591936	203776	512	6.085823
59187956736	59187769344	187392	512	3.524899
52049538560	52049334784	203776	512	3.523969
4572978688	4572774912	203776	512	4.753572
24577866752	24577695232	171520	512	7.001369
231704576	231449088	255488	512	3.736596
65809186304	65808943616	242688	512	12.492082
50118253056	50118036992	216064	512	5.109912
11341225472	11341066240	159232	512	5.650879
52624926208	52624706048	220160	512	0.437225
16942362624	16942175744	186880	512	6.751827
5035899392	5035758080	141312	512	8.015590
1523983360	1523784704	198656	512	6.802794
18784528384	18784283136	245248	512	5.422935
245524480	245325312	199168	512	4.951896
50543590912	50543447552	143360	512	7.099643
72008412160	72008219648	192512	512	2.310311
10958286336	10958053376	232960	512	5.819391
42877264384	42877082112	182272	512	6.286289
73689007616	73688752128	255488	512	12.648604
8854927360	8854754304	173056	512	7.173232
53869860864	53869645824	215040	512	3.018361
46115282944	46115113984	168960	512	6.528846
50033176576	50032928768	247808	512	2.318620
44459124736	44458951168	173568	512	6.527922
18265326592	18265101312	225280	512	5.903706
65879810560	65879619584	190976	512	3.055951
57615712256	57615559168	153088	512	6.590109
40659000320	40658774528	225792	512	5.235574
66472989696	66472824320	165376	512	5.740781
40538023424	40537872384	151040	512	5.352406
25839260160	25839124992	135168	512	6.093586
16499315200	16499082752	232448	512	3.911816
32974964736	32974766592	198144	512	6.247079
54007647744	54007435264	212480	512	4.943539
5140088320	5139860992	227328	512	6.146480
55142312960	55142086656	226304	512	4.560206
60826394112	60826167808	226304	512	2.363918
73910884864	73910738944	145920	512	3.760684
41398026240	41397827072	199168	512	4.087359
9503754752	9503515648	239104	512	3.844067
15543187968	15543036928	151040	512	7.589832
20201613824	20201367040	246784	512	3.572342
4847574016	4847357952	216064	512	4.537729
34656799744	34656626176	173568	512	5.026721
2718087168	2717950976	136192	512	8.118921
37167431168	37167277056	154112	512	7.199924
72920374272	72920196096	178176	512	4.640976
8531988480	8531795456	193024	512	4.957023
32024557568	32024343040	214528	512	5.827268
28154295296	28154132480	162816	512	5.298383
75409513984	75409263616	250368	512	10.802992
50362693632	50362494464	199168	512	3.721497
57532071424	57531914240	157184	512	6.485035
3004599808	3004425216	174592	512	5.418386
38835193344	38834991104	202240	512	5.861751
68776190976	68775966208	224768	512	12.788722
11264878080	11264619520	258560	512	3.399984
67618663424	67618440704	222720	512	12.874199
72419069952	72418870784	199168	512	13.198898
38537229312	38537057280	172032	512	6.645830
64568209920	64568051712	158208	512	4.169228
62148979712	62148771840	207872	512	2.791479
8708906496	8708765184	141312	512	7.898773
4201989632	4201785344	204288	512	4.789166
15105901056	15105749504	151552	512	7.681897
8082780160	8082615808	164352	512	7.443252
39691816960	39691623424	193536	512	6.152331
47680945152	47680721920	223232	512	3.224383
20070077952	20069938176	139776	512	7.873043
23330240512	23329986048	254464	512	3.140138
34998428672	34998172160	256512	512	2.870771
17002059264	17001797632	261632	512	3.215497
78424951808	78424796160	155648	512	2.662661
74132161536	74131912192	249344	512	11.018729
68428135424	68427902464	232960	512	12.500468
69228564992	69228343296	221696	512	12.761844
44403123712	44402891776	231936	512	3.119873
26240045568	26239863296	182272	512	4.864690
27348056064	27347900416	155648	512	5.521839
72062342144	72062206464	135680	512	6.207564
55036199936	55036060672	139264	512	7.084756
51970123264	51969906688	216576	512	3.217307
16500873216	16500685824	187392	512	6.786706
27381880832	27381713408	167424	512	5.089889
72525390848	72525217792	173056	512	4.873527
63332080640	63331826176	254464	512	3.050097
47345990144	47345759232	230912	512	3.031114
60996968448	60996749312	219136	512	2.396164
38289107456	38288872960	234496	512	5.150573
72371581952	72371385344	196608	512	2.219739
2883993600	2883806208	187392	512	7.007792
9348311552	9348120064	191488	512	6.742908
989819392	989594112	225280	512	6.239054
17133572608	17133364736	207872	512	4.517950
75300342272	75300121088	221184	512	11.945566
57665436160	57665186816	249344	512	13.031053
76304284672	76304105984	178688	512	4.150093
61410636288	61410446848	189440	512	3.335625
15020619776	15020386816	232960	512	3.965966
43620895744	43620732928	162816	512	6.773887
76171045888	76170787840	258048	512	10.311373
26383218176	26383044096	174080	512	6.926292
35973965824	35973709312	256512	512	4.679837
64865092096	64864864768	227328	512	12.969407
25026665984	25026432000	233984	512	3.683943
47427558912	47427363840	195072	512	5.824539
79443385856	79443192832	193024	512	2.542911
51119421952	51119209472	212480	512	5.124258
51280950272	51280811008	139264	512	7.198476
28470478848	28470325248	153600	512	5.570168
3612423168	3612216320	206848	512	4.736143
11485755392	11485603328	152064	512	5.821419
42594192896	42594055168	137728	512	7.501031
50327148544	50326935040	213504	512	3.297281
14547587072	14547388416	198656	512	6.635719
17647687680	17647478272	209408	512	6.245318
19172748288	19172616704	131584	512	6.218594
51580529152	51580383744	145408	512	6.991685
77101690880	77101488640	202240	512	11.705597
14204443648	14204288000	155648	512	7.466053
55500155904	55500002816	153088	512	6.767690
43462753792	43462509568	244224	512	2.794126
5376233984	5375984128	249856	512	5.518116
12109128192	12108974080	154112	512	7.617866
43981852672	43981617664	235008	512	4.885759
71184087040	71183937024	150016	512	3.950284
54054680576	54054436864	243712	512	2.126606
57618427392	57618190336	237056	512	4.114919
28679862272	28679713792	148480	512	7.469293
27229451264	27229294080	157184	512	7.395194
74900062208	74899846656	215552	512	12.229537
48588340224	48588163584	176640	512	6.396191
26355376640	26355189248	187392	512	4.752071
71837307904	71837139968	167936	512	5.046741
9213767168	9213568000	199168	512	4.739600
38454291968	38454156800	135168	512	7.675065
69141066240	69140811776	254464	512	11.614628
75690817536	75690603520	214016	512	2.955309
70349438464	70349211648	226816	512	3.113518
72767447552	72767301120	146432	512	5.762629
58848388096	58848136704	251392	512	12.812536
57231531520	57231333376	198144	512	3.401874
72625099264	72624898560	200704	512	13.111579
22638083072	22637840384	242688	512	5.490412
17194752000	17194542080	209920	512	6.177579
32951699456	32951546880	152576	512	5.484885
28131822080	28131669504	152576	512	7.442924
70325745664	70325551104	194560	512	4.287085
20565635584	20565471744	163840	512	7.328704
65156552192	65156311040	241152	512	12.569722
17803150336	17802903040	247296	512	3.554363
25141917696	25141751808	165888	512	7.134889
49709805056	49709659648	145408	512	5.217536
14604625920	14604390912	235008	512	3.925689
60453020160	60452765184	254976	512	3.341614
38214638080	38214448128	189952	512	4.450441
50029022720	50028835328	187392	512	0.429143
46435057152	46434890752	166400	512	6.583193
46958289920	46958081024	208896	512	5.455423
16255484416	16255316480	167936	512	7.184266
35384521216	35384329216	192000	512	6.323261
27400025600	27399826432	199168	512	4.450071
24701200896	24701060096	140800	512	7.719340
74687622144	74687489536	132608	512	6.161100
9550928384	9550737408	190976	512	6.773257
24483066368	24482831360	235008	512	3.576840
9798758912	9798543360	215552	512	4.360102
68278974464	68278726656	247808	512	11.991745
6365438976	6365220864	218112	512	4.386478
78970475008	78970298880	176128	512	3.323558
13942472192	13942268928	203264	512	4.639426
74749741568	74749587968	153600	512	5.374529
49342296576	49342121472	175104	512	4.389444
63364527104	63364341760	185344	512	3.399371
38256496128	38256359424	136704	512	7.656201
38447357440	38447213056	144384	512	7.545633
14865671168	14865446400	224768	512	4.223332
22974552576	22974387200	165376	512	7.210049
39050166784	39049986560	180224	512	4.569451
63745038336	63744785408	252928	512	12.362499
2496804864	2496666112	138752	512	8.103184
70380995584	70380846592	148992	512	5.872421
38509500416	38509265408	235008	512	3.297370
403280384	403030016	250368	512	5.681844
42002510336	42002298880	211456	512	3.651784
36771361280	36771193344	167936	512	6.846642
64831779328	64831576576	202752	512	2.677622
59833217536	59833049088	168448	512	4.125069
42756886016	42756672512	213504	512	3.626314
75962786304	75962530304	256000	512	10.537271
66828259328	66828012032	247296	512	12.021137
71503033344	71502861312	172032	512	3.195405
71204662784	71204485120	177664	512	2.943835
59538913280	59538729984	183296	512	3.678211
57900167680	57900027904	139776	512	7.013550
52520360448	52520198144	162304	512	6.512281
23586197504	23586060288	137216	512	6.017047
72483557376	72483312640	244736	512	11.484659
15942759936	15942585344	174592	512	7.050809
2553709568	2553537024	172544	512	7.375073
61794670080	61794414592	255488	512	3.120945
25810905600	25810694144	211456	512	6.050326
64259178496	64258925056	253440	512	12.143893
40009372160	40009137152	235008	512	4.982638
26218758144	26218586112	172032	512	5.110066
39020431872	39020185088	246784	512	2.864533
10237889536	10237742592	146944	512	7.862132
60948070912	60947820032	250880	512	12.517738
12950818304	12950636032	182272	512	5.123326
7191440384	7191187968	252416	512	5.475458
3915299328	3915148800	150528	512	5.913587
57028752896	57028498432	254464	512	12.892840
32793526272	32793338880	187392	512	6.500154
24124994048	24124732928	261120	512	2.987329
65575333376	65575168000	165376	512	5.748359
31454146048	31454000128	145920	512	7.520191
40446465024	40446244864	220160	512	5.384673
40784010240	40783835136	175104	512	4.698340
13609690112	13609465856	224256	512	6.016937
77637978624	77637757440	221184	512	10.988280
30590503936	30590321664	182272	512	6.622170
11184113664	11183956480	157184	512	7.554046
32169582080	32169353216	228864	512	3.622664
59010238464	59009988096	250368	512	12.734503
13925541888	13925304320	237568	512	3.886652
21372893696	21372652544	241152	512	3.680214
57662757376	57662544896	212480	512	9.494470
31241726464	31241591296	135168	512	5.941497
6028027392	6027870208	157184	512	7.588163
8085515776	8085318144	197632	512	4.822749
26066885632	26066678272	207360	512	6.116630
2227736576	2227566080	170496	512	7.423576
9638734336	9638498816	235520	512	5.733286
28699886592	28699697152	189440	512	6.534813
59183792128	59183545856	246272	512	3.611707
43583871488	43583612928	258560	512	4.251604
72040910848	72040667648	243200	512	11.617315
32736583680	32736333312	250368	512	3.097264
76527142912	76526912000	230912	512	11.372170
46759675392	46759505920	169472	512	4.690766
75861252608	75861039104	213504	512	2.927443
66891726336	66891575808	150528	512	6.029136
33832793088	33832598528	194560	512	4.381846
26730083840	26729885696	198144	512	6.328004
5631788544	5631609856	178688	512	7.069056
50156396544	50156211712	184832	512	4.109564
55765516800	55765347328	169472	512	6.198628
70025865728	70025619456	246272	512	11.873169
5523518976	5523347456	171520	512	7.279876
31719532032	31719276544	255488	512	4.852172
74363565056	74363376640	188416	512	2.116928
61749641728	61749425664	216064	512	2.522228
67069979136	67069754368	224768	512	3.531030
31088094720	31087962112	132608	512	7.840881
3661892096	3661739008	153088	512	7.757482
17341004800	17340865024	139776	512	6.026377
78130758144	78130518016	240128	512	10.309664
11519556096	11519313920	242176	512	3.756823
48072983552	48072755712	227840	512	4.958703
40381594112	40381412864	181248	512	4.566915
58723180032	58722929152	250880	512	3.467017
23291406848	23291183104	223744	512	3.863979
28362153984	28361971200	182784	512	4.829274
68936875008	68936632320	242688	512	12.158381
1008376832	1008218624	158208	512	7.693108
59073814016	59073572352	241664	512	12.993740
60293292032	60293110272	181760	512	5.609806
71285563904	71285339136	224768	512	3.207845
67861011968	67860754944	257024	512	11.653458
21876610560	21876413952	196608	512	4.679089
75496596480	75496338944	257536	512	10.533439
16089532928	16089371648	161280	512	5.515910
16670917632	16670730240	187392	512	6.761738
29701009408	29700755456	253952	512	3.073693
45160369152	45160187904	181248	512	4.383748
4928812544	4928596992	215552	512	6.381637
39622708224	39622465024	243200	512	2.961288
54349499904	54349317120	182784	512	3.976546
20861933056	20861685760	247296	512	3.539631
62489257472	62489098752	158720	512	6.165181
27485485568	27485289472	196096	512	4.534110
69679419392	69679271936	147456	512	6.040423
15623489024	15623262720	226304	512	5.856893
60791134720	60790981120	153600	512	6.416590
63816272384	63816062464	209920	512	2.609227
26008474624	26008293376	181248	512	6.771217
18304521728	18304370688	151040	512	7.689427
21937532928	21937298944	233984	512	3.857117
26351443456	26351258112	185344	512	6.656829
13834353664	13834168320	185344	512	5.032517
71974767616	71974581760	185856	512	2.556963
76257069568	76256899072	170496	512	2.625007
31750018048	31749861888	156160	512	5.317623
28723914752	28723721728	193024	512	6.386954
6506120704	6505888768	231936	512	4.068585
49880926208	49880669184	257024	512	13.204941
38032125440	38031970816	154624	512	5.315021
68980799488	68980563456	236032	512	7.646660
41531597312	41531406336	190976	512	0.432595
30819920384	30819786240	134144	512	7.830757
16007777280	16007563776	213504	512	6.140754
72228506624	72228289536	217088	512	3.302058
21279171072	21278944256	226816	512	3.989169
75730587136	75730359808	227328	512	11.655854
29492121088	29491886080	235008	512	5.332581
37618885120	37618716672	168448	512	6.883255
61544670208	61544428544	241664	512	12.818271
44482909696	44482733568	176128	512	4.614864
48005411840	48005160960	250880	512	2.483283
33169939456	33169685504	253952	512	4.808556
11826375680	11826239488	136192	512	7.975967
24661967360	24661822976	144384	512	7.643950
26525342720	26525178880	163840	512	7.151782
18447513600	18447268864	244736	512	3.589255
33062270464	33062063616	206848	512	6.023548
27438322176	27438156800	165376	512	5.259953
38292383744	38292246016	137728	512	7.628297
62129977856	62129804800	173056	512	5.711179
48381903872	48381681152	222720	512	3.247211
16496567296	16496427008	140288	512	7.853278
26572879872	26572675584	204288	512	4.320199
6407593472	6407390720	202752	512	4.731545
3995530752	3995313152	217600	512	4.494617
7223671296	7223438336	232960	512	5.887468
43822812160	43822676992	135168	512	7.524597
15010620928	15010385408	235520	512	5.762597
27833960960	27833737728	223232	512	5.644479
74478146560	74477932544	214016	512	12.352547
39812702720	39812477952	224768	512	5.279061
2404520448	2404347392	173056	512	7.328050
10001375744	10001232896	142848	512	7.876033
62755917824	62755670016	247808	512	12.611146
8068078592	8067834880	243712	512	3.776007
21513830400	21513650688	179712	512	6.963332
24449588736	24449449984	138752	512	7.746440
39888843264	39888607744	235520	512	3.224710
67061832192	67061607424	224768	512	12.783404
17195537408	17195380736	156672	512	5.624643
62698913280	62698668544	244736	512	12.712299
59483559424	59483349504	209920	512	4.826449
22845929984	22845728768	201216	512	6.424653
27914627584	27914490368	137216	512	5.949389
9759752192	9759521792	230400	512	5.770202
81427968	81223680	204288	512	4.998434
20317330944	20317125632	205312	512	6.333773
37677556224	37677403136	153088	512	5.313904
40781415936	40781155328	260608	512	2.508274
36695640064	36695389696	250368	512	2.930526
21541406720	21541267968	138752	512	6.061571
20323999744	20323761664	238080	512	3.755541
20316999680	20316762624	237056	512	5.619413
10631231488	10630980608	250880	512	3.572071
52121891328	52121725440	165888	512	6.419832
43156594688	43156432384	162304	512	4.980271
5762588160	5762396672	191488	512	0.413308
2290248192	2290010112	238080	512	5.976876
41448481280	41448293376	187904	512	6.247773
49227269120	49227048448	220672	512	5.145921
53763108352	53762950656	157696	512	4.645464
43329576960	43329331712	245248	512	2.761249
21158171648	21157934080	237568	512	3.757988
75622124544	75621940224	184320	512	2.110534
31411077632	31410909696	167936	512	6.950543
46775777280	46775604224	173056	512	11.100574
26792528384	26792311808	216576	512	5.906190
56838362624	56838146048	216576	512	2.861559
2705275392	2705019904	255488	512	3.600898
67208033792	67207847424	186368	512	3.014967
30424949760	30424792064	157696	512	7.218483
50372125696	50371906560	219136	512	5.043527
70851941888	70851751936	189952	512	2.568146
54589552128	54589365248	186880	512	3.832303
16112206336	16111981056	225280	512	4.029848
36633318912	36633094144	224768	512	3.577382
7304647680	7304511488	136192	512	8.051987
37406587392	37406381056	206336	512	5.814549
31454519808	31454330368	189440	512	6.404394
33291791360	33291655680	135680	512	5.953987
2286245888	2285988352	257536	512	3.665504
69615509504	69615362048	147456	512	4.138465
20803020288	20802806272	214016	512	6.130191
29088204288	29087958528	245760	512	3.225218
33350581760	33350387712	194048	512	6.265004
19059649536	19059475968	173568	512	7.067448
54122335744	54122134528	201216	512	5.263656
23243645440	23243449856	195584	512	4.575855
1459217920	1458978304	239616	512	5.906240
38034766336	38034579968	186368	512	4.514764
47068608512	47068425728	182784	512	6.177865
24085012992	24084864000	148992	512	5.673654
78751462400	78751296512	165888	512	4.149065
60949588992	60949370368	218624	512	2.478949
17490962432	17490769920	192512	512	4.814912
12672542208	12672404480	137728	512	6.112675
535421952	535285760	136192	512	8.175586
2279079936	2278907392	172544	512	5.534628
65557453312	65557321216	132096	512	6.786276
77849037824	77848842240	195584	512	2.824680
547338240	547154432	183808	512	7.130757
63189932544	63189721088	211456	512	2.572595
41134517760	41134353408	164352	512	4.928178
32882300416	32882076672	223744	512	5.623577
37381557760	37381348352	209408	512	5.780994
49746245120	49746008064	237056	512	2.652411
49571219456	49571027456	192000	512	5.778089
35038782464	35038527488	254976	512	4.735848
21209401856	21209155072	246784	512	5.386836
7896495104	7896344064	151040	512	5.865636
19810321408	19810074112	247296	512	5.386571
9120863744	9120672256	191488	512	6.758925
46312400896	46312203776	197120	512	5.758666
17891031040	17890782208	248832	512	3.482634
18704516096	18704284160	231936	512	3.882912
3290991616	3290795008	196608	512	0.527686
38053554688	38053329920	224768	512	3.555047
29202947584	29202778112	169472	512	6.903158
10993764352	10993585152	179200	512	5.219888
45919347712	45919175680	172032	512	6.457735
74377965568	74377735168	230400	512	11.827305
52078799360	52078591488	207872	512	5.293354
65008046080	65007794176	251904	512	12.199189
44440731648	44440581120	150528	512	7.098684
1472780288	1472532480	247808	512	3.931064
50501907968	50501772800	135168	512	5.600283
45825489408	45825267712	221696	512	5.168832
55497441280	55497275904	165376	512	6.297797
34702124032	34701945856	178176	512	6.579479
27584317440	27584072192	245248	512	5.212612
36308240384	36307987968	252416	512	2.963294
43467620864	43467372544	248320	512	4.529971
61255963648	61255777792	185856	512	3.415311
79113714688	79113536000	178688	512	12.496328
68680055296	68679810560	244736	512	12.085717
32405719040	32405548032	171008	512	5.048771
25173854208	25173682688	171520	512	6.955585
43017606656	43017376768	229888	512	3.137482
6912085504	6911853056	232448	512	5.904916
20993446400	20993218048	228352	512	4.030043
39421500928	39421331968	168960	512	6.724347
28250025984	28249856000	169984	512	7.028080
65819355136	65819107328	247808	512	12.323722
20100988928	20100798976	189952	512	6.707374
53866903552	53866693120	210432	512	3.177967
10188673024	10188511232	161792	512	7.359413
8584692736	8584500224	192512	512	6.754283
71436390400	71436169728	220672	512	12.593385
60013516288	60013318656	197632	512	5.101373
19054637568	19054398464	239104	512	3.754969
32898843136	32898612224	230912	512	5.419709
73966650880	73966429184	221696	512	2.781321
58071496704	58071332864	163840	512	6.374946
26636269568	26636097536	172032	512	5.097347
42712106496	42711973888	132608	512	7.593053
60792610304	60792384512	225792	512	4.244536
22545161216	22545019904	141312	512	5.944791
55369155072	55368899072	256000	512	12.913798
65620913152	65620719616	193536	512	4.812264
25485613056	25485477888	135168	512	6.003075
25723733504	25723570688	162816	512	7.272999
14186123264	14185862144	261120	512	3.359300
58864580096	58864396288	183808	512	5.520309
27026888704	27026644480	244224	512	3.362966
43828351488	43828090368	261120	512	2.359350
33643577344	33643357184	220160	512	3.756116
79759492096	79759355392	136704	512	3.162447
27199633920	27199441408	192512	512	4.572713
29562273792	29562066432	207360	512	6.007170
45768201216	45768035328	165888	512	6.632391
56379995648	56379780096	215552	512	4.779186
77357260800	77357116928	143872	512	5.185121
28022912000	28022747136	164864	512	5.402413
68592569344	68592307200	262144	512	2.216450
33879804416	33879613440	190976	512	6.403097
68991724032	68991592448	131584	512	4.738812
31738546688	31738380288	166400	512	7.001925
79742248960	79742099968	148992	512	4.489771
44795666944	44795440128	226816	512	3.273247
39442527744	39442340352	187392	512	6.242754
13627646976	13627402240	244736	512	3.704605
30790403584	30790151680	251904	512	3.084062
21486140928	21485916160	224768	512	4.068827
53449877504	53449662976	214528	512	3.023923
18500894720	18500723712	171008	512	5.301525
1906157568	1905947136	210432	512	6.507852
5190589440	5190371328	218112	512	6.325456
10309499904	10309255680	244224	512	5.500538
63900328448	63900088832	239616	512	12.598834
53242629632	53242441216	188416	512	5.794768
8448000000	8447760896	239104	512	3.924421
76142629376	76142450688	178688	512	4.152334
60227012096	60226790912	221184	512	2.505332
13423114240	13422895104	219136	512	4.283918
67563234816	67563045376	189440	512	2.791371
76365639168	76365456896	182272	512	2.190763
20837084672	20836936192	148480	512	7.677084
21222441984	21222238208	203776	512	4.567554
57505500672	57505267200	233472	512	2.385856
58588949504	58588793344	156160	512	6.364136
53592578560	53592392704	185856	512	5.730222
10923660288	10923485184	175104	512	7.129638
64829979648	64829838336	141312	512	4.670910
12643626496	12643493376	133120	512	6.230030
25432762368	25432527872	234496	512	5.442459
47575140352	47574974464	165888	512	4.716462
47141153792	47140945920	207872	512	5.512472
3121320960	3121174528	146432	512	6.031550
50930874880	50930678784	196096	512	3.811843
47535554560	47535345152	209408	512	3.511277
9515581440	9515377664	203776	512	4.644066
12500777984	12500549632	228352	512	5.934752
71782322176	71782087680	234496	512	11.884228
49459657216	49459450368	206848	512	5.361506
53658916864	53658755072	161792	512	6.508287
36742121472	36741971968	149504	512	5.466195
50695129600	50694877696	251904	512	2.238387
38242752512	38242561536	190976	512	4.403726
49423217664	49422971392	246272	512	4.260134
48055572480	48055367680	204800	512	3.712069
61616039424	61615889920	149504	512	6.428278
28078782976	28078587904	195072	512	6.398446
46508601856	46508374528	227328	512	3.116244
37796760576	37796595200	165376	512	6.924269
49162151424	49161929216	222208	512	3.210768
73522544640	73522293760	250880	512	10.972904
79264011264	79263873536	137728	512	3.117623
45138453504	45138258944	194560	512	5.860841
51663907328	51663666688	240640	512	2.466150
42211657728	42211396608	261120	512	2.313302
32020748800	32020606976	141824	512	7.550257
29698457088	29698263040	194048	512	6.333830
53248602624	53248364544	238080	512	4.394448
64308433920	64308175872	258048	512	2.744818
30122926592	30122786304	140288	512	7.677951
24891743232	24891546624	196608	512	6.398399
59335113728	59334866944	246784	512	3.615672
24901395456	24901251584	143872	512	7.568050
51187560448	51187393536	166912	512	6.458943
58963082752	58962847744	235008	512	2.127532
52440222720	52440054272	168448	512	0.347195
50151725056	50151512064	212992	512	3.470607
43967954944	43967700480	254464	512	2.514986
25908519424	25908307968	211456	512	5.987822
12804668416	12804501504	166912	512	7.321628
54929427968	54929192448	235520	512	2.435716
73605346304	73605173760	172544	512	2.792735
19278039552	19277881344	158208	512	7.471790
34324812288	34324667904	144384	512	7.518846
60203427840	60203182080	245760	512	12.947707
79731182080	79730964992	217088	512	10.811744
2280109568	2279869952	239616	512	4.066818
824216576	824083456	133120	512	8.299690
71167190528	71167046656	143872	512	5.961911
26687677440	26687519232	158208	512	5.464605
70784509440	70784284160	225280	512	12.425953
23972816896	23972651008	165888	512	7.121467
7159097344	7158871552	225792	512	6.071846
71511769600	71511609856	159744	512	3.608181
73996908544	73996759552	148992	512	5.529368
27672643584	27672499200	144384	512	7.660832
36337290240	36337028608	261632	512	2.717242
28415632384	28415377408	254976	512	4.962653
78030344192	78030170112	174080	512	12.965840
42449881600	42449648640	232960	512	4.919796
39679587328	39679434240	153088	512	5.300171
78237411840	78237198336	213504	512	11.304685
11514432000	11514229760	202240	512	6.522685
59106423296	59106221568	201728	512	3.116990
28635521024	28635325952	195072	512	6.408677
23030559232	23030359040	200192	512	6.310500
1777010176	1776874496	135680	512	8.184073
12953385984	12953171456	214528	512	4.397435
14304792064	14304633344	158720	512	7.525518
4540734976	4540487168	247808	512	5.671627
12524849152	12524711424	137728	512	7.993342
41567291904	41567118848	173056	512	4.773134
57721446912	57721239552	207360	512	4.986910
347885056	347628032	257024	512	3.670408
12245658624	12245417472	241152	512	3.781329
68876540416	68876298752	241664	512	12.219602
52533434368	52533191680	242688	512	4.240042
46194671616	46194409984	261632	512	4.069451
40315368448	40315151872	216576	512	5.496563
62424289280	62424098816	190464	512	5.161928
29619556864	29619390464	166400	512	5.170039
68222253056	68222090240	162816	512	5.599522
7451082752	7450854912	227840	512	4.171213
57838585856	57838402560	183296	512	3.874859
27181231616	27181088768	142848	512	7.675816
40713638400	40713382912	255488	512	2.616871
51801959936	51801782784	177152	512	6.078243
11628577792	11628324864	252928	512	5.368692
23852175360	23851971072	204288	512	6.215772
18025238528	18025059328	179200	512	6.945122
75488870912	75488643072	227840	512	11.788883
21128717312	21128546816	170496	512	7.190499
17779332096	17779079680	252416	512	5.268835
5260873728	5260644352	229376	512	6.077561
64507475968	64507324928	151040	512	6.171046
59567736320	59567506432	229888	512	2.256613
21903432704	21903243264	189440	512	4.863147
9679991808	9679815680	176128	512	7.125999
74594766848	74594526208	240640	512	11.347321
27147561984	27147358720	203264	512	6.210778
16371770880	16371592704	178176	512	6.975904
13113900032	13113716736	183296	512	6.945351
59883793920	59883656704	137216	512	6.937735
36722562560	36722309632	252928	512	4.707176
79583680000	79583427584	252416	512	9.208990
4758194176	4758041088	153088	512	5.881496
44657020416	44656885248	135168	512	7.507350
61176456192	61176305664	150528	512	6.373571
56996210688	56996028416	182272	512	5.743708
58378278912	58378030080	248832	512	12.815013
47454851584	47454715392	136192	512	7.461269
30138635264	30138445312	189952	512	4.600224
79046237696	79046105600	132096	512	3.413531
9780431360	9780190208	241152	512	5.715750
5780912640	5780739072	173568	512	7.222782
54811101184	54810958336	142848	512	5.157952
62741018112	62740884480	133632	512	6.947562
72659714048	72659551232	162816	512	5.256230
45684507648	45684359168	148480	512	5.237960
683884544	683711488	173056	512	5.505790
53125035008	53124814336	220672	512	3.047758
30604089856	30603912192	177664	512	6.671416
35493777920	35493553152	224768	512	5.508691
10585496576	10585315328	181248	512	6.989512
2238690304	2238526464	163840	512	7.550121
11890161664	11889973760	187904	512	6.841986
66765104128	66764931072	173056	512	3.641939
5330393600	5330192384	201216	512	6.579748
16069711872	16069454848	257024	512	5.136741
18289375232	18289149440	225792	512	5.865883
25036151296	25035993600	157696	512	7.295297
3556294144	3556160000	134144	512	8.146997
17843535360	17843394560	140800	512	7.812502
2908503040	2908310016	193024	512	6.873310
13145093120	13144882688	210432	512	6.333845
47746835456	47746691072	144384	512	5.362655
16230935040	16230694400	240640	512	5.550996
14527333376	14527079424	253952	512	5.360619
48585904128	48585670144	233984	512	4.767090
39740746752	39740614144	132608	512	7.651163
62253357056	62253160960	196096	512	4.986748
66160963072	66160784384	178688	512	3.427506
46783205376	46782944256	261120	512	2.209235
8005523968	8005391360	132608	512	8.151264
51868174336	51868003328	171008	512	4.458257
27958074368	27957812224	262144	512	2.974837
47328302080	47328109568	192512	512	5.922648
43106503168	43106326528	176640	512	6.447838
4362944000	4362745344	198656	512	4.901839
47649656832	47649512960	143872	512	5.363094
73122822656	73122629632	193024	512	4.131632
326630912	326464000	166912	512	7.488408
17909577216	17909396992	180224	512	6.947044
19535651840	19535401984	249856	512	5.259093
36459832320	36459668480	163840	512	5.195665
3553498112	3553362944	135168	512	8.148834
61956740096	61956591616	148480	512	6.515809
22128999936	22128779776	220160	512	0.437320
45274198528	45274060800	137728	512	7.381727
55093014528	55092768256	246272	512	13.062700
8546251264	8546115072	136192	512	8.030292
66741484032	66741265920	218112	512	2.127839
79124194304	79124046336	147968	512	2.672402
22666612224	22666472960	139264	512	6.026678
45029733888	45029557248	176640	512	6.445296
79102523904	79102378496	145408	512	2.772579
22087801344	22087574528	226816	512	5.832813
37853122560	37852881920	240640	512	3.138747
8492489728	8492318720	171008	512	7.277877
23006117376	23005950976	166400	512	7.140717
44095967744	44095822848	144896	512	7.387421
60493108736	60492919808	188928	512	3.489402
79715182592	79715030528	152064	512	2.493387
71959463424	71959281664	181760	512	2.659213
66744937984	66744740864	197120	512	2.887883
77591100928	77590951936	148992	512	4.788044
76273611776	76273458688	153088	512	3.323834
34447749120	34447523840	225280	512	3.673578
57576623104	57576468480	154624	512	4.708806
75031136768	75030983680	153088	512	5.386908
50082784768	50082578944	205824	512	3.549316
46767054336	46766855680	198656	512	3.873895
36854714368	36854534144	180224	512	6.638602
2645834240	2645599744	234496	512	4.115970
60537344	60324352	212992	512	0.429558
827650048	827516416	133632	512	8.317331
54874609152	54874432512	176640	512	5.986221
18576338432	18576175616	162816	512	5.493391
66610434560	66610227712	206848	512	2.550054
70077350912	70077155840	195072	512	4.394131
18428043264	18427866624	176640	512	7.020996
32423298048	32423064064	233984	512	5.362403
44151156224	44150935552	220672	512	5.256673
49648262656	49648109568	153088	512	6.832061
8763461120	8763249152	211968	512	4.450282
42186980864	42186762752	218112	512	5.332902
58058247680	58058092544	155136	512	4.732068
8666167808	8665996288	171520	512	7.216872
25015787008	25015601664	185344	512	6.725502
28250348544	28250200064	148480	512	7.556163
29873491968	29873316864	175104	512	4.972258
23393949696	23393797120	152576	512	7.444842
34479928320	34479668224	260096	512	2.791238
77698571776	77698383872	187904	512	12.432715
7236744704	7236562432	182272	512	7.041064
54801849344	54801590272	259072	512	12.884853
26082135040	26081928192	206848	512	6.161580
57169175040	57168935936	239104	512	2.239798
32938704896	32938496512	208384	512	5.986498
962544128	962412544	131584	512	8.276778
39122241024	39122051072	189952	512	6.173697
53669497856	53669294592	203264	512	3.364343
68858097152	68857940992	156160	512	3.994722
40330324992	40330128896	196096	512	5.951233
47435900416	47435658752	241664	512	4.573751
29926782464	29926537728	244736	512	3.231195
56428060160	56427871232	188928	512	3.699972
65636579840	65636357632	222208	512	13.164360
74038732800	74038600192	132608	512	6.131475
79945754112	79945620992	133120	512	3.357192
30454829568	30454621184	208384	512	6.012405
66715888640	66715644928	243712	512	3.218159
48979930624	48979772928	157696	512	6.840984
11746474496	11746310144	164352	512	5.511115
7744268800	7744021504	247296	512	5.571218
27175854080	27175692288	161792	512	7.288942
67525466112	67525246976	219136	512	12.967924
53205176320	53204936704	239616	512	4.331698
497550848	497342976	207872	512	6.617924
58605533184	58605392896	140288	512	4.984286
67734627328	67734409216	218112	512	3.753865
6093040128	6092779520	260608	512	3.444204
18494678016	18494424576	253440	512	3.373176
13781931008	13781719040	211968	512	4.448355
4653093888	4652906496	187392	512	5.136625
16543614464	16543353856	260608	512	5.077789
28253357568	28253202944	154624	512	5.512872
75562111488	75561963520	147968	512	10.057810
13802948608	13802788864	159744	512	5.647037
66599864320	66599723520	140800	512	6.538948
57889344512	57889138176	206336	512	5.040572
32050918912	32050676224	242688	512	3.284700
24277540864	24277372928	167936	512	7.070377
43208551424	43208355328	196096	512	5.909794
55745787392	55745607680	179712	512	4.058988
63052004352	63051868672	135680	512	6.799744
61162798080	61162552832	245248	512	12.679625
60523361280	60523164160	197120	512	3.257226
75864293888	75864055808	238080	512	11.249519
78202020864	78201767424	253440	512	9.616385
45331610112	45331448320	161792	512	4.891554
22536527360	22536350208	177152	512	5.204926
28756972032	28756819968	152064	512	7.392504
47647060480	47646825472	235008	512	4.759485
44031040512	44030827520	212992	512	5.470644
18401005056	18400836608	168448	512	5.419492
29851903488	29851686400	217088	512	5.905123
77337977344	77337733120	244224	512	10.015240
12092809728	12092641280	168448	512	5.456999
40659697664	40659493888	203776	512	3.993198
76870106624	76869903872	202752	512	2.533399
11665364480	11665181696	182784	512	6.947570
28912568832	28912375808	193024	512	4.527879
19833337344	19833152512	184832	512	6.826021
5392701440	5392558592	142848	512	7.900999
52744220160	52744005632	214528	512	3.191461
75366045184	75365857280	187904	512	13.196745
50933829632	50933684736	144896	512	7.067924
10342356480	10342155776	200704	512	6.545539
1497606656	1497364992	241664	512	4.050700
39702398464	39702212608	185856	512	4.395878
50047077376	50046830080	247296	512	4.223730
64430012416	64429864960	147456	512	4.464767
44440659968	44440494592	165376	512	6.717180
46027848192	46027628032	220160	512	3.328533
2070195200	2070063616	131584	512	6.355688
41199754752	41199608832	145920	512	7.398639
23578102272	23577952768	149504	512	7.536909
41768399360	41768207360	192000	512	4.287616
15073964032	15073740288	223744	512	4.098263
51276531200	51276301312	229888	512	2.835696
44080066560	44079839232	227328	512	5.095757
23282502656	23282368512	134144	512	7.929678
37221595136	37221431296	163840	512	5.090443
5116318208	5116148224	169984	512	5.513863
14135072768	14134903808	168960	512	5.432200
69500520960	69500310528	210432	512	13.146423
21815984640	21815738368	246272	512	5.388716
55973085696	55972825600	260096	512	12.847927
41839404544	41839266304	138240	512	7.440030
7804709376	7804517888	191488	512	6.815547
28287537152	28287295488	241664	512	5.297397
51175306752	51175165952	140800	512	5.323430
24272885248	24272717312	167936	512	7.048261
2741645312	2741403648	241664	512	5.826605
79521407488	79521224704	182784	512	12.337480
22224022528	22223784960	237568	512	5.587240
25449359360	25449199616	159744	512	7.246502
30496610304	30496348160	262144	512	2.801486
2672326656	2672092672	233984	512	4.124103
9202419200	9202229248	189952	512	4.938504
47615303680	47615156736	146944	512	7.112265
70985655296	70985500160	155136	512	3.762099
12300226560	12300061184	165376	512	7.319708
55197803520	55197641728	161792	512	4.608999
23899871744	23899709952	161792	512	7.226399
47520101376	47519886848	214528	512	3.458884
56218791424	56218650624	140800	512	6.940615
56484119552	56483933184	186368	512	5.615426
12318291968	12318054912	237056	512	3.896163
34451129856	34450917888	211968	512	5.818232
8964574720	8964381696	193024	512	6.733161
71002081792	71001916928	164864	512	3.477789
47230777856	47230633984	143872	512	7.218390
15816719872	15816540160	179712	512	5.078699
15841619968	15841395712	224256	512	4.079627
52004721152	52004460032	261120	512	3.740079
23751581696	23751405568	176128	512	6.884041
39644887040	39644736512	150528	512	5.342317
57199278080	57199142400	135680	512	5.249289
78161411584	78161165824	245760	512	9.946132
14335158272	14334921728	236544	512	3.886681
66536289280	66536131584	157696	512	4.112977
73998811648	73998589440	222208	512	12.055242
59530161152	59530009088	152064	512	4.636891
67574510592	67574283776	226816	512	12.712449
38829594112	38829360640	233472	512	4.974260
9595367424	9595112960	254464	512	3.489922
25130811392	25130668032	143360	512	7.657334
26429531136	26429352448	178688	512	6.889669
32927144448	32926995968	148480	512	5.562252
41561300992	41561166336	134656	512	5.776232
16736671232	16736418816	252416	512	5.257688
58351523328	58351266304	257024	512	12.575646
10298958336	10298760704	197632	512	4.764133
301839872	301682688	157184	512	7.660502
44847656960	44847406592	250368	512	4.457744
70274371072	70274139136	231936	512	2.885894
7334415872	7334263808	152064	512	7.816585
74052365824	74052142080	223744	512	11.924397
31555865600	31555696640	168960	512	5.101647
49196828672	49196692480	136192	512	7.431757
38519233536	38519058944	174592	512	4.845418
4260235776	4259999744	236032	512	5.934363
16349670912	16349497856	173056	512	7.099331
33374938624	33374804480	134144	512	7.769639
75452895232	75452727296	167936	512	2.815145
67326757376	67326530048	227328	512	3.439811
6518780416	6518616576	163840	512	7.409411
20223854080	20223596544	257536	512	5.126733
9806529536	9806364672	164864	512	5.528571
18048240640	18048010752	229888	512	5.756568
45199432192	45199257600	174592	512	6.399769
53239695872	53239548928	146944	512	5.092366
55829077504	55828880384	197120	512	3.545731
1914319360	1914173952	145408	512	7.942483
77168657408	77168420352	237056	512	10.299745
61882601984	61882373632	228352	512	2.062404
7035681792	7035514368	167424	512	7.324214
74266688512	74266550784	137728	512	4.125417
58698150912	58697896960	253952	512	12.644744
10271006208	10270865920	140288	512	7.947275
51942202368	51941963264	239104	512	2.519412
5550377472	5550137344	240128	512	5.736146
15907874304	15907616768	257536	512	5.011037
2564410880	2564232192	178688	512	7.250327
62283104256	62282921472	182784	512	3.570393
76528458240	76528236032	222208	512	11.727272
76392332288	76392182272	150016	512	5.259359
15582298112	15582053376	244736	512	3.619961
20868491264	20868328448	162816	512	5.485069
75604438528	75604189184	249344	512	10.823674
41757824000	41757598208	225792	512	5.241843
38192649728	38192409600	240128	512	3.149157
73776656896	73776445440	211456	512	12.360316
4332619264	4332397568	221696	512	6.262926
64318779904	64318524928	254976	512	2.844866
69254778880	69254581248	197632	512	2.466859
7180386304	7180155904	230400	512	5.942293
5277164032	5276990976	173056	512	5.387275
45106565632	45106424832	140800	512	7.304518
53963860992	53963710464	150528	512	6.767140
42431705600	42431453184	252416	512	2.540174
11439177728	11439042560	135168	512	6.195994
60571653632	60571476992	176640	512	3.880710
22128897536	22128635392	262144	512	3.138047
349718528	349538816	179712	512	7.315886
4586234880	4586093056	141824	512	7.952828
4710005760	4709871616	134144	512	8.196951
14984663552	14984491520	172032	512	5.345688
35550003712	35549828608	175104	512	4.910010
29630842880	29630617088	225792	512	3.695227
57489499648	57489323008	176640	512	4.069411
23283128832	23282953216	175616	512	5.027313
67199213056	67199071744	141312	512	6.330599
11587129856	11586973184	156672	512	5.712706
5284214272	5284008448	205824	512	6.624489
16234021888	16233847808	174080	512	5.237418
12072599040	12072356864	242176	512	0.447171
4519469056	4519238656	230400	512	6.011050
74363209216	74362954752	254464	512	10.795114
45066244608	45066044416	200192	512	3.865840
37285257728	37285010432	247296	512	3.011273
66028711936	66028494848	217088	512	2.165242
32208493568	32208268800	224768	512	3.733537
37284791296	37284635648	155648	512	5.277050
72430659584	72430469120	190464	512	4.237523
14556488704	14556338688	150016	512	5.831651
48032068608	48031919616	148992	512	5.245261
58872912384	58872708096	204288	512	3.063168
10241495552	10241260544	235008	512	5.782496
63067150848	63066958848	192000	512	4.902896
28335550976	28335360000	190976	512	6.589945
52509193216	52508944896	248320	512	2.268551
58813161472	58813009920	151552	512	4.664081
59975251456	59975005696	245760	512	3.634503
56338567168	56338314752	252416	512	12.906335
19614953472	19614764544	188928	512	6.737234
11279012352	11278776832	235520	512	3.925585
5814547456	5814334976	212480	512	4.484656
52626813952	52626578432	235520	512	4.398149
71926681600	71926491648	189952	512	2.401668
35029534208	35029277184	257024	512	4.715472
24543892992	24543636480	256512	512	3.054634
33941453312	33941280768	172544	512	4.969119
61703640064	61703486464	153600	512	4.465931
30246289408	30246040576	248832	512	0.434770
21991390208	21991242752	147456	512	5.843876
2897454080	2897226752	227328	512	6.120544
55805213184	55804969984	243200	512	2.190994
65005943808	65005700096	243712	512	12.472469
53933204480	53933023232	181248	512	4.035241
54529602048	54529431040	171008	512	4.372534
47043470848	47043241984	228864	512	4.933200
21602220544	21602076672	143872	512	7.800445
31655505920	31655246848	259072	512	2.905088
66256782336	66256615936	166400	512	3.862201
58976056320	58975911424	144896	512	6.696295
63359409664	63359165952	243712	512	3.405247
63997419520	63997267456	152064	512	4.327293
28225656832	28225409536	247296	512	3.324475
40259028480	40258874880	153600	512	5.248467
19226911744	19226728960	182784	512	6.853907
9944069120	9943915008	154112	512	7.586069
39536316416	39536132608	183808	512	6.329257
15591258624	15591100928	157696	512	7.434646
2400407040	2400151040	256000	512	5.594183
55759342080	55759174144	167936	512	6.251753
60085971968	60085831680	140288	512	6.922305
36482986496	36482797056	189440	512	4.544233
64069573632	64069339648	233984	512	12.813198
24495227904	24495002112	225792	512	3.816256
72269769728	72269620736	148992	512	5.743252
44474003456	44473852928	150528	512	7.101154
40120077312	40119927296	150016	512	5.359733
59213849088	59213619200	229888	512	2.272465
29059010048	29058767872	242176	512	5.177700
2468507136	2468301824	205312	512	4.811296
39237304832	39237137408	167424	512	4.901688
40665711616	40665499648	211968	512	3.817214
56698524672	56698332672	192000	512	5.451846
78588006912	78587752448	254464	512	9.570413
19065403904	19065215488	188416	512	6.739586
45310511104	45310305280	205824	512	5.532401
48133119488	48132958720	160768	512	6.794873
19986036736	19985836032	200704	512	6.472425
39005705216	39005460480	244736	512	4.736660
69883408384	69883164672	243712	512	11.957669
59674266624	59674084352	182272	512	5.562956
29931905536	29931697664	207872	512	4.139898
46676628480	46676389376	239104	512	2.798569
19727563776	19727335936	227840	512	3.911909
28948626432	28948468736	157696	512	7.240403
17680543744	17680367104	176640	512	5.148898
13987403264	13987199488	203776	512	6.486660
79984503808	79984313856	189952	512	11.958472
24897957888	24897707008	250880	512	3.223046
49130832384	49130691584	140800	512	7.305212
20930468864	20930297344	171520	512	5.270853
28976963072	28976799232	163840	512	7.091000
72036722688	72036490240	232448	512	2.739839
79337223680	79337091072	132608	512	5.234873
56235468288	56235292672	175616	512	5.940315
73978107392	73977925632	181760	512	2.410624
8128185344	8128049664	135680	512	6.232163
47567375872	47567191040	184832	512	4.258278
69844496896	69844248576	248320	512	2.561924
54833786880	54833640960	145920	512	5.030473
77810319872	77810064896	254976	512	9.582521
7333612032	7333412352	199680	512	6.674932
36454081024	36453920768	160256	512	5.259763
22408743936	22408524800	219136	512	4.171216
78369883136	78369653248	229888	512	10.625592
12674566144	12674357248	208896	512	4.512238
31955138048	31954931712	206336	512	6.010279
78075743744	78075570688	173056	512	13.024843
70520637952	70520413696	224256	512	12.461018
36023282688	36023036416	246272	512	3.127339
5498310144	5498152960	157184	512	5.698989
79352254976	79352083968	171008	512	12.804847
1104671744	1104531456	140288	512	8.060394
56364503552	56364290560	212992	512	4.818221
33169017344	33168840192	177152	512	6.758033
64205519360	64205273600	245760	512	3.152947
54513967104	54513825792	141312	512	7.012685
68710668800	68710526464	142336	512	6.321468
62096951296	62096783872	167424	512	4.040773
15972434944	15972266496	168448	512	7.207678
36387909632	36387649536	260096	512	4.637558
30786226176	30786028544	197632	512	6.246082
54185634304	54185473024	161280	512	4.601632
36504605696	36504372224	233472	512	5.152692
20476290048	20476153344	136704	512	7.962408
56109512704	56109363200	149504	512	4.861934
67972583424	67972392960	190464	512	4.695553
50246018560	50245807104	211456	512	3.437002
24063794176	24063598080	196096	512	4.543219
55228500992	55228339200	161792	512	4.572946
24926623744	24926466048	157696	512	7.326692
79155338240	79155203072	135168	512	3.252975
32817157632	32816947712	209920	512	4.112743
55587709952	55587573760	136192	512	7.152403
33788929024	33788702720	226304	512	5.496683
69953213952	69953044992	168960	512	3.433518
54571693056	54571482624	210432	512	4.984279
47521267712	47521030656	237056	512	2.825514
43344040960	43343874048	166912	512	6.693445
5658440192	5658226176	214016	512	4.473125
53300680192	53300449280	230912	512	4.510727
47573466624	47573232128	234496	512	2.903823
63069227008	63069083136	143872	512	6.563313
4947972608	4947800576	172032	512	5.496776
77128211456	77128039424	172032	512	13.088454
19019472896	19019311616	161280	512	5.515989
70700236288	70700046848	189440	512	2.551866
35944429056	35944222208	206848	512	5.960604
40369406976	40369208320	198656	512	5.954231
20030514688	20030332928	181760	512	5.051177
14865218048	14865012736	205312	512	4.644821
62328331776	62328111104	220672	512	2.356052
64529494016	64529281536	212480	512	2.366495
71919701504	71919504384	197120	512	3.984413
26067138560	26066914304	224256	512	3.901494
60322588672	60322342912	245760	512	12.862005
77761536000	77761290752	245248	512	9.998029
5198068736	5197828608	240128	512	4.002623
57797425152	57797276672	148480	512	4.877155
36503721472	36503537664	183808	512	6.448190
47504953856	47504754176	199680	512	5.698577
52158909440	52158696960	212480	512	5.085525
33886576128	33886435328	140800	512	7.595213
54252857344	54252658688	198656	512	3.485188
56296475136	56296236032	239104	512	2.204230
26301660672	26301513728	146944	512	5.690022
51305899520	51305664512	235008	512	4.545196
44230262272	44230069760	192512	512	4.157467
47511012352	47510878208	134144	512	7.473113
69239297536	69239089664	207872	512	3.943359
15544308224	15544106496	201728	512	6.398901
12322002432	12321804800	197632	512	6.613132
5095162368	5094982656	179712	512	7.165299
46422233088	46422067712	165376	512	6.613475
4103299584	4103095808	203776	512	0.470738
38660011008	38659764224	246784	512	4.694257
18814116352	18813969408	146944	512	7.668381
51965283840	51965100544	183296	512	5.962395
56230278144	56230134272	143872	512	5.018226
50424844800	50424603136	241664	512	2.524951
56885397504	56885198336	199168	512	3.358488
72719953920	72719790080	163840	512	5.263881
67682413568	67682228224	185344	512	2.984894
1998730752	1998515200	215552	512	4.571855
8920354816	8920116736	238080	512	3.863345
57881654784	57881516032	138752	512	6.998001
78333052416	78332822528	229888	512	10.603602
55433518592	55433317888	200704	512	3.455974
30709545984	30709380608	165376	512	7.010663
36150803968	36150662144	141824	512	5.724056
37189214720	37189035008	179712	512	4.761704
9011701760	9011471872	229888	512	5.882238
46396500480	46396355072	145408	512	7.113275
36671728128	36671522304	205824	512	5.894136
18986517504	18986319360	198144	512	4.655065
4189500928	4189296128	204800	512	6.626958
78592818688	78592608256	210432	512	11.441883
237959680	237728256	231424	512	6.251550
26263709696	26263522816	186880	512	4.751473
32482944512	32482785792	158720	512	7.200988
56327451648	56327189504	262144	512	12.715074
35736341504	35736089088	252416	512	4.834595
18632593408	18632414720	178688	512	6.963868
51323223040	51322968064	254976	512	2.151410
67342822912	67342620160	202752	512	4.241112
25958573056	25958403072	169984	512	7.012963
49410489344	49410282496	206848	512	5.375107
24249095168	24248962048	133120	512	7.908152
13815785984	13815590912	195072	512	6.677253
49525784064	49525636096	147968	512	5.126529
63070259712	63070087680	172032	512	5.649725
29976416256	29976197120	219136	512	5.715579
65457900544	65457758720	141824	512	6.500556
56668264960	56668045312	219648	512	4.670290
14287453184	14287214080	239104	512	3.905086
42918440960	42918287872	153088	512	7.041462
65965641728	65965435392	206336	512	4.421369
9501998080	9501843456	154624	512	7.588497
68271239680	68271060992	178688	512	5.081218
34198041088	34197811712	229376	512	3.547953
49254070272	49253910528	159744	512	6.869673
35301474304	35301225472	248832	512	4.894201
51038751744	51038598144	153600	512	6.762729
65054930944	65054712320	218624	512	4.049806
51141370368	51141205504	164864	512	6.507662
50777466880	50777325056	141824	512	7.189580
13630990848	13630793216	197632	512	4.793112
44061893120	44061739520	153600	512	5.206382
79695098368	79694842880	255488	512	9.107642
50015400960	50015142400	258560	512	2.069924
50118953472	50118741504	211968	512	5.242507
75237888000	75237689344	198656	512	12.799275
31617483776	31617281536	202240	512	6.141726
6387483648	6387244032	239616	512	5.720820
31322246656	31322017280	229376	512	3.660193
71540252672	71539997696	254976	512	11.373734
373905920	373737984	167936	512	7.525842
57213343232	57213094912	248320	512	1.934993
56538879488	56538727424	152064	512	6.628718
65346409472	65346185216	224256	512	1.998166
4296446464	4296260096	186368	512	5.218993
17109109760	17108923392	186368	512	4.959375
73924050944	73923907584	143360	512	3.887899
57094269952	57094130688	139264	512	6.982754
6931172864	6931014144	158720	512	7.592146
23065871872	23065653760	218112	512	5.872909
22315101696	22314865664	236032	512	3.825565
48266037248	48265872896	164352	512	6.653222
55657443328	55657194496	248832	512	13.173091
79503999488	79503755264	244224	512	9.565655
68480950272	68480749568	200704	512	4.319184
14333928960	14333728768	200192	512	6.547999
17063178752	17062951424	227328	512	5.851935
25934865408	25934697984	167424	512	0.404456
10069939712	10069737984	201728	512	6.554566
74187909120	74187759104	150016	512	3.575603
52613003776	52612745216	258560	512	3.838623
65274546176	65274395136	151040	512	4.372677
61854879744	61854739968	139776	512	6.711237
9168924160	9168748032	176128	512	7.113980
43359798272	43359554560	243712	512	2.807265
40135798784	40135570432	228352	512	5.211999
34211900416	34211720192	180224	512	6.585512
45837318144	45837136896	181248	512	6.155044
49479996416	49479780864	215552	512	5.211760
2000148992	1999979520	169472	512	5.624073
30110149632	30109926400	223232	512	3.766254
56047617024	56047419904	197120	512	3.438999
51779642368	51779435520	206848	512	0.409951
55499802624	55499664384	138240	512	0.428242
624152064	623981056	171008	512	7.399408
52527699456	52527441408	258048	512	13.098041
27945802240	27945551360	250880	512	5.105231
43960171008	43960003584	167424	512	4.844695
21336266240	21336078336	187904	512	4.921903
7188146688	7188013568	133120	512	6.262844
71058731520	71058482688	248832	512	11.504383
11997433856	11997275136	158720	512	7.523019
10205650944	10205475840	175104	512	7.121769
25948839936	25948591104	248832	512	5.063436
50733182464	50732948992	233472	512	4.628021
30808173056	30808027648	145408	512	0.436227
49037962752	49037796864	165888	512	6.655313
4446575616	4446330368	245248	512	3.844012
6690721280	6690483200	238080	512	5.828539
28227552768	28227393024	159744	512	5.403603
17789935616	17789743616	192000	512	6.656536
28622363136	28622208512	154624	512	5.561787
80007827968	80007664640	163328	512	13.065472
57564718592	57564484096	234496	512	8.866284
48198472704	48198316544	156160	512	6.882450
32325704704	32325563392	141312	512	5.759188
46888916992	46888742912	174080	512	4.576963
49514252800	49514112000	140800	512	5.343224
25778834944	25778613248	221696	512	5.759453
72782135296	72781898240	237056	512	11.822039
7968539136	7968367616	171520	512	7.283047
19759910912	19759737856	173056	512	7.106754
62033144320	62032985088	159232	512	6.196265
11740547584	11740334080	213504	512	4.414424
3668488192	3668299264	188928	512	6.956278
7240121344	7239888384	232960	512	5.908885
74106300416	74106167296	133120	512	4.269775
47754909184	47754675200	233984	512	4.784845
54944080384	54943822336	258048	512	12.897466
829581824	829359616	222208	512	4.496467
10136275968	10136100352	175616	512	5.284536
3041232384	3041031680	200704	512	4.869453
35200407040	35200256512	150528	512	5.498010
78756600832	78756427264	173568	512	13.036174
58591367680	58591179264	188416	512	3.501075
60982426112	60982280704	145408	512	6.565752
19349204480	19349043712	160768	512	7.417543
62828187648	62827936256	251392	512	12.434937
32565484544	32565280256	204288	512	4.240812
67069087744	67068854784	232960	512	12.515234
42295626240	42295435264	190976	512	4.297892
11930454016	11930228224	225792	512	5.971303
39956802048	39956546048	256000	512	2.589785
73401027072	73400793600	233472	512	11.624739
73178712576	73178570240	142336	512	5.970701
33287783424	33287522816	260608	512	2.733146
6409468416	6409222656	245760	512	5.609480
35831859200	35831678976	180224	512	4.781510
45283142656	45282963968	178688	512	4.413696
47593669632	47593411584	258048	512	2.273647
44568686080	44568480256	205824	512	3.816819
16896870912	16896634880	236032	512	3.798633
32169325056	32169123328	201728	512	6.135638
37217708032	37217458176	249856	512	2.929272
64414451200	64414281728	169472	512	5.573025
79934656000	79934483456	172544	512	12.814106
32883727360	32883483136	244224	512	3.260262
75412770304	75412631552	138752	512	5.797300
54604653056	54604484608	168448	512	6.227206
72794871296	72794718208	153088	512	3.752867
18794965504	18794757120	208384	512	6.279374
38414964736	38414745088	219648	512	5.567431
75850383872	75850147328	236544	512	11.345511
57978536448	57978325504	210944	512	3.005274
56359803392	56359545856	257536	512	12.798326
58098361856	58098099712	262144	512	12.383567
32881615872	32881472000	143872	512	0.436277
71973425664	71973178880	246784	512	11.483271
50619526656	50619364352	162304	512	4.751430
16678761984	16678593024	168960	512	5.321640
20716399104	20716213760	185344	512	4.965256
40432698368	40432535040	163328	512	6.896302
64789980672	64789763072	217600	512	2.172535
18930658304	18930423808	234496	512	3.818145
6191207424	6191075328	132096	512	8.141489
68546984960	68546729984	254976	512	11.756801
26089587200	26089392640	194560	512	6.441190
61530227712	61529998336	229376	512	3.906665
2968756224	2968608768	147456	512	7.839114
17603974656	17603812864	161792	512	7.365874
18781298688	18781042176	256512	512	3.304904
16268951552	16268764672	186880	512	6.777440
18671144960	18671011840	133120	512	8.036634
7949963776	7949786112	177664	512	0.424644
33072423424	33072249344	174080	512	4.998578
56688786944	56688648192	138752	512	5.176859
709977088	709724160	252928	512	5.634457
4329133056	4328927744	205312	512	6.608571
44187191296	44186949120	242176	512	4.679808
33268899840	33268649984	249856	512	4.858664
14844951552	14844804608	146944	512	7.779530
61044742144	61044596224	145920	512	4.721869
67656823296	67656591360	231936	512	12.537482
51886696448	51886536704	159744	512	6.575411
17966176256	17965936128	240128	512	5.528743
36940939264	36940775424	163840	512	6.986267
74055466496	74055290880	175616	512	2.687751
15914446848	15914284544	162304	512	7.429518
64189847040	64189673984	173056	512	3.565546
31616256512	31616096768	159744	512	7.162595
5264936448	5264699392	237056	512	5.885980
64882613760	64882453504	160256	512	6.014034
51199555584	51199314944	240640	512	4.434472
19180116480	19179949056	167424	512	7.241135
56993915392	56993728000	187392	512	5.598956
12466875904	12466690048	185856	512	6.890612
9628228608	9628016128	212480	512	4.405409
53170629632	53170410496	219136	512	3.071262
6843759104	6843569664	189440	512	6.873062
71234216448	71234075648	140800	512	4.280728
51265054208	51264800768	253440	512	4.084795
18966430208	18966213632	216576	512	6.094702
52412617728	52412471808	145920	512	6.964672
43043576320	43043387392	188928	512	6.088218
20779069952	20778936320	133632	512	8.008771
52858928128	52858735104	193024	512	5.669891
45098545664	45098325504	220160	512	5.160046
25986381312	25986148864	232448	512	5.524536
52758102528	52757954560	147968	512	6.957350
64222492672	64222311936	180736	512	3.426825
57227400192	57227216896	183296	512	5.679198
38324335616	38324163072	172544	512	4.988742
17124881920	17124683264	198656	512	4.657387
46438627328	46438414848	212480	512	3.515908
70622140416	70621941760	198656	512	2.231328
3998062080	3997889024	173056	512	5.509784
70008073216	70007886336	186880	512	2.832904
40503794688	40503604736	189952	512	4.326706
4508533248	4508365824	167424	512	5.556497
32056278016	32056141824	136192	512	7.761444
52067248128	52067102720	145408	512	6.949558
40768881664	40768735232	146432	512	5.491168
6934580736	6934325760	254976	512	3.527998
56472298496	56472073216	225280	512	2.576078
38350472704	38350234624	238080	512	5.084477
30070918656	30070673408	245248	512	3.233509
12793175552	12792945152	230400	512	4.028377
66171703808	66171492864	210944	512	2.514689
12640749056	12640513024	236032	512	3.855705
78908406784	78908149760	257024	512	8.990573
3240914944	3240656384	258560	512	5.439747
58820878848	58820621824	257024	512	12.543105
54129060864	54128889856	171008	512	4.306618
23716367872	23716153344	214528	512	4.108321
70324627456	70324386816	240640	512	11.869955
40689669120	40689534976	134144	512	5.787262
62490784768	62490576896	207872	512	2.819032
14961484800	14961333760	151040	512	7.641482
61104923136	61104713728	209408	512	2.711384
49833282560	49833144832	137728	512	5.443835
1304076288	1303827968	248320	512	3.861487
73384270848	73384040960	229888	512	2.485596
45438779392	45438581760	197632	512	3.933566
8533943808	8533774848	168960	512	5.457538
52275056640	52274863616	193024	512	5.630123
33062492672	33062270976	221696	512	3.883076
60056231936	60055993344	238592	512	13.113608
56077411328	56077150720	260608	512	0.477148
62690542080	62690335232	206848	512	4.671319
36982773760	36982614528	159232	512	7.063713
10224903680	10224670208	233472	512	5.797115
11300374016	11300190208	183808	512	6.911704
59951700480	59951509504	190976	512	3.385302
41735838720	41735631872	206848	512	3.900793
154054144	153839104	215040	512	4.622005
66055121920	66054888960	232960	512	12.822445
55369912832	55369734656	178176	512	4.125976
40352408576	40352273920	134656	512	5.790740
57878370816	57878154752	216064	512	4.735349
39956902912	39956724224	178688	512	4.611450
21599268864	21599067136	201728	512	6.449443
39214255616	39214018048	237568	512	3.074406
14482155520	14482016768	138752	512	7.937639
23437721600	23437536768	184832	512	4.811008
40630882816	40630720000	162816	512	6.817421
17177009152	17176854016	155136	512	7.515497
17401371648	17401225216	146432	512	7.709464
45571747840	45571594752	153088	512	6.948123
12560152064	12559926784	225280	512	5.999998
651045888	650863104	182784	512	5.317463
20530688512	20530547712	140800	512	7.837609
65835500032	65835252224	247808	512	12.328983
52560698880	52560539136	159744	512	4.780730
49577738752	49577517056	221696	512	3.077074
43712121856	43711966720	155136	512	5.156562
51481737728	51481498624	239104	512	2.530548
47990934016	47990672384	261632	512	13.305777
4528019968	4527846400	173568	512	7.312713
31790204928	31789983744	221184	512	3.842344
11640665088	11640505344	159744	512	5.564790
58377598976	58377429504	169472	512	5.927461
77357299200	77357096960	202240	512	11.796930
20211100160	20210858496	241664	512	3.652110
79352270848	79352096768	174080	512	12.637052
27535608320	27535428608	179712	512	4.944828
29706613760	29706403840	209920	512	5.957290
63086530048	63086281216	248832	512	3.237980
40929325568	40929142784	182784	512	4.535684
70158901248	70158708736	192512	512	2.608477
39013038080	39012809216	228864	512	5.140470
26657224192	26657079296	144896	512	0.511148
32493262336	32493042688	219648	512	3.950125
74521049600	74520808448	241152	512	2.050965
1868373504	1868212736	160768	512	5.787520
51922640896	51922417152	223744	512	4.804334
66096610816	66096424448	186368	512	3.221912
63761397760	63761169920	227840	512	13.187486
51877521408	51877351936	169472	512	4.485373
58984640000	58984382976	257024	512	12.554808
25292818944	25292573184	245760	512	5.134044
31608633344	31608448512	184832	512	6.580138
42035721728	42035564544	157184	512	5.094082
29572760064	29572613632	146432	512	7.493589
46996953600	46996784128	169472	512	6.499099
68209032192	68208886784	145408	512	6.132159
74273211904	74273055744	156160	512	3.406863
5054305792	5054119936	185856	512	7.018231
54425406464	54425154560	251904	512	3.811963
70757819392	70757678080	141312	512	6.119247
73604823552	73604624384	199168	512	12.909265
60661723136	60661576192	146944	512	6.643632
38988734976	38988602368	132608	512	5.823494
58687655424	58687449088	206336	512	4.825980
29762449920	29762262016	187904	512	6.496656
37893352448	37893159424	193024	512	6.137380
25227500544	25227262464	238080	512	3.450317
65437744128	65437502464	241664	512	3.280564
48223571456	48223415808	155648	512	5.070314
47971700224	47971474432	225792	512	3.156071
68062148608	68061941760	206848	512	4.125343
27209993728	27209844736	148992	512	7.510283
5893557248	5893422592	134656	512	6.228537
59321610240	59321463296	146944	512	6.655863
56131820032	56131616256	203776	512	3.241217
52401472512	52401248768	223744	512	2.963849
43939540480	43939382784	157696	512	6.953759
13122172928	13121921024	251904	512	5.407258
46299602432	46299340800	261632	512	2.172558
20090477568	20090241536	236032	512	3.801775
37421110272	37420852736	257536	512	4.587861
70817939968	70817760256	179712	512	2.900221
12535481344	12535331328	150016	512	7.694590
75291253248	75291034624	218624	512	12.018288
5415484928	5415279616	205312	512	6.525726
73698586624	73698361344	225280	512	11.950969
25752883200	25752718336	164864	512	7.144039
22450543104	22450338816	204288	512	4.521894
40326900224	40326736384	163840	512	6.746259
49206690304	49206531072	159232	512	6.807390
29700447744	29700240384	207360	512	5.982854
28899802112	28899576320	225792	512	5.568734
29048306688	29048139264	167424	512	5.156741
44072138752	44071992832	145920	512	7.247738
59952738304	59952559104	179200	512	3.821523
43242955776	43242770432	185344	512	6.197363
24266870784	24266623488	247296	512	5.154998
77170241536	77170023936	217600	512	11.147745
22942508544	22942264320	244224	512	3.388173
30180421120	30180174848	246272	512	3.199602
49126548992	49126373888	175104	512	6.374624
38710193152	38710048256	144896	512	5.500705
37177122816	37176949248	173568	512	6.706473
51972627456	51972447744	179712	512	4.196966
76786434560	76786189824	244736	512	9.996877
33169271808	33169048576	223232	512	3.693119
10255907840	10255646208	261632	512	3.323580
67749096960	67748948480	148480	512	6.087296
38127730688	38127502336	228352	512	3.479119
34421182464	34420960256	222208	512	5.562147
4058479616	4058331648	147968	512	5.986980
12023333376	12023147008	186368	512	5.012866
32125403648	32125246464	157184	512	7.235264
16024876544	16024700928	175616	512	7.018695
43099226112	43098967040	259072	512	2.386336
31222782976	31222588416	194560	512	4.494400
45756737024	45756541440	195584	512	5.818978
79361179648	79360932864	246784	512	11.315488
11655276032	11655042048	233984	512	3.916722
21975586816	21975380992	205824	512	4.505359
23183003648	23182757888	245760	512	3.374426
12435262976	12435056128	206848	512	6.409462
69422232064	69421995520	236544	512	2.973105
15928210944	15927957504	253440	512	3.378941
42157259776	42157050880	208896	512	5.557291
16193519616	16193300992	218624	512	6.061747
9999212544	9999044096	168448	512	5.421857
42553276928	42553038336	238592	512	2.900222
34677894144	34677644800	249344	512	3.055006
61450073088	61449888256	184832	512	5.318394
67667915264	67667721728	193536	512	2.735151
64408764416	64408570368	194048	512	2.902370
39034544128	39034407424	136704	512	7.563411
29933767680	29933629440	138240	512	7.702108
66703017472	66702803456	214016	512	2.293485
25999714816	25999562240	152576	512	7.437729
31436649984	31436483072	166912	512	7.039123
11862525952	11862284288	241664	512	3.801853
44337233408	44336971264	262144	512	2.306255
15236683776	15236536320	147456	512	7.737063
62436151296	62435910144	241152	512	3.608248
49578436608	49578300928	135680	512	7.313144
70384802304	70384562688	239616	512	2.710526
69794793472	69794583040	210432	512	13.138497
15127760384	15127498752	261632	512	3.355967
4642892288	4642646528	245760	512	5.737021
34717579776	34717400064	179712	512	4.778475
78565653504	78565409280	244224	512	10.067604
23482126336	23481866240	260096	512	2.993028
4928942080	4928730624	211456	512	6.501794
48260447744	48260201984	245760	512	4.520664
2392478720	2392328192	150528	512	7.908088
9397343232	9397203968	139264	512	7.947804
55587650048	55587453440	196608	512	3.555894
5820228608	5820020736	207872	512	6.404641
59651346432	59651123200	223232	512	4.308538
75966831616	75966638080	193536	512	12.964912
54656444416	54656209920	234496	512	2.472250
18733174272	18732942848	231424	512	5.628165
71191277568	71191043584	233984	512	2.866488
33889830912	33889636864	194048	512	4.434351
73474291712	73474065408	226304	512	2.645828
45089430528	45089213952	216576	512	5.236464
37506150912	37505935872	215040	512	5.687288
17087748096	17087575552	172544	512	7.108229
1439476736	1439271936	204800	512	6.652389
53371956224	53371759104	197120	512	3.552575
79666051072	79665851904	199168	512	11.546071
78972725760	78972562944	162816	512	3.916365
6585885696	6585682944	202752	512	6.571847
16883122688	16882917376	205312	512	6.384832
55103234560	55103014912	219648	512	4.743528
43645567488	43645370368	197120	512	5.863447
14943281152	14943027712	253440	512	5.328120
21857966592	21857823744	142848	512	7.888634
209620480	209442816	177664	512	7.274188
62623922688	62623745024	177664	512	5.537882
6452018688	6451760640	258048	512	5.266220
46883436032	46883261952	174080	512	6.405403
71597252096	71597015040	237056	512	11.990782
32383539200	32383403008	136192	512	5.992004
70862520320	70862270976	249344	512	11.568835
48550597632	48550397952	199680	512	5.677354
36629533184	36629364736	168448	512	0.449319
4384463360	4384225792	237568	512	5.904151
61842171392	61841910784	260608	512	12.237473
39070897664	39070644224	253440	512	4.536479
62654966272	62654830080	136192	512	6.873568
76238396928	76238145024	251904	512	10.579892
29953396736	29953204224	192512	512	6.382892
52675017728	52674780672	237056	512	2.571905
16045392896	16045220864	172032	512	5.261045
44556617216	44556404736	212480	512	5.482344
23428029440	23427819520	209920	512	4.215801
69762385408	69762203136	182272	512	4.822239
48344269824	48344091136	178688	512	6.266342
8540557312	8540406272	151040	512	7.632755
64563473408	64563259392	214016	512	2.301283
32093443072	32093189120	253952	512	3.026979
27696096768	27695907840	188928	512	4.694404
37216477184	37216244736	232448	512	3.358323
47827058688	47826820608	238080	512	2.825855
72567399424	72567177216	222208	512	12.353672
12024015360	12023780864	234496	512	5.817231
7798968832	7798742016	226816	512	6.005276
9787323904	9787141120	182784	512	6.950112
3250853888	3250603008	250880	512	3.751161
38170809344	38170591232	218112	512	3.732500
78321985536	78321818112	167424	512	2.154157
52678824448	52678611456	212992	512	5.111112
64067850240	64067608064	242176	512	12.513825
67124289536	67124117504	172032	512	5.290020
54144368640	54144151552	217088	512	4.807525
51549769728	51549539328	230400	512	4.610637
76096547328	76096319488	227840	512	11.660243
36494725120	36494465024	260096	512	2.783235
19833855488	19833708032	147456	512	7.658100
15620837888	15620702208	135680	512	7.964638
58717956608	58717714944	241664	512	13.008965
24342520832	24342267392	253440	512	3.147501
11031395840	11031142912	252928	512	5.366859
72285459968	72285235200	224768	512	12.254942
37724310528	37724125696	184832	512	6.450857
65281595904	65281411584	184320	512	5.081799
57407578624	57407405568	173056	512	4.148566
19209846784	19209710080	136704	512	8.014909
17758294528	17758072832	221696	512	5.979294
18373219840	18373003264	216576	512	4.255306
24708319744	24708116480	203264	512	6.259184
12645272576	12645106176	166400	512	7.316368
21882444288	21882190848	253440	512	3.413865
49875203072	49874951168	251904	512	4.092372
46187033600	46186788864	244736	512	2.651143
58777680896	58777465344	215552	512	4.541465
68057556480	68057374720	181760	512	4.939895
42831213568	42831021056	192512	512	4.173198
27317862912	27317663744	199168	512	6.291210
2248191488	2248005120	186368	512	5.231058
1414804992	1414634496	170496	512	7.446329
19000924672	19000723456	201216	512	4.590662
23482250240	23482019840	230400	512	5.570132
14700357120	14700114944	242176	512	5.618128
79320082944	79319830528	252416	512	9.232340
59364385280	59364204032	181248	512	5.599557
1769933312	1769692672	240640	512	5.911507
35851894784	35851741184	153600	512	7.269506
58922353152	58922154496	198656	512	5.030342
52540313088	52540149248	163840	512	4.645615
57515229696	57514967552	262144	512	12.647803
42784873984	42784658432	215552	512	5.395548
69881420800	69881248256	172544	512	3.315016
46015315456	46015133184	182272	512	6.191177
31427952128	31427755520	196608	512	6.268274
67673718272	67673519104	199168	512	4.444645
68618369536	68618162688	206848	512	2.284974
21130530816	21130392064	138752	512	7.920761
9651215872	9651008000	207872	512	4.538590
52365386752	52365250048	136704	512	7.234600
73771670528	73771466752	203776	512	12.713742
41461786112	41461589504	196608	512	6.001330
52786127360	52785929216	198144	512	5.495056
79463468032	79463276032	192000	512	2.615937
78553440768	78553245184	195584	512	12.090011
60224823296	60224565248	258048	512	12.527757
76398446592	76398246912	199680	512	12.576372
48469334016	48469197824	136192	512	7.424533
8882612736	8882397696	215040	512	4.364219
43314568704	43314344960	223744	512	3.299759
46590751744	46590506496	245248	512	4.487423
52131038720	52130906624	132096	512	5.570344
40610002432	40609838592	163840	512	4.989425
71085277184	71085018624	258560	512	1.983636
66486813184	66486576640	236544	512	3.409440
63320447488	63320233984	213504	512	4.370744
79361975808	79361769984	205824	512	11.268343
58552067072	58551934464	132608	512	7.087756
52314903040	52314696192	206848	512	5.278049
11057541120	11057390592	150528	512	5.862752
43220187136	43219943936	243200	512	2.803358
48868035584	48867894784	140800	512	7.243428
46390085632	46389897216	188416	512	4.240653
47638972928	47638734336	238592	512	2.797077
20382699520	20382522368	177152	512	7.024784
48954824704	48954639360	185344	512	6.086369
30123892736	30123678720	214016	512	5.817304
72345748992	72345501696	247296	512	11.442303
19043297792	19043126272	171520	512	7.146736
33674192384	33674024960	167424	512	6.963796
78545337344	78545152000	185344	512	3.352892
64309085696	64308875264	210432	512	4.281852
57719981568	57719721984	259584	512	3.465318
26385389568	26385138688	250880	512	3.219363
4468619776	4468484096	135680	512	8.137815
66153147392	66152987136	160256	512	4.065833
30819960832	30819749888	210944	512	4.063019
15424400896	15424194560	206336	512	4.445901
34943598080	34943369728	228352	512	3.558898
64403337728	64403076608	261120	512	11.916858
42913410048	42913219584	190464	512	6.046678
9715238912	9715041280	197632	512	6.657796
35649700864	35649466880	233984	512	5.207397
79270100480	79269948416	152064	512	4.413904
58968159232	58967928320	230912	512	2.251132
10946708992	10946450944	258048	512	3.427454
58612329984	58612144640	185344	512	5.495227
9707056128	9706797568	258560	512	3.393140
26178674688	26178441728	232960	512	3.603668
29785384448	29785226752	157696	512	7.237415
74518649856	74518403072	246784	512	11.128151
61921918976	61921697280	221696	512	4.171796
77002125312	77001894912	230400	512	10.582528
4978960896	4978768896	192000	512	5.049828
5689568256	5689379840	188416	512	6.878282
8908993536	8908789760	203776	512	4.628008
76739142144	76738886656	255488	512	9.522791
1125363712	1125102080	261632	512	3.620535
38278676480	38278502400	174080	512	4.863691
76626963968	76626725376	238592	512	11.071587
6118873088	6118663168	209920	512	6.420493
56004172800	56004034560	138240	512	5.229118
70562838528	70562601984	236544	512	12.040615
50167654912	50167427584	227328	512	2.916028
42093449728	42093191680	258048	512	0.435140
20557105664	20556858368	247296	512	5.349280
70836319232	70836172288	146944	512	5.990953
63179254272	63179051520	202752	512	4.698229
8881991168	8881821696	169472	512	5.419124
8905292800	8905064448	228352	512	5.927636
60247413248	60247213568	199680	512	9.706956
69990428160	69990230528	197632	512	4.294220
76833222656	76832982528	240128	512	10.201491
20172108288	20171862528	245760	512	3.599645
40483910656	40483745280	165376	512	4.996440
17179981312	17179736064	245248	512	5.472570
4706964480	4706723840	240640	512	3.943175
20280101376	20279900672	200704	512	6.475409
50408618496	50408410624	207872	512	5.435081
70037143552	70036896768	246784	512	11.866676
79651936768	79651734016	202752	512	11.386666
8612464640	8612207616	257024	512	3.386481
49745167360	49744937984	229376	512	4.739794
24826318336	24826083328	235008	512	5.488803
12807931392	12807771136	160256	512	7.499159
13016680448	13016495104	185344	512	6.934549
36565110784	36564848640	262144	512	4.467220
79002607616	79002364928	242688	512	9.636918
6442267648	6442122240	145408	512	7.842818
66523859456	66523709440	150016	512	6.249552
24744444416	24744236544	207872	512	6.122331
56828081664	56827909632	172032	512	4.183637
13652755968	13652564992	190976	512	0.459458
66504798720	66504615936	182784	512	3.315685
28673119232	28672888832	230400	512	5.566771
41309236736	41309050368	186368	512	6.278078
62313323520	62313124352	199168	512	3.046843
34805087232	34804900864	186368	512	6.465839
40608918528	40608686592	231936	512	5.121140
35864635904	35864448512	187392	512	6.445809
40212264448	40212062720	201728	512	4.042603
5287610880	5287417344	193536	512	6.842531
12910135296	12909891072	244224	512	3.731568
38526798336	38526589952	208384	512	3.850887
76273078784	76272846336	232448	512	11.326568
16590724096	16590488064	236032	512	5.660454
42622985728	42622815232	170496	512	4.605264
6796692992	6796542976	150016	512	7.731992
19135312384	19135119872	192512	512	4.795417
6590140416	6589923840	216576	512	4.379054
48497281024	48497107968	173056	512	4.568719
75340518400	75340341248	177152	512	2.450406
10293474816	10293228544	246272	512	5.534609
62451836928	62451669504	167424	512	5.859775
12554570752	12554416128	154624	512	7.596889
38064348672	38064157696	190976	512	6.280975
27277442048	27277278208	163840	512	7.134916
3112363008	3112110592	252416	512	5.557074
847844864	847697920	146944	512	7.915211
76491975680	76491750912	224768	512	11.552248
12965627904	12965387776	240128	512	3.792727
61060334592	61060091904	242688	512	12.777810
11922039296	11921854976	184320	512	6.945152
11816320512	11816140800	179712	512	7.044742
50373326336	50373080576	245760	512	4.314553
28397307904	28397137408	170496	512	5.145476
37819732480	37819565568	166912	512	4.979558
30761210368	30760991232	219136	512	5.778633
71218382336	71218168832	213504	512	3.588150
78496476672	78496276992	199680	512	2.616893
33539539968	33539280896	259072	512	4.634469
13866715648	13866469376	246272	512	3.688300
3682499584	3682322944	176640	512	5.396515
22473316352	22473084416	231936	512	5.743063
59433204736	59432972800	231936	512	2.215986
44194448896	44194287616	161280	512	5.013078
69873546240	69873378816	167424	512	5.357452
70069454336	70069284864	169472	512	3.437695
25654425088	25654176256	248832	512	5.144541
11235272192	11235012096	260096	512	5.247284
64417861632	64417643008	218624	512	4.049693
23560992256	23560817152	175104	512	6.901834
1672410112	1672198144	211968	512	4.645964
65878517760	65878336000	181760	512	5.215752
68541493248	68541260800	232448	512	12.515671
40955611648	40955460096	151552	512	7.179049
52722202112	52722049024	153088	512	6.796297
79445003776	79444782592	221184	512	10.559535
368391168	368150016	241152	512	5.907860
6033990144	6033858560	131584	512	8.183866
65684462080	65684225024	237056	512	12.657988
33190623232	33190474240	148992	512	5.512964
34229778944	34229632512	146432	512	7.417162
25701686784	25701539840	146944	512	7.581427
78844609024	78844375040	233984	512	10.458753
76784477696	76784217088	260608	512	9.332346
9448866816	9448623616	243200	512	3.737942
24063958528	24063727104	231424	512	3.834412
45089934848	45089757696	177152	512	6.318614
79794427392	79794232320	195072	512	11.742306
25491894784	25491723776	171008	512	7.002041
36389748736	36389593600	155136	512	5.404076
34893733376	34893504000	229376	512	3.486830
48857836032	48857588736	247296	512	2.606475
20663869952	20663644672	225280	512	4.010986
52872087040	52871874048	212992	512	5.251380
41386749952	41386587648	162304	512	6.859688
75245183488	75244995584	187904	512	13.070910
14228027392	14227851264	176128	512	7.097281
62694846464	62694670336	176128	512	5.633947
61740869120	61740729856	139264	512	6.739531
74868235776	74868054528	181248	512	4.339102
70801739776	70801552384	187392	512	4.494834
73755655168	73755447296	207872	512	12.603668
16770752512	16770558976	193536	512	6.565338
12132416512	12132156928	259584	512	5.199879
39354427904	39354266624	161280	512	6.923743
68693314560	68693104640	209920	512	4.003939
11891367424	11891141632	225792	512	5.948958
30259125760	30258932224	193536	512	4.503029
21128784384	21128523776	260608	512	3.182657
50747670528	50747455488	215040	512	5.175392
15826918912	15826780160	138752	512	7.882418
31750407168	31750259712	147456	512	5.647860
6635408384	6635151360	257024	512	3.508314
39423981568	39423725056	256512	512	4.376274
24306385920	24306159104	226816	512	3.691278
79278418944	79278265856	153088	512	4.335469
66505159168	66504975872	183296	512	3.291230
71448908288	71448673280	235008	512	2.826963
50916535296	50916274176	261120	512	13.115757
35668777472	35668533248	244224	512	3.210331
33652972544	33652770304	202240	512	4.212864
51011039744	51010854912	184832	512	5.947447
79934256640	79934114304	142336	512	4.872623
4163127808	4162936832	190976	512	6.937171
60311341568	60311124992	216576	512	2.653849
31283778560	31283641344	137216	512	5.885241
62050330112	62050163712	166400	512	4.068773
63761743360	63761585664	157696	512	10.794120
29498554880	29498296320	258560	512	4.764724
42329118720	42328862208	256512	512	2.448456
35186341888	35186107392	234496	512	5.260542
50356147200	50355971072	176128	512	6.207210
20490243584	20490013696	229888	512	3.939150
6366339584	6366156800	182784	512	5.160595
42438757888	42438509056	248832	512	2.669895
62416990208	62416841216	148992	512	4.619037
64233448960	64233285120	163840	512	3.954773
479055360	478844928	210432	512	4.695933
65356580352	65356339200	241152	512	12.547847
49045679616	49045439488	240128	512	2.777713
28204490752	28204267520	223232	512	3.881747
71725981184	71725740032	241152	512	13.550837
71097287680	71097042432	245248	512	13.581364
30815252480	30815033344	219136	512	3.872869
14368604160	14368424448	179712	512	7.015475
76297581056	76297403904	177152	512	2.377553
60903359488	60903197184	162304	512	6.047584
74402747392	74402496512	250880	512	10.984495
133636608	133439488	197120	512	6.848241
39531186176	39531004416	181760	512	6.362255
21613496320	21613339648	156672	512	7.463261
8336276992	8336040448	236544	512	5.840903
24517928960	24517752832	176128	512	5.034124
46938055680	46937899008	156672	512	6.864747
11530047488	11529787392	260096	512	5.179896
35110144512	35109935616	208896	512	5.979388
66085146624	66084996096	150528	512	4.319035
31685009920	31684875264	134656	512	7.773937
68836637184	68836392960	244224	512	12.159052
36214389248	36214188544	200704	512	6.101219
54015204352	54015051776	152576	512	6.710722
56609464832	56609315840	148992	512	6.716743
70447728640	70447587328	141312	512	4.273941
37976960000	37976714752	245248	512	3.113620
71416327168	71416112128	215040	512	12.775769
12520859648	12520627712	231936	512	5.863315
64955931136	64955684864	246272	512	12.254102
48739255296	48739011584	243712	512	2.643945
77565566976	77565327360	239616	512	10.237570
15833600000	15833445888	154112	512	5.706010
51446697984	51446498816	199168	512	5.596646
11208056320	11207827456	228864	512	4.086851
19539277824	19539018240	259584	512	3.241281
5722323968	5722113536	210432	512	0.437466
47866513408	47866350080	163328	512	6.802747
42706041856	42705808384	233472	512	4.928690
2451173888	2450997760	176128	512	0.427441
65079839744	65079668224	171520	512	5.537563
5786133504	5785961984	171520	512	5.413383
55280458752	55280299008	159744	512	6.478581
25595056128	25594903040	153088	512	7.391965
57305718272	57305516544	201728	512	3.294615
24094041088	24093784576	256512	512	3.074173
69091443200	69091272192	171008	512	3.353359
5852287488	5852063744	223744	512	4.288063
13114708992	13114506752	202240	512	6.513234
12497004544	12496815104	189440	512	6.843599
10528827904	10528658944	168960	512	5.410878
37382960640	37382802432	158208	512	7.110622
11619560960	11619354624	206336	512	4.654828
32716525056	32716391424	133632	512	7.824930
9654924800	9654737920	186880	512	6.872346
727449600	727198208	251392	512	5.652737
40291240960	40290995200	245760	512	2.859382
1427847680	1427594752	252928	512	5.641778
12707185664	12706929152	256512	512	5.306427
32675548160	32675405312	142848	512	5.729193
11017367040	11017143808	223232	512	4.205777
24933590528	24933403648	186880	512	6.571957
37263037952	37262888448	149504	512	7.290903
48509893632	48509635072	258560	512	4.117484
18230579712	18230408704	171008	512	5.275595
25174996992	25174766080	230912	512	5.561775
8885276160	8885115904	160256	512	7.465165
30275497472	30275258880	238592	512	3.409984
40514861568	40514608640	252928	512	2.698251
5632601600	5632446464	155136	512	7.638080
78724072960	78723881984	190976	512	12.270757
57207112704	57206866432	246272	512	3.874874
65962780160	65962540032	240128	512	12.575595
44269364736	44269110272	254464	512	2.520230
48072311808	48072169472	142336	512	7.224109
34517237248	34517053952	183296	512	4.670016
15180977152	15180812288	164864	512	7.370355
39941030400	39940861952	168448	512	4.861726
32377766912	32377587712	179200	512	4.823183
9763814400	9763600384	214016	512	6.227022
72717592064	72717401088	190976	512	2.350708
64015826944	64015634432	192512	512	4.876440
23908338176	23908134912	203264	512	4.368719
25839304192	25839064576	239616	512	3.489054
40056118272	40055898112	220160	512	5.365959
59649647616	59649419776	227840	512	2.287556
27475357696	27475111424	246272	512	3.366363
70109692416	70109530624	161792	512	5.560601
6005601792	6005447168	154624	512	7.641554
65199368704	65199192576	176128	512	5.357014
29265124352	29264913408	210944	512	4.090200
74253879808	74253735424	144384	512	3.871399
14137135616	14136978432	157184	512	5.697578
13266056192	13265854976	201216	512	6.536106
52302203392	52301942784	260608	512	13.011051
37110601216	37110381056	220160	512	3.671639
28689257472	28688995840	261632	512	4.727746
1158758912	1158553600	205312	512	6.683354
79679446016	79679280128	165888	512	13.035795
31238809088	31238648832	160256	512	7.111838
54907435008	54907196416	238592	512	2.345748
43523011072	43522790400	220672	512	5.319674
34936582656	34936360960	221696	512	3.758033
11901097984	11900838912	259072	512	5.235899
57711984128	57711733248	250880	512	3.688017
12703835648	12703686656	148992	512	5.854292
45892332544	45892133376	199168	512	3.871226
26709315072	26709158912	156160	512	7.357516
4223470080	4223268864	201216	512	4.796986
73164570112	73164416000	154112	512	5.554587
79532763136	79532501504	261632	512	8.783185
7832119296	7831972352	146944	512	7.830436
4270012416	4269759488	252928	512	3.771360
56971606528	56971468288	138240	512	7.048313
58380027904	58379848192	179712	512	3.775194
7404946432	7404814336	132096	512	8.123793
22383692288	22383515648	176640	512	5.157831
78317197312	78317063680	133632	512	3.530442
65847389184	65847140864	248320	512	3.055851
49688486912	49688341504	145408	512	5.212591
3568713728	3568577024	136704	512	8.109318
55336360448	55336187392	173056	512	4.238438
45213750272	45213511680	238592	512	4.657653
30502734336	30502514688	219648	512	5.716471
42618034176	42617868800	165376	512	4.865949
11135942656	11135784448	158208	512	5.675060
37811756544	37811573760	182784	512	4.626904
58760048640	58759793152	255488	512	3.307044
47061448192	47061283840	164352	512	4.875380
4662692352	4662438912	253440	512	3.699049
70378392576	70378147840	244736	512	11.709249
33777310720	33777155072	155648	512	7.207477
60782990848	60782824448	166400	512	4.227122
4882503168	4882274304	228864	512	4.233027
11526716928	11526521344	195584	512	6.580229
77252921856	77252707328	214528	512	11.254779
67521435648	67521230848	204800	512	2.289196
43512907264	43512658944	248320	512	4.529487
39054316544	39054118400	198144	512	4.112786
48787430400	48787227648	202752	512	3.801132
8109654016	8109473792	180224	512	7.065970
54996384256	54996170752	213504	512	4.946338
4044811264	4044656128	155136	512	5.852212
32584159744	32584006144	153600	512	5.469360
62080477696	62080220160	257536	512	3.037343
3457053184	3456895488	157696	512	7.635213
32985393152	32985163264	229888	512	5.451648
32780921856	32780691968	229888	512	3.620262
46065899520	46065692160	207360	512	5.510657
425700352	425456128	244224	512	3.962058
65146734592	65146541056	193536	512	2.974850
43178141696	43177938432	203264	512	3.846386
77851003392	77850810880	192512	512	12.337125
59429104640	59428860928	243712	512	3.694477
32854838272	32854629376	208896	512	4.139587
33131849728	33131612160	237568	512	3.342221
52075945472	52075698688	246784	512	2.102961
68274040320	68273851392	188928	512	2.860421
8261882368	8261703680	178688	512	5.277334
33607339008	33607105536	233472	512	5.251123
60662142464	60662002176	140288	512	6.847298
20016771584	20016527360	244224	512	5.441323
71887502336	71887367168	135168	512	0.432233
52830859776	52830635008	224768	512	2.927534
60308165120	60307997184	167936	512	6.025198
29517691904	29517512704	179200	512	4.866721
13073984000	13073741312	242688	512	5.619229
30221860352	30221616640	243712	512	5.118223
54516290048	54516058112	231936	512	2.521109
6324520960	6324361728	159232	512	5.685974
53091859456	53091719168	140288	512	5.322607
16133467136	16133275136	192000	512	6.660313
37134636544	37134403072	233472	512	5.121835
45468964864	45468749312	215552	512	5.269433
17725214720	17724961280	253440	512	3.397297
26471644160	26471410688	233472	512	3.553854
61570341888	61570136576	205312	512	2.837037
18560846336	18560595456	250880	512	3.444821
54891120640	54890897408	223232	512	4.660102
62880690688	62880551424	139264	512	6.691241
27383735808	27383555584	180224	512	4.945445
32390832640	32390666752	165888	512	5.184885
60304335872	60304123904	211968	512	2.774396
40055015936	40054812160	203776	512	3.983538
16990966784	16990775296	191488	512	4.822543
31950363648	31950106624	257024	512	0.483541
67120776192	67120522752	253440	512	11.800758
78542071296	78541873664	197632	512	11.985350
49899291648	49899151872	139776	512	5.362425
6245054976	6244892672	162304	512	5.644214
64164177408	64163928576	248832	512	12.298470
67473679872	67473525760	154112	512	4.067395
36535556096	36535366144	189952	512	6.280790
20890172416	20889995264	177152	512	5.156147
5295991808	5295760896	230912	512	4.051683
58859735552	58859499008	236544	512	13.168632
40081920000	40081676288	243712	512	4.841129
65280294912	65280091136	203776	512	4.505458
9317742080	9317509632	232448	512	5.816488
2922115072	2921899520	215552	512	6.373883
16198962176	16198760448	201728	512	4.587303
31719229440	31719086080	143360	512	5.732820
20152173568	20152017920	155648	512	7.503679
79753107968	79752852992	254976	512	9.108204
65772898816	65772669952	228864	512	3.653255
64585790464	64585630208	160256	512	4.052725
60871111680	60870947840	163840	512	6.111898
36437100544	36436844032	256512	512	2.865851
2695589376	2695363072	226304	512	12.573550
21175010304	21174855168	155136	512	5.715983
52981204992	52981046272	158720	512	6.646195
46122792960	46122539520	253440	512	2.419953
55807013888	55806787072	226816	512	4.539613
46268855808	46268694016	161792	512	6.733768
610295808	610122752	173056	512	5.525652
42504736256	42504589312	146944	512	7.221701
48518462464	48518329856	132608	512	7.476837
29799197696	29798985216	212480	512	4.041118
63721798144	63721558016	240128	512	12.849686
6061229568	6060997632	231936	512	5.919344
68389571072	68389332992	238080	512	12.308991
36338886144	36338676736	209408	512	4.059889
11224078848	11223817728	261120	512	3.324616
66750701568	66750553088	148480	512	4.404361
62144387584	62144204800	182784	512	3.553207
36291388416	36291204096	184320	512	6.507281
20965784576	20965646848	137728	512	7.915418
73005817856	73005626880	190976	512	4.240787
74132303360	74132041728	261632	512	10.589001
64927925248	64927754240	171008	512	5.552748
53406016000	53405850624	165376	512	4.450750
61483082240	61482821120	261120	512	12.242146
42341803520	42341557760	245760	512	2.721213
48995592704	48995390976	201728	512	5.614961
58214279680	58214034944	244736	512	12.949057
38831949824	38831689216	260608	512	2.500451
33017110528	33016943104	167424	512	6.994864
57638326784	57638148096	178688	512	5.864055
43217532928	43217385472	147456	512	5.356876
42421916160	42421693952	222208	512	3.360906
34051350528	34051160064	190464	512	6.350117
4544912384	4544778752	133632	512	8.162158
2786428928	2786260992	167936	512	5.649121
19107176448	19106997248	179200	512	6.889646
70005498368	70005281792	216576	512	12.839977
72037338112	72037106688	231424	512	2.790438
7984790528	7984582144	208384	512	6.438876
59661824000	59661660160	163840	512	6.150788
25692169728	25692022272	147456	512	7.579560
37723831808	37723589632	242176	512	4.958018
31515103744	31514933760	169984	512	5.053607
31992398848	31992189952	208896	512	6.086439
6313914368	6313766912	147456	512	7.814307
14467462144	14467262976	199168	512	6.636135
36359450112	36359234048	216064	512	3.861678
61842897920	61842681344	216576	512	2.481980
47484419072	47484170240	248832	512	4.360798
73943034880	73942900736	134144	512	4.219731
64626813952	64626564096	249856	512	3.018951
39247099392	39246880768	218624	512	5.444902
37048929280	37048706560	222720	512	5.468641
31331641856	31331429888	211968	512	5.906741
7184551424	7184379904	171520	512	5.394767
26124768768	26124519936	248832	512	5.110847
66221113344	66220881408	231936	512	12.836146
55191202304	55190999552	202752	512	3.412255
45621916160	45621770240	145920	512	5.322174
71050369024	71050160128	208896	512	12.992494
38805468672	38805289472	179200	512	4.614047
43419840000	43419700224	139776	512	5.554825
27191335936	27191130624	205312	512	4.349407
65177926656	65177665024	261632	512	11.857194
58863341568	58863113728	227840	512	2.280627
45975451136	45975265280	185856	512	4.225089
64761137152	64760885760	251392	512	12.218149
29447374336	29447195648	178688	512	6.724941
45048901120	45048752640	148480	512	5.255209
13308092416	13307848704	243712	512	3.671885
65303590912	65303405056	185856	512	5.069274
22034510336	22034255872	254464	512	5.204561
19275067392	19274830848	236544	512	3.771041
64896912896	64896698368	214528	512	2.304830
9063156224	9062983168	173056	512	7.175623
5420188160	5419928576	259584	512	3.456478
74646214144	74645952000	262144	512	10.549804
5753593856	5753462272	131584	512	8.008010
33261240832	33260995584	245248	512	4.982481
78417999360	78417772032	227328	512	10.734405
31168134656	31167876608	258048	512	4.765446
75880273408	75880115712	157696	512	3.201684
30515395584	30515222528	173056	512	6.861854
14772153856	14771964416	189440	512	4.974719
19436595712	19436338688	257024	512	5.156330
70610218496	70610022912	195584	512	4.213943
78631328256	78631076864	251392	512	9.795570
24697931776	24697752064	179712	512	4.940402
19249871360	19249710592	160768	512	7.334499
3071035904	3070889472	146432	512	6.028110
50903259648	50903008256	251392	512	4.104100
8075429376	8075198464	230912	512	5.944989
71969057792	71968924160	133632	512	6.354668
19186395648	19186221568	174080	512	7.068720
54975020544	54974815232	205312	512	3.282880
32541714432	32541470720	243712	512	3.288028
66061091328	66060883456	207872	512	4.403281
50266336768	50266156032	180736	512	4.251650
5151369216	5151223296	145920	512	6.038894
16554920960	16554669056	251904	512	3.403796
58285038592	58284883968	154624	512	4.529104
5741261824	5741063168	198656	512	6.632104
13594792448	13594554880	237568	512	3.863319
4775728640	4775571968	156672	512	7.676490
67425524224	67425387520	136704	512	6.516264
37404892672	37404632064	260608	512	4.495623
35475087872	35474838016	249856	512	3.001093
68658455040	68658202112	252928	512	2.571533
59712601088	59712413184	187904	512	3.535949
26619849728	26619712512	137216	512	7.797881
46745056256	46744839680	216576	512	5.235524
56861692416	56861512192	180224	512	3.904767
23021510656	23021301248	209408	512	4.245950
56189197824	56188942848	254976	512	12.835278
11424721920	11424551936	169984	512	7.237158
7660184576	7659950592	233984	512	5.949213
78354532352	78354298368	233984	512	10.424910
68614984704	68614731776	252928	512	2.559668
59545388032	59545244672	143360	512	11.409408
73234856448	73234672128	184320	512	2.613414
35942543872	35942380032	163840	512	5.165889
74458770432	74458606592	163840	512	3.186529
76224946688	76224778240	168448	512	4.545975
50301178880	50300983808	195072	512	3.821788
36845617664	36845455360	162304	512	5.134826
66197186560	66197035008	151552	512	6.196392
51199271424	51199123456	147968	512	5.157276
4022211072	4022042624	168448	512	7.416990
12666262528	12666000384	262144	512	3.303623
33832756736	33832507392	249344	512	3.025155
42934773248	42934527488	245760	512	4.592505
64567383040	64567246336	136704	512	6.700161
16599927296	16599693312	233984	512	5.696266
36072589824	36072362496	227328	512	5.490378
57853742592	57853511168	231424	512	2.430553
47443851264	47443718656	132608	512	5.742669
74566632448	74566390272	242176	512	11.306202
1945833472	1945584128	249344	512	5.731635
73043376640	73043237888	138752	512	4.216254
8224317440	8224128512	188928	512	6.904533
47089745920	47089558528	187392	512	4.184091
33076369920	33076152832	217088	512	5.799020
60017354752	60017092608	262144	512	12.390885
30695705600	30695498240	207360	512	6.027517
10145513984	10145279488	234496	512	5.803016
15371642368	15371478528	163840	512	7.334963
53699033600	53698792448	241152	512	2.258359
32852056576	32851835392	221184	512	3.895134
72992515584	72992361472	154112	512	5.564472
28455049216	28454796288	252928	512	5.015943
67942060032	67941820416	239616	512	3.003929
62815645184	62815513600	131584	512	6.986223
59549117440	59548877312	240128	512	13.071387
2445937664	2445682688	254976	512	3.734945
16305498624	16305338880	159744	512	7.429632
52518364160	52518130688	233472	512	4.513237
30728034304	30727901184	133120	512	7.857451
72432362496	72432159744	202752	512	13.048416
70682076672	70681911808	164864	512	3.444476
42064477696	42064310784	166912	512	6.671643
10989733376	10989474816	258560	512	5.243692
50187288576	50187027968	260608	512	13.119584
19378071040	19377914368	156672	512	7.467194
4519475712	4519249920	225792	512	6.123826
45214726144	45214470144	256000	512	2.305691
34635406848	34635208192	198656	512	4.324218
30356785664	30356617728	167936	512	5.138219
46193834496	46193652736	181760	512	6.176231
76642061824	76641903104	158720	512	4.904918
56366301184	56366120448	180736	512	5.758679
47464010240	47463778304	231936	512	2.979406
50960465408	50960266752	198656	512	3.714482
34042652160	34042391040	261120	512	4.569349
24264967680	24264728064	239616	512	5.309650
11720793088	11720543232	249856	512	5.421533
21147665920	21147488768	177152	512	7.004984
39317455360	39317252608	202752	512	3.984804
6204280832	6204134400	146432	512	5.986519
49745193472	49744939008	254464	512	4.009537
12242555392	12242404352	151040	512	7.686061
34662318592	34662171136	147456	512	7.431485
64749706240	64749510656	195584	512	2.875097
25640705024	25640557056	147968	512	5.701967
38678192128	38678039552	152576	512	7.153972
15770854912	15770595328	259584	512	5.169729
77494184960	77494027264	157696	512	4.438092
45220590080	45220365824	224256	512	3.221947
2487579136	2487364608	214528	512	4.665334
3450547712	3450370048	177664	512	5.426606
4550246400	4550049792	196608	512	6.828386
49290725888	49290470912	254976	512	4.198000
64654092288	64653853184	239104	512	12.613887
53629769728	53629572096	197632	512	5.398246
53077489664	53077275136	214528	512	5.124983
42812442112	42812300800	141312	512	5.508677
27800133632	27799875584	258048	512	4.860762
57590498816	57590277632	221184	512	4.574703
60023607808	60023364096	243712	512	12.924306
14243390976	14243212288	178688	512	11.737971
34910412288	34910238208	174080	512	6.812876
47992690688	47992541696	148992	512	7.069518
62434800128	62434614272	185856	512	3.414742
2167040512	2166903808	136704	512	8.126928
2015968768	2015817728	151040	512	7.838239
71986867200	71986721280	145920	512	3.993398
47488988160	47488783360	204800	512	5.575903
3982217216	3982036992	180224	512	7.148474
69593416192	69593195520	220672	512	3.512925
76470150144	76469905920	244224	512	10.859743
18093045760	18092843008	202752	512	6.400861
41977797120	41977586176	210944	512	3.673687
71743408128	71743253504	154624	512	3.632323
955252736	955038208	214528	512	6.411170
67351003648	67350791680	211968	512	2.103532
76403443712	76403183104	260608	512	10.229579
7423308288	7423060992	247296	512	3.726934
66024046592	66023825408	221184	512	3.940829
21343235584	21343101440	134144	512	7.996515
65685772800	65685540864	231936	512	3.601474
33642152448	33642014208	138240	512	7.653460
807068672	806903296	165376	512	7.523472
13510450688	13510317568	133120	512	8.108880
47332503040	47332345856	157184	512	6.811998
833802752	833548800	253952	512	3.751254
56694180352	56693969408	210944	512	3.159782
75945627648	75945385472	242176	512	11.128905
32115770880	32115570688	200192	512	4.342370
8361175040	8360942080	232960	512	0.431370
62814942208	62814682624	259584	512	3.025245
59050682368	59050451456	230912	512	4.075406
76205728256	76205596672	131584	512	5.964364
32155869184	32155629056	240128	512	3.373778
31300624896	31300411392	213504	512	4.031811
59304182272	59304048640	133632	512	5.152038
54747791872	54747545088	246784	512	13.133202
30360828928	30360652288	176640	512	4.903659
17487737344	17487501312	236032	512	5.611564
9254051840	9253808128	243712	512	5.693313
25363088384	25362903552	184832	512	4.838940
12923476992	12923270144	206848	512	4.537075
63530042880	63529814016	228864	512	13.081488
13585940992	13585739264	201728	512	4.686600
75882629632	75882388992	240640	512	11.182413
36277977088	36277745152	231936	512	3.470700
71161421312	71161196544	224768	512	12.414720
17166894592	17166724096	170496	512	7.153559
71454209024	71454024192	184832	512	4.586342
19016967680	19016814080	153600	512	7.574841
46522399232	46522142720	256512	512	4.154731
39883525632	39883341312	184320	512	4.468511
21155479552	21155297792	181760	512	6.726090
23526748160	23526612480	135680	512	7.891710
41069361152	41069134848	226304	512	3.587024
14173338112	14173194752	143360	512	6.007396
41407607296	41407474688	132608	512	7.541249
18767789568	18767578624	210944	512	6.214527
60989053952	60988887552	166400	512	4.060108
1203014144	1202802176	211968	512	6.524551
29044344320	29044143104	201216	512	4.313751
43351961088	43351810560	150528	512	7.110661
61121421824	61121180672	241152	512	12.845059
41085172736	41085011456	161280	512	5.072015
18673851904	18673693184	158720	512	7.404123
2105082880	2104834048	248832	512	3.863808
11184196096	11183975936	220160	512	6.116841
39304565248	39304410624	154624	512	5.237986
12384212992	12384045056	167936	512	7.331521
66425814016	66425668608	145408	512	4.508640
54940579840	54940442624	137216	512	7.140864
70511684608	70511459328	225280	512	12.450181
60386007040	60385875456	131584	512	7.100237
26469127680	26468992000	135680	512	7.832567
49086998528	49086842880	155648	512	6.896366
34367662592	34367519744	142848	512	7.520982
79672113664	79671900672	212992	512	10.958734
28579206656	28578954752	251904	512	3.219856
34074614784	34074437632	177152	512	6.635701
56359766528	56359563264	203264	512	3.259909
31695560704	31695377408	183296	512	6.621130
50071787520	50071653888	133632	512	7.325666
64730264576	64730029568	235008	512	12.727758
77089681408	77089504768	176640	512	3.637384
53155457024	53155251712	205312	512	5.260094
52088086016	52087879168	206848	512	3.411639
17018277376	17018046976	230400	512	3.920727
60086597120	60086369792	227328	512	2.338023
69467330048	69467148288	181760	512	3.031536
69651924992	69651682816	242176	512	2.783858
12237630976	12237434880	196096	512	6.636463
15956943360	15956687360	256000	512	3.357446
35936421376	35936275968	145408	512	7.467503
69957613056	69957471232	141824	512	4.366566
47582334976	47582170112	164864	512	6.646623
36472009216	36471843840	165376	512	7.049803
31935535616	31935276544	259072	512	2.898910
8752121344	8751921152	200192	512	4.685922
68861948928	68861779456	169472	512	3.504671
35382445056	35382195200	249856	512	3.015885
29039685632	29039522304	163328	512	5.271169
52416576000	52416388096	187904	512	3.951038
49743150592	49742907392	243200	512	4.319575
62521637376	62521487872	149504	512	6.455435
37460290560	37460137984	152576	512	5.401378
8373514752	8373376512	138240	512	8.028711
6115797504	6115641344	156160	512	5.777457
30230557184	30230398976	158208	512	5.360736
62454548992	62454289408	259584	512	12.275683
51579153408	51578939392	214016	512	3.239931
24766331392	24766127616	203776	512	4.363305
27845718016	27845539328	178688	512	5.010358
11111271424	11111016448	254976	512	5.303457
8826285056	8826098176	186880	512	6.861233
9582816768	9582661120	155648	512	7.611300
71371558912	71371315712	243200	512	11.778289
59667042304	59666870272	172032	512	5.861813
79533559296	79533338624	220672	512	10.658129
42702611456	42702434816	176640	512	6.407291
17888965632	17888711680	253952	512	3.361903
8268151296	8267977216	174080	512	7.308010
58895872512	58895656448	216064	512	2.698383
41856122368	41855954432	167936	512	6.653322
3557587456	3557344768	242688	512	3.920716
50681308672	50681145856	162816	512	6.614525
28362587136	28362380288	206848	512	4.275451
21626395648	21626233344	162304	512	5.508652
60371207680	60370964480	243200	512	13.005056
4421473792	4421302784	171008	512	7.349372
57731401728	57731176448	225280	512	2.618238
42876927488	42876734464	193024	512	5.988111
34695943168	34695786496	156672	512	7.200798
57026717696	57026485760	231936	512	4.275960
43966216192	43966043136	173056	512	6.518915
61230646272	61230484992	161280	512	6.089220
30796350976	30796203520	147456	512	5.647948
40976391680	40976144896	246784	512	2.872794
45645802496	45645587968	214528	512	3.469994
67629894656	67629663744	230912	512	12.617384
63944350720	63944103424	247296	512	12.369905
75170544128	75170295808	248320	512	10.928371
13707641856	13707391488	250368	512	5.411961
77712955392	77712782848	172544	512	3.823267
28383876096	28383648256	227840	512	3.780815
611833344	611695104	138240	512	6.270869
21943418368	21943235072	183296	512	5.007414
56000817152	56000666624	150528	512	6.731925
23830818816	23830566400	252416	512	5.078385
54940792832	54940580864	211968	512	4.943302
240262144	240084992	177152	512	7.260411
28118145536	28117948928	196608	512	6.295000
26295177216	26294953984	223232	512	3.939532
75958819840	75958580224	239616	512	1.937931
23590813184	23590680576	132608	512	6.074685
45014896640	45014683136	213504	512	3.598740
47062103040	47061931008	172032	512	6.445812
5548795392	5548541440	253952	512	5.465309
79686500864	79686286336	214528	512	10.863728
33411189248	33410955264	233984	512	5.288033
33704262144	33704129536	132608	512	5.981014
3138752512	3138595328	157184	512	7.633511
13847694336	13847501312	193024	512	6.732824
25478277120	25478118400	158720	512	5.447635
22473073664	22472936448	137216	512	6.101224
56066588672	56066345472	243200	512	4.026594
23639111680	23638879744	231936	512	10.226371
51137218560	51137065984	152576	512	5.044097
7238357504	7238138880	218624	512	4.237138
4223300096	4223147520	152576	512	5.926308
55738369536	55738136576	232960	512	4.362905
34926521856	34926274048	247808	512	4.930453
36417020928	36416872960	147968	512	5.618643
55828998144	55828818432	179712	512	5.926162
46107228672	46106999296	229376	512	3.048125
53570434560	53570219520	215040	512	3.007786
58093025280	58092805632	219648	512	2.780540
56972304896	56972078080	226816	512	2.555584
68284493824	68284240384	253440	512	11.780264
31284928512	31284709888	218624	512	5.753580
16993137152	16992932864	204288	512	6.427823
44055142400	44054947328	195072	512	4.089513
68937689600	68937482752	206848	512	2.288086
3760902144	3760742400	159744	512	7.613728
46327475712	46327341056	134656	512	5.611011
5258641408	5258393600	247808	512	5.696325
77799942144	77799688192	253952	512	9.624499
24591548928	24591346688	202240	512	4.403040
60020182016	60020006912	175104	512	0.408008
13731914752	13731757568	157184	512	5.645384
41245092352	41244927488	164864	512	4.984514
59169986560	59169738752	247808	512	12.818226
60603830272	60603603456	226816	512	2.384621
34209893376	34209676800	216576	512	0.944447
40773193216	40772958720	234496	512	3.148711
41384251904	41384053248	198656	512	5.947263
30261696000	30261504512	191488	512	6.387112
29039966208	29039768576	197632	512	6.276095
5500229120	5499995648	233472	512	4.036636
54256987648	54256770048	217600	512	2.951167
67215613952	67215380992	232960	512	12.528163
79464621568	79464488960	132608	512	3.432353
22991626752	22991432192	194560	512	6.427681
20283396096	20283188736	207360	512	6.317283
13447916544	13447663104	253440	512	5.429438
21652150272	21651964928	185344	512	6.795619
47312719872	47312568832	151040	512	7.012228
58785838080	58785637376	200704	512	3.142908
24580824576	24580670464	154112	512	5.540514
8491011584	8490754048	257536	512	5.370521
13625975808	13625840640	135168	512	6.198027
36076083712	36075854336	229376	512	5.362784
30506471936	30506242048	229888	512	5.526147
2798258176	2798006784	251392	512	3.742448
65807923712	65807744000	179712	512	5.272441
11405264384	11405068288	196096	512	6.653837
6815795712	6815544320	251392	512	3.645546
77690512384	77690313216	199168	512	11.931660
71938692096	71938505216	186880	512	2.525069
3734090752	3733957632	133120	512	8.195930
36289152512	36288900608	251904	512	2.950264
56979948544	56979814912	133632	512	7.195316
63683981312	63683792384	188928	512	5.180660
54241240576	54241036288	204288	512	3.340593
7835214848	7835082240	132608	512	8.133527
9020041216	9019822592	218624	512	6.164013
49999802368	49999583744	218624	512	5.008896
10992860160	10992679424	180736	512	5.111977
17702938112	17702749696	188416	512	6.744814
43647537152	43647311872	225280	512	3.246720
13416813568	13416635904	177664	512	5.189476
22028833792	22028608000	225792	512	4.002740
60932017152	60931827200	189952	512	5.151081
31282436608	31282250752	185856	512	4.700582
19539401728	19539171840	229888	512	5.786184
72589504512	72589263360	241152	512	11.518163
7489984000	7489813504	170496	512	7.344459
40305600512	40305467392	133120	512	7.622402
69653211136	69653064704	146432	512	6.069345
52699869184	52699609600	259584	512	13.055157
48995172864	48995010560	162304	512	6.655213
28158679552	28158448128	231424	512	3.691806
28020446720	28020225024	221696	512	5.782617
24780395520	24780212224	183296	512	6.690888
10566685184	10566487040	198144	512	6.627592
59265716224	59265465856	250368	512	3.497688
75907131392	75906905088	226304	512	11.742974
71483235328	71483060224	175104	512	4.931953
77748585984	77748406272	179712	512	12.758442
71501416448	71501192704	223744	512	12.416954
12003991040	12003797504	193536	512	6.733502
57207301632	57207163392	138240	512	5.191758
44526304768	44526164480	140288	512	7.394118
11574830080	11574646272	183808	512	0.446305
9100965376	9100810240	155136	512	5.738737
6278525952	6278290944	235008	512	5.879913
56129107968	56128864768	243200	512	3.946557
13343335424	13343171584	163840	512	5.534141
43523011584	43522866688	144896	512	7.274908
36527490560	36527254016	236544	512	3.277225
54712776704	54712517632	259072	512	12.845726
29305743360	29305547264	196096	512	6.296362
16254555136	16254359552	195584	512	6.573714
40230058496	40229882368	176128	512	6.509082
67265746944	67265526272	220672	512	12.896686
54741478912	54741297152	181760	512	5.845685
54555031552	54554823680	207872	512	3.258778
3244028416	3243811328	217088	512	4.502331
64883424768	64883263488	161280	512	5.885072
43081938944	43081783808	155136	512	5.138298
58978131456	58977915904	215552	512	2.698668
10517638656	10517377024	261632	512	3.283780
43693107200	43692862976	244224	512	0.441528
76040308224	76040160768	147456	512	5.482939
74990979072	74990728192	250880	512	10.958963
16435629568	16435419136	210432	512	6.166631
57993704448	57993464320	240128	512	2.154108
64747010048	64746817536	192512	512	3.003053
55521646080	55521430528	215552	512	4.852366
2034888704	2034660352	228352	512	6.130560
54970590208	54970408448	181760	512	5.872080
67954560000	67954368512	191488	512	4.635631
17699620864	17699478016	142848	512	7.782883
48391534592	48391318016	216576	512	3.425325
14598624768	14598391296	233472	512	3.951238
39988888576	39988711424	177152	512	6.649888
67019046400	67018850816	195584	512	2.654886
22591119872	22590912000	207872	512	6.322185
40679190016	40679024640	165376	512	6.807968
45738811392	45738629120	182272	512	4.324502
63046260224	63046114816	145408	512	4.645453
7187852800	7187617280	235520	512	5.831274
52995721216	52995579904	141312	512	7.113202
48915013120	48914772992	240128	512	2.777816
27589472768	27589316608	156160	512	7.329514
71711326208	71711125504	200704	512	13.081821
22416631296	22416437248	194048	512	6.683793
66289828352	66289576448	251904	512	2.925183
62097625600	62097366016	259584	512	3.021746
68320973824	68320837632	136192	512	6.487258
11581130240	11580904448	225792	512	5.929077
27010492416	27010242048	250368	512	5.083919
41067099136	41066871808	227328	512	5.195791
61727558656	61727352832	205824	512	2.836302
61427977216	61427840000	137216	512	6.822907
22513340928	22513203712	137216	512	6.067703
10695408640	10695185920	222720	512	4.194080
36479354880	36479174656	180224	512	6.604320
34205053952	34204829184	224768	512	3.678222
57050381824	57050173952	207872	512	3.132782
65876616704	65876469248	147456	512	4.515022
61862069760	61861846016	223744	512	4.171960
74296172544	74295915008	257536	512	10.702833
4176736256	4176503808	232448	512	4.178288
79196222464	79196057088	165376	512	3.799897
60919523840	60919286272	237568	512	3.672297
54109351936	54109213696	138240	512	7.115643
5753660416	5753416704	243712	512	5.656024
25329484800	25329306112	178688	512	6.830904
11581591552	11581336576	254976	512	5.261433
65791353344	65791192576	160768	512	5.885376
74153909248	74153765376	143872	512	5.746154
75393546240	75393326592	219648	512	11.969458
58288674816	58288498176	176640	512	3.886153
22419077120	22418848768	228352	512	5.793823
55413732864	55413506048	226816	512	2.648549
243003904	242813952	189952	512	5.152121
62316447232	62316279808	167424	512	5.894185
10228920832	10228679680	241152	512	3.771620
34981484032	34981350912	133120	512	5.964488
40605428736	40605174784	253952	512	4.527384
60272014848	60271755264	259584	512	12.473287
1340567552	1340335104	232448	512	4.248313
25993345024	25993187840	157184	512	5.495414
54132624384	54132442624	181760	512	3.998540
37601749504	37601525760	223744	512	3.602211
77728731136	77728495616	235520	512	10.398876
15726173696	15725972480	201216	512	6.439429
949358080	949220864	137216	512	8.134211
54572450304	54572226048	224256	512	4.640316
59497346048	59497194496	151552	512	6.503612
78506755584	78506589696	165888	512	4.103510
19251909632	19251756544	153088	512	7.533214
77181025280	77180862976	162304	512	2.348702
66480069632	66479924736	144896	512	4.550602
17065636864	17065420800	216064	512	6.113196
1225514496	1225252352	262144	512	5.454423
79266888192	79266686464	201728	512	2.102390
73308039168	73307791872	247296	512	11.058627
28284232704	28283979264	253440	512	5.013924
49096150016	49095914496	235520	512	2.913271
1617443840	1617199616	244224	512	3.995443
39158265344	39158034944	230400	512	5.115856
73146963968	73146785280	178688	512	4.731946
67516070912	67515834368	236544	512	3.141474
10517332480	10517140480	192000	512	6.737632
62736263680	62736006144	257536	512	12.334809
13261950464	13261793792	156672	512	5.695208
78245900288	78245733376	166912	512	4.032528
3389524992	3389317120	207872	512	6.561739
47325716480	47325485568	230912	512	3.027966
53617314304	53617094656	219648	512	2.912814
23889479680	23889288704	190976	512	4.603120
23221557248	23221362688	194560	512	4.457351
56759449600	56759267328	182272	512	3.910557
14662969344	14662831104	138240	512	8.101839
30044398080	30044188160	209920	512	5.976572
50071209984	50071025152	184832	512	4.111256
10768578048	10768432640	145408	512	7.770215
42196503040	42196295680	207360	512	3.764753
65627890176	65627633664	256512	512	12.047821
70975937536	70975727104	210432	512	12.908463
46878586368	46878433792	152576	512	5.104306
75551198720	75551000576	198144	512	3.523299
38760334336	38760101888	232448	512	3.245092
22119264768	22119090688	174080	512	7.068336
64155736576	64155499520	237056	512	12.704859
20721997312	20721854464	142848	512	5.963767
27910948864	27910778368	170496	512	5.151111
61797338112	61797099008	239104	512	12.852809
16703062016	16702893568	168448	512	7.203979
1642775552	1642570240	205312	512	6.670015
1107169792	1106934784	235008	512	6.031268
33216031232	33215855104	176128	512	4.822856
22852078592	22851835904	242688	512	3.671954
25129366016	25129209856	156160	512	7.352849
207388160	207192064	196096	512	5.024606
29343681536	29343532032	149504	512	7.546861
77352466944	77352237056	229888	512	10.623753
6416385536	6416225792	159744	512	7.561276
32928189952	32927972352	217600	512	3.903598
54750581248	54750389760	191488	512	5.572374
38611848192	38611684864	163328	512	6.896102
51786202112	51785953792	248320	512	2.214643
30640841216	30640639488	201728	512	6.139961
6331611648	6331407872	203776	512	4.677643
15652577792	15652371968	205824	512	4.558955
27493472256	27493279744	192512	512	4.633044
72345106944	72344926720	180224	512	4.606483
32492168704	32491949568	219136	512	3.905834
5300115968	5299855872	260096	512	5.313750
50337543168	50337386496	156672	512	4.901376
22041998336	22041811456	186880	512	6.741884
47945126912	47944987136	139776	512	7.317607
47264265728	47264038400	227328	512	4.976657
16156677632	16156505088	172544	512	5.258663
30743376384	30743121920	254464	512	3.014349
12881750016	12881490432	259584	512	3.371897
16177042944	16176902144	140800	512	7.843563
58295736832	58295593984	142848	512	6.815136
5201376256	5201223680	152576	512	7.737630
14819737088	14819517952	219136	512	4.349752
75378399744	75378236416	163328	512	2.970516
28061065728	28060834816	230912	512	5.550105
58892277760	58892100608	177152	512	3.855317
18497665024	18497482752	182272	512	6.920581
65630109696	65629912064	197632	512	4.671398
2353335808	2353127936	207872	512	6.612148
22347727360	22347497984	229376	512	3.956040
52250686976	52250506240	180736	512	5.997354
28735588864	28735443968	144896	512	5.775889
4227374592	4227138048	236544	512	4.111554
17705856512	17705645568	210944	512	6.235027
39123400192	39123151872	248320	512	2.824373
543307776	543138304	169472	512	0.454423
38408187904	38407968256	219648	512	3.628438
69760162816	69760007680	155136	512	5.779294
48307256320	48307101184	155136	512	6.904890
32297445888	32297273856	172032	512	6.884478
53690287616	53690097664	189952	512	3.738970
48802213888	48801989120	224768	512	3.167770
53840749568	53840553472	196096	512	3.496927
2731007488	2730821120	186368	512	7.061410
25832357888	25832178688	179200	512	4.868020
24002250240	24002058752	191488	512	4.653007
74530622976	74530480640	142336	512	3.847359
38625900544	38625655808	244736	512	2.909406
19781705216	19781484032	221184	512	4.140716
5477818368	5477599232	219136	512	6.196497
35612417536	35612260352	157184	512	7.174764
60590887424	60590638592	248832	512	3.565522
28043124224	28042907136	217088	512	0.422173
56167652864	56167444480	208384	512	3.075600
79513554944	79513412608	142336	512	2.916590
74608087552	74607855616	231936	512	2.398746
19476161024	19475961344	199680	512	6.464199
57540681728	57540488704	193024	512	5.441098
7355426304	7355164672	261632	512	5.273653
19084203520	19083977216	226304	512	5.869685
18220100096	18219898368	201728	512	6.421395
30054777856	30054572544	205312	512	6.189625
73609601024	73609445888	155136	512	5.301553
51154320384	51154186752	133632	512	7.392089
35087365632	35087109120	256512	512	4.718196
73794735104	73794588160	146944	512	3.733828
47776922624	47776674816	247808	512	2.538497
15381136896	15380888064	248832	512	3.518444
20469023744	20468889600	134144	512	8.019623
70211975168	70211793408	181760	512	4.603096
28857760768	28857580032	180736	512	4.811276
54534615552	54534403584	211968	512	3.105228
50885867008	50885606400	260608	512	13.114045
10607404544	10607192576	211968	512	6.301111
39888797696	39888550400	247296	512	2.874746
7631356928	7631170560	186368	512	6.860121
34229160960	34229016576	144384	512	5.705908
13549353472	13549214720	138752	512	7.990834
73069078528	73068859904	218624	512	12.436868
21537495040	21537290240	204800	512	4.520737
16762168832	16761956864	211968	512	6.205072
79638065152	79637808128	257024	512	9.004610
38990517248	38990258176	259072	512	2.549773
39533015040	39532846080	168960	512	4.900377
22577635840	22577402368	233472	512	5.698863
43116193792	43115986944	206848	512	5.661501
51479855616	51479716864	138752	512	7.173850
30980819968	30980576768	243200	512	5.117640
1185718784	1185477120	241664	512	10.556433
60865619456	60865467904	151552	512	6.497301
23995798528	23995645440	153088	512	5.592439
64190269952	64190072320	197632	512	2.907041
3829999104	3829860352	138752	512	8.049339
71815448064	71815193088	254976	512	11.209221
75718584832	75718382080	202752	512	12.670571
7312067584	7311871488	196096	512	6.741609
11491012096	11490793472	218624	512	6.140810
25493105152	25492948480	156672	512	5.517007
35843940864	35843750400	190464	512	4.495283
31846478336	31846338048	140288	512	7.648213
38189512704	38189259776	252928	512	0.421898
27006013952	27005862400	151552	512	7.468586
30978702848	30978554368	148480	512	5.613123
37304065024	37303870464	194560	512	6.189713
46182819328	46182676480	142848	512	7.306957
48118586880	48118445056	141824	512	5.430246
56307957248	56307716608	240640	512	4.022667
188336128	188076032	260096	512	3.622740
25585727488	25585543680	183808	512	4.881992
53752105984	53751946240	159744	512	4.661555
44465979904	44465741824	238080	512	4.836531
75528124416	75527885824	238592	512	11.238040
40445079040	40444933632	145408	512	0.422784
78824193536	78823955456	238080	512	10.281197
31690091008	31689917952	173056	512	6.841417
17478970368	17478807552	162816	512	5.498419
51344213504	51344020992	192512	512	5.744201
44040500224	44040352256	147968	512	7.192236
69847766016	69847556608	209408	512	13.159838
7583065088	7582867968	197120	512	6.701069
24828453376	24828227072	226304	512	3.822589
40561847296	40561664000	183296	512	6.352339
69195121152	69194872320	248832	512	2.522141
1601478144	1601235456	242688	512	4.017219
47126471168	47126322176	148992	512	5.217604
13083421184	13083174400	246784	512	5.597591
41407788032	41407595008	193024	512	6.066690
3420503040	3420301824	201216	512	6.704517
37596521984	37596267008	254976	512	2.781614
30217538048	30217297920	240128	512	3.359630
32033097728	32032891392	206336	512	6.070679
55036943872	55036707328	236544	512	2.424520
4093766656	4093583360	183296	512	7.096911
29083717120	29083522048	195072	512	4.473814
59750088704	59749898752	189952	512	5.316806
55625262080	55625011200	250880	512	13.060606
637441536	637211136	230400	512	6.145435
69300876288	69300730880	145408	512	4.280623
34021833728	34021656576	177152	512	4.843130
35124947968	35124802560	145408	512	7.504370
37643043840	37642878464	165376	512	6.910314
6867033600	6866779136	254464	512	3.566393
26620648448	26620448768	199680	512	4.512091
14077622784	14077407744	215040	512	6.183354
25962763264	25962610176	153088	512	7.524352
77401271296	77401109504	161792	512	2.384927
72770452992	72770292736	160256	512	3.469251
6789908992	6789678592	230400	512	4.152389
15552997888	15552772096	225792	512	4.011799
36548320768	36548157952	162816	512	6.977261
33513186816	33512964608	222208	512	5.578080
27057789952	27057565184	224768	512	5.674167
31222718976	31222564864	154112	512	5.452671
2709345280	2709187072	158208	512	5.741999
52689219584	52689063424	156160	512	4.845199
76691674112	76691443712	230400	512	10.580689
70770114048	70769881088	232960	512	12.170047
49084861440	49084679680	181760	512	6.209014
62493965312	62493707776	257536	512	12.333776
59466862080	59466713088	148992	512	4.716979
51947904000	51947670528	233472	512	0.436325
9903581184	9903446016	135168	512	6.197558
15312211456	15312046080	165376	512	7.293302
63203609600	63203465216	144384	512	4.649789
25683132416	25682944512	187904	512	6.592762
52406323200	52406141952	181248	512	4.154169
595182080	595007488	174592	512	7.352872
4783664128	4783414272	249856	512	3.741621
59785332224	59785072128	260096	512	12.467840
52351887872	52351665152	222720	512	2.967112
79765109248	79764922368	186880	512	2.834885
56619184640	56618949120	235520	512	4.155801
5348757504	5348536832	220672	512	4.264022
4731597312	4731436544	160768	512	7.579200
59833865728	59833630208	235520	512	13.214388
58975214080	58975079936	134144	512	5.185837
8836774912	8836540928	233984	512	5.783991
24497773568	24497614336	159232	512	7.290238
6178370560	6178149376	221184	512	4.281770
15834236416	15833995776	240640	512	5.545089
52029074944	52028873728	201216	512	5.464272
19819375104	19819123712	251392	512	5.287542
868194304	868016640	177664	512	5.408382
62022514176	62022319104	195072	512	3.156941
75633451520	75633296384	155136	512	3.314366
72647236096	72647029248	206848	512	12.819206
48174439936	48174302208	137728	512	5.562622
58678642688	58678482432	160256	512	4.398462
25199761920	25199501824	260096	512	3.025184
31097892352	31097701888	190464	512	6.419885
28255028736	28254895616	133120	512	7.899361
8278326784	8278156288	170496	512	5.428718
44475921408	44475766784	154624	512	7.004897
22288893440	22288658944	234496	512	5.668185
41827202048	41827004416	197632	512	5.907083
13924358144	13924101120	257024	512	3.425576
40628196352	40628061696	134656	512	7.566176
25567044096	25566802944	241152	512	3.463728
41795249152	41795016704	232448	512	3.215841
25233692160	25233500672	191488	512	6.445266
55051990528	55051758080	232448	512	2.523737
26136674816	26136432128	242688	512	5.378614
72407193600	72407054336	139264	512	6.157474
29036271104	29036134400	136704	512	7.751283
41464323072	41464103936	219136	512	5.396270
1550394368	1550253568	140800	512	6.232229
56443269120	56443055616	213504	512	3.004105
79210125824	79209867776	258048	512	8.958587
32422020096	32421762048	258048	512	2.899166
73500273152	73500042752	230400	512	11.693577
7195273728	7195048448	225280	512	6.072067
54237987328	54237793792	193536	512	5.480876
75465806336	75465555968	250368	512	10.780097
73347716096	73347565056	151040	512	5.462481
5819123712	5818916352	207360	512	6.433581
3897978368	3897739776	238592	512	5.863091
46102307328	46102076928	230400	512	3.035434
32235184128	32234985984	198144	512	4.411963
3357043200	3356850688	192512	512	6.882148
68704631808	68704467456	164352	512	3.704146
17578636800	17578407424	229376	512	5.778360
24987677184	24987535360	141824	512	5.840479
36924493824	36924279808	214016	512	5.673803
59612459008	59612324864	134144	512	7.021289
61131525120	61131375104	150016	512	6.412304
35539150336	35539004416	145920	512	7.448272
26476190208	26476017664	172544	512	5.120350
15353922560	15353741312	181248	512	6.921893
35974506496	35974350848	155648	512	7.336265
48131964416	48131720704	243712	512	4.527461
77561226752	77560993792	232960	512	10.614386
40712035840	40711829504	206336	512	3.861557
67482109440	67481961472	147968	512	6.103806
33786386432	33786181120	205312	512	4.145233
23983961600	23983795712	165888	512	7.048691
246488064	246244864	243200	512	3.991466
64691537408	64691377664	159744	512	5.918228
72946136576	72945942016	194560	512	2.266007
39875275264	39875141120	134144	512	7.610479
69405498368	69405305344	193024	512	2.626984
41640954880	41640730624	224256	512	5.281721
38862084608	38861840384	244224	512	2.941426
76361400320	76361228800	171520	512	2.569424
24750350336	24750130176	220160	512	5.808624
47052878848	47052636160	242688	512	2.681685
5198102016	5197846016	256000	512	3.635401
73756310016	73756130816	179200	512	4.395229
22160926208	22160700928	225280	512	3.973149
52432593408	52432345600	247808	512	2.234882
58891536384	58891404288	132096	512	7.161617
67097696256	67097506304	189952	512	2.830676
50994622976	50994380800	242176	512	2.533772
11156008960	11155867648	141312	512	6.090458
62261711872	62261544960	166912	512	4.033666
61602322944	61602085888	237056	512	3.697692
69056782336	69056610304	172032	512	5.184965
60172887040	60172668416	218624	512	2.585761
26880295936	26880033792	262144	512	3.010303
3016580608	3016358912	221696	512	6.243241
4719940096	4719760896	179200	512	7.218091
64767351296	64767101440	249856	512	12.258573
58544142336	58543953408	188928	512	3.447705
75181828096	75181651456	176640	512	4.221501
48135768064	48135603712	164352	512	4.805059
172004352	171867648	136704	512	8.178964
46212476928	46212235776	241152	512	4.604923
27922297856	27922163200	134656	512	7.873467
43099873280	43099712000	161280	512	6.778007
34368156160	34367981568	174592	512	6.773508
14627105280	14626914816	190464	512	4.878847
4669841920	4669581824	260096	512	3.560588
79291874304	79291672064	202240	512	11.423390
33478341632	33478208512	133120	512	7.792540
44033067008	44032866304	200704	512	5.796744
46687196672	46687005184	191488	512	4.089480
13075094528	13074905088	189440	512	6.798719
66778167296	66777990144	177152	512	3.308252
34028456448	34028283904	172544	512	4.950398
65162316800	65162091520	225280	512	0.430886
19112452096	19112297472	154624	512	7.555131
32643801088	32643593216	207872	512	4.114896
9638759936	9638620160	139776	512	7.945018
57219253760	57218992128	261632	512	3.374759
8301012480	8300880896	131584	512	8.177028
26877955072	26877696512	258560	512	3.054861
17563891712	17563757056	134656	512	6.136604
44203672576	44203469824	202752	512	3.874073
9963409408	9963256832	152576	512	5.736065
44796197888	44795968000	229888	512	3.166214
60221989888	60221799936	189952	512	5.302885
27836834816	27836621824	212992	512	4.116966
48444497408	48444246528	250880	512	2.443355
59292569088	59292413440	155648	512	6.360479
50175775232	50175567360	207872	512	5.315211
61688252928	61688059392	193536	512	3.234886
67483250688	67483054592	196096	512	2.642759
5932262400	5932062720	199680	512	4.778285
47244649984	47244429824	220160	512	3.279351
57448837632	57448659968	177664	512	4.021141
72477328384	72477175296	153088	512	5.573935
62336572928	62336441344	131584	512	7.074358
15833807872	15833547264	260608	512	5.072573
56438094848	56437897728	197120	512	5.213232
1171012608	1170858496	154112	512	7.782492
17898626048	17898378752	247296	512	3.514183
20147516928	20147286016	230912	512	5.760491
15062625280	15062470656	154624	512	5.743901
71757436928	71757204480	232448	512	2.732302
46898183168	46897997312	185856	512	6.047733
78817973248	78817810432	162816	512	4.137588
44739100160	44738886656	213504	512	3.703432
12421396480	12421238784	157696	512	7.540821
70299402240	70299160064	242176	512	11.837197
5064029696	5063808512	221184	512	4.456710
10256536576	10256392192	144384	512	7.835455
14682938368	14682712576	225792	512	4.114681
27693852672	27693665792	186880	512	4.747302
12083001856	12082825728	176128	512	5.267858
34799480320	34799237632	242688	512	3.159197
9059197440	9058990592	206848	512	6.464957
36111078400	36110894080	184320	512	4.650249
34088919552	34088728064	191488	512	6.288322
42410969600	42410822144	147456	512	5.316162
28429208576	28429074944	133632	512	7.858166
45917987328	45917851648	135680	512	7.386075
55207144960	55206975488	169472	512	6.205255
643656192	643502592	153600	512	7.709148
67666941952	67666771456	170496	512	3.503762
8266167296	8265962496	204800	512	6.532054
78528371712	78528229888	141824	512	3.159844
17058500096	17058337280	162816	512	7.244165
30375062016	30374843392	218624	512	3.944898
17145530880	17145368576	162304	512	5.522275
60518567936	60518425600	142336	512	4.936440
56930219520	56930011648	207872	512	4.966562
28506725888	28506546176	179712	512	6.786899
79095587840	79095415296	172544	512	12.731725
20444587520	20444384256	203264	512	4.670928
31263498752	31263307776	190976	512	4.571651
16317421056	16317203456	217600	512	6.088508
26802323456	26802186752	136704	512	0.403882
27911413248	27911186432	226816	512	3.754338
7242092544	7241948160	144384	512	7.874249
52844572672	52844338176	234496	512	2.609853
75736031232	75735812608	218624	512	12.007349
17613798400	17613553152	245248	512	3.603585
60682764800	60682532352	232448	512	2.189145
33857384448	33857252864	131584	512	7.854317
39742006272	39741816832	189440	512	6.181369
4232641536	4232481280	160256	512	0.427527
67429259264	67429034496	224768	512	12.789336
38595310080	38595106304	203776	512	3.968265
26782960640	26782748672	211968	512	4.151424
79034753024	79034617344	135680	512	3.229228
10723266560	10723111424	155136	512	7.578947
72093480960	72093259264	221696	512	12.367487
44675913216	44675724288	188928	512	6.114013
32437741568	32437537280	204288	512	6.019173
44326145024	44325958144	186880	512	6.171402
56323449344	56323230720	218624	512	4.651998
44044108800	44043956224	152576	512	7.082662
8816464896	8816327680	137216	512	7.988915
11006348288	11006126592	221696	512	6.095387
71760784896	71760558080	226816	512	12.158324
38136067584	38135931392	136192	512	5.801671
14096818688	14096589824	228864	512	3.993172
13037449216	13037287424	161792	512	7.373150
54726360576	54726212608	147968	512	6.830688
67772001280	67771829760	171520	512	3.467106
60916528128	60916278272	249856	512	12.553031
1929312256	1929141760	170496	512	7.566805
19781120512	19780974592	145920	512	7.722304
43841971200	43841809920	161280	512	6.842256
22441634304	22441400832	233472	512	5.705285
43488043520	43487894016	149504	512	7.155348
15462672896	15462418944	253952	512	5.243439
21949341696	21949203456	138240	512	7.898803
51438191104	51437979136	211968	512	5.150317
7454052352	7453920768	131584	512	6.305490
18798150656	18797908480	242176	512	3.662259
45179281408	45179147264	134144	512	5.656641
6379339776	6379121664	218112	512	4.460964
52034936832	52034786816	150016	512	6.897741
23146562048	23146418688	143360	512	5.828210
43630084608	43629901824	182784	512	6.254411
40876171264	40876017664	153600	512	7.129174
17503548928	17503312384	236544	512	5.610085
3377538048	3377285632	252416	512	3.703043
46722468352	46722283008	185344	512	6.076299
34629952000	34629769728	182272	512	6.553520
66341703168	66341540352	162816	512	5.709031
12011776512	12011567104	209408	512	6.354988
5708395520	5708220928	174592	512	0.429273
40071383552	40071177216	206336	512	3.912488
23573211648	23572987904	223744	512	3.870052
4199985664	4199808000	177664	512	5.374005
73307570688	73307387392	183296	512	2.376470
75481838592	75481580544	258048	512	10.507033
54848768512	54848579584	188928	512	3.775973
68528881664	68528691712	189952	512	2.837174
14650192384	14649947648	244736	512	3.748922
77980967424	77980728320	239104	512	10.247623
27596803072	27596579840	223232	512	5.736202
39507259392	39507111424	147968	512	5.427155
41802795008	41802534912	260096	512	4.363804
44028212224	44028029440	182784	512	4.339162
13581104128	13580876288	227840	512	5.970736
6659850752	6659634688	216064	512	6.297742
47039725568	47039463424	262144	512	2.251297
63196719616	63196467712	251904	512	12.381479
71433616896	71433381376	235520	512	12.084889
64321747456	64321583104	164352	512	5.784454
68904139776	68903987200	152576	512	4.058165
70900507136	70900289024	218112	512	12.666465
17289890304	17289741824	148480	512	7.750145
60496802816	60496646144	156672	512	6.316524
55938603520	55938376704	226816	512	2.695523
76695674368	76695429120	245248	512	9.990171
22593960960	22593699840	261120	512	5.043814
4721398272	4721172480	225792	512	6.150306
41873710592	41873455616	254976	512	2.456600
52605738496	52605504512	233984	512	2.635385
26324299776	26324086784	212992	512	4.128209
48032920064	48032777216	142848	512	5.357829
24022123520	24021984768	138752	512	7.761469
30783578112	30783360000	218112	512	3.885571
74783262720	74783094784	167936	512	4.772122
67222083584	67221881344	202240	512	4.235753
47888223744	47888050176	173568	512	6.409879
76589254656	76589024768	229888	512	11.427814
41234310144	41234150912	159232	512	5.115264
61886545920	61886371328	174592	512	5.672998
26997996032	26997735936	260096	512	4.867929
28320453120	28320282112	171008	512	5.177395
47820071424	47819852800	218624	512	3.363297
61948021760	61947798016	223744	512	2.297488
79474068480	79473898496	169984	512	12.840306
63123578880	63123373056	205824	512	2.761005
29688914944	29688666112	248832	512	3.155494
24870648832	24870396928	251904	512	3.208132
55020396544	55020198912	197632	512	3.504099
67599470592	67599235584	235008	512	12.428162
39147973120	39147821568	151552	512	7.136594
49518145024	49517984768	160256	512	4.798040
54531012608	54530767360	245248	512	3.998920
75771839488	75771678208	161280	512	3.071294
31846142976	31845922304	220672	512	5.645520
80008872960	80008629248	243712	512	9.578394
79124001280	79123787776	213504	512	10.926152
77959412736	77959264256	148480	512	2.947205
62818550272	62818322432	227840	512	3.853739
5309062656	5308920832	141824	512	7.905479
73619960320	73619824128	136192	512	6.008614
72820946944	72820718592	228352	512	2.899133
51933262336	51933057024	205312	512	5.324222
18615770112	18615620096	150016	512	7.629982
76640351232	76640174592	176640	512	4.214389
18572359680	18572187136	172544	512	5.277399
33098581504	33098395648	185856	512	6.508813
20468112384	20467943424	168960	512	7.191363
7290018304	7289781248	237056	512	3.969610
16772004352	16771859968	144384	512	5.915109
67917471232	67917268480	202752	512	2.388945
48941350912	48941117952	232960	512	2.945503
2052768256	2052549632	218624	512	4.531959
49186922496	49186745856	176640	512	6.314122
17013159936	17013002752	157184	512	7.486262
43072849920	43072607744	242176	512	4.643539
50081689600	50081535488	154112	512	4.945344
52830849536	52830678528	171008	512	4.424707
23840224768	23840011776	212992	512	5.989983
11160359936	11160129536	230400	512	4.049330
30068940800	30068733440	207360	512	4.178607
57741768192	57741607424	160768	512	6.363231
25391822848	25391682048	140800	512	7.731906
58889519616	58889290240	229376	512	4.259191
8236708352	8236559360	148992	512	7.786386
11855955968	11855777792	178176	512	7.038141
54486048256	54485812224	236032	512	4.279290
20982781440	20982639104	142336	512	5.965726
47997995520	47997852160	143360	512	7.250097
17644764160	17644508160	256000	512	5.192142
43177682944	43177545728	137216	512	5.612658
67915491840	67915360256	131584	512	4.799199
58389242880	58389020160	222720	512	2.470975
1896223744	1896058368	165376	512	5.697816
45863097344	45862956544	140800	512	5.474532
34190304256	34190073344	230912	512	3.456892
36917789696	36917632000	157696	512	7.123844
57296940544	57296739840	200704	512	5.168681
71925343232	71925196288	146944	512	3.881639
51301294592	51301084672	209920	512	3.422613
53528781824	53528538624	243200	512	4.052526
30370778112	30370645504	132608	512	7.821336
11804104192	11803915264	188928	512	6.834653
11012293120	11012059648	233472	512	5.799252
45707569664	45707319296	250368	512	2.486424
32221982208	32221726208	256000	512	2.984306
20886195712	20886026752	168960	512	7.280359
58515883520	58515680256	203264	512	4.908039
28163248640	28163037184	211456	512	4.153347
63625466880	63625256448	210432	512	2.591695
47537973248	47537722880	250368	512	4.339654
41081154560	41081003520	151040	512	7.283457
3461037568	3460878336	159232	512	7.653092
60097519104	60097358848	160256	512	4.422913
77299688960	77299484672	204288	512	11.642966
56923863040	56923621376	241664	512	2.117543
65555377664	65555120128	257536	512	12.008237
68263528960	68263391232	137728	512	4.611614
27083499520	27083305984	193536	512	4.621588
47075304960	47075059712	245248	512	4.455972
15909110272	15908963840	146432	512	7.715583
32205953536	32205777920	175616	512	6.796509
31274994688	31274742784	251904	512	4.884695
19802634240	19802439168	195072	512	6.582271
36513961984	36513710592	251392	512	2.857311
43539312128	43539136000	176128	512	6.467948
13049042432	13048892928	149504	512	7.696569
22982953984	22982700032	253952	512	4.953610
32521163264	32520951296	211968	512	4.067390
28403663872	28403492352	171520	512	7.026563
25069322752	25069141504	181248	512	6.757045
79852627456	79852433920	193536	512	2.594968
71340445696	71340253184	192512	512	4.341437
11839168512	11838973952	194560	512	6.688198
65883418624	65883169280	249344	512	12.255222
77590225408	77590048256	177152	512	12.827600
11380904448	11380679680	224768	512	4.141003
11495030272	11494883328	146944	512	5.909262
41121293312	41121038336	254976	512	2.651625
76232155648	76231917568	238080	512	11.107464
53775726080	53775514624	211456	512	4.979033
65187889152	65187696640	192512	512	3.000001
70626540032	70626309120	230912	512	12.237295
12481381888	12481235968	145920	512	5.958558
53558869504	53558684672	184832	512	3.858182
33371087872	33370854400	233472	512	5.206114
67340162048	67339952128	209920	512	2.128548
18883636224	18883439616	196608	512	4.789421
42745661952	42745483776	178176	512	4.545448
46646602752	46646431744	171008	512	6.537060
53890470400	53890245632	224768	512	4.611912
70975149568	70974989312	160256	512	5.479688
13720230400	13720006656	223744	512	4.163865
39687100416	39686931456	168960	512	6.739401
19227898368	19227720704	177664	512	6.993613
71430554624	71430353408	201216	512	3.983566
20491611136	20491388416	222720	512	4.075324
76732360704	76732100096	260608	512	9.315510
28701071360	28700839424	231936	512	3.679697
65444886016	65444665856	220160	512	3.931861
50161467904	50161258496	209408	512	5.209084
59401501696	59401286144	215552	512	2.688862
40539151872	40538993152	158720	512	6.987720
70523218432	70522967552	250880	512	11.509818
13395573760	13395358720	215040	512	6.182751
64827978240	64827779584	198656	512	2.828131
35161041408	35160789504	251904	512	4.781955
28036481536	28036286976	194560	512	6.446451
69721864704	69721722368	142336	512	4.367020
48454650880	48454408192	242688	512	4.668077
52584397312	52584245248	152064	512	4.950495
9924173312	9923957760	215552	512	4.391349
61301094912	61300940288	154624	512	6.307319
30861937152	30861688832	248320	512	3.171419
48282946560	48282792960	153600	512	6.942218
12251520512	12251305984	214528	512	6.203715
29884489216	29884335616	153600	512	7.320785
36491095040	36490845696	249344	512	3.075682
30921179648	30921021440	158208	512	5.369353
73013616640	73013391360	225280	512	2.980482
58105660928	58105488896	172032	512	5.862430
5378920448	5378773504	146944	512	5.983870
24776711168	24776512000	199168	512	6.330032
25865185280	25865036288	148992	512	5.658273
24931086848	24930843648	243200	512	5.218928
70024296448	70024060416	236032	512	12.242708
62828525568	62828347904	177664	512	3.633924
39616164352	39616014336	150016	512	5.417369
58865582080	58865444864	137216	512	6.930212
5970600960	5970444288	156672	512	5.736393
10815092736	10814835200	257536	512	3.405181
62372019712	62371759616	260096	512	2.963740
27312747008	27312598016	148992	512	7.502866
46449881600	46449678848	202752	512	5.648185
11948178432	11947969024	209408	512	6.352058
21806772224	21806521344	250880	512	5.310672
14525179904	14524999680	180224	512	5.190983
2981143552	2980997632	145920	512	8.023232
51466732544	51466534912	197632	512	3.745817
10981630976	10981476352	154624	512	5.749524
66702328320	66702195200	133120	512	4.923784
48790199296	48790049280	150016	512	7.036043
56137437184	56137183232	253952	512	12.860642
69045517312	69045382144	135168	512	6.465407
67435126272	67434955264	171008	512	3.402252
7185789952	7185543168	246784	512	5.587352
29170662912	29170512896	150016	512	7.432958
10587936256	10587710464	225792	512	6.004273
21350284800	21350089216	195584	512	4.731745
56260661760	56260453888	207872	512	4.984513
49106882560	49106701824	180736	512	4.374665
60517365248	60517168640	196608	512	5.144815
1974469120	1974228992	240128	512	4.070087
63030276608	63030080000	196608	512	4.883508
4457817600	4457570816	246784	512	3.874392
39625119744	39624908288	211456	512	3.764382
75941718528	75941513216	205312	512	12.527417
76438468096	76438222336	245760	512	10.782008
79429115392	79428864512	250880	512	9.275656
77746683392	77746511360	172032	512	13.071335
59027067904	59026811904	256000	512	12.652118
42824162816	42823905792	257024	512	2.432478
4038212096	4037986816	225280	512	4.314002
57642706944	57642464256	242688	512	13.131004
68437770752	68437608448	162304	512	5.661376
12558453248	12558320640	132608	512	8.085203
56321841664	56321638912	202752	512	5.148353
52682314752	52682121216	193536	512	5.637052
67931853824	67931634176	219648	512	3.719058
50854123520	50853956608	166912	512	4.627535
75004575232	75004358656	216576	512	12.227506
39836902400	39836713984	188416	512	4.395955
69293803520	69293605376	198144	512	2.434664
8183982592	8183720960	261632	512	3.401036
48904250368	48904082432	167936	512	6.572977
36907235328	36906975232	260096	512	2.648407
12957524480	12957263360	261120	512	5.167661
45092085760	45091897856	187904	512	4.169547
21721853952	21721633280	220672	512	6.010379
33268658176	33268478464	179712	512	4.792810
1370103296	1369922560	180736	512	7.232695
53359220736	53358980608	240128	512	2.220339
29663763968	29663618560	145408	512	7.534902
68539025920	68538784256	241664	512	12.198034
65920728576	65920478208	250368	512	2.997642
58473600512	58473411584	188928	512	3.524454
38501559808	38501322240	237568	512	3.231574
24061863936	24061647360	216576	512	5.899610
44411486208	44411244544	241664	512	2.790697
7172052480	7171854336	198144	512	6.575628
11057038336	11056902656	135680	512	6.185239
29500983808	29500846592	137216	512	5.898487
43779246080	43779059200	186880	512	4.430397
19625121792	19624952320	169472	512	5.326669
66258893824	66258758144	135680	512	6.629446
70431592448	70431424512	167936	512	3.319867
39323054592	39322804736	249856	512	2.776742
50427682816	50427546624	136192	512	7.295289
30390597632	30390458368	139264	512	7.647763
7768029184	7767819264	209920	512	6.391752
3930013696	3929812480	201216	512	4.861590
1291291136	1291029504	261632	512	3.635448
42851923968	42851745792	178176	512	4.479856
58270852608	58270687744	164864	512	6.109652
9192435712	9192230400	205312	512	6.447064
40385689600	40385504256	185344	512	6.290629
12393961984	12393806848	155136	512	7.609489
62506595328	62506398720	196608	512	4.964546
2409367040	2409203712	163328	512	7.544104
29009971712	29009768960	202752	512	4.291390
11744444928	11744211456	233472	512	3.939182
53283702784	53283495424	207360	512	5.121816
33040850432	33040611328	239104	512	3.409356
25364013056	25363798016	215040	512	4.038747
4852493312	4852309504	183808	512	5.217812
63670231040	63670001664	229376	512	3.831060
65036704256	65036500992	203264	512	4.511241
28338558976	28338304512	254464	512	3.150461
38937950208	38937779712	170496	512	6.701026
3704461824	3704297472	164352	512	7.508653
23815632896	23815412736	220160	512	5.822446
60277011456	60276787200	224256	512	2.413029
29074762240	29074536448	225792	512	5.546664
65010628608	65010452480	176128	512	5.453392
19000826880	19000635904	190976	512	4.812119
18382328832	18382173184	155648	512	7.511203
38382427648	38382176256	251392	512	4.741816
67659864064	67659697152	166912	512	5.467185
23139041792	23138893312	148480	512	5.679802
41860003328	41859789824	213504	512	5.453160
21351224832	21351075840	148992	512	5.822458
55444495872	55444326912	168960	512	6.209886
25271102464	25270845440	257024	512	4.926060
7171784192	7171616256	167936	512	5.578944
15841030656	15840816640	214016	512	6.155699
48419218944	48419003904	215040	512	5.278296
20491794432	20491639296	155136	512	7.494799
60966144000	60965961216	182784	512	5.352995
76819017728	76818801664	216064	512	11.220203
54546125312	54545918464	206848	512	3.239994
54847465984	54847327232	138752	512	7.098325
69916767232	69916606976	160256	512	5.571521
11885572608	11885383168	189440	512	4.966355
58060423168	58060245504	177664	512	3.987817
31050112512	31049872384	240128	512	5.176914
6686000640	6685868544	132096	512	6.298381
304027648	303862272	165376	512	7.535858
4708267008	4708107264	159744	512	7.611575
27273524736	27273294336	230400	512	5.553811
65309571584	65309439488	132096	512	5.003275
21636833792	21636656640	177152	512	6.979956
9521695232	9521509376	185856	512	6.898292
34319773696	34319632384	141312	512	7.568613
55500575232	55500382208	193024	512	5.486178
1921085440	1920827392	258048	512	3.698436
51409568768	51409411072	157696	512	4.834100
52700876800	52700739072	137728	512	7.216829
25457118720	25456903168	215552	512	5.823978
1064206336	1064028160	178176	512	5.542237
58172506624	58172267008	239616	512	13.084883
26961949184	26961696768	252416	512	5.029641
24268148224	24267914752	233472	512	5.564556
22616667136	22616434688	232448	512	3.845798
6667379200	6667177472	201728	512	6.590569
6670734848	6670479872	254976	512	3.539995
23962710016	23962562048	147968	512	7.564687
51953683456	51953491456	192000	512	3.826263
51967321600	51967113728	207872	512	5.275307
6298927104	6298747904	179200	512	7.199681
29392565760	29392311808	253952	512	4.874933
24167122432	24166902272	220160	512	3.964809
75756514816	75756355072	159744	512	3.127492
70945795072	70945606656	188416	512	4.466380
26618871808	26618680320	191488	512	6.436375
63204549632	63204331008	218624	512	4.200717
4529158656	4528936960	221696	512	6.240035
49001258496	49001074176	184320	512	6.169815
50262895616	50262641152	254464	512	2.186243
5106443776	5106223616	220160	512	6.259449
23324190720	23324027392	163328	512	5.309945
24137969664	24137769984	199680	512	6.301333
67295968768	67295754240	214528	512	13.158938
19071896576	19071638528	258048	512	3.276235
8937347584	8937197568	150016	512	5.869317
76251990016	76251853312	136704	512	5.772384
73169162752	73168927744	235008	512	2.693532
31857300480	31857067008	233472	512	3.481325
31491813376	31491600384	212992	512	5.898514
19588153856	19587995136	158720	512	5.572911
12785100800	12784882688	218112	512	6.148371
32886661632	32886482432	179200	512	6.690506
53209819648	53209564672	254976	512	13.194946
9744515072	9744347648	167424	512	7.278726
6323127296	6322931200	196096	512	4.866909
28658487808	28658228736	259072	512	3.033860
69380015616	69379838976	176640	512	3.150214
42939900416	42939704832	195584	512	5.926011
67370263040	67370061312	201728	512	2.439997
20102431744	20102188032	243712	512	5.453462
79940675584	79940532224	143360	512	2.872622
46502250496	46502105088	145408	512	7.180356
34997658624	34997521920	136704	512	7.690729
16193534976	16193368576	166400	512	0.442773
78306053120	78305866752	186368	512	3.227547
8666058752	8665878528	180224	512	7.005948
8927447552	8927282688	164864	512	7.375795
13877499392	13877308928	190464	512	6.776563
74237506048	74237297664	208384	512	12.568220
62840658944	62840457216	201728	512	4.705545
71722726400	71722537984	188416	512	2.470290
13557421056	13557202944	218112	512	4.381085
26671930880	26671689728	241152	512	3.450024
23208414208	23208171008	243200	512	5.215344
69907333120	69907093504	239616	512	12.111284
41975731712	41975581696	150016	512	7.116475
30189816832	30189629440	187392	512	4.661627
50557190144	50556984832	205312	512	3.573127
1157050368	1156830208	220160	512	6.406082
34721438208	34721287168	151040	512	5.546876
12301450752	12301239808	210944	512	6.302617
69505594880	69505341952	252928	512	2.373417
10733429760	10733266432	163328	512	7.389027
39651271680	39651018240	253440	512	2.703521
79960470016	79960257536	212480	512	1.697270
28428521472	28428365312	156160	512	7.361008
34639903232	34639670784	232448	512	3.439054
47946928128	47946700288	227840	512	3.089396
2526063616	2525837824	225792	512	4.392329
9211506176	9211295744	210432	512	6.317233
42202387968	42202189824	198144	512	4.090933
1583939072	1583700480	238592	512	4.141402
52015384576	52015232512	152064	512	6.777440
20079079424	20078894080	185344	512	4.949620
7017354240	7017129984	224256	512	6.155958
63867802112	63867615232	186880	512	3.299221
48934152192	48933996544	155648	512	6.926822
77977736192	77977490432	245760	512	9.925883
5351544320	5351331840	212480	512	6.342543
60080515072	60080278528	236544	512	3.848415
58632154112	58632016896	137216	512	6.846155
35509066752	35508904448	162304	512	5.179259
50321291776	50321095680	196096	512	5.655034
12026601984	12026443776	158208	512	7.524299
70645158400	70644896768	261632	512	11.159154
71996090368	71995861504	228864	512	12.124235
59076059648	59075852288	207360	512	2.906878
45924270080	45924023296	246784	512	4.422489
42276461568	42276293632	167936	512	6.637974
43021228032	43021010944	217088	512	5.348104
20745711104	20745563136	147968	512	7.693581
16531267584	16531125248	142336	512	5.954952
47611144704	47610993152	151552	512	6.987131
59370564096	59370404864	159232	512	6.247579
71157153280	71156971008	182272	512	4.695665
71623762944	71623623680	139264	512	4.259790
16432987136	16432742912	244224	512	3.610707
29267640320	29267421184	219136	512	5.695543
71733424640	71733213696	210944	512	12.737197
32185977856	32185838080	139776	512	7.693088
7320211456	7319993856	217600	512	6.241798
37180054016	37179886592	167424	512	5.009526
66846672896	66846536192	136704	512	6.466199
9767630848	9767455232	175616	512	7.112343
15858206720	15857971712	235008	512	5.674041
5788678144	5788509696	168448	512	5.475077
9157280256	9157025792	254464	512	3.484652
2305845248	2305695744	149504	512	6.028498
49430774784	49430576128	198656	512	5.586640
7397251072	7396996608	254464	512	5.383862
76754378752	76754176000	202752	512	11.754862
63563782656	63563557888	224768	512	3.986399
17015817216	17015676928	140288	512	7.861484
15771106304	15770910208	196096	512	4.728588
38811189248	38811042816	146432	512	7.317456
33855975424	33855803392	172032	512	4.948893
77895722496	77895497728	224768	512	10.828124
45520749568	45520592384	157184	512	6.849560
28034123264	28033874432	248832	512	3.260527
66234870272	66234714624	155648	512	5.992197
12946640384	12946418176	222208	512	6.033397
54160052224	54159881216	171008	512	6.158834
3961179648	3961030144	149504	512	7.844357
73353258496	73353050624	207872	512	12.567830
9653417472	9653251584	165888	512	7.345989
47825485312	47825346560	138752	512	5.487365
43070921216	43070777344	143872	512	0.496986
18662204928	18661974528	230400	512	3.930443
26790110208	26789891584	218624	512	5.815776
59661905920	59661681664	224256	512	4.311629
52179224576	52179091968	132608	512	7.366753
55135062528	55134806528	256000	512	3.660995
53106988544	53106836480	152064	512	6.824918
8709375488	8709176832	198656	512	6.588779
25295010304	25294860800	149504	512	5.652541
36583633408	36583446528	186880	512	4.517978
39042165248	39041904640	260608	512	4.323113
44382560256	44382335488	224768	512	3.273707
78004129792	78003902464	227328	512	10.737246
9916784128	9916598272	185856	512	5.071415
47013511680	47013327360	184320	512	6.144615
60060425216	60060219904	205312	512	4.863287
45649938944	45649803264	135680	512	7.456161
14139198464	14139042816	155648	512	7.565257
16513743872	16513526784	217088	512	6.063030
23885364224	23885191680	172544	512	6.946821
35607824384	35607653888	170496	512	6.847437
67817725440	67817465344	260096	512	11.531048
1153514496	1153252864	261632	512	5.478498
16539156480	16538996736	159744	512	7.398604
66836244480	66836011520	232960	512	3.176658
43873243648	43873105920	137728	512	5.567135
46096260608	46096041472	219136	512	5.196027
4125443584	4125244928	198656	512	4.888929
36880714752	36880489984	224768	512	3.529925
12524555264	12524339712	215552	512	4.376691
16079684608	16079431168	253440	512	5.243193
20259664384	20259472384	192000	512	4.755752
26334696448	26334517248	179200	512	6.783074
52640778240	52640645632	132608	512	5.528134
60264721920	60264586240	135680	512	6.962489
2878693376	2878521344	172032	512	5.452108
49958494208	49958235136	259072	512	13.167643
6261000192	6260816384	183808	512	5.124295
23886092800	23885932544	160256	512	5.417714
28377043456	28376871424	172032	512	5.109715
75330153984	75329917952	236032	512	13.230038
64961530880	64961390592	140288	512	6.567427
1126255104	1126026240	228864	512	6.160000
36430431744	36430207488	224256	512	3.655861
3591798784	3591656448	142336	512	7.947842
8537100800	8536935424	165376	512	7.471492
12852084224	12851841024	243200	512	5.583217
39113203712	39112973824	229888	512	3.287219
16993809920	16993667584	142336	512	5.968369
29735230976	29735070208	160768	512	7.109151
58409080320	58408843776	236544	512	3.904727
78517091328	78516868096	223232	512	10.900787
14142541312	14142404096	137216	512	8.000434
41188494336	41188335104	159232	512	5.139249
695783424	695542272	241152	512	4.065146
13595122688	13594887168	235520	512	3.912612
14024829440	14024669696	159744	512	5.654106
62103288832	62103094784	194048	512	4.958910
44191919616	44191760896	158720	512	5.022249
19464756736	19464587264	169472	512	5.373119
47559314432	47559071744	242688	512	4.546918
32014701056	32014535168	165888	512	5.177860
10925494272	10925341184	153088	512	7.709794
23068788224	23068599808	188416	512	4.736883
9209859584	9209702912	156672	512	5.746520
4453714432	4453474816	239616	512	4.019451
74887845376	74887587840	257536	512	10.747547
27963346944	27963152896	194048	512	6.442966
22278616576	22278419456	197120	512	4.633640
7109043712	7108857856	185856	512	5.119464
79259393536	79259151360	242176	512	9.648753
13237370368	13237151232	219136	512	6.195173
16270721024	16270586880	134144	512	7.993767
6911075840	6910908416	167424	512	7.375100
19620899328	19620759552	139776	512	7.824869
51548401152	51548235264	165888	512	4.575666
6450688	6319104	131584	512	8.259061
34413217792	34412999680	218112	512	5.627140
43951643136	43951397888	245248	512	0.425588
35234997248	35234799616	197632	512	6.260428
2798256128	2798033408	222720	512	6.221446
7371222528	7370983424	239104	512	5.776866
75963559424	75963360768	198656	512	12.760999
58681465856	58681249792	216064	512	4.507633
77294876160	77294698496	177664	512	12.842087
26483144704	26483012608	132096	512	6.096620
2254627840	2254464512	163328	512	7.559821
54547109888	54546855936	253952	512	3.767474
16287264256	16287104000	160256	512	7.403793
55992608256	55992415744	192512	512	3.686279
61497860096	61497688064	172032	512	5.722815
64350770688	64350557184	213504	512	2.340370
51228314112	51228110848	203264	512	5.476076
37071689728	37071499264	190464	512	4.430728
45595713024	45595455488	257536	512	4.159085
72969386496	72969128448	258048	512	11.104624
34034878976	34034670592	208384	512	5.909601
40342481920	40342323200	158720	512	5.182002
53822406144	53822215168	190976	512	3.719537
9038938112	9038779904	158208	512	7.502363
24258505728	24258296832	208896	512	6.095738
66700141568	66699880448	261120	512	2.627500
1337844736	1337709056	135680	512	8.151058
14141639168	14141429760	209408	512	6.377663
61223326720	61223089664	237056	512	12.840987
20381171712	20381033984	137728	512	7.933981
51297127424	51296871936	255488	512	4.022803
48545969664	48545788416	181248	512	6.224475
20735098368	20734903808	194560	512	4.756281
71432789504	71432575488	214016	512	3.588126
76110288896	76110098944	189952	512	3.841239
77631686656	77631448064	238592	512	10.195936
47203920384	47203674624	245760	512	2.594393
73567879168	73567618560	260608	512	10.614664
75832985088	75832750592	234496	512	2.165414
3136437248	3136285696	151552	512	7.771290
75700542464	75700382208	160256	512	3.142432
29596124672	29595945472	179200	512	6.682536
20791089664	20790930432	159232	512	7.435895
74338718208	74338502656	215552	512	3.040517
20286795776	20286561792	233984	512	5.706512
16879931392	16879797760	133632	512	6.160576
5677895680	5677636608	259072	512	3.451959
7510068736	7509868032	200704	512	6.629333
35805243392	35805005824	237568	512	3.330323
5111381504	5111224320	157184	512	7.657028
67640060416	67639886848	173568	512	5.247240
33104530432	33104391168	139264	512	5.744265
30969930752	30969728000	202752	512	6.151621
57570135552	57569984512	151040	512	6.663315
77306529792	77306331648	198144	512	11.923988
46567559168	46567362560	196608	512	5.801716
54481945600	54481782272	163328	512	4.540677
46154416640	46154268160	148480	512	0.377453
29377529856	29377295872	233984	512	3.668887
15944537088	15944395264	141824	512	7.834829
21208327680	21208176128	151552	512	7.708163
6157400064	6157218816	181248	512	7.042008
3390729216	3390546432	182784	512	5.274670
68665900544	68665760768	139776	512	6.273444
49982876672	49982676480	200192	512	3.658309
67102610432	67102458368	152064	512	4.082891
73768809472	73768601088	208384	512	3.293194
15121705472	15121482752	222720	512	6.064944
33871689216	33871477760	211456	512	5.851852
77645697536	77645473280	224256	512	10.991523
17021878272	17021665280	212992	512	6.181580
40477006336	40476845056	161280	512	6.953203
12430057984	12429840896	217088	512	4.203210
10170110976	10169942528	168448	512	5.423633
26010316288	26010087424	228864	512	5.611975
28077968896	28077718528	250368	512	3.238176
71135622144	71135371264	250880	512	11.542555
40753510912	40753361920	148992	512	5.488083
7136411648	7136253952	157696	512	5.833894
18785035776	18784774656	261120	512	5.062546
46926759936	46926545408	214528	512	3.455092
74086416896	74086218752	198144	512	13.065122
37145015808	37144852480	163328	512	6.939356
58467106816	58466881024	225792	512	2.324373
75852701184	75852561408	139776	512	5.736815
27820560384	27820342784	217600	512	5.890860
78516506624	78516358656	147968	512	2.992610
53246729728	53246552576	177152	512	4.232609
27036359168	27036167680	191488	512	6.379948
294436864	294196736	240128	512	4.042792
46368287744	46368144384	143360	512	7.255717
34365382656	34365234688	147968	512	7.434078
2438232064	2438092288	139776	512	8.227023
74701828608	74701661184	167424	512	4.746645
63795588608	63795404800	183808	512	5.360437
2371053056	2370881536	171520	512	7.284660
72047712768	72047564288	148480	512	3.914859
61831899648	61831735808	163840	512	4.146087
46167732224	46167562752	169472	512	4.684578
69769104896	69768955904	148992	512	5.979631
29543276544	29543026176	250368	512	5.095640
12727542784	12727281152	261632	512	3.328559
40443000832	40442866688	134144	512	7.633491
6326303232	6326059008	244224	512	5.653847
69487905280	69487688704	216576	512	12.913322
38848889344	38848657408	231936	512	5.084616
73802155008	73801914368	240640	512	0.595907
17331800576	17331572224	228352	512	5.708686
60559046144	60558835712	210432	512	4.691203
37185537024	37185299456	237568	512	5.090963
14418440704	14418179584	261120	512	3.340291
73277431296	73277298176	133120	512	6.269455
15120033280	15119899648	133632	512	8.067782
53836105728	53835924480	181248	512	4.016267
61250954240	61250727424	226816	512	4.035458
52724560896	52724306432	254464	512	3.965442
38010272256	38010121728	150528	512	7.303937
76146455040	76146228736	226304	512	11.620459
25623574528	25623403008	171520	512	5.132982
46186049024	46185817600	231424	512	4.864364
44269080576	44268918272	162304	512	6.824734
25116630016	25116486656	143360	512	7.648297
40325952000	40325693952	258048	512	2.563822
33660472320	33660243968	228352	512	5.405868
5756529664	5756327936	201728	512	6.549010
31779572736	31779344896	227840	512	5.498798
28715535872	28715277824	258048	512	4.914946
61321195008	61321049088	145920	512	4.684740
45617342976	45617172480	170496	512	4.585679
11426824192	11426574336	249856	512	5.490261
47993318912	47993114624	204288	512	3.782814
78984344064	78984195072	148992	512	4.523463
34178624000	34178391552	232448	512	5.323491
56907281920	56907039744	242176	512	2.101523
63477273088	63477013504	259584	512	12.193236
73110813184	73110673920	139264	512	6.050475
55850684416	55850525696	158720	512	6.487280
78442196992	78441959424	237568	512	10.300781
72250857472	72250661888	195584	512	2.201460
2605123072	2604974592	148480	512	7.842918
865605632	865361920	243712	512	4.057627
63992376832	63992238592	138240	512	6.616645
65871962624	65871787008	175616	512	5.390238
12153886208	12153675776	210432	512	6.328231
18149426176	18149168128	258048	512	3.267186
3470446080	3470208000	238080	512	4.040383
49330958336	49330725376	232960	512	4.650767
59130349568	59130123264	226304	512	4.266776
35108418560	35108183552	235008	512	5.177688
58613772800	58613595136	177664	512	5.682081
69352735232	69352598016	137216	512	6.366989
18747620864	18747392000	228864	512	5.778981
61466363904	61466157056	206848	512	2.803705
76193839616	76193587712	251904	512	10.515424
4672665088	4672480768	184320	512	7.082467
33351473152	33351222272	250880	512	4.875187
2520129024	2519922688	206336	512	6.625376
8328357376	8328126976	230400	512	5.872931
55751527936	55751383552	144384	512	5.070184
60252026368	60251831808	194560	512	3.389283
7783307264	7783172096	135168	512	8.104946
8880879104	8880732160	146944	512	7.734490
29352438272	29352256512	181760	512	4.800758
40141796864	40141573632	223232	512	5.305168
10822219264	10822062080	157184	512	7.426741
29869754368	29869589504	164864	512	5.206514
79934220800	79934023680	197120	512	11.674896
11811437056	11811198464	238592	512	5.759098
45895448064	45895273472	174592	512	6.376969
15699336704	15699150848	185856	512	6.803656
9325358080	9325133824	224256	512	4.133611
52130071040	52129928704	142336	512	7.075449
4643232768	4643013120	219648	512	6.293676
68778981376	68778738176	243200	512	12.175975
33366266368	33366102016	164352	512	5.165237
50523254272	50523024384	229888	512	4.712933
65406190592	65405996544	194048	512	4.835538
67920196608	67919958528	238080	512	12.375480
55754054656	55753872896	181760	512	5.843576
73274448896	73274308608	140288	512	6.028500
1675235328	1674973184	262144	512	5.458233
17566077952	17565874688	203264	512	6.398066
39955991040	39955813888	177152	512	4.632160
77993176576	77993008128	168448	512	3.951249
7599496704	7599303168	193536	512	6.791751
33593817088	33593645568	171520	512	6.785620
10914331648	10914147328	184320	512	6.922057
34480948224	34480731648	216576	512	5.660225
31097008128	31096855040	153088	512	7.437544
34371911680	34371735552	176128	512	4.877037
16822743040	16822507520	235520	512	5.675943
78323923968	78323738624	185344	512	3.257879
27158406656	27158233088	173568	512	5.068465
44977990144	44977741312	248832	512	2.692920
17037617152	17037384192	232960	512	3.854533
54325180928	54324941312	239616	512	4.207608
19471515648	19471360000	155648	512	5.650391
19636845056	19636683776	161280	512	7.358463
69965005312	69964796928	208384	512	3.914916
74802723328	74802573824	149504	512	3.649806
61181648384	61181515264	133120	512	6.969782
1270025216	1269816832	208384	512	4.736962
61471416832	61471221248	195584	512	5.003447
58797850112	58797639680	210432	512	2.877145
42283712000	42283573760	138240	512	7.479977
60927770624	60927610880	159744	512	4.276818
69516559360	69516332544	226816	512	3.318539
78352057344	78351865344	192000	512	12.239510
65354244608	65354040832	203776	512	2.677033
1204304384	1204124160	180224	512	7.186006
46976076288	46975872000	204288	512	5.599459
7243943936	7243684864	259072	512	3.514520
67701410304	67701178368	231936	512	3.261437
54634255872	54634084864	171008	512	6.158280
22658200064	22658040320	159744	512	7.405578
48188718592	48188536320	182272	512	6.171199
27343180800	27342926336	254464	512	4.986205
6531315200	6531150336	164864	512	5.568240
54509608960	54509350912	258048	512	12.879946
50905763840	50905508352	255488	512	2.165560
10364437504	10364263424	174080	512	7.163254
36924045824	36923850752	195072	512	6.147034
57672830976	57672692736	138240	512	7.043723
74155099136	74154848768	250368	512	10.994215
65743656448	65743501824	154624	512	6.033052
56559042560	56558879744	162816	512	4.546038
67708920832	67708694528	226304	512	3.529156
21479333376	21479134208	199168	512	6.493329
29019442176	29019214336	227840	512	3.666494
10851462144	10851230208	231936	512	5.793177
4029955072	4029792768	162304	512	7.551161
4201683456	4201548800	134656	512	0.428326
3862201344	3862035968	165376	512	0.426956
19418479104	19418306048	173056	512	7.090063
43169199616	43168958976	240640	512	2.859740
976787968	976567296	220672	512	4.444063
61700759552	61700497920	261632	512	12.194609
33358957056	33358806528	150528	512	7.367148
11989750784	11989518848	231936	512	5.848984
24431729664	24431501312	228352	512	3.756440
23952809984	23952653824	156160	512	5.513830
12858327040	12858130432	196608	512	6.654218
3424441856	3424272896	168960	512	7.399471
2183128064	2182938112	189952	512	7.088111
40539522048	40539378176	143872	512	7.415767
57920272384	57920059392	212992	512	4.812713
13995768832	13995552768	216064	512	6.157764
27953376768	27953238528	138240	512	7.794988
74882903040	74882644992	258048	512	10.696809
38994416640	38994184192	232448	512	3.219031
63651111936	63650968576	143360	512	4.717467
55662197760	55661960704	237056	512	2.384626
46093833728	46093696000	137728	512	7.385247
29839643648	29839486976	156672	512	7.253719
72910655488	72910409728	245760	512	11.486614
67755953152	67755695616	257536	512	11.690652
20805518336	20805309440	208896	512	6.263718
27591685632	27591535616	150016	512	7.508913
76668862464	76668699648	162816	512	4.216207
10931307008	10931075072	231936	512	5.836763
63928366592	63928123904	242688	512	3.256603
6615251968	6615007232	244736	512	5.623607
60951180288	60950990336	189952	512	5.148262
22897981952	22897788928	193024	512	4.704621
29382543872	29382403584	140288	512	7.658845
36570629632	36570417664	211968	512	3.884673
9874926080	9874697728	228352	512	5.926601
45205313024	45205138944	174080	512	4.534816
45403661312	45403464704	196608	512	3.896175
57663345664	57663131136	214528	512	4.740202
34135877120	34135697408	179712	512	6.608996
24859808768	24859601920	206848	512	6.134969
79735529472	79735347200	182272	512	12.300755
33762436608	33762281472	155136	512	7.245370
55871775744	55871567872	207872	512	11.484092
71439857664	71439663616	194048	512	2.389447
25577119744	25576858624	261120	512	4.842324
53689661952	53689464832	197120	512	5.423911
26749346816	26749131776	215040	512	4.097957
78511463936	78511296000	167936	512	3.962734
1643323904	1643119616	204288	512	6.692691
61926920704	61926678528	242176	512	3.579524
8007354880	8007121408	233472	512	3.987798
71584171520	71584009728	161792	512	5.406585
60564260864	60564085760	175104	512	3.879093
63019044352	63018851840	192512	512	5.030021
58920841728	58920676864	164864	512	6.154534
20305589248	20305381888	207360	512	6.362165
58390770688	58390564352	206336	512	4.823416
58358688768	58358477312	211456	512	4.640089
64830512640	64830339584	173056	512	5.486931
3992830976	3992623616	207360	512	6.538153
42576429056	42576228864	200192	512	3.948124
39873850880	39873650176	200704	512	5.901724
20947176448	20947016192	160256	512	7.374015
34157427200	34157233152	194048	512	4.427865
6252646912	6252457984	188928	512	6.871017
19489100800	19488907776	193024	512	6.630713
11664146432	11663987712	158720	512	5.599436
5440802816	5440602112	200704	512	6.618026
77680608768	77680403968	204800	512	11.691584
57015483904	57015262720	221184	512	4.592481
79072753152	79072551936	201216	512	11.490780
34682457088	34682197504	259584	512	4.646458
76159081984	76158930944	151040	512	3.362675
8335362560	8335175168	187392	512	6.955673
33714335744	33714146304	189440	512	6.484011
27710622208	27710480896	141312	512	7.706886
78223833600	78223643648	189952	512	3.048191
68788575232	68788320256	254976	512	11.768802
55338372608	55338215936	156672	512	4.755810
57024203776	57024062976	140800	512	5.082489
6475381248	6475156992	224256	512	6.065141
35672371200	35672176128	195072	512	4.372538
46119669248	46119534080	135168	512	7.460585
6582333952	6582174208	159744	512	0.411482
56198503424	56198348288	155136	512	6.548224
34858862080	34858691584	170496	512	5.025392
57775010304	57774852608	157696	512	6.480644
35147783168	35147551744	231424	512	3.487601
18227257856	18227111424	146432	512	7.689481
15377285632	15377070592	215040	512	4.253595
23208294912	23208037888	257024	512	4.916583
23429064704	23428807680	257024	512	4.916079
54027889664	54027658240	231424	512	2.565813
44791357440	44791127552	229888	512	5.024031
46935246336	46935042048	204288	512	5.553512
66117621760	66117483520	138240	512	6.648821
75561637888	75561458176	179712	512	2.350936
66658935296	66658687488	247808	512	3.068849
32625996800	32625833984	162816	512	7.147024
17621928960	17621758976	169984	512	5.327942
3505424896	3505268736	156160	512	5.818916
2816632832	2816461824	171008	512	7.379731
33409541632	33409376256	165376	512	5.008486
52593558528	52593304064	254464	512	13.157835
44121849344	44121655808	193536	512	4.161246
1882304512	1882141696	162816	512	5.743136
13796711424	13796466688	244736	512	5.548439
67897253376	67897091584	161792	512	5.615349
3326768128	3326575616	192512	512	5.061473
21157125632	21156869632	256000	512	3.323357
63371286016	63371113984	172032	512	5.668085
51107888128	51107701248	186880	512	5.884587
30778347520	30778160640	186880	512	6.531032
50304126464	50303905280	221184	512	4.964417
18619068928	18618827264	241664	512	3.676638
23236050432	23235819008	231424	512	5.553728
6869962240	6869753344	208896	512	4.513910
44834578432	44834355712	222720	512	5.218442
77941191680	77940967424	224256	512	10.885441
5148484608	5148286976	197632	512	6.777442
62292430848	62292270592	160256	512	6.123099
41061881856	41061720576	161280	512	6.895677
47389324800	47389172224	152576	512	6.990037
67532729344	67532480512	248832	512	11.968438
70203274752	70203069440	205312	512	13.120408
32702181888	32701980160	201728	512	4.316411
58249117184	58248926208	190976	512	3.466145
79748659200	79748503552	155648	512	2.393930
38116261888	38116017152	244736	512	4.907355
20692381696	20692135936	245760	512	3.556137
1302366720	1302126592	240128	512	4.095351
1342007296	1341793792	213504	512	4.659177
57210252288	57210071040	181248	512	3.894728
64787763712	64787569664	194048	512	2.959470
244135936	243932672	203264	512	6.678746
13890493440	13890301440	192000	512	6.775192
47125986304	47125808128	178176	512	4.458856
74760345088	74760133632	211456	512	12.449530
62130948608	62130705920	242688	512	12.818218
24504726016	24504470016	256000	512	4.972337
68259377152	68259239424	137728	512	6.467551
10187791872	10187592704	199168	512	4.726681
67181379072	67181117952	261120	512	11.544829
24866278400	24866102784	175616	512	6.890552
36857882112	36857658880	223232	512	3.566651
76893448704	76893258752	189952	512	12.318016
60391766016	60391606784	159232	512	4.462904
68244572672	68244326400	246272	512	2.796178
35545956864	35545751552	205312	512	6.052390
79984884224	79984667136	217088	512	12.615077
23151703040	23151469568	233472	512	3.629738
48927804416	48927566336	238080	512	2.814000
18417475584	18417227776	247808	512	3.510231
53788782080	53788600320	181760	512	5.852413
25318306816	25318053888	252928	512	5.044254
39591047168	39590863872	183296	512	6.347790
23090069504	23089817088	252416	512	3.178391
79985755136	79985507328	247808	512	9.425211
63434937856	63434686464	251392	512	3.094458
54418135040	54417887744	247296	512	3.948670
9954526720	9954274304	252416	512	3.509035
70829293056	70829107200	185856	512	2.702597
54628097536	54627836928	260608	512	12.818582
7052018688	7051819520	199168	512	6.620856
58373926400	58373777408	148992	512	6.602900
77117611008	77117450752	160256	512	2.478358
46891026432	46890843136	183296	512	4.269151
6354662400	6354458624	203776	512	0.441478
49994152448	49993915392	237056	512	2.641500
18298870784	18298668032	202752	512	6.418409
55192786432	55192603136	183296	512	3.943886
52721681920	52721519616	162304	512	4.709526
31936506368	31936349696	156672	512	5.433900
17036656640	17036440576	216064	512	4.249737
54032574464	54032413184	161280	512	6.449005
59571944448	59571705856	238592	512	3.812756
72509103616	72508901376	202240	512	3.855506
67840534528	67840301568	232960	512	12.504113
14195006464	14194855424	151040	512	7.701228
70936245760	70936042496	203264	512	13.214346
6346372096	6346227712	144384	512	6.038337
39765906432	39765752320	154112	512	7.123500
42250646528	42250461696	184832	512	4.340198
804279296	804058624	220672	512	4.494227
69935033856	69934886912	146944	512	4.174013
55822263296	55822118912	144384	512	6.920885
4183175168	4183010304	164864	512	7.485571
74313536512	74313344512	192000	512	13.189522
69216029696	69215787008	242688	512	12.045113
79573284352	79573048320	236032	512	9.923865
79764344832	79764090880	253952	512	9.117573
51247421440	51247271424	150016	512	6.921869
64821144576	64820941824	202752	512	2.695712
36539051008	36538851328	199680	512	6.052217
65565774336	65565550592	223744	512	13.090338
73952075776	73951817216	258560	512	10.719456
32308417024	32308226560	190464	512	4.553934
47301846016	47301646336	199680	512	3.859354
59809191936	59808954368	237568	512	13.146389
44003772928	44003615232	157696	512	6.945169
41624484352	41624245760	238592	512	3.096986
33081631232	33081494016	137216	512	7.661048
21862015488	21861817856	197632	512	6.540388
21579733504	21579591680	141824	512	5.967377
28918391808	28918142464	249344	512	3.150875
79048434176	79048258048	176128	512	3.208650
4946145280	4946009600	135680	512	8.086777
56639982592	56639738880	243712	512	3.927029
188298240	188043776	254464	512	5.612263
43122517504	43122299392	218112	512	5.298624
1265352704	1265136128	216576	512	4.566588
68822868480	68822633984	234496	512	12.452719
77388563968	77388407296	156672	512	4.471175
18408123904	18407958528	165376	512	5.327303
18525976064	18525765632	210432	512	4.453540
48163297792	48163151872	145920	512	7.159749
75361647616	75361396736	250880	512	10.781242
4498274304	4498093568	180736	512	7.147215
24686718464	24686567936	150528	512	5.632467
66565928960	66565786112	142848	512	6.480976
71978268160	71978092544	175616	512	2.943129
74639935488	74639768064	167424	512	2.984200
64623249408	64623049728	199680	512	2.779471
22485415936	22485158400	257536	512	5.154970
43206439936	43206213120	226816	512	5.151658
77583186432	77583029760	156672	512	4.468574
49101621248	49101360640	260608	512	2.218429
73651977216	73651716096	261120	512	10.580878
46123365376	46123190784	174592	512	6.402185
37288472064	37288290304	181760	512	6.530827
12183636480	12183401984	234496	512	4.050077
12537479680	12537293824	185856	512	6.912150
66162710528	66162527744	182784	512	3.305967
65320716288	65320571392	144896	512	6.456939
15246594048	15246439424	154624	512	0.456802
26078596608	26078401536	195072	512	4.578544
52777664512	52777510912	153600	512	4.896499
16347522048	16347312640	209408	512	4.280547
58972084224	58971900416	183808	512	5.477100
46016453632	46016261632	192000	512	5.918468
52143049216	52142799360	249856	512	4.079336
43256873984	43256727552	146432	512	7.241125
73702311424	73702086656	224768	512	2.678185
48332942848	48332734976	207872	512	3.621487
962320896	962077696	243200	512	3.994767
36598884352	36598634496	249856	512	4.751599
36904752640	36904573952	178688	512	6.574208
61302342144	61302196736	145408	512	4.672928
22330321920	22330155520	166400	512	7.267229
51866381824	51866221568	160256	512	6.591331
43514489344	43514279424	209920	512	5.549688
59903622144	59903454208	167936	512	5.897723
34732204544	34732022272	182272	512	12.909657
40752740352	40752568320	172032	512	4.800711
4101997056	4101777920	219136	512	6.320465
22908106752	22907929600	177152	512	4.970788
65069701632	65069508096	193536	512	4.848624
64720692736	64720505856	186880	512	4.953026
39427947520	39427707392	240128	512	4.871831
20121032704	20120826880	205824	512	0.449168
15337059840	15336827392	232448	512	3.879384
13479155712	13478917632	238080	512	3.866065
6405511680	6405337600	174080	512	5.365453
41886104064	41885947904	156160	512	7.023345
52311700992	52311500288	200704	512	3.609668
45743828480	45743601664	226816	512	3.117015
18507136000	18506951168	184832	512	4.986581
50231075328	50230883840	191488	512	5.794158
62806120960	62805989376	131584	512	5.216558
21865178624	21864992768	185856	512	6.801824
804348416	804173824	174592	512	5.468183
58025470976	58025257472	213504	512	2.946697
16447242752	16447054848	187904	512	4.917607
42554974720	42554826752	147968	512	5.320978
21458323968	21458148352	175616	512	5.196368
4801083904	4800828928	254976	512	5.571517
38683036672	38682895360	141312	512	7.405882
16292856320	16292710400	145920	512	7.780150
47302391296	47302170624	220672	512	5.152556
21462592000	21462373888	218112	512	4.214672
65109056000	65108900864	155136	512	6.073488
51385066496	51384853504	212992	512	5.181147
49370727936	49370516480	211456	512	3.407146
76874276864	76874141696	135168	512	5.323401
29126585344	29126453760	131584	512	6.022668
43963271680	43963021312	250368	512	2.613648
22381656576	22381475328	181248	512	6.923299
23802173440	23802003456	169984	512	0.421202
54889127936	54888893952	233984	512	2.445474
75325772800	75325612544	160256	512	5.022912
74819784704	74819622400	162304	512	5.040582
22787879424	22787654656	224768	512	5.914466
74486503936	74486270976	232960	512	11.663774
21168767488	21168530944	236544	512	3.795964
31220829184	31220641792	187392	512	4.651529
66761241088	66761040896	200192	512	4.610629
46643893760	46643732480	161280	512	6.731954
5755376640	5755125760	250880	512	3.635852
75567581184	75567422976	158208	512	5.061716
4982412288	4982151168	261120	512	3.531301
58353899008	58353716224	182784	512	5.545236
32003860480	32003624960	235520	512	3.457181
11395631616	11395392512	239104	512	3.843678
8903531520	8903353856	177664	512	5.233544
59594561536	59594361856	199680	512	3.170861
25006620672	25006397440	223232	512	3.883471
24797024256	24796824064	200192	512	4.397907
28095841280	28095596032	245248	512	5.207463
20908973568	20908729344	244224	512	3.608586
33692376064	33692128768	247296	512	3.114912
69133056000	69132850688	205312	512	4.119409
13799518720	13799285248	233472	512	3.970888
13432236032	13432017920	218112	512	6.124801
42245085696	42244876800	208896	512	5.578589
43452990464	43452834304	156160	512	5.110063
22814335488	22814159360	176128	512	6.992406
48255636992	48255482368	154624	512	5.038036
51799268352	51799127552	140800	512	7.121232
46802645504	46802428416	217088	512	5.280926
35901437440	35901200384	237056	512	3.350057
54907234304	54907017216	217088	512	2.948379
23722820096	23722613248	206848	512	4.272894
38749939200	38749780992	158208	512	6.983913
34738630144	34738444288	185856	512	6.490594
16664722432	16664546304	176128	512	7.030146
73350016000	73349837824	178176	512	2.605581
79954631680	79954488320	143360	512	4.818014
60693211648	60693024256	187392	512	5.430759
18719454208	18719258624	195584	512	4.694467
60790093824	60789876224	217600	512	4.464947
50119898624	50119693312	205312	512	5.471329
67049072640	67048929792	142848	512	6.280604
63185448960	63185271808	177152	512	3.632890
23954770432	23954542592	227840	512	3.756950
68712878592	68712632320	246272	512	12.181669
26607946240	26607730176	216064	512	5.911439
36655754752	36655600640	154112	512	7.136365
38118686208	38118444544	241664	512	3.130718
66118636544	66118469120	167424	512	5.675210
69558358016	69558180352	177664	512	3.131447
7042519552	7042360832	158720	512	5.706992
61972870144	61972710400	159744	512	6.152367
47550404608	47550272000	132608	512	5.659639
34175334912	34175142912	192000	512	6.261770
73884497920	73884274176	223744	512	11.867390
49182863360	49182716416	146944	512	7.109742
49578958848	49578784256	174592	512	4.403486
56760985088	56760824832	160256	512	6.470074
72701387264	72701135872	251392	512	11.299043
54255947264	54255711744	235520	512	2.396032
45590023168	45589827584	195584	512	5.820742
75919898112	75919651840	246272	512	10.953009
36999917056	36999774720	142336	512	7.528612
26435112960	26434916864	196096	512	6.409906
26964367872	26964140032	227840	512	5.653013
42113124864	42112904192	220672	512	5.281910
72174059008	72173866496	192512	512	2.315288
37813728768	37813535744	193024	512	6.195516
40786168832	40785995776	173056	512	4.761543
66804949504	66804701696	247808	512	2.723991
29840970752	29840798208	172544	512	6.864297
63320825344	63320566784	258560	512	2.913237
32378405376	32378210304	195072	512	6.325262
15482412032	15482183168	228864	512	3.980343
135006720	134761472	245248	512	3.976944
8180558848	8180395520	163328	512	7.446510
2398256128	2398060032	196096	512	6.869438
23867505152	23867308544	196608	512	6.362291
29254469120	29254286848	182272	512	6.606202
68308122624	68307920384	202240	512	4.282324
26885781504	26885573120	208384	512	4.338405
25720470528	25720286208	184320	512	6.694402
34198955008	34198808064	146944	512	7.429265
53099351552	53099205120	146432	512	5.117082
39405484032	39405350400	133632	512	7.618376
57610764800	57610541056	223744	512	2.660438
1439114752	1438942720	172032	512	7.362248
2744591872	2744433152	158720	512	7.703124
48368868352	48368732672	135680	512	7.440234
56659028480	56658810880	217600	512	2.818144
55871736832	55871577088	159744	512	12.824661
79034384384	79034242560	141824	512	2.961490
28066046976	28065799168	247808	512	3.304273
76902970880	76902772736	198144	512	2.737886
48485840384	48485698560	141824	512	7.271147
73891094016	73890834432	259584	512	10.628619
59126148608	59125908480	240128	512	13.086366
29076186624	29075987968	198656	512	6.250324
38157918720	38157766656	152064	512	7.237661
68378746880	68378596352	150528	512	4.155244
3943398912	3943253504	145408	512	7.926280
27987376640	27987125760	250880	512	3.232768
16010105344	16009882112	223232	512	5.945212
21945787392	21945545728	241664	512	3.658823
70606589952	70606331392	258560	512	11.233680
32219746304	32219488768	257536	512	2.970784
73805743616	73805487616	256000	512	10.811831
56506715136	56506543104	172032	512	5.974460
11555300352	11555080704	219648	512	4.358053
13435628032	13435376640	251392	512	5.358717
42400553984	42400400896	153088	512	5.155612
55352203264	55351966720	236544	512	2.405063
29433249280	29433057792	191488	512	6.394941
25224185856	25224052736	133120	512	6.038270
70383015936	70382807040	208896	512	13.057927
70401337344	70401131008	206336	512	13.077244
39217289728	39217081344	208384	512	3.857197
19307416064	19307217408	198656	512	6.369925
31740720640	31740526592	194048	512	6.427835
39666498560	39666253824	244736	512	4.723808
49654348288	49654177792	170496	512	6.361340
4416744960	4416526848	218112	512	4.447728
61587641856	61587500544	141312	512	6.662878
55929975296	55929721856	253440	512	3.780601
14436449280	14436206592	242688	512	3.769694
49652463104	49652238848	224256	512	4.802248
9746947072	9746732032	215040	512	6.197706
30605339648	30605205504	134144	512	5.935687
1768612864	1768418304	194560	512	5.091399
76655763968	76655514112	249856	512	1.353501
25198035968	25197850624	185344	512	6.635211
37758601728	37758419456	182272	512	6.413514
53153541632	53153350144	191488	512	5.708150
8064684544	8064487424	197120	512	4.873140
58490621952	58490405888	216064	512	4.522569
64648047104	64647879680	167424	512	5.696298
31844350976	31844217344	133632	512	0.433960
18581234688	18581005312	229376	512	5.766568
64679862272	64679652864	209408	512	2.463467
10615401984	10615147008	254976	512	5.379049
74061532672	74061346816	185856	512	2.285559
9732577792	9732329472	248320	512	3.487015
885502976	885305344	197632	512	6.812090
59520914944	59520700928	214016	512	2.633435
2417418752	2417169920	248832	512	3.852017
13613937664	13613782016	155648	512	7.566966
34722368000	34722154496	213504	512	3.966496
76631228928	76631020032	208896	512	9.345650
31153060352	31152835072	225280	512	3.706095
65146875904	65146629120	246784	512	3.068333
