base_offset	offset	absdelta	probe_length	millis
26345112064	26344118784	993280	512	3.917238
70749445120	70748558336	886784	512	7.645608
12886980608	12886020096	960512	512	7.853788
36933366784	36932537856	828928	512	8.658438
49034391552	49033725952	665600	512	11.664593
38790129664	38789192192	937472	512	5.316184
50488531968	50487566336	965632	512	2.805265
51077678592	51076920832	757760	512	8.615759
8906172928	8905292800	880128	512	9.676706
60948037632	60947023360	1014272	512	9.096262
22709742080	22708999680	742400	512	3.143122
37353792512	37352932864	859648	512	7.840574
68821413376	68820530176	883200	512	10.927778
22254519296	22253632000	887296	512	9.106555
23108675072	23107696128	978944	512	6.128127
76513832448	76512796160	1036288	512	7.840987
50289016320	50288309760	706560	512	11.850086
67676558336	67675969024	589312	512	9.731104
18337819648	18337290752	528896	512	8.152549
77837362176	77836434944	927232	512	8.870741
25324608000	25323961856	646144	512	2.993087
75154517504	75153709056	808448	512	8.024113
48982982144	48982246912	735232	512	9.819378
62380950528	62380123136	827392	512	3.843389
29537354240	29536488960	865280	512	8.379133
36309758976	36308836352	922624	512	6.643364
4596234752	4595652608	582144	512	5.708403
69406904320	69406265344	638976	512	7.613471
23476229632	23475226112	1003520	512	5.464451
14489847296	14488883200	964096	512	7.729072
73721865216	73720845312	1019904	512	11.794852
55973111808	55972324352	787456	512	6.856187
27769385984	27768816128	569856	512	6.613134
63859753984	63858919424	834560	512	12.493709
14003255296	14002484224	771072	512	12.139817
49215818752	49214775296	1043456	512	12.573607
6792748544	6792103424	645120	512	5.945724
59860626944	59859929088	697856	512	8.399202
20532385792	20531338240	1047552	512	5.366306
35233987072	35232940032	1047040	512	3.534593
55587730432	55586730496	999936	512	11.851435
65178698240	65177848832	849408	512	13.212568
61319545344	61318580736	964608	512	8.791293
44240032768	44239202816	829952	512	7.653974
71751046144	71750296576	749568	512	7.277701
20695917056	20694988800	928256	512	8.155908
15232604672	15231656448	948224	512	8.153415
58690984448	58690296320	688128	512	8.700347
74316726272	74315881984	844288	512	7.397399
31385947136	31385373184	573952	512	6.254754
63165135872	63164235264	900608	512	12.323985
57829190144	57828142592	1047552	512	8.010837
19296704512	19295780352	924160	512	8.235201
8996373504	8995374592	998912	512	6.998694
70911371776	70910648832	722944	512	4.114273
5474519040	5473889792	629248	512	6.210464
30291328000	30290306560	1021440	512	4.545493
14112597504	14111802880	794624	512	11.613317
43022426624	43021585408	841216	512	7.245993
51492065280	51491287552	777728	512	7.710845
24432790528	24431883776	906752	512	7.876643
60742104064	60741455872	648192	512	9.912573
60132485120	60131459072	1026048	512	7.689354
39522910720	39522302976	607744	512	4.610763
60578285056	60577540608	744448	512	7.094169
29042322944	29041466880	856064	512	8.611841
43369166848	43368118272	1048576	512	11.112528
2782208512	2781270016	938496	512	9.073189
18466130944	18465170944	960000	512	7.411256
74182103552	74181309440	794112	512	9.167582
21750583808	21749642752	941056	512	7.858391
32450153472	32449268224	885248	512	7.877713
61065559552	61065021952	537600	512	3.654645
193077760	192188928	888832	512	10.427985
59466422784	59465686528	736256	512	5.377896
4248994304	4247988736	1005568	512	7.653976
66452142592	66451584000	558592	512	2.242719
44160491008	44159710720	780288	512	8.965783
37890255872	37889264128	991744	512	4.495223
25480610816	25480065536	545280	512	7.253072
57198879232	57197954048	925184	512	13.458388
41663964672	41662939648	1025024	512	3.035628
57933556736	57932997120	559616	512	3.864123
4453118464	4452532736	585728	512	7.556413
60552295936	60551413248	882688	512	12.083750
23685462016	23684723200	738816	512	11.913462
6184997888	6184213504	784384	512	12.081836
52050127360	52049098240	1029120	512	11.740920
67675092480	67674496512	595968	512	11.365856
79657121280	79656250368	870912	512	9.633820
18741070336	18740420608	649728	512	3.495418
61986000384	61985272832	727552	512	6.938608
40367563264	40366810112	753152	512	10.089781
51095822336	51095022592	799744	512	7.395526
52382484992	52381509632	975360	512	13.239635
10453810688	10452785152	1025536	512	4.528930
13942142976	13941281280	861696	512	10.102498
48398136832	48397448192	688640	512	11.045612
47790962688	47790218240	744448	512	9.533882
76401244672	76400599552	645120	512	2.615708
3715750400	3714926080	824320	512	2.294670
69337691648	69337120768	570880	512	9.954526
39497371136	39496331776	1039360	512	2.673032
52892360704	52891825152	535552	512	3.426882
57346025472	57345352192	673280	512	11.667352
72354464768	72353724416	740352	512	2.993183
42892284416	42891309568	974848	512	3.790237
61188174336	61187574784	599552	512	12.812259
18438660096	18437694464	965632	512	7.311747
65260534784	65259566080	968704	512	7.506842
59997421568	59996444160	977408	512	9.185280
50707345408	50706476032	869376	512	3.579591
49558733824	49558178816	555008	512	4.925007
79812247040	79811220992	1026048	512	2.780608
16652696576	16651879424	817152	512	12.663018
12127713280	12127121920	591360	512	7.040535
4397863936	4397079552	784384	512	12.461406
27952401920	27951587840	814080	512	11.925626
33076822016	33076164608	657408	512	4.155692
28938718720	28938002432	716288	512	2.783266
51326570496	51325801472	769024	512	8.280373
59964844032	59964084736	759296	512	6.525582
50143285760	50142491136	794624	512	7.599749
58509184512	58508301824	882688	512	2.791307
40723568640	40723026944	541696	512	6.294735
51557223936	51556198912	1025024	512	11.847023
28270161408	28269163520	997888	512	5.818482
33740896256	33740034048	862208	512	8.153943
8327391744	8326469632	922112	512	8.991162
44867674112	44866947584	726528	512	10.404571
19790338048	19789299200	1038848	512	3.742954
47603609600	47603053568	556032	512	3.441047
59576887296	59576124928	762368	512	6.382293
21202598912	21201915904	683008	512	4.604675
23210707456	23209757696	949760	512	6.829388
55708586496	55707540480	1046016	512	8.551470
26935661056	26934778368	882688	512	10.334548
16020366336	16019700736	665600	512	3.123543
72151706112	72150942720	763392	512	11.413086
24878579712	24878050304	529408	512	7.655917
78301029888	78300238336	791552	512	5.357009
24744704000	24744128512	575488	512	6.496338
77713159168	77712122368	1036800	512	4.239334
42305051136	42304308224	742912	512	11.769864
30390740480	30389957632	782848	512	10.334451
30574426112	30573587456	838656	512	10.863330
48525560832	48524937216	623616	512	3.509949
41279193088	41278522368	670720	512	2.977312
40202940928	40202312704	628224	512	2.207958
79947686400	79947116032	570368	512	9.069535
63675763712	63675027968	735744	512	6.322909
49147850752	49147243008	607744	512	3.793805
19065580032	19064695808	884224	512	9.241631
32620296192	32619574784	721408	512	11.955699
77496613376	77495993856	619520	512	12.660284
57888254976	57887405568	849408	512	4.614984
32508407296	32507479040	928256	512	6.846264
35078208000	35077539328	668672	512	12.974233
79583302144	79582339072	963072	512	5.566856
40857031680	40856390144	641536	512	3.665554
63059229696	63058698240	531456	512	12.826041
53578967040	53578391040	576000	512	3.691099
61917820928	61917069824	751104	512	6.120123
2067597312	2066925056	672256	512	4.010055
61116331520	61115687936	643584	512	9.550731
951861248	950860800	1000448	512	8.030817
72222549504	72221616128	933376	512	5.238629
79731574272	79730861568	712704	512	7.337002
24239799296	24238764032	1035264	512	4.739206
19018352128	19017687552	664576	512	5.015308
49252696576	49251678208	1018368	512	11.402583
4297330688	4296667136	663552	512	5.828658
43399990272	43399299584	690688	512	13.168816
43878184448	43877273088	911360	512	5.501018
30822852608	30821813760	1038848	512	4.144480
70654731776	70653779968	951808	512	5.315990
26072328192	26071374848	953344	512	6.726652
14322454528	14321598464	856064	512	10.210256
28520258560	28519361536	897024	512	8.089885
3831154176	3830461440	692736	512	3.345208
7249309696	7248370688	939008	512	8.630728
75773876224	75773213696	662528	512	2.495649
60336732160	60335975936	756224	512	6.575602
59176104960	59175269376	835584	512	4.258507
25867092992	25866150912	942080	512	7.045721
40644209152	40643582976	626176	512	2.316459
21731402240	21730359808	1042432	512	5.494257
51387616256	51386595328	1020928	512	10.496907
24543093760	24542097920	995840	512	5.691248
57991989248	57991079424	909824	512	2.849187
26979554816	26978552320	1002496	512	5.557127
5186645504	5185626624	1018880	512	7.311052
52469140992	52468402176	738816	512	8.811066
21115589120	21114958848	630272	512	5.780837
59541993472	59541456384	537088	512	4.033749
62240923136	62240060928	862208	512	11.997222
19921601536	19920610304	991232	512	13.204963
77030229504	77029624320	605184	512	3.954954
48177766912	48176776192	990720	512	12.147923
49513805824	49513222144	583680	512	2.279094
30831388160	30830782464	605696	512	5.503315
22041257472	22040651776	605696	512	4.509816
69491087872	69490265088	822784	512	10.621058
59692637696	59691896832	740864	512	7.105321
43180282368	43179749888	532480	512	6.340558
54146765312	54145838080	927232	512	12.011510
69898599424	69897615360	984064	512	5.045273
38102372352	38101530624	841728	512	8.276191
71523453440	71522910720	542720	512	10.461165
36635511296	36634826752	684544	512	12.388295
37506444288	37505724416	719872	512	11.384432
32348524032	32347736064	787968	512	10.284222
51553488384	51552689152	799232	512	7.078057
10835225600	10834266112	959488	512	7.860038
58925057024	58924337664	719360	512	7.724041
68704335360	68703591424	743936	512	4.508862
60166807040	60166257152	549888	512	3.659833
23181851136	23181246976	604160	512	5.873548
6095186432	6094433792	752640	512	3.564107
16858466816	16857462784	1004032	512	6.355252
78652512768	78651638272	874496	512	12.957555
5678060544	5677490688	569856	512	7.625638
3731274240	3730290176	984064	512	8.074726
66721171968	66720488960	683008	512	7.505473
7890313216	7889424384	888832	512	9.826938
76767566336	76766546432	1019904	512	4.955793
24767109120	24766319104	790016	512	12.528865
2441590272	2440726528	863744	512	10.999242
11975873024	11974984704	888320	512	9.495361
76397136384	76396328448	807936	512	7.471853
49917804032	49916813312	990720	512	13.124739
34389715968	34388924928	791040	512	7.040281
52943736832	52942962688	774144	512	7.734138
37310752768	37310131712	621056	512	2.725546
72854925824	72854355968	569856	512	10.950190
1107316224	1106424320	891904	512	12.224118
69802629120	69801656832	972288	512	5.484241
41578573824	41577818624	755200	512	10.007902
43927113728	43926111232	1002496	512	12.370857
49421499392	49420956160	543232	512	5.243711
26984819712	26984090112	729600	512	12.107921
18536407552	18535689216	718336	512	12.989813
58772904960	58771894784	1010176	512	10.042432
9494139904	9493313536	826368	512	10.891865
23227862016	23227128320	733696	512	2.729369
51656548864	51655874048	674816	512	10.614022
46328295424	46327539200	756224	512	9.223585
1229240832	1228645888	594944	512	7.492675
38467188736	38466433536	755200	512	12.363064
73211350016	73210431488	918528	512	5.801271
39952552448	39951622144	930304	512	3.668368
67305220608	67304684544	536064	512	11.528078
21266092032	21265396224	695808	512	4.285596
7482778112	7482081280	696832	512	4.792725
79768911360	79767872000	1039360	512	2.182156
74476422144	74475869696	552448	512	8.954196
20809404928	20808422912	982016	512	5.067959
55138141184	55137181696	959488	512	12.971883
27544229888	27543636992	592896	512	6.204764
51991309312	51990370816	938496	512	3.152506
69149155328	69148427264	728064	512	4.543461
64850243584	64849290752	952832	512	7.987420
5255477760	5254543872	933888	512	9.168141
3796450816	3795771904	678912	512	5.497701
68739324416	68738439168	885248	512	9.033857
53036492800	53035520512	972288	512	2.240194
6760081920	6759166464	915456	512	9.192972
69221800960	69220946432	854528	512	9.523169
14399110656	14398279680	830976	512	12.620253
1687333888	1686545920	787968	512	12.630817
16446596096	16445632512	963584	512	7.341280
11435574784	11434600960	973824	512	7.524471
77449842176	77448983040	859136	512	11.806905
20944223232	20943528448	694784	512	4.347638
47263992832	47263274496	718336	512	10.248129
22588709888	22587771392	938496	512	7.860725
11117005312	11116395008	610304	512	6.571268
23024023040	23023166464	856576	512	9.146203
71978548224	71977811968	736256	512	12.361890
58826341376	58825428992	912384	512	11.101820
52064776704	52063873536	903168	512	2.305945
53748874240	53747829760	1044480	512	10.502490
3614472704	3613815808	656896	512	4.119125
5192820736	5192154112	666624	512	5.762710
11998438912	11997848064	590848	512	6.966493
58636234240	58635205632	1028608	512	7.665079
19815326208	19814288896	1037312	512	3.790658
16563863552	16562974720	888832	512	10.901854
17540334592	17539710464	624128	512	4.079181
3219811328	3218969600	841728	512	11.217712
23624923136	23624060928	862208	512	8.937140
71135314944	71134358528	956416	512	5.151173
56193838592	56193196544	642048	512	10.711065
19298399232	19297620480	778752	512	2.363175
41776354816	41775404544	950272	512	4.998486
2568098304	2567064576	1033728	512	5.992435
66701476864	66700537344	939520	512	10.271067
54774139392	54773135360	1004032	512	11.679201
10459775488	10459227648	547840	512	7.967051
66496203776	66495182336	1021440	512	5.773166
72341849088	72341086208	762880	512	11.374642
50934827520	50934195200	632320	512	2.806307
64192632832	64192027648	605184	512	10.033258
23090688512	23089997312	691200	512	3.756569
28328439808	28327508480	931328	512	7.256150
44154876928	44154263040	613888	512	4.045647
53581700096	53580675584	1024512	512	9.229762
33424376320	33423383040	993280	512	4.864025
66912380928	66911427072	953856	512	6.665732
74906741760	74906153472	588288	512	7.594264
16358688768	16358030336	658432	512	5.045812
67069181952	67068402176	779776	512	3.327492
41769094144	41768100352	993792	512	3.879170
69583605248	69582754304	850944	512	9.536647
24265581056	24264599552	981504	512	6.080703
25048745984	25048006144	739840	512	11.852107
19773029376	19772076032	953344	512	7.575240
60556712960	60555934720	778240	512	5.751845
7420323328	7419738112	585216	512	7.294511
5363792384	5363017728	774656	512	3.048085
24100869632	24100136448	733184	512	12.020521
47372104704	47371307008	797696	512	9.939011
79695075328	79694525440	549888	512	3.476321
63040715264	63040060416	654848	512	8.904132
36989828096	36988805632	1022464	512	3.715282
76894861824	76894052352	809472	512	4.606236
2436305408	2435265024	1040384	512	7.175989
4670940160	4670133760	806400	512	11.961753
26048736768	26048194048	542720	512	7.317443
2203920896	2203073536	847360	512	11.331899
15424813568	15423904256	909312	512	8.617747
63252814336	63251813888	1000448	512	7.238645
10223168000	10222530560	637440	512	5.932702
33599882752	33599201792	680960	512	12.649827
75147316224	75146733056	583168	512	7.356594
50724002816	50723388928	613888	512	3.324094
2968384000	2967830528	553472	512	8.278264
24545586688	24544980480	606208	512	3.869561
24936737792	24935988736	749056	512	11.647324
4690708992	4690112000	596992	512	7.281438
77531981312	77531133952	847360	512	3.015557
73936625664	73935969792	655872	512	13.300658
26377819136	26377033728	785408	512	12.648945
6847996416	6847013376	983040	512	7.662966
22299264512	22298630144	634368	512	3.764665
76383976960	76383115264	861696	512	5.385748
37361986048	37361261568	724480	512	13.100597
65380353536	65379466752	886784	512	10.143772
25166008832	25165144064	864768	512	8.847332
44763613184	44762748928	864256	512	6.735412
48818506240	48817906688	599552	512	4.177469
4364940800	4363944448	996352	512	7.797217
55679879168	55678963200	915968	512	3.119400
13734526464	13733830656	695808	512	4.526100
77341464576	77340628992	835584	512	3.542992
2275168256	2274610176	558080	512	8.353177
37863533056	37862711808	821248	512	8.850147
74768391680	74767739904	651776	512	5.227609
46761750016	46760807936	942080	512	2.342759
4450179072	4449525760	653312	512	4.298076
54605764608	54605020672	743936	512	8.103212
5473840128	5472945152	894976	512	11.491312
54046224896	54045666304	558592	512	2.326527
9567496704	9566967808	528896	512	8.362032
5209141248	5208162304	978944	512	10.049773
30537991168	30537056256	934912	512	6.680356
59173650432	59173016064	634368	512	10.325699
37151631360	37150627840	1003520	512	4.194321
54331003904	54330230784	773120	512	7.257378
16088385024	16087450112	934912	512	8.013730
64753253376	64752312320	941056	512	8.406321
44641865728	44641197568	668160	512	2.642455
52013671424	52012857344	814080	512	6.666508
59689768448	59688840192	928256	512	12.520013
75187036160	75186312192	723968	512	13.118146
63159707136	63158840320	866816	512	11.532233
23065108480	23064236032	872448	512	8.684592
18848731136	18847915520	815616	512	10.763770
61627560448	61626625536	934912	512	11.585715
69660624384	69659779584	844800	512	11.665252
47759181824	47758462976	718848	512	10.218292
31019283968	31018653184	630784	512	4.900573
9298087424	9297530880	556544	512	7.745822
64677883904	64676985856	898048	512	11.657587
65379965440	65378923520	1041920	512	5.124930
71782819328	71782151168	668160	512	3.706081
62590433280	62589893120	540160	512	3.486271
72050067456	72049401856	665600	512	5.632572
40019400704	40018706944	693760	512	11.652319
65825801216	65825102848	698368	512	6.991722
297060864	296142848	918016	512	9.783764
50096400896	50095433728	967168	512	12.012292
76947784192	76946896384	887808	512	12.397458
15915461632	15914706944	754688	512	2.919978
58351479296	58350673920	805376	512	3.293886
73109477376	73108822016	655360	512	5.991357
22105478656	22104608256	870400	512	9.485093
4898201600	4897594368	607232	512	5.227242
25625457664	25624829440	628224	512	3.370837
47262740992	47262060544	680448	512	11.313495
51961468416	51960664064	804352	512	6.956609
66016706560	66015762432	944128	512	8.265697
37848280064	37847598080	681984	512	12.357358
44387457024	44386775040	681984	512	2.327886
34175664640	34174941184	723456	512	11.652326
48841214464	48840595968	618496	512	3.650272
56396524544	56395787776	736768	512	7.886688
28206974976	28206413312	561664	512	6.905803
3931134464	3930212352	922112	512	9.412228
12271828992	12271116800	712192	512	2.335779
77914282496	77913588224	694272	512	9.541974
60630729728	60629721600	1008128	512	10.106007
18914737664	18914091008	646656	512	5.399673
38735495680	38734762496	733184	512	10.679492
41730707968	41730120704	587264	512	5.136775
76487232512	76486620672	611840	512	3.942605
68539493376	68538907648	585728	512	9.853984
75147194368	75146611200	583168	512	7.404801
55536048128	55535205888	842240	512	3.375909
69822455296	69821739008	716288	512	4.968774
25228166656	25227526144	640512	512	4.986314
46596966400	46596016128	950272	512	3.842332
43262879232	43261912064	967168	512	2.263462
63086075392	63085244928	830464	512	3.364884
25070185472	25069210624	974848	512	6.244111
42085428736	42084740608	688128	512	13.240446
71986807296	71986205696	601600	512	7.947745
1197320192	1196596224	723968	512	4.718912
46957206528	46956502528	704000	512	10.625897
71934238208	71933360640	877568	512	7.288007
79816566784	79816002048	564736	512	4.673083
39781686784	39781125120	561664	512	5.779549
12675037184	12673996800	1040384	512	6.131844
67288315904	67287419904	896000	512	8.683133
60584082432	60583061504	1020928	512	7.860890
27463466496	27462565888	900608	512	7.990786
57048104960	57047529472	575488	512	12.656721
7607992320	7607085056	907264	512	9.342093
45594826752	45594135040	691712	512	10.964456
71020391424	71019405312	986112	512	4.113370
17809290240	17808637952	652288	512	3.528763
68265406976	68264724480	682496	512	6.587184
5123858944	5122938368	920576	512	11.264285
12494816256	12493833216	983040	512	7.354223
3486888960	3485847040	1041920	512	6.826532
70583185408	70582145024	1040384	512	8.768977
54259283456	54258722304	561152	512	2.286940
57110586880	57109663232	923648	512	13.520952
17844420096	17843692544	727552	512	12.803662
52329338880	52328766976	571904	512	2.386857
35843364864	35842802176	562688	512	6.343048
77040383488	77039542784	840704	512	12.546014
48659592192	48658669568	922624	512	4.730031
9864859136	9864107520	751616	512	12.608011
44866798080	44865839104	958976	512	4.237745
9663033344	9662397440	635904	512	4.115599
68687762432	68687151616	610816	512	10.870259
72178380288	72177816064	564224	512	9.300999
7653603840	7652739072	864768	512	10.280088
27931645440	27930909696	735744	512	2.701811
15076680192	15076068864	611328	512	6.480573
41385957888	41384998912	958976	512	4.786264
58971339776	58970764288	575488	512	2.865632
13513345024	13512434688	910336	512	8.990196
73491503616	73490939392	564224	512	8.487078
43985842688	43985052672	790016	512	8.690858
33337035776	33336257536	778240	512	10.238922
65156883968	65156084736	799232	512	12.965086
78539881984	78538855936	1026048	512	4.612345
40113001472	40111993856	1007616	512	11.713562
8336073728	8335353344	720384	512	2.407438
47420829184	47420131328	697856	512	10.779229
79145364992	79144646144	718848	512	7.035967
17792696832	17792101888	594944	512	6.589563
56263232000	56262535680	696320	512	9.109963
43337122304	43336483840	638464	512	12.715957
43356891136	43356036096	855040	512	7.014602
47708699648	47708065280	634368	512	3.241375
1758099968	1757491712	608256	512	7.238636
6396649984	6395865088	784896	512	12.066568
60333862912	60333050880	812032	512	4.925354
16911180288	16910546432	633856	512	3.818401
8446130176	8445249024	881152	512	9.918002
34299816960	34298909184	907776	512	7.008490
61343277568	61342392320	885248	512	11.293817
3185611264	3184722432	888832	512	11.994749
17078976000	17077951488	1024512	512	5.918000
67461432320	67460392448	1039872	512	3.820823
27833171456	27832457728	713728	512	12.460690
79913267200	79912622592	644608	512	10.373146
28469473792	28468926976	546816	512	7.184228
31136441856	31135620608	821248	512	9.499572
14700922880	14699937280	985600	512	7.285160
27141732352	27141010944	721408	512	12.183003
77274386432	77273858048	528384	512	7.298686
66140328960	66139651584	677376	512	7.659071
69053152256	69052466688	685568	512	6.024614
62946150912	62945392640	758272	512	5.689568
56653347840	56652344832	1003008	512	9.361457
39825566720	39824532480	1034240	512	2.816805
59399404544	59398510080	894464	512	2.430878
57711708672	57711051264	657408	512	10.243810
30898704384	30898012160	692224	512	12.646517
9766064640	9765450240	614400	512	6.452579
49911269376	49910410752	858624	512	5.786178
16944550912	16943969280	581632	512	6.822855
3310809600	3309870080	939520	512	9.072392
42977649152	42977019904	629248	512	3.793155
20837826048	20837084160	741888	512	12.410725
78699211264	78698384384	826880	512	3.883358
26989510144	26988912128	598016	512	6.036682
23272348672	23271760384	588288	512	4.316048
23779181056	23778210304	970752	512	4.521632
75650910720	75649878528	1032192	512	10.532679
28625254400	28624635904	618496	512	5.552957
72506016768	72504968192	1048576	512	12.246644
79866474496	79865815040	659456	512	11.574070
7298054144	7297479168	574976	512	7.514403
63783787008	63782753792	1033216	512	6.201615
4159690240	4158959104	731136	512	4.349585
24907638784	24906748416	890368	512	8.234147
33396019200	33395088896	930304	512	6.505548
42710362624	42709536256	826368	512	7.755895
18881770496	18880790016	980480	512	6.936688
51755331072	51754421248	909824	512	8.611554
61196227584	61195276800	950784	512	9.246337
70066545664	70065990656	555008	512	10.579475
57407569408	57406526976	1042432	512	8.188201
47379242496	47378361856	880640	512	5.896972
24520893440	24520224256	669184	512	4.314059
2839383040	2838606336	776704	512	12.626499
2147726336	2146776576	949760	512	10.983546
7368350208	7367644672	705536	512	4.607900
75424488960	75423584256	904704	512	4.371211
64733125632	64732388352	737280	512	5.713576
29261845504	29260979200	866304	512	8.316940
74609279488	74608338432	941056	512	3.616228
26176349184	26175313920	1035264	512	4.757410
74134936064	74134204416	731648	512	2.225307
59835105280	59834411008	694272	512	8.477366
30167897088	30167325696	571392	512	6.367877
51347887616	51346925568	962048	512	2.873597
65608458752	65607928320	530432	512	7.842535
35705894912	35704904704	990208	512	4.943706
75665576960	75665029632	547328	512	8.704312
23163679744	23162699776	979968	512	6.111099
63914399744	63913577472	822272	512	12.245063
1961974272	1960973824	1000448	512	8.027396
46248320512	46247681536	638976	512	3.111999
66381192192	66380463616	728576	512	4.093240
50897999360	50897015296	984064	512	2.293912
63731763712	63731136512	627200	512	11.649629
25587864064	25586853888	1010176	512	5.343174
77874770432	77873742848	1027584	512	4.618804
13023781376	13023126016	655360	512	3.664727
23618708480	23617757696	950784	512	6.807776
46990005248	46989229056	776192	512	8.699988
25792172032	25791573504	598528	512	6.011784
69189474304	69188818944	655360	512	7.098858
10059786752	10058961408	825344	512	12.721211
34466586624	34465567744	1018880	512	4.237372
8472198144	8471544320	653824	512	3.865404
31596411904	31595394560	1017344	512	4.663989
2309790208	2309244416	545792	512	8.568130
41726932992	41726342656	590336	512	5.065023
26652480512	26651909632	570880	512	4.819732
8785373184	8784648192	724992	512	3.938786
66757457408	66756789248	668160	512	9.872835
68922620928	68922048000	572928	512	10.273468
14738150912	14737112576	1038336	512	6.102181
66024792576	66023801856	990720	512	6.745651
64781697024	64780995072	701952	512	6.884660
51036211712	51035212288	999424	512	11.136659
33577878528	33577100800	777728	512	10.264578
52052764160	52052227072	537088	512	5.251271
42774966784	42774287360	679424	512	11.631753
47325201920	47324348928	852992	512	4.728728
40246057984	40245187584	870400	512	5.230749
48517224448	48516648960	575488	512	4.824227
18167542272	18166908928	633344	512	3.850787
10958285824	10957331968	953856	512	7.996485
71992222208	71991266304	955904	512	4.438494
12668875264	12667866624	1008640	512	6.769738
70527818752	70526959616	859136	512	8.590425
14188026880	14187479040	547840	512	7.980241
52374467072	52373530624	936448	512	3.145778
59296676352	59295856128	820224	512	4.762778
62663029248	62662427136	602112	512	10.709884
2019113472	2018397184	716288	512	4.895723
51113750016	51112906240	843776	512	6.278246
62562143232	62561575424	567808	512	11.826651
67820360704	67819809280	551424	512	10.968858
45872079360	45871504384	574976	512	4.821980
79971431936	79970850816	581120	512	3.936974
31079746048	31079069696	676352	512	1.915109
15195873792	15195265536	608256	512	4.710870
60781811200	60780868608	942592	512	10.188093
53497448448	53496744448	704000	512	9.235275
69632644096	69631857664	786432	512	11.861757
55226620416	55225683456	936960	512	11.748272
1534023168	1533350912	672256	512	4.032600
63116502528	63115650048	852480	512	11.998494
45844515328	45843847168	668160	512	11.600447
29291773440	29290859008	914432	512	7.166297
25098928128	25098082816	845312	512	9.291114
5385850880	5385053184	797696	512	11.796881
16668649984	16668033024	616960	512	4.185055
32164277760	32163704320	573440	512	6.302906
30213863424	30212893184	970240	512	5.830612
50333320704	50332486656	834048	512	6.489232
58837628416	58836832256	796160	512	5.416228
41528469504	41527736320	733184	512	10.590009
17212201472	17211383296	818176	512	12.539612
46435550720	46434949120	601600	512	4.131228
19659345408	19658369536	975872	512	7.046664
15930445824	15929674752	771072	512	2.559203
9959892480	9959208960	683520	512	3.019211
16418460672	16417673216	787456	512	11.452349
11809944064	11809409024	535040	512	8.250565
22921970176	22921380864	589312	512	4.352079
14423433216	14422833664	599552	512	6.757538
33176209920	33175177728	1032192	512	3.923933
66957451264	66956897792	553472	512	10.965048
69907324928	69906318336	1006592	512	4.288570
55272317952	55271588864	729088	512	8.561579
76451409408	76450434560	974848	512	12.142624
72555952640	72555018752	933888	512	5.255716
64758999040	64758254080	744960	512	5.498917
47695983616	47695139840	843776	512	6.870173
50300378624	50299336704	1041920	512	9.931426
72601272320	72600612352	659968	512	5.853305
894368768	893482496	886272	512	10.525258
36692045824	36691201024	844800	512	8.256484
54834935808	54834063872	871936	512	4.330195
25052926464	25051982336	944128	512	6.970617
15058378240	15057571328	806912	512	22.468439
51689485824	51688720896	764928	512	8.082924
78459452928	78458823168	629760	512	2.981538
43018448384	43017808896	639488	512	12.678179
13765847040	13765044224	802816	512	11.624731
77946710528	77946073088	637440	512	2.666036
52517973504	52517232640	740864	512	8.762996
17507939840	17507374080	565760	512	7.268097
38723379200	38722603520	775680	512	11.368293
62316890112	62316133888	756224	512	6.028840
72278666240	72277820928	845312	512	8.595563
58858662400	58857645056	1017344	512	7.973969
64002572800	64001553408	1019392	512	5.858271
76633559040	76632666112	892928	512	4.164735
27915801600	27914957824	843776	512	9.366170
14309870080	14309022720	847360	512	12.267579
32725258240	32724476928	781312	512	10.454207
23823681024	23822731776	949248	512	6.818369
38138857472	38138087424	770048	512	10.099066
79245407232	79244794368	612864	512	2.503583
56485612032	56484862976	749056	512	7.595972
41074402816	41073576960	825856	512	10.048966
29362759680	29361841152	918528	512	7.058471
46778378752	46777638400	740352	512	9.753548
66981523456	66980830208	693248	512	6.113462
79314539008	79313851392	687616	512	8.499264
70295400960	70294734336	666624	512	6.106576
71619398656	71618660864	737792	512	3.618338
68745535488	68744757760	777728	512	3.393035
68161153536	68160193536	960000	512	6.488058
12497520640	12496817664	702976	512	2.588604
50206317056	50205548032	769024	512	8.300878
44678700032	44677664256	1035776	512	2.204675
62682344448	62681717248	627200	512	5.443572
39610264064	39609597440	666624	512	12.371998
9614275072	9613670400	604672	512	6.644299
31362606080	31361892864	713216	512	12.096899
2546252800	2545481728	771072	512	12.983530
23097186304	23096464896	721408	512	3.005112
57744471552	57743669248	802304	512	5.990445
16669505024	16668613632	891392	512	9.015744
41258849792	41258212352	637440	512	1.994309
70197358592	70196327424	1031168	512	2.544636
7675217408	7674216448	1000960	512	7.239424
47739606528	47738789376	817152	512	7.570957
50422004224	50420958720	1045504	512	9.848895
51625915904	51625204224	711680	512	11.430124
62846239232	62845661184	578048	512	2.066948
72600068096	72599283712	784384	512	10.630654
47581432832	47580584448	848384	512	6.722769
61045867520	61045023744	843776	512	3.287832
2080294912	2079679488	615424	512	7.086378
28375143936	28374579200	564736	512	4.975802
46903437312	46902440448	996864	512	2.724569
31656402944	31655467008	935936	512	6.668876
74894653952	74893640192	1013760	512	12.049417
28078585344	28077739008	846336	512	9.313454
39242346496	39241741312	605184	512	4.689232
27934648320	27933758464	889856	512	8.244324
71101011968	71100253696	758272	512	2.892809
78773527040	78772521472	1005568	512	5.572314
29253501952	29252877312	624640	512	5.044284
55799740928	55799002112	738816	512	8.245203
42842817024	42841887232	929792	512	4.997650
22021897216	22021345280	551936	512	7.604253
71012377088	71011420160	956928	512	5.153041
61774174208	61773134848	1039360	512	6.496996
70766089728	70765445632	644096	512	6.919698
66396257792	66395298304	959488	512	7.771104
62008454656	62007607296	847360	512	3.223991
30915321856	30914677248	644608	512	2.704410
68670305792	68669717504	588288	512	11.615405
55157960192	55157140992	819200	512	5.917607
67183551488	67182566400	985088	512	5.688264
22364829184	22364062208	766976	512	2.621395
14779859456	14779325440	534016	512	6.427251
74031458304	74030900736	557568	512	8.686709
65345176576	65344560640	615936	512	11.516657
58253022720	58252238336	784384	512	5.792024
69546400256	69545493504	906752	512	7.683717
47610351104	47609489408	861696	512	6.365824
2974429696	2973739520	690176	512	5.237065
79904383488	79903785984	597504	512	3.192748
43271658496	43271098368	560128	512	3.691327
48712286208	48711307264	978944	512	3.198715
59033922048	59033336320	585728	512	2.533807
73505159680	73504263680	896000	512	5.370672
18492828160	18492122624	705536	512	2.191257
38050078208	38049267712	810496	512	9.107123
27020561920	27019571712	990208	512	5.834519
12746636288	12746104832	531456	512	8.322420
5355439104	5354586624	852480	512	12.408369
53860156928	53859243008	913920	512	3.136417
33769668096	33768911360	756736	512	12.662567
75965434368	75964848640	585728	512	7.270432
43154442752	43153671680	771072	512	11.060017
67704601088	67704066048	535040	512	11.562752
19549059072	19548223488	835584	512	10.310032
31796864000	31796165120	698880	512	3.120356
71711693312	71711067648	625664	512	7.138983
8114289152	8113402880	886272	512	9.995423
77936451584	77935454208	997376	512	5.808413
34739300864	34738659840	641024	512	2.755168
28007134720	28006292992	841728	512	9.288176
51609764864	51608813056	951808	512	2.943745
14715875840	14714993664	882176	512	9.614608
10732190208	10731351552	838656	512	10.629649
58222493184	58221959168	534016	512	2.168788
61521615872	61520589312	1026560	512	6.867908
63229824512	63229040128	784384	512	4.830807
22955030528	22954493440	537088	512	7.457890
51728396800	51727742464	654336	512	13.079560
58311237120	58310355456	881664	512	12.105580
59418580992	59417974784	606208	512	11.265297
57380511232	57379823616	687616	512	9.438141
69382426624	69381848064	578560	512	9.752128
10674170880	10673490432	680448	512	4.956857
5938908160	5938135552	772608	512	12.342427
16524104192	16523305984	798208	512	11.171661
45407296000	45406300160	995840	512	2.763908
31817196544	31816216576	979968	512	5.494883
35613387776	35612594688	793088	512	9.862363
41970708992	41969937920	771072	512	9.201595
24780550144	24779660288	889856	512	8.185458
35464226816	35463592960	633856	512	4.548774
31897524224	31896693248	830976	512	9.196686
30819064832	30818426880	637952	512	4.730629
40804971008	40804022272	948736	512	4.931742
26003716608	26002994176	722432	512	12.242751
56426024448	56425367552	656896	512	12.134868
51754062336	51753236480	825856	512	6.360721
2369428992	2368879104	549888	512	8.489332
54242628608	54242004480	624128	512	2.259960
10813018624	10812452352	566272	512	7.525521
54270317056	54269343232	973824	512	12.557875
929158656	928514560	644096	512	6.497055
26815732736	26814705664	1027072	512	4.931651
64082649088	64081927168	721920	512	6.233182
15205818368	15205227520	590848	512	6.902450
35879442944	35878834688	608256	512	5.272446
68633480704	68632697344	783360	512	12.442690
21078366208	21077339136	1027072	512	4.043999
7022876672	7022250496	626176	512	6.343278
53520198144	53519329792	868352	512	4.406063
59993975808	59993000448	975360	512	9.150678
59947720192	59946731520	988672	512	8.773267
73079430144	73078447616	982528	512	12.750666
59664098304	59663558656	539648	512	3.932467
41374922240	41374335488	586752	512	3.311149
46447988224	46447086080	902144	512	3.488696
26155977728	26155203072	774656	512	11.002733
23141935616	23141231616	704000	512	12.763338
75186703360	75186135552	567808	512	7.942149
34486422016	34485752320	669696	512	12.937521
16087016960	16086064128	952832	512	7.604193
61752622080	61751752704	869376	512	2.518725
38159592448	38158641152	951296	512	5.536800
25325007360	25324028416	978944	512	4.273631
63184456704	63183823872	632832	512	9.651918
4741585408	4740910080	675328	512	5.658523
42292140032	42291418112	721920	512	10.437342
70331433984	70330882048	551936	512	10.187495
29322706432	29322073088	633344	512	2.967275
11735605760	11735057920	547840	512	6.111253
16538431488	16537470976	960512	512	4.496709
1120527360	1119794688	732672	512	4.568700
2843507712	2842520576	987136	512	8.035597
57532888576	57531975168	913408	512	11.976336
68350956032	68350304768	651264	512	14.190923
69639654912	69638887936	766976	512	3.245614
54478218240	54477539840	678400	512	9.914213
58620081664	58619457024	624640	512	12.489787
17096385024	17095771136	613888	512	6.156119
73089499648	73088943104	556544	512	9.590480
17383880704	17382960640	920064	512	8.372949
56436597248	56435965440	631808	512	12.860009
758070272	757058560	1011712	512	7.767526
71913612288	71912822784	789504	512	10.460293
14142289920	14141725184	564736	512	7.573728
17412061184	17411486208	574976	512	5.214099
14415151616	14414323200	828416	512	12.676992
7248973824	7247998976	974848	512	7.829387
999343104	998649344	693760	512	3.615205
31659710976	31658700800	1010176	512	4.839770
24542540288	24541917696	622592	512	5.411091
67684313088	67683693056	620032	512	10.498978
74651638784	74651085312	553472	512	8.814657
76202002432	76201210880	791552	512	7.980025
20461743616	20461056000	687616	512	2.609916
34874100736	34873555456	545280	512	6.788497
62270840320	62269876736	963584	512	10.698729
23734780416	23733780480	999936	512	3.892388
75933267456	75932472320	795136	512	8.564138
36387084800	36386039296	1045504	512	12.837093
8765819904	8765043200	776704	512	12.025661
1422796288	1422176256	620032	512	5.141409
47735753216	47735037952	715264	512	10.327392
74146493952	74145652224	841728	512	7.374373
43683767296	43682955264	812032	512	8.120617
12882810368	12882209280	601088	512	6.840157
64916933120	64916321280	611840	512	9.795393
48319896576	48319273472	623104	512	12.804978
28033731072	28032759808	971264	512	6.277015
52600672768	52600089088	583680	512	13.195898
21063603200	21062560768	1042432	512	5.536898
1768819712	1768135680	684032	512	5.533255
44856318464	44855292928	1025536	512	2.487315
15255198208	15254336000	862208	512	10.120152
40414947840	40414350848	596992	512	3.085895
45350758912	45350094848	664064	512	11.678171
77527062016	77526186496	875520	512	11.039724
73147042816	73146490368	552448	512	9.713242
51787713536	51786962432	751104	512	8.474694
67701420544	67700824064	596480	512	11.355256
2997845504	2997289984	555520	512	8.229451
51382299136	51381564416	734720	512	11.073590
70882138624	70881388032	750592	512	3.163102
36618397184	36617359360	1037824	512	12.615773
36086894592	36086011392	883200	512	7.629045
10487149568	10486362112	787456	512	11.790222
61011685888	61011057152	628736	512	9.989503
14105503232	14104793088	710144	512	4.184289
57660501504	57659526656	974848	512	10.161287
70612068864	70611325440	743424	512	3.453638
3908613632	3907802624	811008	512	2.619585
79425458176	79424632320	825856	512	2.356892
40739289088	40738295808	993280	512	3.890335
42854533632	42853899264	634368	512	3.549950
50634966528	50634422784	543744	512	3.401738
22167799808	22166775296	1024512	512	5.907329
45650521600	45649680384	841216	512	6.928679
73117349376	73116462080	887296	512	8.758964
45294616576	45293839360	777216	512	8.645654
30389242368	30388296192	946176	512	6.367036
55398772224	55398089728	682496	512	9.864848
54757191168	54756574720	616448	512	2.529361
51117647872	51116890112	757760	512	8.575259
48871593472	48870708224	885248	512	5.757295
57163840000	57163028992	811008	512	3.892579
66240205312	66239562752	642560	512	8.799408
47947463168	47946682368	780800	512	8.563426
58849185792	58848572928	612864	512	10.993713
36125635072	36124636672	998400	512	4.744164
27335917568	27335313920	603648	512	5.856459
47761545216	47760535552	1009664	512	2.358780
5159588864	5158903808	685056	512	3.520563
79141950976	79141329408	621568	512	13.232501
19729750528	19728823808	926720	512	10.040214
48977674240	48976983552	690688	512	10.973707
16070034432	16069160960	873472	512	9.441628
44283979264	44282954752	1024512	512	7.159797
6450946048	6450088448	857600	512	10.420012
10538456064	10537550336	905728	512	9.101904
8823848960	8823031808	817152	512	11.117979
38312067072	38311269888	797184	512	9.441474
60605501952	60604548608	953344	512	11.735251
8189015040	8187983872	1031168	512	6.571447
54793610752	54792930816	679936	512	9.918664
6021703168	6021074432	628736	512	6.334538
23334759936	23334168576	591360	512	6.172047
8512208896	8511370240	838656	512	10.875093
31884966400	31884340224	626176	512	4.961646
21164488192	21163674624	813568	512	10.825170
76569695744	76569104384	591360	512	6.622718
35010648064	35009893888	754176	512	10.843298
2931152896	2930333696	819200	512	11.697802
6919836672	6918976000	860672	512	10.328479
19340855808	19340263424	592384	512	4.796813
46229936640	46229389312	547328	512	3.748740
47697657856	47696628224	1029632	512	12.919999
67572038656	67571236864	801792	512	2.595059
475826688	474937344	889344	512	10.435680
40332142592	40331366400	776192	512	11.391858
76037428736	76036400640	1028096	512	10.739268
15455793152	15455122432	670720	512	4.881292
22171841536	22171244032	597504	512	6.648903
75052655104	75051837440	817664	512	10.121551
22291936768	22291089408	847360	512	10.033343
61272649728	61271625728	1024000	512	6.981001
54304344576	54303676928	667648	512	10.262299
57279776768	57278941184	835584	512	5.085287
45849444864	45848662016	782848	512	8.494959
78894471680	78893756928	714752	512	7.284237
26258975744	26258105856	869888	512	10.595786
35682072576	35681340928	731648	512	11.388993
78583331328	78582333440	997888	512	5.851921
78543745024	78542920192	824832	512	3.950748
38518741504	38518028800	712704	512	11.573394
1960301568	1959369216	932352	512	9.567951
5778930688	5778322944	607744	512	6.725903
1615458816	1614596608	862208	512	10.993016
44356538880	44355916800	622080	512	13.204763
21792111616	21791428096	683520	512	2.704458
46366182400	46365488128	694272	512	10.853299
70675300352	70674571776	728576	512	3.919073
11568264704	11567371264	893440	512	9.394229
21202865664	21202061312	804352	512	11.018909
52578493952	52577728512	765440	512	8.048224
75594635264	75594047488	587776	512	7.184457
68663117312	68662475776	641536	512	7.995874
69434035712	69433231872	803840	512	11.250137
9308391936	9307800064	591872	512	6.972940
71160470528	71159735296	735232	512	12.967836
23724728832	23724174336	554496	512	7.038191
7711545344	7710700032	845312	512	10.681823
76037430272	76036568576	861696	512	6.021214
77555174400	77554233344	941056	512	8.275525
71359449088	71358914560	534528	512	10.783315
20900220416	20899652096	568320	512	5.361220
53108692992	53107740160	952832	512	11.954039
66076780544	66075804672	975872	512	7.246298
30797543936	30796537344	1006592	512	4.921315
17920781824	17919989760	792064	512	11.320269
55878189056	55877554176	634880	512	11.246183
45434204160	45433331712	872448	512	6.063998
63494273024	63493448192	824832	512	3.528370
76312631808	76311606784	1025024	512	10.081756
52925273088	52924676096	596992	512	3.578502
39327638016	39326973952	664064	512	3.143361
44349628928	44348689920	939008	512	4.729906
49594135040	49593489920	645120	512	11.621412
61786460672	61785457664	1003008	512	7.597559
65121042432	65120004096	1038336	512	5.218733
48295179776	48294583808	595968	512	2.476207
33361876480	33361274368	602112	512	3.573536
55073185280	55072349184	836096	512	5.419681
69940283392	69939566080	717312	512	4.899861
7878497792	7877883904	613888	512	6.631783
52156843520	52156045824	797696	512	7.129900
8056296448	8055642112	654336	512	5.747835
20091854336	20091072000	782336	512	2.253125
43591729664	43591096320	633344	512	12.864747
66286313472	66285572608	740864	512	5.607569
52959523840	52958771712	752128	512	8.414339
24760499712	24759757312	742400	512	11.816297
55779596800	55778779136	817664	512	5.995256
7259555328	7258698752	856576	512	12.374760
6058508800	6057739776	769024	512	7.783099
11762272768	11761643008	629760	512	6.045683
32903027712	32902482944	544768	512	6.972161
64409344000	64408296448	1047552	512	4.985422
71981160960	71980553728	607232	512	7.740195
70899679744	70898809344	870400	512	8.203858
30955448832	30954684928	763904	512	12.735919
67326047744	67325094400	953344	512	6.842382
70793690624	70792736256	954368	512	5.230679
58027721728	58027142144	579584	512	12.547188
68179387392	68178533888	853504	512	11.859599
22929784320	22928916480	867840	512	10.651036
32781135360	32780471808	663552	512	4.086058
1049195008	1048486912	708096	512	3.280616
21853555200	21852839936	715264	512	13.075699
71846507008	71845944320	562688	512	9.410465
57821644800	57820697600	947200	512	10.939938
69885504512	69884741120	763392	512	3.373254
13963688448	13963045376	643072	512	5.816145
38029111808	38028255232	856576	512	7.942099
5574389760	5573468672	921088	512	9.027991
74836931072	74836282880	648192	512	5.396603
45699945984	45699144192	801792	512	7.897977
22942735360	22941739520	995840	512	5.746179
64083411456	64082401280	1010176	512	6.143791
60342469120	60341549568	919552	512	6.359014
25625067008	25624498688	568320	512	6.794544
20543575040	20542561792	1013248	512	6.202730
32364060160	32363205120	855040	512	10.492073
32042515968	32041824256	691712	512	3.385664
76595466752	76594835968	630784	512	5.049459
38949565952	38948623872	942080	512	5.190673
21703010304	21702390784	619520	512	6.020882
32204301824	32203385856	915968	512	5.302445
218877952	218249216	628736	512	6.774413
15270806528	15270123008	683520	512	4.862911
74733444096	74732584448	859648	512	6.677403
23394687488	23393849344	838144	512	9.488508
61867170304	61866574848	595456	512	11.070692
51967884288	51966958592	925696	512	12.852810
75130649600	75129826816	822784	512	7.492017
71592327680	71591574016	753664	512	11.291874
17157337088	17156511744	825344	512	10.508266
67411247104	67410593792	653312	512	7.540036
43866679296	43865875968	803328	512	8.340779
78318330880	78317767680	563200	512	5.785176
43974267392	43973702656	564736	512	5.486107
53576085504	53575400960	684544	512	9.873720
36119559680	36118725632	834048	512	8.822841
35531807232	35530982400	824832	512	15.521412
65547615744	65546982912	632832	512	9.122962
65644047360	65643387392	659968	512	8.271544
52173488640	52172933632	555008	512	4.747524
32805534208	32804880896	653312	512	2.450563
3481294336	3480624640	669696	512	5.710513
35500151808	35499539456	612352	512	3.249810
46674464768	46673548800	915968	512	3.023005
21624997888	21624391680	606208	512	6.367135
43945630208	43945053696	576512	512	5.044056
22701786624	22700951040	835584	512	10.306655
79663212544	79662180352	1032192	512	2.500278
27663654912	27663070720	584192	512	6.338837
855230976	854189568	1041408	512	7.187139
64914998272	64914028032	970240	512	9.254582
24037608960	24036672512	936448	512	7.103839
32938288128	32937273856	1014272	512	4.733411
73002664960	73002009600	655360	512	6.012852
70560050688	70559395328	655360	512	6.516973
6797762048	6796838400	923648	512	10.899674
1573590016	1572840960	749056	512	2.386444
23203891712	23202998272	893440	512	8.233965
66189722624	66189143552	579072	512	12.649350
39327701504	39326936576	764928	512	9.799986
25469644288	25468643328	1000960	512	5.581061
6177774592	6176904192	870400	512	11.990837
22448972800	22447936512	1036288	512	5.662558
56459575808	56458558976	1016832	512	10.811340
39182578688	39181955072	623616	512	2.226826
67065510400	67064629248	881152	512	9.145040
53099737088	53098987520	749568	512	8.521571
37202326528	37201662976	663552	512	12.882390
15593727488	15593160704	566784	512	7.241369
10287374848	10286809600	565248	512	7.616829
78111410176	78110479360	930816	512	10.474438
75215393792	75214737920	655872	512	2.731340
20146684928	20145690624	994304	512	6.684014
12811580928	12810576384	1004544	512	5.015411
74283747840	74283183616	564224	512	8.498895
48954768896	48954004992	763904	512	8.989023
65557187584	65556297216	890368	512	10.009903
57819600384	57819073024	527360	512	4.832983
21783984640	21783384064	600576	512	6.503960
22020076032	22019448832	627200	512	5.874844
16185262080	16184711680	550400	512	7.590751
43763507712	43762768384	739328	512	10.075235
30082167808	30081619968	547840	512	7.006329
36364686336	36363883520	802816	512	11.470647
51346644992	51345982976	662016	512	13.080916
11928016896	11927391744	625152	512	6.207547
62355216384	62354384384	832000	512	3.661858
65286930432	65286392832	537600	512	12.210830
43192675328	43191941632	733696	512	12.038499
58041842176	58041232384	609792	512	2.392283
56070384128	56069815808	568320	512	12.865107
61492148224	61491498496	649728	512	9.374246
46750056960	46749389824	667136	512	2.347592
54374533120	54373675008	858112	512	4.784147
68534781440	68533943296	838144	512	10.605968
52105239552	52104590848	648704	512	13.183869
29927237120	29926217216	1019904	512	2.740107
74958414336	74957798400	615936	512	6.562470
49456393728	49455505408	888320	512	4.898674
25253136896	25252569600	567296	512	6.736182
9946174464	9945398784	775680	512	12.050964
54678595072	54678023168	571904	512	13.077320
76590416384	76589534208	882176	512	4.580306
46908573184	46907742720	830464	512	7.195985
30893108224	30892092416	1015808	512	2.850832
56449119744	56448361984	757760	512	7.242285
1840251392	1839529984	721408	512	2.949738
63319477248	63318922752	554496	512	12.069531
52622733824	52621747200	986624	512	11.047233
67852530176	67851978240	551936	512	12.894309
23609961472	23608997888	963584	512	6.478665
50359467008	50358777856	689152	512	10.504491
44717859328	44716875776	983552	512	3.608068
60785105408	60784070144	1035264	512	7.417470
54113264128	54112672256	591872	512	3.219221
33248639488	33247896576	742912	512	11.026105
35275005440	35274097664	907776	512	7.024349
44558822400	44558285312	537088	512	6.113331
6995026944	6994338304	688640	512	4.989737
58180231680	58179482624	749056	512	6.841212
26076399104	26075738112	660992	512	4.482887
30765550080	30764756480	793600	512	10.170340
67827290624	67826528256	762368	512	13.153055
53598344704	53597342720	1001984	512	11.748006
25641916416	25641116160	800256	512	12.264078
5357343744	5356555264	788480	512	2.732517
73424873984	73424291328	582656	512	7.790669
28843365888	28842617856	748032	512	11.251802
66543105536	66542139904	965632	512	7.491462
71029606912	71028788736	818176	512	10.068031
61438914048	61437944320	969728	512	8.611116
29607870464	29606932992	937472	512	6.609526
65383661568	65382734848	926720	512	8.856094
18544609792	18543826944	782848	512	11.521859
42430217728	42429572608	645120	512	3.349917
19841554432	19840606208	948224	512	7.676561
11803891200	11803042304	848896	512	10.365174
12720281088	12719302656	978432	512	7.457885
16594032640	16593342464	690176	512	4.411576
72377088512	72376145408	943104	512	4.962217
78999164416	78998401024	763392	512	5.098518
48625659392	48625008640	650752	512	12.044719
24516468736	24515724288	744448	512	11.753464
46097909248	46097084416	824832	512	7.366851
205603328	204637696	965632	512	8.822207
54658298368	54657548288	750080	512	7.843751
28259504640	28258794496	710144	512	12.608051
39971397632	39970771456	626176	512	2.299833
64998406656	64997835264	571392	512	11.109670
26092568576	26091783680	784896	512	10.771128
73070571008	73069951488	619520	512	7.310831
65922556928	65921653760	903168	512	9.609198
49933458944	49932928512	530432	512	5.604205
55691639296	55691112960	526336	512	3.278865
40969304064	40968536576	767488	512	9.711445
12010959872	12010056704	903168	512	9.170386
78170647552	78170033664	613888	512	12.866012
48612057088	48611264000	793088	512	8.247261
46417226752	46416301568	925184	512	4.658337
10312249344	10311459840	789504	512	11.714952
26138437632	26137584128	853504	512	9.124281
58563318272	58562748928	569344	512	3.060907
42202016768	42201023488	993280	512	3.303516
68303541760	68302684672	857088	512	11.816891
49145925120	49145166336	758784	512	9.114219
37020790272	37020115968	674304	512	12.529714
54479763456	54478757888	1005568	512	9.775054
44827896320	44827281408	614912	512	4.066693
9931210240	9930323968	886272	512	9.531921
32870290944	32869542912	748032	512	11.281339
61932433408	61931569664	863744	512	11.951983
13123659776	13122778112	881664	512	11.505606
53725895680	53725019648	876032	512	2.395360
18850662912	18850102272	560640	512	7.385485
70350533120	70349933568	599552	512	8.463337
68129378304	68128343552	1034752	512	4.063146
6770861056	6769970176	890880	512	11.573955
62435863040	62434931712	931328	512	9.874423
62586970112	62586199040	771072	512	3.744876
12001814016	12000838144	975872	512	7.486856
31654811648	31654109184	702464	512	3.077093
1813844992	1813131776	713216	512	3.106527
2134333952	2133447680	886272	512	12.401839
12188558848	12187558912	999936	512	6.949546
25984710656	25984105472	605184	512	5.783365
27731208704	27730351616	857088	512	10.942098
36055105536	36054258688	846848	512	8.460571
43370902016	43370155008	747008	512	6.947083
59859558912	59858795520	763392	512	6.366070
71438044160	71437173248	870912	512	8.189372
74037776384	74037090304	686080	512	3.927871
8067451392	8066415616	1035776	512	6.470157
75270600704	75269785088	815616	512	7.815195
13010975232	13010187776	787456	512	2.517867
73988852736	73988285952	566784	512	8.447688
77964209152	77963489280	719872	512	8.408719
15978428928	15977633280	795648	512	13.071753
30785982976	30785211904	771072	512	10.700015
53072942080	53072157184	784896	512	7.485863
18784549888	18783801344	748544	512	3.027710
68900743168	68900007424	735744	512	4.826543
32566957568	32565972992	984576	512	5.462804
8965965312	8965116928	848384	512	10.403598
15873349120	15872586752	762368	512	11.990104
31292301312	31291763712	537600	512	5.324703
65713202688	65712658432	544256	512	2.695887
61311493632	61310703104	790528	512	4.991425
36097767936	36097236480	531456	512	7.135223
27419747328	27418857472	889856	512	10.063126
20990976512	20990314496	662016	512	3.195079
70131224576	70130318848	905728	512	7.743361
65682598912	65681723904	875008	512	12.386156
44948640768	44947602432	1038336	512	11.393697
45297797120	45297081344	715776	512	12.158219
26879943680	26879241216	702464	512	3.466003
53982898176	53982251520	646656	512	10.903866
56370171904	56369156096	1015808	512	10.855786
50772597248	50771991040	606208	512	12.821265
68604888576	68603888640	999936	512	5.145013
41638375424	41637710848	664576	512	3.123439
69398746624	69397760512	986112	512	4.991351
60874954752	60874063360	891392	512	11.796038
40756154880	40755503616	651264	512	12.747860
44199379968	44198679552	700416	512	12.885360
17540827648	17539976192	851456	512	9.860292
79902204416	79901649408	555008	512	3.201911
62912219648	62911612416	607232	512	10.443523
8797536768	8797011968	524800	512	8.462572
28186658816	28186014720	644096	512	4.889881
21525796352	21525117440	678912	512	4.663149
38322531840	38321893888	637952	512	2.341803
28513455616	28512630784	824832	512	11.634821
5249814528	5249155584	658944	512	4.065447
14746580480	14745809920	770560	512	12.174540
59183349248	59182310912	1038336	512	7.322793
1987011584	1986425856	585728	512	7.717344
14406051328	14405384704	666624	512	3.405305
14254531072	14253929472	601600	512	6.722425
12548110336	12547448320	662016	512	3.498518
49163674624	49162917376	757248	512	9.194081
66633147904	66632447488	700416	512	6.941381
31206447616	31205456896	990720	512	5.287874
45534641664	45533790208	851456	512	6.634488
35952849408	35952132608	716800	512	11.757320
1201402368	1200871936	530432	512	8.924330
64411155456	64410494976	660480	512	8.200935
71516467200	71515482112	985088	512	2.278164
19442264576	19441504768	759808	512	12.052545
23455730176	23454754304	975872	512	6.178612
48437094912	48436272128	822784	512	7.404269
50417323520	50416358912	964608	512	2.819070
35840142848	35839617536	525312	512	7.282223
77366029312	77365401600	627712	512	3.032541
53093901312	53093046784	854528	512	5.538290
21524215296	21523393536	821760	512	10.613276
57441385984	57440553472	832512	512	5.110988
69211298304	69210599424	698880	512	5.598323
76337416704	76336626688	790016	512	8.151377
44572789248	44572067840	721408	512	10.495370
8004057088	8003129344	927744	512	8.880573
10697217024	10696520192	696832	512	4.578311
1776351744	1775691264	660480	512	4.258462
19851602432	19850775552	826880	512	10.493361
77519822848	77518847488	975360	512	6.811389
14230673920	14230149120	524800	512	8.446886
47874684416	47873660416	1024000	512	13.106321
16719647744	16718607872	1039872	512	5.587752
16090132992	16089125888	1007104	512	6.352472
69272005120	69271004672	1000448	512	4.466965
41937083904	41936481792	602112	512	2.569115
67869576192	67868969472	606720	512	9.153422
27965885952	27965091328	794624	512	12.399869
5325268480	5324553216	715264	512	2.506236
53183271424	53182533120	738304	512	8.821709
40215137792	40214135296	1002496	512	3.648236
45188929536	45188296704	632832	512	12.605272
58669420032	58668537856	882176	512	2.766779
39256780800	39256101888	678912	512	12.034380
28541696512	28540878848	817664	512	9.998403
26803309568	26802493952	815616	512	9.994915
65588019712	65587141632	878080	512	12.238136
31363627520	31363039232	588288	512	5.958947
17983181824	17982572544	609280	512	4.406541
27050085376	27049101824	983552	512	5.991656
15825551360	15824684032	867328	512	9.551785
40530563072	40529671168	891904	512	6.512747
34709100544	34708427776	672768	512	12.865926
15080273920	15079236096	1037824	512	6.152886
63995399168	63994648576	750592	512	5.325000
20247212544	20246638592	573952	512	7.076107
11461838848	11461060608	778240	512	11.988020
22836309504	22835429376	880128	512	9.275214
66292564480	66291609600	954880	512	7.929157
6361136640	6360420864	715776	512	4.364166
76736521216	76735825408	695808	512	9.415929
9030644224	9030100480	543744	512	7.899323
51880616448	51880021504	594944	512	3.574518
6711621120	6710925824	695296	512	4.837192
50299743232	50299152384	590848	512	3.929371
23512907776	23512060416	847360	512	9.262790
33186041856	33185289216	752640	512	12.704881
52756986368	52756441600	544768	512	4.949975
44672949760	44672061952	887808	512	6.109860
27466520576	27465483264	1037312	512	2.868133
79425136640	79424594432	542208	512	5.701433
67080186368	67079234048	952320	512	8.607686
14574836736	14574264832	571904	512	7.415514
39243881984	39242866688	1015296	512	3.299477
10221669376	10220623360	1046016	512	5.907741
65041818624	65041047552	771072	512	4.597709
25767364096	25766771200	592896	512	6.119198
75936140800	75935195648	945152	512	12.092150
53069945856	53069091328	854528	512	5.480451
16458361344	16457540608	820736	512	10.630925
18042813440	18042223104	590336	512	6.762526
4458473984	4457613824	860160	512	10.809684
34035291648	34034373120	918528	512	6.715092
79740959744	79740088320	871424	512	11.451546
73726770176	73725779456	990720	512	11.069275
13233181184	13232650752	530432	512	8.350791
45915880448	45915266048	614400	512	13.029664
57527237120	57526412288	824832	512	3.474432
990636032	989727744	908288	512	10.054514
13360808960	13360033280	775680	512	2.782677
47635000832	47634369536	631296	512	3.325803
4405625344	4404911104	714240	512	2.906318
30150221824	30149189632	1032192	512	4.326650
54074393600	54073683456	710144	512	9.048068
6961417216	6960808960	608256	512	4.948449
53101188608	53100224000	964608	512	2.458433
69392851456	69392243200	608256	512	10.576158
29036228096	29035467264	760832	512	10.979479
6983095296	6982255104	840192	512	12.714283
65541813760	65541252608	561152	512	11.462936
11545694720	11544976384	718336	512	4.073633
69555397120	69554830336	566784	512	10.201497
1171023872	1170449920	573952	512	7.941423
68372095488	68371379712	715776	512	3.592707
58673605632	58672997376	608256	512	11.149727
47728149504	47727333376	816128	512	7.623984
26204121088	26203361792	759296	512	11.377789
32762673152	32761997824	675328	512	3.784414
6855503872	6854537728	966144	512	8.105659
70092886016	70092261376	624640	512	8.158880
7576843264	7576069632	773632	512	12.353124
54467516928	54466914304	602624	512	12.156659
50245001728	50244225536	776192	512	8.087969
27683211264	27682531840	679424	512	2.216951
25221868032	25221087232	780800	512	10.865446
69873879040	69873085440	793600	512	2.312633
38659866112	38659008512	857600	512	7.374778
72139385856	72138633216	752640	512	11.774514
3841822208	3841270272	551936	512	8.272520
76487008768	76486383616	625152	512	5.298580
62757135872	62756285440	850432	512	3.155743
61591206400	61590593024	613376	512	12.365652
50887670784	50886765056	905728	512	4.504755
30024959488	30024173568	785920	512	12.199161
27502090752	27501303808	786944	512	12.604157
53410870784	53410051584	819200	512	5.916979
61328135168	61327177728	957440	512	9.018904
35193394688	35192611328	783360	512	10.105595
46423259648	46422559744	699904	512	12.556135
55375715328	55375098368	616960	512	11.769938
56959719936	56959111168	608768	512	11.724048
10165031424	10164380160	651264	512	5.585974
54171190272	54170174464	1015808	512	11.393659
8190397440	8189703168	694272	512	2.997969
44646509056	44645567488	941568	512	4.708808
55574551040	55573604352	946688	512	11.506381
10196523520	10195805696	717824	512	4.116540
34966841856	34966151168	690688	512	12.444600
52839769600	52838830080	939520	512	3.151702
36272122880	36271339008	783872	512	10.091172
24057961472	24057204224	757248	512	11.407637
38065443328	38064672768	770560	512	10.133061
48423873536	48423107072	766464	512	10.753300
74189974016	74189122048	851968	512	8.911472
34898307072	34897533440	773632	512	10.413418
66428315136	66427742208	572928	512	11.027455
52377124864	52376276480	848384	512	5.704416
261092352	260302848	789504	512	12.586606
30372045312	30371508736	536576	512	7.160271
77346989568	77346072576	916992	512	9.335995
42541227520	42540271104	956416	512	4.312411
59375716864	59374823936	892928	512	2.517828
32451814912	32450817536	997376	512	5.159870
16047886336	16046968320	918016	512	8.363164
25697388544	25696397312	991232	512	5.797213
34741258752	34740589568	669184	512	12.912659
64914847232	64914100736	746496	512	5.394629
5714438144	5713435648	1002496	512	7.168224
29856939520	29855952384	987136	512	5.442420
17044452864	17043514368	938496	512	7.883385
72277331968	72276597760	734208	512	12.447612
39569877504	39568937472	940032	512	3.440705
4371127808	4370414592	713216	512	2.846379
54265548288	54264994816	553472	512	4.399220
15610632192	15609769984	862208	512	9.707823
3618289152	3617393664	895488	512	9.977788
9817901568	9816911872	989696	512	7.268245
69585637888	69584911360	726528	512	4.591503
45871753728	45870983168	770560	512	8.806720
48465006592	48464367104	639488	512	3.180145
13096124928	13095587328	537600	512	8.160151
15379963904	15379259904	704000	512	4.109952
75551327744	75550705152	622592	512	4.075576
43935200256	43934341120	859136	512	6.869164
44576351744	44575781376	570368	512	5.254999
61345036800	61344386560	650240	512	11.165215
41584422912	41583578624	844288	512	7.722986
14933672960	14932740096	932864	512	10.337730
69351502848	69350906368	596480	512	10.916088
36019716096	36018856448	859648	512	8.165975
77835338752	77834394112	944640	512	9.928657
32495435776	32494411776	1024000	512	2.607200
51318296576	51317255680	1040896	512	11.826264
41697292800	41696714240	578560	512	5.371789
67624952832	67623996928	955904	512	6.637059
69291918848	69291015680	903168	512	7.872535
12211541504	12210783744	757760	512	12.436410
55710584320	55709827072	757248	512	7.757483
45253111808	45252069888	1041920	512	10.789296
29319035392	29318300672	734720	512	11.644810
15293031936	15292204032	827904	512	10.872464
73503872512	73503098880	773632	512	9.871347
78881196032	78880353792	842240	512	3.200674
45990926336	45990113280	813056	512	7.665174
48040092672	48039070208	1022464	512	2.032634
79494588928	79494060032	528896	512	6.204662
23052831232	23052179456	651776	512	4.699051
64333529088	64332489216	1039872	512	11.716877
6665956352	6664976384	979968	512	7.735347
30056204800	30055231488	973312	512	5.744788
58951743488	58950846464	897024	512	11.625555
23709382144	23708851712	530432	512	7.657180
17528127488	17527262208	865280	512	9.582626
63990174720	63989476864	697856	512	5.145464
57537065472	57536241664	823808	512	5.372462
41790723584	41789702144	1021440	512	3.186744
31676997120	31676417536	579584	512	6.140740
17120905728	17119990272	915456	512	8.437310
32672970240	32672112128	858112	512	5.662769
58201547264	58200705024	842240	512	4.034052
70607931904	70607251456	680448	512	5.645677
3669191680	3668319744	871936	512	12.529697
51730892800	51730121728	771072	512	7.863601
18489760256	18489210880	549376	512	5.853249
51755409408	51754603008	806400	512	13.423586
49618876928	49618014720	862208	512	5.674097
68809483264	68808888832	594432	512	9.621478
23830674432	23829974016	700416	512	12.844103
48053256704	48052396544	860160	512	6.340468
8642703872	8642046464	657408	512	5.383279
41302379520	41301493248	886272	512	6.546684
54539619328	54538816512	802816	512	6.268619
9044226048	9043352064	873984	512	9.785115
66449487360	66448542720	944640	512	8.247464
74144570880	74143547392	1023488	512	9.842905
65274439168	65273679872	759296	512	5.111908
64848635904	64848017408	618496	512	9.538651
38610798080	38610220032	578048	512	3.460229
34710314496	34709275136	1039360	512	12.915975
76480154112	76479552000	602112	512	6.292890
34743954432	34743041024	913408	512	6.870009
54430769664	54430000128	769536	512	7.370648
40847165440	40846330368	835072	512	7.955057
28000582656	27999563264	1019392	512	5.159234
11182365696	11181361152	1004544	512	6.866571
65739319296	65738553344	765952	512	4.783413
43632589824	43631884288	705536	512	12.757665
12493658112	12493055488	602624	512	4.770543
60549298176	60548373504	924672	512	10.752421
37707536896	37706937856	599040	512	5.072316
60596518400	60595572736	945664	512	10.163877
17785380864	17784686080	694784	512	2.441632
32144031232	32143062528	968704	512	5.948479
39763539968	39762713088	826880	512	8.131106
24441252352	24440712704	539648	512	7.467523
8541017088	8540343808	673280	512	3.188604
44903412224	44902504448	907776	512	5.577561
56854028800	56853464576	564224	512	12.940854
26462454272	26461884928	569344	512	6.674522
20558705152	20558134272	570880	512	5.321210
19411070976	19410427904	643072	512	5.458700
48805524992	48804763136	761856	512	9.038621
26895943168	26895400448	542720	512	5.467250
15513738752	15512794112	944640	512	7.784361
15806773248	15806041600	731648	512	12.831299
36800861696	36800196608	665088	512	12.805733
25856660992	25855644160	1016832	512	5.157486
22918624256	22917976064	648192	512	4.776248
52621913600	52621100544	813056	512	6.717599
204325376	203755520	569856	512	6.171092
4769542144	4768827904	714240	512	4.688800
33682420736	33681658368	762368	512	10.653651
38369185280	38368395776	789504	512	9.715520
75780086272	75779053056	1033216	512	8.674168
5150422528	5149445120	977408	512	8.208788
42362921472	42362125824	795648	512	8.453732
60659530240	60658836992	693248	512	8.533306
76379012096	76378235904	776192	512	8.653392
45269395456	45268472832	922624	512	4.747646
12853934592	12853153280	781312	512	11.899281
76111433728	76110483456	950272	512	2.585171
67356690944	67355809792	881152	512	11.019110
33321927680	33320951808	975872	512	5.326221
970915328	970294784	620544	512	6.969831
59955475456	59954799616	675840	512	9.059667
45848216576	45847360512	856064	512	4.672772
68469853696	68468815872	1037824	512	2.023168
80019443200	80018572800	870400	512	11.533662
34191974912	34191285248	689664	512	3.183181
36558023168	36557158400	864768	512	7.652423
78896210432	78895461376	749056	512	5.774405
36129589248	36128549888	1039360	512	3.755641
26684546048	26683784192	761856	512	11.334047
78445402624	78444724736	677888	512	10.154627
28793299456	28792371200	928256	512	6.888940
41348255232	41347618816	636416	512	3.895557
72480784896	72480121856	663040	512	3.909788
25525376512	25524392448	984064	512	5.963986
22618885120	22618325504	559616	512	7.456700
65457537024	65456532992	1004032	512	6.381809
59776946688	59775996416	950272	512	10.083508
51058859520	51058223616	635904	512	12.061130
49041351680	49040758272	593408	512	4.254268
66844163584	66843298304	865280	512	9.701843
54660582912	54659843584	739328	512	8.241644
28299571712	28298856960	714752	512	3.243084
16945022464	16944090624	931840	512	8.027267
17687914496	17687137280	777216	512	11.782678
17506375168	17505526784	848384	512	10.069275
53617250304	53616521216	729088	512	8.580223
17135284736	17134464000	820736	512	10.656692
32975141888	32974239232	902656	512	7.465747
17833519616	17832601600	918016	512	8.335362
5845948928	5845367808	581120	512	7.398405
52554752	51999744	555008	512	8.372816
31614368768	31613355520	1013248	512	4.801899
49712351232	49711501312	849920	512	14.190185
36494471168	36493512704	958464	512	5.736257
70588002304	70587310080	692224	512	3.356418
78949107712	78948097536	1010176	512	3.500371
49380561920	49379886080	675840	512	12.638956
11731104256	11730521088	583168	512	7.176571
30274682880	30273811456	871424	512	8.199288
60540255744	60539460608	795136	512	5.438223
31507483136	31506529280	953856	512	6.215888
59583512064	59582844416	667648	512	9.232539
25498762240	25498030080	732160	512	12.060786
65316872192	65316208640	663552	512	8.094036
78867442176	78866905600	536576	512	6.939086
19368588800	19367867904	720896	512	3.679752
35176170496	35175601152	569344	512	6.161234
16060403200	16059493376	909824	512	8.584478
9479436288	9478668288	768000	512	7.649484
12680550912	12679775744	775168	512	2.824437
37605996032	37605187072	808960	512	9.157490
53945477120	53944434688	1042432	512	10.565954
69889363968	69888601600	762368	512	3.449927
51130526208	51129531904	994304	512	11.252636
18283918336	18283351552	566784	512	7.302677
5063626240	5063056384	569856	512	7.872492
18990232576	18989679104	553472	512	5.686204
54623290368	54622534656	755712	512	7.732749
79804218880	79803557376	661504	512	9.678836
16664444416	16663477248	967168	512	7.222156
17748189696	17747360768	828928	512	12.315640
77774825984	77773946880	879104	512	10.914216
38795956736	38795355136	601600	512	11.199288
40133057024	40132232704	824320	512	8.267205
13545479680	13544906240	573440	512	7.359686
60339526656	60338523136	1003520	512	8.368062
50636461056	50635909632	551424	512	5.047542
51747176960	51746608640	568320	512	4.364251
44792038400	44791433216	605184	512	4.372057
64419092992	64418193408	899584	512	9.738475
43527938048	43527133184	804864	512	8.325085
53816382464	53815626240	756224	512	7.745135
49875514880	49874819072	695808	512	12.169491
74359218688	74358487040	731648	512	2.218771
21945604096	21944994816	609280	512	6.240418
20018311680	20017416192	895488	512	8.921544
26380342272	26379726848	615424	512	3.733944
46719546880	46718622208	924672	512	4.638127
47166585344	47165801472	783872	512	8.462406
50329025536	50328267776	757760	512	10.451019
14529543168	14528753152	790016	512	11.746905
4818753024	4818027008	726016	512	4.468091
68451452928	68450747904	705024	512	5.816958
26259059200	26258421760	637440	512	3.200806
50421886976	50421289472	597504	512	1.899679
73343885824	73343193600	692224	512	3.691097
19416523776	19415986176	537600	512	7.904359
64061821952	64060861440	960512	512	9.622042
58558517248	58557791744	725504	512	7.579921
13460264960	13459539456	725504	512	3.895679
15801640960	15800671744	969216	512	7.233488
42875142144	42874561536	580608	512	4.987032
41980877824	41980064256	813568	512	8.064923
70893836800	70893241344	595456	512	10.497892
58239678976	58238957056	721920	512	7.736597
23365654528	23364944896	709632	512	3.352249
74620326400	74619563008	763392	512	7.389024
5808547840	5807556608	991232	512	7.451533
34083091968	34082214912	877056	512	7.817978
28202163200	28201438208	724992	512	23.327287
24763774464	24763166208	608256	512	5.763718
35613639168	35613004800	634368	512	4.544125
8188444160	8187500544	943616	512	8.510847
40534870528	40534342144	528384	512	6.676611
24725946880	24725042176	904704	512	7.871895
57304557056	57303819264	737792	512	7.945018
20391186944	20390364160	822784	512	10.580458
65055032320	65054093312	939008	512	8.464205
70188923904	70187893760	1030144	512	2.600432
1708414464	1707736064	678400	512	3.873328
54782087680	54781409280	678400	512	9.974253
45740616192	45739936768	679424	512	11.301668
2994520576	2993896448	624128	512	6.675764
8237150720	8236400128	750592	512	12.841003
52107869184	52106932224	936960	512	3.235870
44591741952	44590911488	830464	512	7.629371
56613163520	56612526080	637440	512	12.713176
39625021952	39624033280	988672	512	4.018764
26355216896	26354504192	712704	512	3.257282
57138559488	57137658368	901120	512	12.508727
32306138624	32305167360	971264	512	3.894052
59257555968	59256787456	768512	512	6.279695
18781631488	18780805632	825856	512	12.372868
27178508800	27177847808	660992	512	4.506189
5329294336	5328553472	740864	512	1.931163
15250770432	15249860096	910336	512	9.032746
62583209984	62582294016	915968	512	10.297346
75601753600	75601216512	537088	512	9.120258
37115873280	37114845696	1027584	512	12.936964
55244846080	55243923968	922112	512	2.950174
78750669312	78749916672	752640	512	7.011462
21981926912	21981103104	823808	512	10.586750
15527200256	15526646272	553984	512	7.563592
31634328064	31633491456	836608	512	9.139617
56852848128	56851823104	1025024	512	10.538194
36675592192	36674562560	1029632	512	3.532462
28263624704	28263092736	531968	512	7.575072
11214891520	11214204928	686592	512	2.980555
4776865280	4776148480	716800	512	2.733066
75544253952	75543721472	532480	512	11.176764
10902513152	10901518848	994304	512	7.079249
10437883392	10436853760	1029632	512	6.306172
32700180480	32699271168	909312	512	7.304082
75083536384	75082992640	543744	512	11.111839
299410944	298747904	663040	512	6.003050
55547129344	55546411008	718336	512	10.714712
30797188608	30796339200	849408	512	8.803542
40414373376	40413407232	966144	512	4.515100
19324834304	19323821056	1013248	512	6.202305
5372580352	5371877376	702976	512	2.833591
18719916544	18719216640	699904	512	2.360202
49122918400	49122134528	783872	512	8.369572
59846814208	59846179328	634880	512	10.272226
17668874240	17668120064	754176	512	2.906092
51781320192	51780694528	625664	512	12.018969
78230709248	78229894144	815104	512	2.479825
50087538176	50086796288	741888	512	10.842994
79954213376	79953570304	643072	512	12.353571
45681166336	45680376320	790016	512	8.388799
62549611520	62548648960	962560	512	8.772143
9652976640	9652397568	579072	512	7.258635
56555560960	56554634752	926208	512	11.745415
6946511872	6945547776	964096	512	8.014788
3450548224	3449551872	996352	512	7.789766
52671256576	52670290432	966144	512	2.376574
44850377216	44849789440	587776	512	4.686315
900512768	899987968	524800	512	9.018293
66747905536	66747087360	818176	512	12.473599
25480797184	25480040448	756736	512	2.126089
31056817664	31056108544	709120	512	3.003990
38091442176	38090495488	946688	512	5.831618
44411267072	44410543616	723456	512	10.425294
56518192640	56517292032	900608	512	12.373980
45076305408	45075637248	668160	512	2.287633
7248265216	7247444480	820736	512	11.322715
64773236224	64772229632	1006592	512	14.481427
16186584064	16185546240	1037824	512	5.587613
58522528256	58521768960	759296	512	4.662320
7467753984	7467049984	704000	512	4.622213
53805142016	53804490240	651776	512	10.745420
70566106112	70565168128	937984	512	5.793429
27699980800	27698965504	1015296	512	5.278570
20716564480	20715672576	891904	512	9.010289
35400476160	35399866880	609280	512	5.156539
27137492992	27136595968	897024	512	8.112375
25462354944	25461671936	683008	512	3.973157
50825693696	50824670208	1023488	512	12.282575
4702529024	4701485568	1043456	512	6.780399
24514430464	24513876480	553984	512	7.040669
25979324928	25978482176	842752	512	9.405246
50346724864	50345724416	1000448	512	11.075510
5485679104	5484872704	806400	512	8.861069
77774017024	77773157376	859648	512	11.725031
722242560	721238528	1004032	512	19.081450
38186786816	38185930752	856064	512	7.989882
43183434240	43182846976	587264	512	4.821943
47116257280	47115329024	928256	512	4.555121
30534531584	30533725696	805888	512	11.726124
4561845248	4561223168	622080	512	6.751373
12386438144	12385757184	680960	512	3.059392
20018964992	20018040320	924672	512	8.241493
66541081088	66540406272	674816	512	7.827450
76899025920	76898169344	856576	512	2.598918
8378554880	8377697792	857088	512	10.453619
56588785664	56587904512	881152	512	12.936507
8134612480	8133576704	1035776	512	4.621410
51951859200	51950922240	936960	512	3.192971
57444537344	57443650048	887296	512	3.472358
60218159104	60217459200	699904	512	8.436820
76133639680	76132896768	742912	512	9.987251
19363845120	19362819072	1026048	512	4.060155
79459711488	79459038720	672768	512	11.001287
47871300608	47870494720	805888	512	7.821492
69117100544	69116354560	745984	512	3.959348
29715718144	29714691584	1026560	512	4.298540
74833988608	74832955904	1032704	512	11.212389
37681038336	37680067584	970752	512	3.213805
40461223936	40460538880	685056	512	12.002333
48229094400	48228385792	708608	512	12.381961
32936986624	32936428032	558592	512	6.850279
34839642112	34839070720	571392	512	4.178855
75785042432	75784450560	591872	512	7.042411
54770873856	54769851392	1022464	512	9.271797
53278863360	53278138880	724480	512	10.482492
35447080448	35446129152	951296	512	5.945204
26963482624	26962458112	1024512	512	3.223146
48248463872	48247904768	559104	512	5.174399
17835664384	17834887680	776704	512	11.509592
19824163328	19823330304	833024	512	10.488140
54811845120	54811271680	573440	512	13.095822
11396422144	11395759616	662528	512	5.336422
43990893056	43990276096	616960	512	2.176617
78898443776	78897801728	642048	512	10.526330
15561823744	15561110016	713728	512	2.003590
56500477440	56499898880	578560	512	12.653060
8561388544	8560455168	933376	512	8.512849
6531424256	6530619904	804352	512	11.602138
35748926976	35748235776	691200	512	12.432020
40656121344	40655126016	995328	512	3.862589
3361268224	3360557568	710656	512	2.967668
3626235392	3625406976	828416	512	11.504193
32497951232	32497282048	669184	512	3.869826
57066276864	57065379328	897536	512	3.210193
39842513920	39841615360	898560	512	6.283614
74946164224	74945285632	878592	512	5.972515
124107264	123163136	944128	512	9.238697
15333559808	15332587008	972800	512	7.038870
2429030912	2428155904	875008	512	10.842373
79645770240	79645045248	724992	512	6.864724
59502640128	59501879296	760832	512	4.667526
3052830720	3052232704	598016	512	7.389249
38648883712	38648211968	671744	512	12.196221
78871123968	78870199296	924672	512	9.041736
11253787136	11252978688	808448	512	2.063683
34925526016	34924932096	593920	512	5.610790
77806071296	77805486592	584704	512	4.837525
66930318336	66929594368	723968	512	5.211217
51457647616	51456659456	988160	512	11.037467
16894461440	16893469696	991744	512	6.706335
10907696640	10906788352	908288	512	9.040477
50487822848	50487011328	811520	512	7.078351
23415548416	23414739968	808448	512	10.277260
1646926336	1646149632	776704	512	3.616646
46801614848	46800594944	1019904	512	11.369702
67090826240	67089999872	826368	512	11.017624
4402182656	4401487360	695296	512	5.144449
60890978816	60889949184	1029632	512	9.432515
46828518912	46827959296	559616	512	5.319253
43637656064	43636985856	670208	512	2.608456
21293037056	21292092928	944128	512	7.773445
392487936	391884288	603648	512	7.291872
49104941056	49104333312	607744	512	2.117535
65174354432	65173716480	637952	512	8.958149
50224692736	50224023040	669696	512	12.796359
22406617600	22406036992	580608	512	6.959271
64103902720	64102966272	936448	512	8.516670
63456032256	63455269376	762880	512	5.569176
19884388864	19883697664	691200	512	4.427532
13878566400	13877967360	599040	512	6.884930
44760692736	44760033280	659456	512	2.860810
70956047872	70955102208	945664	512	5.529314
32131854336	32131075072	779264	512	12.326516
39151741440	39150917632	823808	512	8.391830
31733730304	31732871680	858624	512	8.580670
22432223744	22431265280	958464	512	7.535376
5875825152	5875251200	573952	512	7.493033
60658787328	60658155520	631808	512	10.431042
29446245376	29445202432	1042944	512	3.977410
69361078272	69360245760	832512	512	12.098547
10359197696	10358172672	1025024	512	6.456815
78866081792	78865370112	711680	512	8.743149
28571252736	28570270208	982528	512	6.009105
6932257792	6931525632	732160	512	4.045388
11160293888	11159701504	592384	512	6.988484
43575556096	43574722560	833536	512	7.591255
49439862272	49439021056	841216	512	6.308242
2379345920	2378393088	952832	512	9.028809
68351049216	68350298624	750592	512	8.955080
56677020672	56676121600	899072	512	3.105436
18553483264	18552699904	783360	512	2.234498
7703048704	7702308352	740352	512	3.805554
34009626112	34008879616	746496	512	12.959072
55657323520	55656644608	678912	512	11.847348
34809290240	34808317952	972288	512	3.560879
71763599360	71762816000	783360	512	12.428087
31519529472	31518786048	743424	512	11.324923
11281681920	11280689664	992256	512	7.100644
48000456704	47999802368	654336	512	12.036411
49465333760	49464613376	720384	512	11.481782
37330168320	37329132032	1036288	512	3.400192
3909192704	3908631040	561664	512	8.077131
54836035072	54835386368	648704	512	10.896964
74149624832	74149039616	585216	512	7.659221
18244772864	18244032000	740864	512	3.243354
16841709056	16840978944	730112	512	12.726990
36310797824	36310202368	595456	512	3.670074
43644267008	43643463680	803328	512	8.324715
4530440704	4529634304	806400	512	11.950709
65688365568	65687621632	743936	512	5.496110
16623774208	16622985728	788480	512	11.344867
2575427072	2574805504	621568	512	6.742406
55243275264	55242270720	1004544	512	11.687198
61391604736	61390968320	636416	512	9.793207
74291810816	74291204608	606208	512	6.925354
67461278720	67460551680	727040	512	4.978061
24572459520	24571616256	843264	512	9.417464
57850583040	57849750528	832512	512	3.189933
1883046912	1882179072	867840	512	10.918931
62122737152	62121976832	760320	512	5.999785
8397464064	8396715008	749056	512	3.650949
2110181376	2109601792	579584	512	7.880617
27440292352	27439473664	818688	512	9.988313
30287608832	30286986240	622592	512	3.227113
52443149824	52442527232	622592	512	2.810580
4803768832	4803072000	696832	512	3.249799
135547904	134662144	885760	512	10.534223
67638789120	67637786624	1002496	512	4.989043
44232545792	44231785984	759808	512	11.370962
36029792256	36029100544	691712	512	3.137862
55231160832	55230452736	708096	512	9.137213
9517463552	9516711424	752128	512	12.661935
70610264576	70609464832	799744	512	12.630914
16316512768	16315783680	729088	512	3.536259
75425416192	75424442368	973824	512	12.835393
5031876608	5031053824	822784	512	2.353833
65990940672	65990164992	775680	512	4.482060
26838777856	26837805568	972288	512	12.766879
10931974144	10931306496	667648	512	5.250501
48050824192	48049970688	853504	512	6.584425
19433380352	19432660992	719360	512	3.684860
40309051904	40308384256	667648	512	12.306148
71764887552	71764148224	739328	512	2.989952
16151902720	16151025664	877056	512	9.242079
68271310848	68270384128	926720	512	7.607482
43985792512	43984764928	1027584	512	11.763840
63945362432	63944665088	697344	512	7.022504
18213927936	18213394432	533504	512	7.998640
4029571584	4028796416	775168	512	12.617540
9875461632	9874424832	1036800	512	6.076293
11773385216	11772679680	705536	512	2.512262
13767764480	13766860800	903680	512	9.123560
75960665600	75959975936	689664	512	12.561353
57802361344	57801371648	989696	512	9.696456
71815681024	71814753280	927744	512	5.399720
49049601024	49049022464	578560	512	2.910737
32386184704	32385349632	835072	512	11.006799
61808724480	61807936512	787968	512	3.201808
14772550144	14771808256	741888	512	12.818092
4532775424	4532135936	639488	512	6.386968
74928312832	74927593984	718848	512	12.011573
61973918720	61973322752	595968	512	12.991424
32748112896	32747277312	835584	512	9.157151
68735949312	68735353856	595456	512	9.572909
77690919424	77690281984	637440	512	2.620190
78156892672	78156184576	708096	512	10.707935
19371313664	19370464768	848896	512	9.977114
38141842944	38140839936	1003008	512	4.220215
59053321216	59052568064	753152	512	6.726034
54014258176	54013363200	894976	512	13.000999
25575911936	25575098368	813568	512	10.151039
26499816448	26499101184	715264	512	12.465415
1040968192	1039999488	968704	512	8.694996
43525314560	43524518400	796160	512	8.545320
50654914048	50654281728	632320	512	2.754869
54304878592	54303933952	944640	512	2.286793
44433347584	44432424448	923136	512	3.351376
67355865600	67355159040	706560	512	5.768408
40994039296	40993177600	861696	512	7.381188
13637144064	13636599296	544768	512	8.095774
52272605696	52271563264	1042432	512	9.530865
3344446976	3343525376	921600	512	11.317411
64767569920	64766952960	616960	512	9.626339
31887357952	31886761472	596480	512	5.750423
37367089664	37366385664	704000	512	2.474368
73065039360	73064352256	687104	512	4.907328
63638382080	63637795328	586752	512	11.085363
39436447232	39435445760	1001472	512	3.714295
4022687232	4022090752	596480	512	7.275830
4033150976	4032328704	822272	512	11.602171
60446148608	60445607424	541184	512	2.037920
3547254272	3546379264	875008	512	10.460723
20834086400	20833334272	752128	512	12.233885
20592584192	20591748096	836096	512	10.266154
29542143488	29541106176	1037312	512	2.366789
33801976320	33801332736	643584	512	2.408943
36320571904	36319761408	810496	512	11.248985
43778832384	43777940992	891392	512	6.026342
20222210048	20221543936	666112	512	3.093705
25090716160	25089984000	732160	512	2.759473
11926347776	11925674496	673280	512	3.223869
46455698944	46455070208	628736	512	3.376202
12933608448	12932575232	1033216	512	4.372875
74552104448	74551322624	781824	512	9.623871
57968925184	57968158208	766976	512	7.058532
35523493888	35522627072	866816	512	8.070216
58265609216	58264616960	992256	512	8.694624
59593720832	59593028096	692736	512	8.579380
43963219968	43962227200	992768	512	12.551848
67157955584	67157365248	590336	512	9.739302
67611549696	67610580992	968704	512	8.058347
4994260480	4993237504	1022976	512	7.221267
30685868544	30685140480	728064	512	11.802753
26323579904	26322961920	617984	512	5.516177
63827838464	63826843136	995328	512	7.429996
58649207808	58648452096	755712	512	6.629163
6470159872	6469498880	660992	512	3.763985
5090615296	5090025984	589312	512	7.427092
20705867776	20705155584	712192	512	2.046189
35120518656	35119545344	973312	512	5.370450
29502273024	29501448192	824832	512	9.362007
72150136832	72149206528	930304	512	5.361323
48697374208	48696436224	937984	512	4.293751
26503828480	26502906368	922112	512	7.498642
16346688000	16345960448	727552	512	3.552386
69720431104	69719674880	756224	512	3.604960
8049082368	8048556544	525824	512	8.576439
30683585536	30682558464	1027072	512	2.553627
39875955200	39875422208	532992	512	6.579654
20127041536	20126154752	886784	512	9.032939
52756051456	52755494400	557056	512	4.633982
43285745664	43284947968	797696	512	8.496804
15060169728	15059371008	798720	512	11.522977
768934400	767973376	961024	512	8.872407
78433375744	78432835072	540672	512	6.751501
19709013504	19708354048	659456	512	5.065761
63068482048	63067449856	1032192	512	6.265663
3129640448	3128628736	1011712	512	7.491742
28305146368	28304244736	901632	512	7.962792
6839294464	6838386688	907776	512	9.405671
63512505344	63511500288	1005056	512	7.149601
78741690368	78740880384	809984	512	4.562752
5238192640	5237567488	625152	512	6.682275
45259624448	45258705408	919040	512	2.913390
60499048960	60498037248	1011712	512	8.151004
15144383488	15143602688	780800	512	2.641294
12319357952	12318565376	792576	512	11.676987
52618736128	52617746944	989184	512	11.028291
2678731264	2677907968	823296	512	2.320707
3682450432	3681623552	826880	512	11.543540
64354494976	64353583616	911360	512	9.373016
4572332032	4571443712	888320	512	12.001481
12525762048	12525159424	602624	512	6.680273
59216973312	59215992320	980992	512	9.027849
38197470208	38196585984	884224	512	7.225661
55693178880	55692398080	780800	512	7.003755
15935653376	15934876672	776704	512	2.398416
12899085312	12898072576	1012736	512	6.688187
36230482432	36229739008	743424	512	13.021181
18513624064	18512663552	960512	512	7.374892
13941514752	13940661248	853504	512	10.299812
38754375168	38753419264	955904	512	2.976969
75491900416	75490854400	1046016	512	8.252551
66520517632	66519973888	543744	512	12.038558
1556006912	1555140608	866304	512	12.739656
35198323712	35197480960	842752	512	8.656334
79686809600	79686032896	776704	512	4.540985
25200142336	25199531008	611328	512	3.904996
22175414784	22174699008	715776	512	13.071845
3452628480	3451660288	968192	512	8.360272
5909782528	5909028352	754176	512	3.508934
69334011392	69333470720	540672	512	12.935849
71223130112	71222170112	960000	512	5.017748
45754014208	45753304576	709632	512	10.412451
1679315968	1678566912	749056	512	4.163149
37197512704	37196623360	889344	512	7.099084
14654923264	14654209024	714240	512	2.363290
33253413376	33252657664	755712	512	10.773176
76916822528	76916159488	663040	512	12.684089
56235556352	56234784256	772096	512	6.931779
2318767616	2317970944	796672	512	12.413585
49131091456	49130345984	745472	512	11.374477
12947807232	12946884608	922624	512	8.691257
52986841088	52985964032	877056	512	4.964145
639456768	638608896	847872	512	2.045761
7362987520	7362406912	580608	512	7.405703
15702815232	15702042112	773120	512	2.478612
18702589440	18701745664	843776	512	10.084138
52686332416	52685563392	769024	512	7.940936
70972579840	70971761152	818688	512	10.002981
79847928832	79847025152	903680	512	8.186122
67444358656	67443522048	836608	512	10.609676
77759773184	77759180288	592896	512	2.650941
73093580288	73092612608	967680	512	10.650241
45760807424	45759984640	822784	512	7.419270
35972368896	35971612160	756736	512	10.916176
18825649152	18824772608	876544	512	9.351093
48466196480	48465660416	536064	512	5.921543
68284471808	68283647488	824320	512	12.918747
4046839808	4046202880	636928	512	6.417228
18728987136	18727989248	997888	512	6.543529
67783652352	67783047168	605184	512	9.185933
24306777600	24306097664	679936	512	2.194421
79760753664	79759981568	772096	512	4.796954
32089768960	32088779776	989184	512	5.355622
63839968768	63839023104	945664	512	10.706232
33485753856	33484807680	946176	512	6.111338
77506695680	77505893376	802304	512	4.962396
73617148416	73616134144	1014272	512	12.097452
65720078848	65719274496	804352	512	3.568441
74893592576	74892985344	607232	512	6.980279
79545633792	79544742912	890880	512	10.623378
20581489152	20580645376	843776	512	10.113938
10708939264	10707939328	999936	512	6.919232
51688074752	51687460864	613888	512	3.059429
78053593600	78052916224	677376	512	12.019799
14877971968	14877329920	642048	512	3.976536
47993584640	47992936960	647680	512	2.893529
76754051072	76753445888	605184	512	4.000327
50329584128	50328996352	587776	512	2.177012
61512719872	61512016384	703488	512	7.704601
44067623424	44067056128	567296	512	3.435231
59252596224	59251589120	1007104	512	8.208669
26850082304	26849164800	917504	512	7.598414
59039429120	59038630400	798720	512	5.350195
55358411776	55357883392	528384	512	5.079601
62155311104	62154638336	672768	512	8.629720
13137946112	13136902656	1043456	512	4.121614
6853758976	6852929536	829440	512	11.075723
69430714880	69429756928	957952	512	5.973304
74534853632	74533907968	945664	512	3.468990
36533606912	36532608512	998400	512	2.482501
23667890688	23667192832	697856	512	3.607420
52683840512	52683131392	709120	512	9.634375
5626674176	5626125824	548352	512	8.074399
8330229760	8329283584	946176	512	8.548494
31583121408	31582160896	960512	512	6.049511
34736881664	34736019456	862208	512	8.074623
60016109568	60015547904	561664	512	3.221023
52807033344	52806244352	788992	512	7.308860
32075436544	32074703872	732672	512	11.571459
17098813440	17098017792	795648	512	13.070336
57652297216	57651278848	1018368	512	8.897435
73595779072	73595220480	558592	512	8.672771
24161713664	24160880128	833536	512	9.582614
57406311424	57405507584	803840	512	5.951507
71341006848	71340234752	772096	512	2.363121
64406313472	64405630976	682496	512	7.483844
16561247744	16560344576	903168	512	8.719877
74264130560	74263473152	657408	512	5.028448
43377438208	43376403456	1034752	512	11.353331
1536739328	1535940608	798720	512	12.361798
66273401344	66272689664	711680	512	6.530417
65727849984	65726805504	1044480	512	5.020842
7942432768	7941904384	528384	512	8.537294
23350673408	23349995008	678400	512	2.192412
61175204352	61174650368	553984	512	12.357100
42167198720	42166642176	556544	512	5.642741
17051446784	17050850304	596480	512	4.726945
1974666240	1974049280	616960	512	7.037627
15907578880	15906722304	856576	512	9.845584
11585236480	11584568832	667648	512	3.372038
55732223488	55731606528	616960	512	2.507198
71255683584	71254643712	1039872	512	11.466569
65847036416	65846040576	995840	512	8.494642
53020336640	53019581440	755200	512	8.350627
53922716160	53921701376	1014784	512	11.381262
55009447424	55008908800	538624	512	4.787690
78238841856	78237836288	1005568	512	7.378424
35758728192	35758137856	590336	512	3.792871
76907479552	76906704384	775168	512	5.973774
29414282240	29413564416	717824	512	2.745333
35204422144	35203504128	918016	512	6.745867
2226302976	2225311744	991232	512	8.186337
3965137920	3964289536	848384	512	11.067085
34833745408	34833051648	693760	512	3.076721
26743284224	26742386688	897536	512	8.043318
58669426688	58668876800	549888	512	3.647813
71260353024	71259480064	872960	512	9.977377
64394601472	64393971712	629760	512	11.164024
11962275328	11961692672	582656	512	7.149695
60402747904	60402007040	740864	512	7.125083
11908586496	11907703808	882688	512	9.634319
75185368064	75184415744	952320	512	2.561625
33818621440	33817958912	662528	512	3.831871
3363903488	3363094016	809472	512	11.909831
6998299136	6997520384	778752	512	12.166200
34733842432	34733066752	775680	512	12.148236
43593736704	43592829440	907264	512	5.562699
15957856768	15957198336	658432	512	3.235936
47924401152	47923414016	987136	512	3.023960
62030413824	62029624832	788992	512	4.999436
14213527552	14212701696	825856	512	10.913547
13350172672	13349590528	582144	512	7.160118
31408988160	31408233472	754688	512	12.956231
262900736	262007296	893440	512	12.210172
45405903360	45405190656	712704	512	10.447584
1354402304	1353526784	875520	512	10.735884
47911761920	47910861824	900096	512	5.346385
27960566272	27959706624	859648	512	8.981342
1646938112	1645944832	993280	512	8.169224
32934831616	32933784576	1047040	512	2.090009
77589642240	77588841472	800768	512	4.971626
6040429568	6039708672	720896	512	4.272151
1204093440	1203309056	784384	512	12.764449
35332083200	35331084288	998912	512	4.750845
28765071872	28764320256	751616	512	11.188044
1094373888	1093340160	1033728	512	7.314451
11143521792	11142618112	903680	512	9.193884
8747459072	8746433536	1025536	512	6.420200
74819142656	74818094592	1048064	512	10.767262
37591395328	37590744064	651264	512	3.827996
56589768192	56588907520	860672	512	4.292613
54458106368	54457208832	897536	512	3.628260
5170743808	5170070528	673280	512	3.722940
804769792	803983872	785920	512	3.347013
15125066240	15124378624	687616	512	4.700158
46317030400	46316382208	648192	512	2.841388
41023953920	41023113216	840704	512	7.890883
79336727040	79336173568	553472	512	5.080405
79161080320	79160531968	548352	512	3.540524
39955268096	39954434048	834048	512	8.030876
74355202560	74354405888	796672	512	9.034383
12604448256	12603413504	1034752	512	6.144779
59423796224	59422927360	868864	512	3.201344
71077192704	71076360192	832512	512	9.483007
32858669568	32857834496	835072	512	9.268258
30076617728	30075796992	820736	512	9.421766
8308582912	8307555840	1027072	512	6.772185
25200078848	25199271424	807424	512	10.229819
25348232704	25347505152	727552	512	12.251157
20926396416	20925403648	992768	512	6.767742
39337096192	39336172032	924160	512	5.702319
52821805568	52821145088	660480	512	11.009975
51869349376	51868318720	1030656	512	9.886984
10330183168	10329647616	535552	512	8.176750
69494090240	69493104128	986112	512	4.956868
33687481856	33686925824	556032	512	6.412721
61879713792	61879116288	597504	512	11.004319
72259952640	72259422720	529920	512	12.398106
17373112832	17372260352	852480	512	11.748450
14364875776	14364218368	657408	512	3.578492
27466552832	27465911808	641024	512	3.078181
58855372288	58854756864	615424	512	10.892712
35756045824	35755489280	556544	512	4.645361
49727084544	49726218240	866304	512	5.531708
24524298240	24523760128	538112	512	5.560930
11144599040	11143774208	824832	512	12.790452
71899598336	71898812416	785920	512	12.418669
57670737408	57669783552	953856	512	10.772685
34680071680	34679094784	976896	512	5.353307
73164136960	73163600896	536064	512	10.243472
34952958464	34952171520	786944	512	10.049690
65967894528	65967073792	820736	512	12.280385
47087403008	47086723584	679424	512	11.280466
25613187584	25612488704	698880	512	3.605229
60886638592	60885784064	854528	512	3.615209
24834862592	24834099712	762880	512	11.200506
55493198848	55492209664	989184	512	10.153473
77001506304	77000815616	690688	512	9.712914
48452467200	48451707392	759808	512	9.132027
39277606912	39276662784	944128	512	3.311486
10896659456	10896030720	628736	512	6.295066
5657766912	5657091584	675328	512	5.286119
54207823872	54206895616	928256	512	12.055064
51137047552	51136437760	609792	512	3.410484
77431271424	77430723584	547840	512	6.316798
32323421696	32322866688	555008	512	4.911964
33613894144	33613156864	737280	512	11.272977
71353895936	71353315840	580096	512	9.177967
43656287744	43655245824	1041920	512	11.303462
29521333248	29520447488	885760	512	7.882272
31567031808	31566156288	875520	512	8.078200
7902099456	7901474304	625152	512	6.409646
66436622336	66435921408	700928	512	7.086337
23887240704	23886194176	1046528	512	4.392964
52373665280	52372814848	850432	512	5.656128
40312033280	40310993408	1039872	512	2.689682
77469181440	77468180992	1000448	512	5.748300
19485702656	19485158400	544256	512	7.761946
15168547328	15167851520	695808	512	2.825471
39791784448	39791107072	677376	512	2.778495
4253495296	4252964352	530944	512	8.668526
3236602880	3235617792	985088	512	8.049156
6506473984	6505899008	574976	512	5.637535
65815371776	65814359040	1012736	512	6.065145
1242121728	1241485824	635904	512	6.627112
30609389568	30608429056	960512	512	6.003898
10598159360	10597244928	914432	512	8.802987
52656617984	52655588352	1029632	512	9.887529
79651554816	79650992640	562176	512	2.886048
29692630528	29691865600	764928	512	10.847625
491522560	490563072	959488	512	8.920447
26557029888	26556006912	1022976	512	5.059806
55258116608	55257119744	996864	512	10.034295
1584620032	1583795200	824832	512	11.827510
48426888192	48425882112	1006080	512	11.734548
45662015488	45661120512	894976	512	5.460720
19959106048	19958443008	663040	512	5.103871
26243610624	26242569728	1040896	512	4.648598
44946831872	44945876480	955392	512	2.422315
41661295616	41660618240	677376	512	12.100596
42594061312	42593157120	904192	512	5.635677
36706900480	36705977856	922624	512	4.508530
69184123392	69183282688	840704	512	11.763818
3640947200	3640018944	928256	512	9.302601
17935079936	17934114304	965632	512	7.261469
55720962048	55719935488	1026560	512	9.190127
22507140608	22506577920	562688	512	5.580647
61583689216	61583057408	631808	512	9.993578
20478997504	20478116352	881152	512	9.341340
17780580352	17779849728	730624	512	12.750250
31531484672	31530805248	679424	512	12.979565
22196495360	22195889152	606208	512	6.306005
75108760064	75108077056	683008	512	4.014037
54068700160	54067716096	984064	512	12.250712
34381349376	34380519424	829952	512	9.024891
47776689664	47775673344	1016320	512	2.270927
48482143232	48481608192	535040	512	5.773998
53449421824	53448780800	641024	512	11.075030
32003975168	32003058688	916480	512	7.189346
49835222016	49834376192	845824	512	4.363716
3356608512	3355875840	732672	512	4.356355
49631023104	49630371840	651264	512	11.533507
32161102336	32160393216	709120	512	3.008492
77585319424	77584667648	651776	512	2.024588
64264957952	64264043008	914944	512	9.178121
63317480960	63316826112	654848	512	8.752232
4614969344	4613942784	1026560	512	7.029699
36885910016	36885180416	729600	512	13.096709
5367784448	5366931968	852480	512	10.465437
30681221120	30680275456	945664	512	6.515018
62379721216	62378997760	723456	512	7.132494
6810356224	6809638400	717824	512	2.452239
74423443968	74422734848	709120	512	12.237458
17185293824	17184522752	771072	512	2.527905
43870123520	43869243904	879616	512	6.383870
42020318720	42019537408	781312	512	9.013670
20266953728	20266304512	649216	512	5.365394
660099072	659280384	818688	512	2.632985
69623338496	69622465024	873472	512	8.846958
67380354560	67379795456	559104	512	12.648203
42783154688	42782450176	704512	512	11.015202
54702040064	54701049856	990208	512	10.172763
40785428992	40784691712	737280	512	10.546355
33664374784	33663503872	870912	512	7.914927
46230537216	46229628416	908800	512	5.036860
67305768448	67304842752	925696	512	7.651000
53220178432	53219543552	634880	512	2.482924
39183285760	39182716416	569344	512	3.713867
59634889216	59633856512	1032704	512	9.470202
34001564160	34000775680	788480	512	11.794668
71062379520	71061518336	861184	512	8.587177
13662744576	13662139904	604672	512	4.880075
69502650880	69501805056	845824	512	11.612555
35973941248	35973329920	611328	512	5.134996
37665663488	37664738304	925184	512	4.356259
49217014784	49216398336	616448	512	3.756008
49927425536	49926650368	775168	512	8.046974
49986604032	49985783808	820224	512	6.853011
74710057984	74709067776	990208	512	11.060215
71024465408	71023827968	637440	512	7.109392
71999880704	71998896640	984064	512	3.392493
72083986944	72083193856	793088	512	12.223827
54516460032	54515502080	957952	512	13.003565
12245232128	12244400128	832000	512	10.775041
3391133696	3390545920	587776	512	7.536712
73280664576	73279840256	824320	512	11.054821
6503201280	6502340096	861184	512	10.322792
40657446912	40656869888	577024	512	5.365978
25438633472	25437965312	668160	512	4.346357
18197207552	18196391936	815616	512	12.621766
8512673280	8512071168	602112	512	6.970621
14994396160	14993704448	691712	512	4.684569
6352211968	6351609856	602112	512	6.791872
55760415232	55759877632	537600	512	2.874273
70600941056	70600203776	737280	512	12.922550
37344381440	37343696384	685056	512	3.027808
48413789696	48412843008	946688	512	4.063483
39177922048	39177112064	809984	512	8.724872
33444246016	33443339776	906240	512	7.140691
13693676544	13693087744	588800	512	6.992514
36837021696	36836204544	817152	512	8.892995
49817488896	49816479232	1009664	512	12.692380
27295150080	27294270464	879616	512	8.515816
1808546304	1807585280	961024	512	8.920343
72950680576	72949647872	1032704	512	10.893822
62364049920	62363011584	1038336	512	6.566428
9147931136	9147240448	690688	512	4.715818
44675601408	44674815488	785920	512	8.793287
55358098432	55357520384	578048	512	3.675830
27962613760	27961684992	928768	512	7.271960
6573772800	6572745728	1027072	512	6.668667
6299785216	6298903552	881664	512	9.930006
43859499008	43858964992	534016	512	6.228312
56620370432	56619525120	845312	512	4.684353
22226874880	22226132992	741888	512	12.483880
42521749504	42520860672	888832	512	6.104718
77956017664	77955083776	933888	512	8.601387
57373523968	57372966400	557568	512	3.954872
70943325696	70942408704	916992	512	6.536441
42883990528	42883150848	839680	512	7.380416
44747591680	44746699776	891904	512	6.002155
8950972928	8950217728	755200	512	3.199241
75330967040	75330169344	797696	512	8.471361
37163650048	37162883072	766976	512	12.068082
55718985216	55718019072	966144	512	10.950266
24009993728	24009179648	814080	512	10.055577
38335633920	38334953984	679936	512	3.119110
44389137920	44388172288	965632	512	4.013502
2488670208	2488136704	533504	512	8.803332
51404957696	51404058624	899072	512	4.624627
65544538624	65543942656	595968	512	10.326241
43726846976	43726164480	682496	512	11.606437
21312216576	21311541248	675328	512	2.970515
19539561472	19538781696	779776	512	2.282450
17627718656	17626877440	841216	512	10.072161
6291826176	6291089920	736256	512	2.055606
43390389760	43389751296	638464	512	3.458267
68391590400	68390576128	1014272	512	4.721979
1120643584	1119720448	923136	512	11.557048
30463605248	30462838784	766464	512	10.810273
60930378240	60929399296	978944	512	8.345177
12458710528	12457992704	717824	512	4.089023
32911973376	32910966784	1006592	512	4.969468
4861910016	4861234688	675328	512	5.611030
15822336512	15821654016	682496	512	4.705041
442326016	441617408	708608	512	5.040308
63798229504	63797236736	992768	512	7.498631
66824529920	66823510528	1019392	512	4.465663
27087037440	27086208512	828928	512	9.714934
18955464192	18954705920	758272	512	2.918222
11023426048	11022511104	914944	512	8.868406
12057771520	12056989184	782336	512	12.047750
27282276864	27281349632	927232	512	7.226130
5903961088	5903193088	768000	512	12.467073
54025262592	54024719872	542720	512	4.638410
38209905152	38208989184	915968	512	6.402629
31001316352	31000436736	879616	512	8.041566
35123336192	35122302976	1033216	512	1.970397
23028643328	23027815936	827392	512	9.763870
45981822976	45981026816	796160	512	8.171241
9944433152	9943714816	718336	512	4.108614
71946831872	71946163712	668160	512	5.571672
38744498688	38743614464	884224	512	6.734095
16390105600	16389386752	718848	512	1.894778
52119274496	52118667264	607232	512	12.503624
17352058880	17351172608	886272	512	9.107322
45445052416	45444176384	876032	512	6.030395
46072311808	46071726592	585216	512	2.700337
69911506944	69910796288	710656	512	5.196208
72764593152	72763659776	933376	512	5.267622
23525980672	23525275136	705536	512	12.687691
21505090048	21504268800	821248	512	10.617317
33654736896	33653938176	798720	512	9.718075
18046102016	18045259264	842752	512	10.134637
45940008960	45939473408	535552	512	4.019027
34789621248	34788685312	935936	512	6.315731
59283991552	59283087360	904192	512	13.182765
43325271040	43324493824	777216	512	9.146111
66771034624	66770372096	662528	512	8.051135
32596092416	32595524608	567808	512	6.438752
26220927488	26220260864	666624	512	4.374957
31821445632	31820412928	1032704	512	2.403689
30252762624	30251907072	855552	512	8.613614
11592497664	11591567360	930304	512	10.342720
11408069632	11407426048	643584	512	5.816636
56771843072	56771250176	592896	512	12.150368
68443452928	68442566656	886272	512	10.764456
46880864256	46879988224	876032	512	5.911725
16113121792	16112386048	735744	512	12.610813
75144148992	75143478784	670208	512	4.066508
73653375488	73652588544	786944	512	11.289396
66956002304	66955432960	569344	512	12.275114
65387293696	65386447872	845824	512	8.726510
11328702976	11327929344	773632	512	2.739961
25096550912	25095960576	590336	512	6.222563
8160983552	8160154624	828928	512	11.029789
36329212416	36328205824	1006592	512	4.558820
59957462528	59956920320	542208	512	13.066703
20862553088	20861699584	853504	512	9.867494
36498668544	36497636352	1032192	512	13.154319
74599502336	74598645760	856576	512	6.820479
35244092416	35243297280	795136	512	9.803048
55612033536	55611079168	954368	512	13.060765
17535420416	17534601728	818688	512	12.577227
2588952064	2588260352	691712	512	5.200505
22878568448	22877920768	647680	512	2.937760
34207159296	34206627328	531968	512	7.084788
73431663104	73430786560	876544	512	5.991549
64458040832	64457103360	937472	512	10.360978
3503603200	3503076864	526336	512	8.864068
39636953600	39636023808	929792	512	5.504164
70193628672	70193044992	583680	512	9.071988
80015880192	80015302144	578048	512	2.257691
74009208832	74008483328	725504	512	11.870092
31403117056	31402247168	869888	512	8.350230
4502344704	4501454848	889856	512	11.989234
30126171648	30125476352	695296	512	3.340543
76908551168	76907928576	622592	512	12.580333
19367826944	19367179264	647680	512	11.904114
55609110528	55608069120	1041408	512	8.746188
54389819392	54389284352	535040	512	2.997191
54247136768	54246231040	905728	512	3.389970
29087878656	29087058944	819712	512	9.526317
30286132736	30285192192	940544	512	6.566524
73591903744	73590856192	1047552	512	10.743696
32192735744	32192176128	559616	512	6.630578
49880429056	49879534592	894464	512	2.936480
75023763456	75022882304	881152	512	5.920222
49827639296	49826815488	823808	512	4.865261
72397300224	72396635136	665088	512	5.682865
63941632000	63940727296	904704	512	9.572157
42986939904	42986173952	765952	512	11.248872
5447578624	5446633472	945152	512	8.490240
47792883200	47792021504	861696	512	6.260725
23159716352	23158963712	752640	512	2.241969
31269236736	31268215808	1020928	512	2.635757
46356456448	46355929088	527360	512	6.180969
16028742656	16028084736	657920	512	5.169734
30221983744	30221382144	601600	512	3.786428
18401346560	18400717312	629248	512	5.837206
50827722752	50827071488	651264	512	11.498703
79889796608	79889185280	611328	512	2.584651
5595640320	5594893824	746496	512	3.680321
42727851008	42727177728	673280	512	2.535794
32556025344	32555068416	956928	512	6.124208
3359609856	3358725120	884736	512	12.124285
58846760448	58845933056	827392	512	4.463127
19336941568	19336411648	529920	512	6.245904
57263159296	57262338560	820736	512	5.445100
28432082432	28431094272	988160	512	5.920247
4616926720	4616050688	876032	512	12.244352
27697473024	27696454656	1018368	512	3.191767
8127501824	8126963200	538624	512	8.289697
76213887488	76213327872	559616	512	7.892816
73471928832	73471133696	795136	512	10.936800
76068260352	76067530752	729600	512	12.851330
72384413696	72383746560	667136	512	5.662249
63587888128	63587337728	550400	512	12.292137
62025746944	62025129984	616960	512	10.321459
16668243968	16667236352	1007616	512	6.307977
30791833088	30791118336	714752	512	12.085661
10042073088	10041080832	992256	512	7.138989
49946350592	49945451520	899072	512	4.630448
19969044992	19968471040	573952	512	7.047983
17123292672	17122708992	583680	512	6.985227
63019163136	63018423808	739328	512	4.356242
27967236608	27966218752	1017856	512	5.156164
26011194880	26010553856	641024	512	4.990477
12531614208	12530652672	961536	512	7.841240
20889373184	20888369152	1004032	512	6.402952
11431472128	11430858240	613888	512	6.449523
42073589760	42072609792	979968	512	3.637734
19330152960	19329451520	701440	512	4.141568
14413955072	14413316608	638464	512	4.094599
71599184384	71598154240	1030144	512	2.523370
66062328832	66061623296	705536	512	6.752647
9431399424	9430514688	884736	512	9.500256
68697276928	68696683008	593920	512	11.326412
3188814336	3187956224	858112	512	10.834102
55634037248	55633007104	1030144	512	9.141419
63937866240	63936846336	1019904	512	5.870687
3671084544	3670050816	1033728	512	6.935757
16159053312	16158399488	653824	512	5.232327
31550914048	31550369280	544768	512	7.038001
67697230848	67696221696	1009152	512	4.845899
6573565952	6572754432	811520	512	11.431483
32812934656	32812090368	844288	512	8.971431
9032752128	9032159232	592896	512	7.035098
20468558336	20467673600	884736	512	9.059031
41237187584	41236179968	1007616	512	3.467957
76411077120	76410270208	806912	512	7.583262
26689299968	26688354304	945664	512	7.028306
19648674816	19648126464	548352	512	5.925166
49001683968	49001076736	607232	512	3.974290
8058333184	8057497600	835584	512	10.878713
17716288512	17715439616	848896	512	9.976770
11677612032	11676923392	688640	512	4.740688
75888285696	75887594496	691200	512	3.251097
78112225792	78111523840	701952	512	11.065334
51064626688	51064029184	597504	512	3.805846
31855452160	31854638592	813568	512	9.632176
17212521984	17211884544	637440	512	5.522194
27938297856	27937728512	569344	512	6.694227
24862337536	24861588480	749056	512	11.586861
66562503680	66561678848	824832	512	2.876397
60159553536	60158551552	1001984	512	8.471128
24784962048	24784229376	732672	512	12.055244
70611476992	70610665984	811008	512	12.049344
11389686272	11388931072	755200	512	12.577234
8376282624	8375512576	770048	512	12.398630
8477120000	8476288512	831488	512	12.946030
29122487808	29121801728	686080	512	12.892017
12789660672	12789022720	637952	512	4.074109
28979378176	28978486784	891392	512	7.705424
14618719744	14617820672	899072	512	9.228493
3994989568	3994451456	538112	512	8.659149
35364336128	35363438080	898048	512	7.222643
57246460928	57245455360	1005568	512	9.298865
59574379008	59573542400	836608	512	4.194218
75954401280	75953478144	923136	512	3.668567
64119690240	64118645248	1044992	512	5.033919
71550234112	71549219328	1014784	512	12.382161
37237094912	37236549120	545792	512	6.547501
32936556032	32935991808	564224	512	6.532673
25420947456	25419966976	980480	512	6.082885
39444003328	39443183104	820224	512	8.386229
60643851264	60643005440	845824	512	3.935564
69815347200	69814673920	673280	512	6.420967
28434463232	28433595904	867328	512	8.788435
60490444800	60489859072	585728	512	11.924017
47307508224	47306524672	983552	512	12.318458
69970158592	69969399808	758784	512	3.533507
7200923136	7200183808	739328	512	3.847086
77914977280	77914108928	868352	512	2.140681
41454617600	41454019584	598016	512	2.986119
50049904128	50049312768	591360	512	3.916595
44793875456	44792853504	1021952	512	2.535640
68810842624	68809796608	1046016	512	3.574288
54933867008	54932834304	1032704	512	10.904784
14204281344	14203421696	859648	512	10.135468
20105824256	20105255936	568320	512	11.891687
54548052992	54547033088	1019904	512	9.413744
44231342592	44230464000	878592	512	6.357911
72163074048	72162526720	547328	512	9.869099
77848628736	77847906304	722432	512	8.285928
65775190016	65774367232	822784	512	2.989723
69759194624	69758632448	562176	512	12.207704
30882868224	30882132480	735744	512	11.701970
26228367360	26227637248	730112	512	2.799263
11424395776	11423646208	749568	512	3.244461
50231205376	50230303232	902144	512	4.484842
20665459200	20664787456	671744	512	2.965692
13740940800	13740316672	624128	512	6.239222
50156228096	50155394560	833536	512	6.566553
8594362880	8593480192	882688	512	9.557019
12742968320	12742188032	780288	512	2.682710
50987705856	50986875392	830464	512	6.588893
26790581760	26789605888	975872	512	6.195687
66333052928	66332254208	798720	512	3.757681
15046013440	15045049344	964096	512	7.801851
61702691840	61701702656	989184	512	8.043454
51325118976	51324564992	553984	512	4.990161
16984316416	16983632896	683520	512	2.802859
66908482560	66907750912	731648	512	4.839764
75925822464	75925214720	607744	512	6.428708
67964020736	67962978304	1042432	512	3.669659
19991056384	19990487040	569344	512	5.312713
31997816832	31996915712	901120	512	7.528752
66093712896	66093075456	637440	512	9.001945
26310734336	26309832704	901632	512	7.960383
69935329792	69934578688	751104	512	13.079690
36287053824	36286071808	982016	512	5.150132
65489747456	65488767488	979968	512	7.141692
20472694784	20472137728	557056	512	7.497299
54129753600	54128884736	868864	512	4.496356
47878200320	47877324800	875520	512	5.989635
21825617920	21824737280	880640	512	9.262074
49426131456	49425303552	827904	512	6.581437
24200975872	24200152576	823296	512	9.812126
51996795392	51996049920	745472	512	8.637608
17958383104	17957747712	635392	512	5.668724
70782367232	70781537792	829440	512	9.636928
56357632512	56356722176	910336	512	2.809223
3986019840	3985395200	624640	512	6.746711
10798065664	10797395968	669696	512	5.189682
46002556928	46001699840	857088	512	6.558265
21469374976	21468737024	637952	512	3.724122
42207237120	42206559744	677376	512	2.427913
52572433408	52571679232	754176	512	8.421986
57054073856	57053393408	680448	512	9.537299
61274514432	61273688576	825856	512	1.996988
23354760704	23353955840	804864	512	10.278499
43242692096	43242163200	528896	512	4.422255
70044017152	70043027968	989184	512	4.864011
74433849856	74432868352	981504	512	11.426796
9436590592	9435681792	908800	512	8.921151
54169442816	54168499200	943616	512	11.598490
75106893312	75106127360	765952	512	12.104300
26416290816	26415676416	614400	512	5.610968
55356150784	55355390464	760320	512	7.648713
36983881728	36983161344	720384	512	11.357135
28860498944	28859668480	830464	512	9.224871
36090264064	36089327616	936448	512	6.278726
77665681408	77664634368	1047040	512	3.819271
17080488960	17079679488	809472	512	10.901301
76955727360	76954904576	822784	512	4.035587
27219943936	27219142656	801280	512	10.375551
30595700224	30594947072	753152	512	12.998797
77284356608	77283375104	981504	512	8.416210
42469331456	42468556288	775168	512	9.093946
57599432192	57598797824	634368	512	10.939857
63644580352	63643751424	828928	512	3.408881
66514844672	66513837056	1007616	512	6.255883
62256249856	62255660032	589824	512	11.243176
29967431168	29966569984	861184	512	8.492946
68201195520	68200281600	913920	512	8.079185
55330320896	55329531904	788992	512	6.803144
43113836544	43113144832	691712	512	11.277739
63594226176	63593365504	860672	512	11.658632
57158468096	57157557760	910336	512	2.822399
20206547456	20205926912	620544	512	6.050396
43783622656	43782639104	983552	512	3.590723
7939266560	7938471424	795136	512	11.841749
23960086528	23959498240	588288	512	6.236094
52273389568	52272722944	666624	512	10.848328
18962988032	18962014720	973312	512	7.123955
15341844992	15341146624	698368	512	2.332691
7055956480	7055058432	898048	512	9.533901
9835165696	9834337280	828416	512	10.860138
14721159680	14720334336	825344	512	10.909701
71412639744	71412037120	602624	512	8.385266
77109155328	77108199936	955392	512	9.556227
70761626112	70760749568	876544	512	7.988584
27636593664	27635891200	702464	512	12.749108
5935407616	5934735872	671744	512	5.348618
44306030080	44305500160	529920	512	6.322874
17287178752	17286334976	843776	512	11.952191
36606132736	36605101056	1031680	512	3.485475
63939438080	63938630656	807424	512	12.665596
40621453824	40620880896	572928	512	5.505729
48185041920	48184409600	632320	512	3.297303
33869372416	33868706816	665600	512	13.035739
62897305088	62896393216	911872	512	10.041279
1449193472	1448207360	986112	512	8.340993
34636950016	34636151808	798208	512	9.735575
31185657856	31184972288	685568	512	12.808610
70342275584	70341389312	886272	512	7.652155
19399818240	19399065600	752640	512	2.989295
23146281984	23145299968	982016	512	6.020390
75228852736	75228121088	731648	512	11.066037
11329746944	11329114624	632320	512	6.022667
25723810304	25722986496	823808	512	9.854828
60125550592	60124596224	954368	512	9.864344
19122048000	19121474048	573952	512	7.058837
72574471168	72573633024	838144	512	8.704327
10251727872	10250758144	969728	512	7.658111
55122633216	55121624064	1009152	512	9.658460
40186639360	40185738752	900608	512	6.288533
70911085056	70910072320	1012736	512	3.162801
40857444352	40856483328	961024	512	4.710423
7238727168	7238071296	655872	512	5.714751
63173920768	63173356032	564736	512	2.519126
57236411392	57235878400	532992	512	4.672244
78433302528	78432472064	830464	512	3.650845
79178953728	79177978368	975360	512	4.894896
68150527488	68149748224	779264	512	12.578641
11962411008	11961799680	611328	512	6.537799
5945990656	5945379328	611328	512	6.691112
40446009344	40445319680	689664	512	11.756234
14787497984	14786839040	658944	512	5.406514
19249203712	19248316416	887296	512	9.092010
18396777472	18395917312	860160	512	9.726515
35657201152	35656451584	749568	512	10.924984
24858412032	24857782272	629760	512	5.240334
21576250880	21575512064	738816	512	3.311629
14578485248	14577530880	954368	512	8.045180
63979870208	63979207168	663040	512	9.996443
59677967872	59676981248	986624	512	8.840797
57556037120	57555183616	853504	512	4.463059
41957641728	41956714496	927232	512	5.068209
27474658816	27474064896	593920	512	6.116284
55293235712	55292521472	714240	512	8.944781
46363512832	46362510848	1001984	512	2.569191
72448565248	72447623680	941568	512	4.929149
14553406976	14552569856	837120	512	12.493891
10505652736	10504759296	893440	512	11.250421
14364418048	14363594240	823808	512	10.949181
25898704384	25897935360	769024	512	11.099727
32298116096	32297476608	639488	512	2.816689
54054202880	54053301248	901632	512	12.785593
61304461824	61303585280	876544	512	11.502278
34000103424	33999136768	966656	512	5.558352
23320441856	23319884800	557056	512	6.993129
77362985984	77362083328	902656	512	9.905536
43605581824	43605044736	537088	512	6.152287
58595802112	58595022336	779776	512	5.913287
32522071552	32521447936	623616	512	3.186943
11484329472	11483792896	536576	512	8.197577
63226351616	63225464832	886784	512	12.651664
66767961088	66767194624	766464	512	4.828900
70259709440	70259099648	609792	512	5.244334
2357107712	2356223488	884224	512	12.454387
77502868992	77501958656	910336	512	11.469048
78432987136	78432290304	696832	512	9.374923
34307631104	34306821632	809472	512	9.520575
51144920576	51144384000	536576	512	3.612103
75542394368	75541361664	1032704	512	8.773765
62066056704	62065453056	603648	512	10.782655
18320008704	18319407616	601088	512	6.500016
18661698048	18661123072	574976	512	5.262073
33378413056	33377518592	894464	512	7.306901
77869449728	77868536320	913408	512	11.298664
38800576512	38799904256	672256	512	12.198843
61108753408	61108113920	639488	512	11.565989
36086720512	36086061568	658944	512	3.954160
46353395712	46352393216	1002496	512	7.306227
52472423424	52471760896	662528	512	10.951216
64580756992	64579732992	1024000	512	5.679208
50249847808	50248964096	883712	512	5.027117
33516669440	33516026880	642560	512	4.292308
38694020608	38693284352	736256	512	10.503968
29846971904	29846257664	714240	512	2.814841
35526887936	35526336000	551936	512	4.705934
79154761216	79154108928	652288	512	11.862796
17406448128	17405522432	925696	512	8.193642
57614078464	57613157376	921088	512	11.780839
6301535232	6300920320	614912	512	6.602347
19766705664	19765771776	933888	512	8.083539
19796518912	19795779584	739328	512	9.849071
21080147968	21079518720	629248	512	5.803528
59911739392	59911158784	580608	512	11.992046
60215000064	60214135808	864256	512	3.342220
65615326208	65614329856	996352	512	6.556353
952871424	952344064	527360	512	8.929221
70993105408	70992229888	875520	512	8.040751
15771525632	15770525184	1000448	512	4.625778
46278359552	46277416448	943104	512	4.191490
22249076224	22248035328	1040896	512	5.540774
11634808320	11634062848	745472	512	12.715358
8541091328	8540502528	588800	512	6.984394
51344503808	51343497728	1006080	512	10.905298
11970973696	11970081280	892416	512	9.424394
11626350080	11625472000	878080	512	9.750497
50694140928	50693561344	579584	512	4.248385
64437934592	64437110272	824320	512	12.106753
20469314560	20468676608	637952	512	5.602160
11071963136	11070917632	1045504	512	5.923055
23622843904	23622231040	612864	512	3.736847
8534903296	8534341120	562176	512	7.832033
18839741440	18839036928	704512	512	4.035277
63099283456	63098397696	885760	512	10.748339
22105338880	22104486912	851968	512	9.920483
6903810048	6902903296	906752	512	9.271373
68331110400	68330379264	731136	512	4.961426
65725225472	65724399616	825856	512	2.961262
31645545984	31645002752	543232	512	7.103126
16198864896	16198021632	843264	512	11.911981
73576818176	73576067072	751104	512	10.733130
72264923136	72264287232	635904	512	6.791556
62924096000	62923196416	899584	512	10.485099
78531527168	78530729984	797184	512	5.151088
26042701824	26041774592	927232	512	7.371118
76792020992	76791148032	872960	512	13.035289
16042654208	16041750016	904192	512	8.742120
29591618048	29590816768	801280	512	9.976918
61456578048	61455809024	769024	512	5.620169
62549898752	62548853248	1045504	512	6.319152
60126453248	60125600256	852992	512	3.743855
79815126016	79814499328	626688	512	12.988311
11863834624	11862870528	964096	512	7.823930
57385260544	57384335872	924672	512	2.349043
22567980032	22567201280	778752	512	2.274679
9332662784	9331833344	829440	512	12.645092
15437272064	15436250624	1021440	512	4.116375
40260100608	40259295744	804864	512	8.791466
38646196224	38645220864	975360	512	4.358166
60290286592	60289367040	919552	512	12.789030
43286402560	43285429760	972800	512	2.035450
73745741824	73745022976	718848	512	11.936343
20711263744	20710704640	559104	512	7.439392
77342658560	77341730304	928256	512	10.689294
37439774720	37438922752	851968	512	8.029475
74049526784	74048565248	961536	512	12.066149
74806722560	74805980672	741888	512	12.979858
21846002176	21844982272	1019904	512	6.019229
74281277440	74280586240	691200	512	3.736334
3621349888	3620701184	648704	512	6.113923
53027879936	53027109888	770048	512	7.934474
39942778368	39942074880	703488	512	11.407144
8604613632	8603697152	916480	512	8.841190
78043882496	78043283456	599040	512	4.296928
62462960640	62462415360	545280	512	12.503820
70853557248	70852628480	928768	512	6.191763
15020845568	15019808768	1036800	512	6.153844
4906625024	4906041856	583168	512	7.633245
30798936576	30797918208	1018368	512	4.618407
7916419072	7915739136	679936	512	3.250206
46116439040	46115485696	953344	512	3.974644
70350248448	70349221376	1027072	512	2.586571
29205092352	29204443648	648704	512	4.381992
31496191488	31495414784	776704	512	10.607089
13725181952	13724352000	829952	512	10.824214
4080973312	4080188928	784384	512	12.472669
35416228864	35415449088	779776	512	10.193267
59592724480	59591997440	727040	512	4.646970
35024787968	35024088576	699392	512	12.241298
67942653440	67941848576	804864	512	2.479058
73239190016	73238531584	658432	512	5.916064
13150113280	13149549568	563712	512	7.597344
48341472768	48340484608	988160	512	2.969598
71614558208	71613568000	990208	512	2.065294
53528411136	53527700992	710144	512	10.954430
51645617664	51644773888	843776	512	5.869536
11570052608	11569503744	548864	512	7.895911
70512914432	70511933952	980480	512	4.351364
31764974080	31764400128	573952	512	6.238719
23745842176	23745290240	551936	512	5.283300
27798319616	27797725696	593920	512	6.065956
34810067456	34809260032	807424	512	9.486607
57567659008	57566981632	677376	512	9.626315
52106251264	52105613824	637440	512	11.752921
77551439872	77550808064	631808	512	2.882489
54036279296	54035643392	635904	512	11.200688
39717529600	39716609024	920576	512	5.779718
29242316288	29241706496	609792	512	5.348179
51490462208	51489635328	826880	512	6.320862
71446581248	71445689856	891392	512	7.530272
41506461696	41505517568	944128	512	3.384034
56522313216	56521680384	632832	512	12.799750
11663552512	11662865408	687104	512	2.913971
7032176128	7031224320	951808	512	8.366196
47208059904	47207017472	1042432	512	10.748458
16222801920	16221932544	869376	512	9.523941
63344464384	63343563776	900608	512	10.386547
74639373824	74638393856	979968	512	11.453608
78817352192	78816497152	855040	512	2.647525
7736000000	7735433216	566784	512	7.658781
3650551296	3649706496	844800	512	11.122765
62986131968	62985253376	878592	512	11.105624
16001502720	16000956416	546304	512	7.750324
38626686976	38626012160	674816	512	12.149463
64443267072	64442451968	815104	512	3.218859
5553268736	5552588800	679936	512	5.153677
52356819968	52356147712	672256	512	12.548851
56439806976	56439105024	701952	512	8.975718
55083399680	55082687488	712192	512	9.017758
10608157696	10607216128	941568	512	14.801659
19068253696	19067380224	873472	512	9.476397
4924657152	4923975680	681472	512	3.492585
67146500608	67145930240	570368	512	10.330480
27566205440	27565558784	646656	512	4.859443
58315106816	58314317824	788992	512	5.608646
9293769216	9293123584	645632	512	5.726472
12237161984	12236478976	683008	512	4.862940
49445411840	49444796416	615424	512	12.510013
52551412224	52550697984	714240	512	9.423566
23337889792	23337000448	889344	512	8.387847
23437921280	23437099520	821760	512	9.864262
14856615936	14855997440	618496	512	6.373226
27689539584	27688989184	550400	512	7.170960
6832538624	6831617536	921088	512	10.889147
51121634816	51120747520	887296	512	3.104334
73013207552	73012257792	949760	512	4.575394
10235203072	10234479616	723456	512	3.929260
43228537344	43227501568	1035776	512	11.482967
25697630720	25696848384	782336	512	10.833683
12877993472	12877267968	725504	512	3.912077
53523427840	53522554880	872960	512	4.373856
61833268224	61832263680	1004544	512	7.560064
17903019008	17902479360	539648	512	7.904455
39872501248	39871606272	894976	512	6.432928
21213913088	21213012480	900608	512	8.796404
78532837888	78531978240	859648	512	2.495953
15939016704	15938170368	846336	512	11.867725
50938478592	50937510400	968192	512	11.994706
56207759872	56206920192	839680	512	4.896965
48628990464	48628356096	634368	512	12.524018
12183255040	12182305280	949760	512	8.104971
54096549888	54095573504	976384	512	10.645958
2339250176	2338527744	722432	512	2.949305
38909652992	38908768256	884736	512	6.714557
43427423232	43426409984	1013248	512	12.114898
41741187584	41740365312	822272	512	8.309540
79106454016	79105479168	974848	512	5.018699
5809645568	5808656384	989184	512	7.524456
34370017792	34369078784	939008	512	4.343375
24133781504	24133243392	538112	512	7.402318
46522625536	46522043904	581632	512	2.930291
25113897472	25112917504	979968	512	6.069422
23269604352	23268714496	889856	512	8.171957
3859800064	3858988032	812032	512	2.570717
67546240512	67545617408	623104	512	8.604003
41502792192	41501902336	889856	512	6.546145
36387056128	36386418688	637440	512	2.648292
2603918848	2602897408	1021440	512	7.271829
17542752768	17542144000	608768	512	4.424198
29537186816	29536565760	621056	512	3.222748
64388588544	64387850240	738304	512	5.703201
4959827456	4958889984	937472	512	9.093790
9807890432	9806925824	964608	512	7.762597
46978628096	46977766912	861184	512	4.520360
67879774208	67878941696	832512	512	12.653587
10471920128	10471065600	854528	512	10.259251
61723661312	61722987520	673792	512	8.628761
19350563840	19349576192	987648	512	6.774293
64876099584	64875409920	689664	512	7.253422
3970021376	3969347072	674304	512	5.591665
65398327808	65397509120	818688	512	3.097493
44491040768	44490007552	1033216	512	2.248096
35303724032	35303118336	605696	512	5.264919
65704545280	65703591424	953856	512	7.991204
74244393984	74243355648	1038336	512	9.257890
74510373376	74509342720	1030656	512	11.422355
50428869632	50427863552	1006080	512	8.248664
75342006784	75341459968	546816	512	8.739011
70166968320	70165996032	972288	512	5.450831
16429245952	16428363776	882176	512	9.211147
21988929536	21988316672	612864	512	4.294285
1661694976	1661160960	534016	512	8.939193
78516187136	78515271680	915456	512	6.713996
51447874560	51447254528	620032	512	3.124413
58436619776	58435849728	770048	512	4.376617
60692899840	60692344832	555008	512	3.491575
35332887552	35332117504	770048	512	10.417527
14438109184	14437438976	670208	512	5.157210
30841804800	30841081344	723456	512	2.583624
52198771200	52197735424	1035776	512	11.549201
6659900416	6659069952	830464	512	12.902393
43286767104	43286094336	672768	512	11.705405
34029620224	34028983296	636928	512	4.503036
12786824704	12786125824	698880	512	4.512652
10897965056	10896966656	998400	512	6.979552
5230012416	5229352448	659968	512	4.049261
33887563264	33886626816	936448	512	6.261161
28562681344	28561794048	887296	512	8.305039
25312404992	25311753216	651776	512	4.711951
54314800640	54314267136	533504	512	4.862732
24552339968	24551602176	737792	512	2.635423
20096987136	20096008704	978432	512	6.986354
1495463936	1494461440	1002496	512	7.972287
37294157312	37293306880	850432	512	8.073747
49334366720	49333507072	859648	512	5.750310
55484514304	55483508736	1005568	512	11.631335
70776722944	70775819264	903680	512	7.026391
2537804800	2537209344	595456	512	7.530780
6075037184	6074226688	810496	512	11.511623
77730650624	77729781248	869376	512	11.314022
25991602176	25990951936	650240	512	2.876567
19002885120	19002167296	717824	512	13.044278
21302215680	21301330432	885248	512	9.144125
17812938752	17812335104	603648	512	6.452046
56168461312	56167793152	668160	512	9.895891
43999706624	43998979584	727040	512	10.360038
40996216320	40995492352	723968	512	10.875387
11014082560	11013186560	896000	512	9.307023
10016412672	10015684096	728576	512	13.157354
47020647936	47020123136	524800	512	4.365686
5703975936	5702961664	1014272	512	6.922938
982846976	981853696	993280	512	8.165471
37409521664	37408788992	732672	512	11.070982
35128236032	35127437824	798208	512	9.748048
28347815424	28347206144	609280	512	3.862452
36900533760	36899606528	927232	512	6.114337
28739499520	28738917376	582144	512	6.047535
9501758976	9501226496	532480	512	6.440890
56877822464	56877101056	721408	512	8.364920
20504898048	20504035328	862720	512	11.513204
41310984704	41310150144	834560	512	9.829740
37120606208	37119928832	677376	512	3.215133
76679608832	76679011328	597504	512	4.314387
20170614784	20169913856	700928	512	4.132906
47654692864	47654088704	604160	512	2.193956
6064346112	6063604736	741376	512	3.757388
50454203904	50453278720	925184	512	3.838508
50095379456	50094380032	999424	512	12.985838
11043389952	11042809856	580096	512	7.200948
37762897408	37762139648	757760	512	10.420747
43637804544	43636984832	819712	512	7.929711
52975110656	52974500352	610304	512	12.425770
12177311232	12176778752	532480	512	8.350706
60920963584	60920335872	627712	512	11.899002
38804093440	38803124224	969216	512	2.646330
1205283840	1204667904	615936	512	7.048163
46033769984	46032751104	1018880	512	2.110940
72615958528	72615050240	908288	512	6.158593
35976564736	35975944192	620544	512	4.895288
40827131904	40826607104	524800	512	17.871086
52852773376	52851881472	891904	512	4.481306
26045455360	26044478464	976896	512	6.131790
42916401664	42915809792	591872	512	4.669062
77250155008	77249131008	1024000	512	4.750068
35658856960	35658279424	577536	512	4.086638
52575734272	52574736896	997376	512	10.802513
39518699008	39518044160	654848	512	3.392241
71006852608	71006147072	705536	512	2.898331
2317872640	2317239808	632832	512	6.700713
72586535936	72585532928	1003008	512	2.818530
73652811776	73651969536	842240	512	7.376988
12975040000	12974127616	912384	512	8.943538
52185041920	52184344576	697344	512	9.974453
36917889536	36916994560	894976	512	6.961344
50983189504	50982659072	530432	512	5.634454
38071123968	38070102016	1021952	512	12.954436
8559777280	8559235072	542208	512	8.102862
30708095488	30707520000	575488	512	4.361824
5768776704	5768105984	670720	512	3.541816
65388193792	65387257856	935936	512	8.511863
8549493760	8548507648	986112	512	7.265600
51087890432	51087027712	862720	512	5.625563
29166675968	29165904896	771072	512	10.748298
73595165184	73594346496	818688	512	10.126075
65356377600	65355626496	751104	512	5.281852
19979853824	19978849792	1004032	512	6.404108
3922480640	3921746944	733696	512	2.438220
16346232832	16345661440	571392	512	7.127515
50473703936	50472915968	787968	512	7.730379
70440169984	70439138304	1031680	512	2.518232
11686346752	11685756416	590336	512	6.986284
35885359104	35884476928	882176	512	7.676668
70995358208	70994491904	866304	512	10.177988
50153820672	50152973312	847360	512	6.085057
33111997952	33111098880	899072	512	7.233352
11136636416	11135639040	997376	512	6.985488
71527872000	71526983168	888832	512	7.604775
39525923840	39525308416	615424	512	4.454576
58352805888	58351769088	1036800	512	7.366146
39936751104	39935800832	950272	512	4.996881
37400994816	37400237568	757248	512	12.314445
56240476672	56239584256	892416	512	12.565411
73756130304	73755486720	643584	512	3.682333
26176340480	26175436288	904192	512	7.918346
14471184384	14470156800	1027584	512	4.481338
27456451584	27455526912	924672	512	7.429516
4841569280	4840638464	930816	512	9.205279
11091146752	11090385920	760832	512	3.096268
42965960192	42965275136	685056	512	2.255048
5509734400	5508727296	1007104	512	7.156089
6950201344	6949186560	1014784	512	6.918600
67387317248	67386371072	946176	512	6.948346
48559781888	48559102464	679424	512	11.306340
57888799232	57887757824	1041408	512	8.276590
77824524288	77823858688	665600	512	12.579201
72969513472	72968937472	576000	512	8.898631
64692524032	64691742720	781312	512	4.399763
46966783488	46965984768	798720	512	8.003622
40065246208	40064412672	833536	512	8.017362
21014266880	21013666816	600064	512	6.480354
46785895424	46785265152	630272	512	3.330316
73435671552	73435098112	573440	512	8.147234
11747570176	11746542592	1027584	512	6.342098
7765633024	7765106176	526848	512	8.579116
55166414848	55165368832	1046016	512	8.588530
5061986304	5061325824	660480	512	5.910162
60479409152	60478391296	1017856	512	7.948254
37244123648	37243079168	1044480	512	12.435284
52712968192	52712218112	750080	512	15.033779
75316252160	75315421184	830976	512	7.209231
12974133248	12973165056	968192	512	7.682542
6255842816	6255098368	744448	512	3.730047
72469462016	72468638208	823808	512	9.157733
20903378944	20902654976	723968	512	3.571270
68547568128	68546787840	780288	512	12.564274
64959315456	64958476800	838656	512	11.708281
27013419520	27012512256	907264	512	7.806507
78004329984	78003695616	634368	512	11.989656
71408418304	71407406592	1011712	512	3.248527
78870302720	78869336064	966656	512	7.264616
54760559616	54759789056	770560	512	7.307844
49121781248	49120793088	988160	512	12.227954
8543921664	8543275520	646144	512	3.873424
43085385728	43084355072	1030656	512	11.613287
25655927296	25655349760	577536	512	4.661525
45593172992	45592534016	638976	512	12.379339
60069394944	60068761088	633856	512	10.374811
55518517760	55517717504	800256	512	6.485221
59515100160	59514214912	885248	512	11.948116
37832752128	37832084992	667136	512	3.478339
7219173376	7218558976	614400	512	6.610524
51450515456	51449944064	571392	512	4.406022
29876944896	29876004864	940032	512	6.536278
21184382464	21183669248	713216	512	3.858731
49272775168	49271760896	1014272	512	11.509565
40495599616	40494699008	900608	512	6.284643
54840627200	54839589888	1037312	512	8.789061
2112044544	2111496704	547840	512	8.553282
10694735872	10694049792	686080	512	4.823952
63892176384	63891141632	1034752	512	6.175346
67964308480	67963361280	947200	512	6.906373
11453177856	11452188672	989184	512	7.241152
62100421120	62099578880	842240	512	3.375969
35997513216	35996507648	1005568	512	4.591405
69023699456	69022865920	833536	512	10.197339
69536280064	69535650816	629248	512	7.992260
16167863808	16166872576	991232	512	6.709783
75401558528	75400711680	846848	512	6.563388
8967972352	8967373824	598528	512	6.863510
34797283328	34796603392	679936	512	12.635173
56531852800	56530817536	1035264	512	8.395072
63154866176	63154144256	721920	512	6.833874
2050343936	2049545728	798208	512	3.099435
70280334336	70279422464	911872	512	6.740179
32366912000	32366036480	875520	512	8.193146
24691893248	24690967040	926208	512	7.416252
44754677248	44753866240	811008	512	8.139855
12207283712	12206580736	702976	512	4.456417
6175961600	6175416832	544768	512	8.204526
30776224256	30775649792	574464	512	6.271735
43522130432	43521329664	800768	512	8.417710
67976444416	67975834624	609792	512	9.077717
59633864192	59633001984	862208	512	12.692928
44315606016	44314989568	616448	512	4.065419
17338778112	17337978880	799232	512	11.127219
48031694848	48030898688	796160	512	8.147401
20164776960	20163964416	812544	512	12.615353
43658008576	43657446400	562176	512	5.607004
52090572288	52089994240	578048	512	4.065700
75380061184	75379028480	1032704	512	8.714175
13093406208	13092585472	820736	512	11.020718
19106537984	19105570816	967168	512	7.217904
54421652992	54420828160	824832	512	3.887248
71078973952	71078407680	566272	512	11.508809
79682822656	79682032640	790016	512	3.975271
44577797632	44577112064	685568	512	11.469199
7069592064	7068544000	1048064	512	6.167347
34501483520	34500482048	1001472	512	4.687289
11262290944	11261670400	620544	512	4.443659
17281652224	17280854016	798208	512	11.179405
52830599168	52829580800	1018368	512	12.028517
39568527872	39567728640	799232	512	8.936209
14778654720	14777784832	869888	512	9.933684
21739225088	21738280448	944640	512	7.804915
55082758656	55081858560	900096	512	3.626534
23310569984	23309791232	778752	512	10.937691
38906724352	38905677312	1047040	512	2.475718
21665519616	21664493056	1026560	512	5.835187
32912218112	32911492608	725504	512	11.821107
37668241408	37667400704	840704	512	10.174491
42344303616	42343381504	922112	512	5.223858
8416999936	8416184832	815104	512	11.362179
63291705856	63290785280	920576	512	9.803720
10082023424	10081004544	1018880	512	6.508718
14466056704	14465135104	921600	512	8.809293
55504758784	55504154112	604672	512	2.872835
32650888704	32650287616	601088	512	5.605935
24194513408	24193561088	952320	512	6.776015
38476309504	38475494400	815104	512	8.994265
45127491584	45126670336	821248	512	7.419463
34700676608	34699960320	716288	512	11.732211
42457483776	42456678912	804864	512	8.343728
9425564160	9424927744	636416	512	5.955257
57975596544	57974623232	973312	512	10.183198
11215274496	11214629888	644608	512	3.929901
26342155264	26341414400	740864	512	2.577173
74687196160	74686516224	679936	512	4.189529
76110222848	76109259776	963072	512	2.185649
61614956544	61614013440	943104	512	9.492531
9251449344	9250656768	792576	512	11.667487
4385452032	4384604160	847872	512	11.032978
62559465984	62558643200	822784	512	3.915676
15791967232	15791241216	726016	512	3.472181
34067168256	34066175488	992768	512	4.855505
51676127232	51675217408	909824	512	2.155766
61605042176	61604325888	716288	512	7.304308
5444854272	5443909632	944640	512	8.505681
49741371392	49740783616	587776	512	2.175950
63082781696	63082013184	768512	512	5.336892
17187490816	17186552320	938496	512	7.947655
33055777280	33054801408	975872	512	5.661443
42633101824	42632180736	921088	512	3.246729
35442582528	35441602048	980480	512	3.372159
58983164416	58982559232	605184	512	11.200128
33464061952	33463078400	983552	512	5.058313
79670834688	79669988352	846336	512	12.565470
53416138240	53415477248	660992	512	5.887829
44950074368	44949408256	666112	512	2.710704
57541625856	57540624896	1000960	512	9.396315
28515988480	28515461632	526848	512	7.847529
54922073600	54921312768	760832	512	7.542543
49038878720	49038248960	629760	512	3.440116
1359793152	1359126528	666624	512	5.886813
22994518016	22993735680	782336	512	12.706708
61225164800	61224507904	656896	512	9.223258
20509288960	20508366848	922112	512	8.319404
37286468608	37285536768	931840	512	6.009950
45196383744	45195525632	858112	512	6.474835
72811402240	72810627072	775168	512	12.819309
17144419840	17143760896	658944	512	5.238755
68730566656	68729917440	649216	512	7.682503
28638558208	28637901312	656896	512	2.733459
58820539904	58819522560	1017344	512	7.920679
27762068992	27761147904	921088	512	7.449333
9965673984	9965035520	638464	512	5.939215
15350490624	15349886464	604160	512	6.331805
73629172224	73628410880	761344	512	10.355014
15247618048	15246663168	954880	512	5.091109
71738863616	71737931776	931840	512	5.315466
76783255040	76782260224	994816	512	6.011629
70862961152	70862135296	825856	512	11.673270
47592554496	47591629824	924672	512	4.599129
47265066496	47264159744	906752	512	5.163533
32483812352	32483260928	551424	512	6.797424
43994119680	43993138176	981504	512	3.585437
59298798080	59297935872	862208	512	3.341912
6606206976	6605611008	595968	512	7.142976
68767863808	68767116288	747520	512	4.398206
57683078144	57682210304	867840	512	2.254652
31230353408	31229683200	670208	512	13.053983
22727732224	22727044608	687616	512	2.554310
54077910528	54077211136	699392	512	11.366125
78539671040	78538890752	780288	512	5.867691
13908553728	13907648512	905216	512	9.231367
37588651008	37587829248	821760	512	8.773372
36670256640	36669685760	570880	512	5.917079
499297280	498284032	1013248	512	7.635588
19639086592	19638141440	945152	512	7.736004
40254429184	40253660672	768512	512	9.672700
43846813696	43845895680	918016	512	3.339129
57378577920	57378027008	550912	512	2.351544
3449107968	3448155136	952832	512	8.725926
15413325312	15412764672	560640	512	7.347493
66331829760	66331234816	594944	512	10.338245
61147830784	61147094016	736768	512	6.646713
70968084992	70967122944	962048	512	4.956277
63315833344	63314946560	886784	512	12.702436
33066274816	33065592320	682496	512	12.818405
76541149696	76540463104	686592	512	2.931123
58270197760	58269454848	742912	512	6.998982
7270342656	7269743616	599040	512	6.977565
29894108160	29893287936	820224	512	11.343769
21690349056	21689785344	563712	512	7.294065
73406968832	73405984768	984064	512	11.286197
56265381888	56264602112	779776	512	6.687760
69514233344	69513454080	779264	512	2.882628
54594164224	54593370112	794112	512	6.567553
61938764288	61938226176	538112	512	12.888508
60988718592	60988174336	544256	512	12.681379
18178118144	18177526272	591872	512	4.951362
58142531584	58141907456	624128	512	10.600919
9929354240	9928606208	748032	512	3.395564
55367437824	55366858240	579584	512	3.573511
12968503296	12967688192	815104	512	11.188807
70835501056	70834758656	742400	512	3.435382
23092320256	23091720704	599552	512	4.109454
18913495552	18912707072	788480	512	11.341769
54137302016	54136344576	957440	512	13.024644
63786981888	63786325504	656384	512	8.867063
55106875904	55105834496	1041408	512	8.704123
75529622016	75529074176	547840	512	8.725891
26343373312	26342845440	527872	512	7.681479
69676860928	69676329472	531456	512	11.336750
14874834432	14874168832	665600	512	5.427721
10366412288	10365735424	676864	512	5.100477
60525270016	60524663296	606720	512	10.980570
72626536448	72625744384	792064	512	10.355094
60420007424	60419061248	946176	512	9.926944
26916185088	26915501056	684032	512	3.934641
52280211968	52279246336	965632	512	2.561930
22408807424	22408253440	553984	512	7.404488
24598265856	24597267456	998400	512	5.648576
76928568832	76927966208	602624	512	4.142234
11763329536	11762609664	719872	512	4.064177
32233763840	32232995840	768000	512	10.644475
26516662272	26515676160	986112	512	6.003347
21769618432	21768629248	989184	512	6.757755
19211962368	19211143680	818688	512	12.537709
73542864896	73542053888	811008	512	10.374614
11362048512	11361236992	811520	512	1.919158
67303687680	67302990848	696832	512	6.100059
78301474816	78300441088	1033728	512	4.379092
25737721344	25737005056	716288	512	3.154948
78808995840	78808226816	769024	512	6.306344
60409958912	60409151488	807424	512	3.237266
42212131328	42211127296	1004032	512	2.999655
77388728320	77388081664	646656	512	11.503417
74145603584	74144712192	891392	512	5.499556
53142235648	53141276160	959488	512	11.809146
75768865280	75767971840	893440	512	4.818303
36458866176	36457968128	898048	512	7.227936
38416233984	38415284736	949248	512	5.564082
20323667456	20322873856	793600	512	11.235099
5813947392	5813212160	735232	512	2.076333
77427888128	77426909696	978432	512	6.682538
70580966912	70579991040	975872	512	4.497158
12664372224	12663636480	735744	512	3.686125
10706919936	10705965056	954880	512	7.983742
66513077248	66512549376	527872	512	3.286337
46398407168	46397403648	1003520	512	2.541175
24790497280	24789548544	948736	512	6.845073
23368696832	23368160256	536576	512	7.466088
3746841600	3746214912	626688	512	4.786702
23300675584	23300003840	671744	512	2.398394
76925230592	76924550656	679936	512	11.935462
22865309696	22864748032	561664	512	7.369634
42502344704	42501298176	1046528	512	12.981643
28876839936	28875909120	930816	512	6.813448
32493448704	32492569600	879104	512	8.119632
79425972736	79425040896	931840	512	8.758247
3000240128	2999469056	771072	512	3.470482
47107860992	47107226624	634368	512	12.487012
73742920704	73742128128	792576	512	9.243715
14213434880	14212540928	893952	512	9.366028
10549578240	10548564992	1013248	512	6.655459
22358516736	22357784576	732160	512	3.399945
5899711488	5898995712	715776	512	4.373924
24578350080	24577738752	611328	512	5.693824
38241368576	38240743424	625152	512	2.661666
6033868800	6033267200	601600	512	6.904858
39739197440	39738254848	942592	512	5.193233
33120278528	33119505920	772608	512	10.339565
36011193344	36010635264	558080	512	4.581554
1574386176	1573454848	931328	512	9.619362
50898216960	50897496576	720384	512	9.650121
23924932096	23924046848	885248	512	10.263699
79814047744	79813072384	975360	512	5.021369
28033127936	28032423424	704512	512	12.668546
62381863936	62380996096	867840	512	2.552643
62074245120	62073393152	851968	512	12.321530
6075542016	6074680832	861184	512	10.378248
8293719552	8292716032	1003520	512	7.253944
6785763840	6784869888	893952	512	11.469009
17388834304	17388129280	705024	512	4.057791
45671286272	45670251008	1035264	512	10.930876
3558297600	3557354496	943104	512	9.004542
41446255616	41445555712	699904	512	2.212354
10074150400	10073148928	1001472	512	6.932266
56985947648	56985335296	612352	512	2.351236
75649232896	75648283136	949760	512	11.862543
42375019008	42374438400	580608	512	4.980884
72477264896	72476669952	594944	512	8.130700
24420008448	24419334656	673792	512	4.103650
11488647680	11487854592	793088	512	11.653717
1264833536	1264002560	830976	512	11.712574
42138684416	42137987584	696832	512	11.146379
49695907840	49695310848	596992	512	3.737517
54844747776	54843978752	769024	512	7.438800
45585741824	45584782336	959488	512	3.730880
24563602944	24562916864	686080	512	2.008075
41357052416	41356112896	939520	512	5.280238
54162862080	54161952256	909824	512	12.580113
78114392064	78113785856	606208	512	2.111183
11656932864	11656338944	593920	512	6.908478
29717495808	29716810752	685056	512	3.537661
39238540800	39237554176	986624	512	4.060056
70775661568	70774678528	983040	512	4.249049
67739537408	67738559488	977920	512	5.849500
20757570048	20756524032	1046016	512	3.600713
78797608448	78796577280	1031168	512	4.458504
25516272128	25515460096	812032	512	10.125028
52161519104	52160827392	691712	512	10.152106
56466050560	56465043968	1006592	512	11.107034
3442301440	3441355264	946176	512	8.895392
20983455232	20982673408	781824	512	11.547924
61310056448	61309240320	816128	512	4.188521
28301575680	28300582400	993280	512	5.753554
43689895936	43689131520	764416	512	9.400449
5659648	4866560	793088	512	3.253966
68133895168	68133035520	859648	512	9.907462
58780092928	58779185664	907264	512	2.032645
55975093248	55974051328	1041920	512	8.685958
61784056832	61783046144	1010688	512	9.189523
33253068288	33252343808	724480	512	11.555926
70208952832	70208302592	650240	512	6.689366
12034083328	12033450496	632832	512	4.197756
44447668736	44446725632	943104	512	2.784310
61181954560	61181380608	573952	512	11.674477
12506870784	12505960448	910336	512	9.002556
60176268288	60175519744	748544	512	6.884842
55694350848	55693466624	884224	512	4.021879
6554062848	6553228800	834048	512	12.801137
46399962112	46399027712	934400	512	4.384606
44126443520	44125806592	636928	512	12.689378
44127495680	44126889984	605696	512	4.347688
23446594560	23445581312	1013248	512	5.314154
42127101440	42126085120	1016320	512	2.699809
50753888768	50752904192	984576	512	11.549950
24515083776	24514288640	795136	512	10.525251
26808730112	26808109568	620544	512	5.475440
17710688768	17709891584	797184	512	1.959921
65331967488	65331190784	776704	512	4.379713
58461561344	58460600320	961024	512	9.704868
55776939008	55776333824	605184	512	12.122247
36906750976	36906049536	701440	512	11.845529
9017030144	9016067072	963072	512	7.780501
55687376896	55686371840	1005056	512	9.750619
44673032704	44672031744	1000960	512	12.426343
71724607488	71723713536	893952	512	6.705380
12598657024	12597735936	921088	512	8.728733
43917756928	43916796416	960512	512	2.297370
23901372928	23900711936	660992	512	2.611702
25802074112	25801060864	1013248	512	5.270795
52096407552	52095461888	945664	512	12.267569
30129164288	30128435712	728576	512	11.746448
17830055936	17829259264	796672	512	11.150648
8078266880	8077698048	568832	512	7.665896
16253254144	16252446208	807936	512	10.928265
58119634944	58118637568	997376	512	10.317448
72335132672	72334084096	1048576	512	10.369959
36297640448	36296605184	1035264	512	3.718602
1019185152	1018513920	671232	512	5.877928
12071067136	12070446592	620544	512	6.208567
6180637184	6179712512	924672	512	8.845292
34109320192	34108448768	871424	512	7.878877
44916391936	44915561472	830464	512	7.688213
66564244992	66563566080	678912	512	7.577002
69527558656	69526707712	850944	512	11.548453
64655030784	64654395392	635392	512	8.972811
64560014848	64559089664	925184	512	8.901100
11911010816	11910329856	680960	512	3.083368
67477566464	67476836864	729600	512	5.067286
11362735104	11361851392	883712	512	9.542170
28878427648	28877438976	988672	512	5.382777
69973784576	69972862976	921600	512	13.693635
40105449984	40104463872	986112	512	4.123831
29079820288	29078957056	863232	512	8.426674
47143252480	47142330368	922112	512	9.456508
39945987072	39945077760	909312	512	6.059012
43874987008	43874382336	604672	512	2.497238
15639209984	15638342144	867840	512	9.486393
17529878528	17529120256	758272	512	12.166014
74028431872	74027492352	939520	512	3.633182
79618631680	79618096128	535552	512	4.218684
58912039936	58911370752	669184	512	9.309513
67308604416	67307681280	923136	512	7.673397
60891634176	60890982912	651264	512	9.804087
52065161728	52064219136	942592	512	12.377285
66586258432	66585303552	954880	512	9.774471
40308001280	40307468800	532480	512	6.572333
8003790848	8003189248	601600	512	6.906591
76514231808	76513421312	810496	512	7.313259
36005584384	36004874752	709632	512	2.648142
70095074304	70094407168	667136	512	6.714704
40498683904	40497729024	954880	512	11.311907
53176370176	53175805440	564736	512	4.447259
71218052608	71217169920	882688	512	9.615667
11341547520	11340974080	573440	512	7.404156
25760957440	25760263168	694272	512	3.675034
11550150656	11549387776	762880	512	3.069352
13257598976	13256746496	852480	512	10.230444
34539162112	34538222080	940032	512	6.239490
58644911104	58643877888	1033216	512	7.481779
61416015360	61415102976	912384	512	10.471811
66214912	65432576	782336	512	3.441853
62404236800	62403486720	750080	512	6.226806
43927916544	43927354368	562176	512	3.446218
36062095360	36061179392	915968	512	6.833946
2395749888	2395175936	573952	512	8.047523
75190087168	75189132288	954880	512	11.721448
1876817408	1876192256	625152	512	6.860161
6895113728	6894438912	674816	512	5.318522
9122777600	9121861632	915968	512	8.786697
30175088640	30174157312	931328	512	6.536961
63015200768	63014601728	599040	512	12.502170
13091483136	13090475008	1008128	512	6.775167
63511945728	63511022592	923136	512	9.673751
59837407232	59836432384	974848	512	11.145893
49712530944	49711621120	909824	512	10.711369
32025826304	32025056768	769536	512	10.867856
76298617856	76297596416	1021440	512	10.130954
75758672384	75757817344	855040	512	6.142852
68667338240	68666796544	541696	512	13.208602
32792544256	32791766528	777728	512	10.482328
8012043264	8011192832	850432	512	10.584738
23607140352	23606403584	736768	512	11.898974
2114094080	2113387008	707072	512	5.091317
25816448512	25815776256	672256	512	4.250289
30829252096	30828546560	705536	512	3.114777
63732756480	63731842048	914432	512	11.803469
69025530880	69024615936	914944	512	9.284161
789390848	788642816	748032	512	2.362512
43331482624	43330470400	1012224	512	2.828614
53359316480	53358288384	1028096	512	9.148472
61269159936	61268355584	804352	512	2.697875
50438133760	50437095936	1037824	512	11.857655
23842235904	23841481216	754688	512	11.519814
16072390144	16071411712	978432	512	6.963808
3927639552	3926969344	670208	512	5.691182
12241761792	12241104384	657408	512	3.625771
35341558272	35340806144	752128	512	10.868391
28758690304	28757760000	930304	512	6.770729
75784448512	75783509504	939008	512	3.039212
34918694912	34917876224	818688	512	9.226100
71205726720	71204951040	775680	512	2.248043
70445910016	70444993536	916480	512	6.579639
3842701312	3842107392	593920	512	7.364700
19507196928	19506297856	899072	512	8.840207
29315644928	29315049472	595456	512	5.687952
18516259840	18515291136	968704	512	7.210701
18138124288	18137406976	717312	512	3.730567
44808934912	44808134144	800768	512	8.389004
58429447680	58428548096	899584	512	11.527752
68647750144	68647022592	727552	512	5.063192
44096337408	44095650816	686592	512	11.428553
25202254336	25201698304	556032	512	6.941260
68857350144	68856808960	541184	512	11.381670
64980347904	64979598336	749568	512	5.315676
13697828352	13697294848	533504	512	8.263679
37662439424	37661586432	852992	512	8.109157
58938605568	58937872384	733184	512	13.841566
51635361792	51634687488	674304	512	12.579198
53270340096	53269523968	816128	512	5.977303
4353268736	4352723968	544768	512	8.464791
27946312192	27945590784	721408	512	3.045269
71286182400	71285254656	927744	512	6.069035
17612753408	17612104192	649216	512	5.309457
70197119488	70196537344	582144	512	9.091136
78848069120	78847530496	538624	512	6.810647
55130887680	55129999872	887808	512	3.916199
76005522944	76004802048	720896	512	11.366003
22060852224	22060248576	603648	512	6.415049
34713937920	34712933888	1004032	512	2.748588
76765840896	76764860928	979968	512	8.525280
72092883968	72092213248	670720	512	5.462712
9017428480	9016392192	1036288	512	6.162179
54099373056	54098663936	709120	512	9.135105
74091872256	74091290624	581632	512	7.814712
22487246336	22486583296	663040	512	4.999061
66436798976	66436065792	733184	512	5.916912
20651121664	20650256384	865280	512	9.609297
39319750656	39318714368	1036288	512	2.761876
8213773312	8212781056	992256	512	7.447764
48211671040	48210634240	1036800	512	10.900824
47490708992	47489858048	850944	512	4.785076
29937539584	29936604160	935424	512	6.646859
67918806016	67918032384	773632	512	12.767168
20751654912	20750722560	932352	512	8.032378
33281334784	33280504832	829952	512	8.958254
74040375296	74039670784	704512	512	12.476744
16022145536	16021187584	957952	512	7.471135
71825904128	71824927744	976384	512	3.733693
24692576256	24692004352	571904	512	6.653196
7229054976	7228023296	1031680	512	6.584570
78565171712	78564249600	922112	512	9.076855
75391365632	75390426112	939520	512	12.300314
77400493568	77399596544	897024	512	10.175521
5172532736	5171500544	1032192	512	6.988779
41321186816	41320225792	961024	512	11.222840
20939602944	20938878976	723968	512	12.888834
24389400576	24388873728	526848	512	7.735528
26915247616	26914639360	608256	512	5.730398
59155149824	59154304512	845312	512	3.915032
39411356160	39410338816	1017344	512	12.514105
69417208832	69416665600	543232	512	10.963977
55142523392	55141551616	971776	512	10.755231
38988705792	38988098048	607744	512	4.602534
52668429312	52667887616	541696	512	3.252169
5757684736	5757100032	584704	512	7.310704
59250825216	59249980416	844800	512	2.053252
28734502400	28733827584	674816	512	4.157679
50299273216	50298632704	640512	512	11.836194
28409346048	28408398848	947200	512	6.839679
29213891584	29212845056	1046528	512	3.978926
39634257408	39633440768	816640	512	8.416968
36842887168	36842326528	560640	512	6.148722
74446213120	74445336576	876544	512	6.048955
53922212352	53921519616	692736	512	9.561807
37265073152	37264269312	803840	512	9.303157
47213771776	47212913664	858112	512	6.446182
8900932096	8900001792	930304	512	8.582467
7272899584	7272166400	733184	512	3.924118
64984017920	64983348224	669696	512	7.841275
65241779200	65241129984	649216	512	8.634486
2603983360	2603367424	615936	512	6.932194
79063476224	79062799872	676352	512	10.823704
3650617344	3650040320	577024	512	7.749565
63361558528	63360674304	884224	512	12.773624
76383919104	76383296512	622592	512	5.413711
59422734848	59421786112	948736	512	10.083796
44842901504	44842210816	690688	512	11.387795
57530699264	57529890816	808448	512	5.771257
27831279616	27830297088	982528	512	5.994976
59699377664	59698582016	795648	512	5.480583
57541733376	57540820992	912384	512	2.739813
5473820672	5472971776	848896	512	12.567729
72693772800	72692961792	811008	512	11.629553
47254248960	47253211648	1037312	512	12.616138
61575774720	61574894080	880640	512	2.100599
72562195968	72561420288	775680	512	12.844143
24869989888	24869455360	534528	512	7.535541
26292277248	26291750912	526336	512	7.644866
60457804800	60456913408	891392	512	2.519135
12814124544	12813109760	1014784	512	6.620592
43881166336	43880456704	709632	512	12.649896
13916008448	13915401728	606720	512	4.767750
59127534080	59126950400	583680	512	2.601097
30988024320	30987342336	681984	512	3.632048
68813408256	68812694528	713728	512	5.553128
40020081152	40019033088	1048064	512	2.466810
23531268608	23530360832	907776	512	7.779920
38062529024	38061801984	727040	512	11.173360
5598062592	5597351936	710656	512	4.461611
27753336832	27752632320	704512	512	3.473307
17181937664	17181351936	585728	512	6.860088
22946432512	22945774080	658432	512	4.535041
18257515008	18256519168	995840	512	6.622847
47135076352	47134157312	919040	512	2.977621
13539254272	13538685952	568320	512	5.642733
77066542592	77065771520	771072	512	6.251754
9212848128	9212164096	684032	512	4.872268
14651883008	14651337728	545280	512	7.990406
73654254592	73653628928	625664	512	6.208850
77861691392	77860724736	966656	512	7.174450
1492855296	1491867648	987648	512	8.294332
59166242304	59165709312	532992	512	4.147910
33875100160	33874178560	921600	512	6.666432
34719911424	34719157248	754176	512	10.897041
48680842752	48679820800	1021952	512	11.276779
12220103168	12219057664	1045504	512	5.889133
53486269952	53485566976	702976	512	9.264164
79558920192	79558098944	821248	512	2.591053
28196539904	28195588608	951296	512	6.759101
43449550848	43448744448	806400	512	8.266212
27524428800	27523640832	787968	512	10.665226
15802854400	15802046976	807424	512	11.037426
36097159680	36096351744	807936	512	11.335244
17447404544	17446771200	633344	512	5.682387
35795467264	35794519040	948224	512	5.930470
24257084416	24256207360	877056	512	8.574392
65195688448	65194932736	755712	512	5.118766
69277002240	69276311040	691200	512	5.849931
27538944512	27537990144	954368	512	6.661752
68239513600	68238975488	538112	512	11.476506
64924548096	64923720704	827392	512	2.745100
3180076032	3179325952	750080	512	3.924359
52923036160	52922198016	838144	512	4.174190
29065011200	29064139264	871936	512	8.188860
40977515520	40976590336	925184	512	5.637312
14235752448	14235040768	711680	512	4.211109
47538060800	47537296384	764416	512	9.004069
61752865792	61752265216	600576	512	10.869739
55965128192	55964177920	950272	512	2.035201
72041636352	72041027584	608768	512	7.716964
52992349696	52991453184	896512	512	4.313773
60706533888	60705990144	543744	512	1.973473
39245361664	39244557312	804352	512	10.616508
51143685632	51142817792	867840	512	5.505613
30973180416	30972175360	1005056	512	4.985417
65366989824	65366387712	602112	512	9.881551
48778214400	48777432064	782336	512	8.509877
75811026432	75810029568	996864	512	12.057846
927008768	926017024	991744	512	8.202425
72207577600	72206637056	940544	512	5.067951
59546669056	59545620480	1048576	512	6.994628
35299082240	35298446848	635392	512	2.626939
40817746432	40816725504	1020928	512	12.460658
76984037888	76983363584	674304	512	12.194140
42344935424	42344349184	586240	512	4.844721
6089578496	6088975872	602624	512	6.905021
44698822656	44697959936	862720	512	6.711422
59898519040	59897504256	1014784	512	9.891701
14373009920	14372400640	609280	512	6.557124
26272496128	26271564288	931840	512	7.347367
52260567040	52260017152	549888	512	4.937230
42041374208	42040427008	947200	512	4.577512
6179648000	6179023360	624640	512	6.291421
53492582400	53491844608	737792	512	8.287373
12017956352	12017185280	771072	512	12.177903
61459667456	61458639360	1028096	512	6.780028
19752965120	19752037376	927744	512	8.297696
76177637376	76176666624	970752	512	10.613337
30114610688	30113838592	772096	512	10.502345
6493800960	6492772864	1028096	512	6.659979
53696848384	53696082944	765440	512	7.419960
403719680	403104768	614912	512	7.114088
42847867392	42847150592	716800	512	12.467781
46637786112	46637067776	718336	512	10.230952
79554976768	79554151424	825344	512	2.396933
73827956224	73827335168	621056	512	6.356089
10463047680	10462409728	637952	512	5.924310
38751078912	38750030336	1048576	512	2.451245
61475332096	61474453504	878592	512	2.249006
78071001600	78069980160	1021440	512	6.751937
24119638528	24118808064	830464	512	11.519652
50034949120	50034339328	609792	512	12.651456
25490247680	25489421824	825856	512	9.806439
19716356096	19715555840	800256	512	11.125005
23688270336	23687335936	934400	512	7.205608
51773642752	51773028352	614400	512	3.053938
36771261440	36770560512	700928	512	2.598441
79209352192	79208706560	645632	512	10.336554
74334024192	74333435392	588800	512	7.625280
39756750848	39756179456	571392	512	3.679182
44153172992	44152636928	536064	512	6.179143
43484596736	43483874816	721920	512	10.494305
7525195776	7524582912	612864	512	4.793294
31998006272	31996969472	1036800	512	2.332571
61784524288	61783766528	757760	512	5.957619
54226031616	54225363456	668160	512	10.204398
21673424896	21672385024	1039872	512	3.708617
27458688000	27457954304	733696	512	11.971115
6448866816	6447993344	873472	512	10.083620
18233403392	18232624128	779264	512	11.621496
71813438464	71812585472	852992	512	8.102718
29686317056	29685442560	874496	512	8.183142
77370945024	77370028032	916992	512	11.261624
78861183488	78860619264	564224	512	5.636193
56847502336	56846498816	1003520	512	11.142868
25210631680	25209796096	835584	512	11.389068
48394200064	48393541632	658432	512	2.622432
32214865408	32214024192	841216	512	9.015915
21476722688	21476115968	606720	512	6.332405
69460006912	69459094016	912896	512	7.525292
9959409152	9958754304	654848	512	3.724201
4286287360	4285298688	988672	512	7.972416
23537692160	23536949248	742912	512	11.794423
66501862912	66501117440	745472	512	5.474479
9328161280	9327352832	808448	512	2.032315
56966533120	56965887488	645632	512	10.609882
8048803840	8048275456	528384	512	8.544003
65615650304	65614628864	1021440	512	5.736003
20165913088	20164892672	1020416	512	6.022653
28412542976	28411911168	631808	512	5.175166
38339542528	38338498560	1043968	512	3.179969
38163972608	38163247104	725504	512	2.005127
49205873664	49204943360	930304	512	4.479894
30329240064	30328261120	978944	512	5.611396
60658836992	60658087424	749568	512	6.784334
18552730112	18551922688	807424	512	10.938718
27678112768	27677148672	964096	512	6.478985
29594099712	29593427456	672256	512	3.904503
40175852544	40174994944	857600	512	7.398619
45884149248	45883242496	906752	512	5.201902
46069511680	46068618752	892928	512	5.521126
22842306560	22841382912	923648	512	10.219521
69702499328	69701622272	877056	512	8.812187
61907801600	61907138560	663040	512	8.934321
15020588032	15019970048	617984	512	6.386697
12342660608	12342073856	586752	512	7.076908
6532696064	6531855872	840192	512	12.709174
21762656256	21761629696	1026560	512	5.898213
4611075584	4610379264	696320	512	3.277492
10001167872	10000556544	611328	512	6.500838
10848910848	10848131072	779776	512	11.957189
43095762432	43095042560	719872	512	10.590497
164375040	163476480	898560	512	10.078163
77331188224	77330158592	1029632	512	4.552059
59449368576	59448377344	991232	512	8.736406
67838414848	67837591040	823808	512	11.032006
71067267584	71066533888	733696	512	10.321866
26370746368	26369918976	827392	512	9.583530
32195530752	32194941952	588800	512	5.905416
54076195840	54075348480	847360	512	5.087862
25161983488	25161356288	627200	512	5.292919
8080520192	8079960064	560128	512	7.854388
45973850112	45973064192	785920	512	8.413225
5125022720	5124200448	822272	512	11.624449
33847059968	33846054912	1005056	512	4.563728
77386607104	77385821184	785920	512	5.624755
3844959744	3844261888	697856	512	5.105312
57944109056	57943326720	782336	512	6.566453
5729136640	5728547328	589312	512	7.182029
31724907520	31724156928	750592	512	13.036120
34442337792	34441719296	618496	512	3.071684
10456434688	10455412736	1021952	512	6.473425
3799205888	3798481920	723968	512	2.674576
40206268416	40205519360	749056	512	10.273725
17965054464	17964079616	974848	512	6.963222
75808902144	75808376832	525312	512	9.541868
18077140992	18076355072	785920	512	8.745918
16047321600	16046769664	551936	512	7.571516
69639528960	69638909440	619520	512	8.328558
25926875648	25926239232	636416	512	5.071325
28947363328	28946686464	676864	512	12.981560
48782800384	48781952512	847872	512	6.712994
75502253568	75501488640	764928	512	11.562378
53275907072	53275306496	600576	512	12.142496
58314461184	58313507328	953856	512	11.692221
5828617728	5827603968	1013760	512	7.055202
3514151936	3513362944	788992	512	12.333922
47962683904	47961708032	975872	512	3.280942
46464693248	46463960576	732672	512	9.836797
73541238784	73540680704	558080	512	8.751262
21587303936	21586580480	723456	512	3.651734
28721490432	28720743936	746496	512	11.699943
18285839360	18285007872	831488	512	10.409231
71883597824	71883035648	562176	512	8.965274
2596246528	2595644416	602112	512	7.159646
78157678080	78156685312	992768	512	7.974627
63741263360	63740371968	891392	512	12.543391
37773924864	37772996608	928256	512	6.120177
65957803008	65956952576	850432	512	2.062141
68333907456	68333338624	568832	512	10.392015
67168265728	67167453184	812544	512	2.201059
79993518080	79992747008	771072	512	4.788897
32365478400	32364500992	977408	512	3.835056
27544052224	27543496704	555520	512	7.055022
20359141376	20358382080	759296	512	12.112451
57120366592	57119325696	1040896	512	10.058812
1884789248	1883773952	1015296	512	7.708240
54335160832	54334175232	985600	512	12.260813
40465978880	40464951808	1027072	512	12.281028
16709391872	16708801024	590848	512	6.702469
32027426304	32026429440	996864	512	5.206369
43754327040	43753614336	712704	512	12.618084
53945237504	53944637952	599552	512	12.167766
16657241600	16656607744	633856	512	3.912920
77728402432	77727578624	823808	512	4.011323
31992668672	31991719936	948736	512	6.344332
75903366144	75902676480	689664	512	3.287533
19932258816	19931318784	940032	512	7.848992
1646945792	1646416896	528896	512	8.924917
73100149760	73099602944	546816	512	9.921145
47338427392	47337884672	542720	512	3.870376
43301033984	43300147200	886784	512	4.249849
30035537408	30034736640	800768	512	9.895707
48413274112	48412685824	588288	512	2.610609
28587712512	28587126784	585728	512	6.279950
60755573760	60754935296	638464	512	10.088551
60979453440	60978568192	885248	512	11.280927
28105254912	28104672768	582144	512	4.539497
25598261248	25597410304	850944	512	9.178284
45394233856	45393482752	751104	512	9.339048
57759734784	57758919680	815104	512	5.612853
54762589184	54761635840	953344	512	13.174102
38944922112	38943943680	978432	512	4.280548
11756405760	11755671552	734208	512	3.713229
60063269888	60062515200	754688	512	6.676929
17750334464	17749647360	687104	512	2.614252
5771209216	5770602496	606720	512	4.946758
77365397504	77364646400	751104	512	7.149290
24414025728	24413421056	604672	512	5.842543
21642516480	21641651712	864768	512	9.542190
70292980224	70292424192	556032	512	11.916884
47510092288	47509519360	572928	512	3.024306
72608552960	72607760896	792064	512	12.196668
21359001088	21358138368	862720	512	9.655775
6727682048	6727085568	596480	512	5.174410
53317867008	53316980224	886784	512	3.975478
53467948032	53467122688	825344	512	5.727025
20104941568	20104095744	845824	512	10.082768
16235428352	16234535936	892416	512	9.029595
6625385984	6624445952	940032	512	8.632545
44863429120	44862430720	998400	512	3.190960
65981165056	65980449792	715264	512	6.466779
66140182016	66139623936	558080	512	11.545971
15752278016	15751644160	633856	512	5.708354
12610919424	12610098688	820736	512	11.058240
26998494720	26997466624	1028096	512	4.955101
44403768832	44403092992	675840	512	2.485013
35567775744	35567249920	525824	512	7.276274
5882358272	5881640448	717824	512	4.332896
13316483584	13315714560	769024	512	12.193422
29615550464	29614796800	753664	512	11.210244
56479824384	56478783488	1040896	512	8.238211
15556321792	15555337216	984576	512	6.836934
5652892160	5652004352	887808	512	9.761330
15744241664	15743548416	693248	512	2.521819
51059322880	51058551808	771072	512	8.226575
42288048128	42287442944	605184	512	2.486369
68269520384	68268627456	892928	512	8.737657
6050462208	6049934336	527872	512	8.535100
2662338560	2661410304	928256	512	9.285685
64938391552	64937861120	530432	512	12.428165
55976783360	55976097280	686080	512	11.623363
79063404544	79062590464	814080	512	2.887396
39748623872	39747995648	628224	512	2.260899
57223902208	57223371776	530432	512	2.868983
40667959296	40667003904	955392	512	4.858551
57971192320	57970263040	929280	512	2.234630
66017244672	66016686080	558592	512	11.536194
9172032000	9171000832	1031168	512	6.234513
5084036608	5083351040	685568	512	5.289308
43553406464	43552762368	644096	512	12.571978
62158346752	62157332992	1013760	512	7.268551
25706925056	25706169856	755200	512	11.492943
67698079744	67697253376	826368	512	12.874232
68787328512	68786681344	647168	512	7.782582
55625525248	55624676864	848384	512	3.211530
6469250048	6468204544	1045504	512	6.234417
70166035456	70165017600	1017856	512	3.776319
65733483008	65732512256	970752	512	9.306725
17259512832	17258894848	617984	512	6.088517
11731514368	11730497536	1016832	512	6.565576
52268444672	52267546112	898560	512	4.301768
32023235072	32022504960	730112	512	13.574631
23553755648	23553006080	749568	512	11.633806
17020086784	17019121152	965632	512	7.285652
13374474240	13373709824	764416	512	3.052150
75673052160	75672176640	875520	512	5.483026
20200217600	20199466496	751104	512	2.988900
13436283392	13435491328	792064	512	2.401660
50226556928	50225516032	1040896	512	11.797753
71769918464	71768871424	1047040	512	10.425471
56338675712	56337889280	786432	512	6.449910
63315736064	63315075072	660992	512	8.758337
20525081600	20524500480	581120	512	5.037487
32021855232	32020840448	1014784	512	4.719037
114164224	113538048	626176	512	6.885432
2915413504	2914415616	997888	512	7.775276
33091346944	33090617856	729088	512	11.446331
63514114560	63513171968	942592	512	9.098310
668874240	668046336	827904	512	2.495527
76649771520	76649246720	524800	512	11.051420
48302779392	48302180352	599040	512	4.200358
46368982016	46368249856	732160	512	9.863019
49000658432	48999627776	1030656	512	11.071498
74229211136	74228625408	585728	512	7.694445
18955428352	18954416640	1011712	512	6.213988
61901486080	61900545024	941056	512	9.534097
57192259584	57191647744	611840	512	11.622531
43991349760	43990399488	950272	512	4.451853
50232762880	50231944192	818688	512	6.888256
71217969152	71217416704	552448	512	10.194052
3183613952	3182961152	652800	512	6.085252
10464403456	10463537664	865792	512	10.008755
76809588224	76808617472	970752	512	7.036647
4700086784	4699437568	649216	512	6.153551
29105248768	29104324096	924672	512	6.941379
44252196864	44251570176	626688	512	3.768148
4628235776	4627652096	583680	512	5.737922
16584047104	16583439872	607232	512	6.320990
12566890496	12566217216	673280	512	5.052124
46272237056	46271577600	659456	512	11.751928
70788131328	70787524096	607232	512	8.233185
47115680768	47114696192	984576	512	12.370605
62064156672	62063176704	979968	512	10.163531
53388375552	53387641344	734208	512	8.345467
16072112640	16071169536	943104	512	7.822020
28900870656	28900106240	764416	512	10.878573
33865598464	33865031680	566784	512	6.227352
35512166912	35511414272	752640	512	10.861197
38935565312	38934727168	838144	512	9.742244
58140959744	58140061696	898048	512	11.588797
64935826944	64935180288	646656	512	8.671336
3146246144	3145629696	616448	512	6.860064
69605079552	69604099584	979968	512	5.180208
19665881088	19664856064	1025024	512	5.907972
48017617408	48016627712	989696	512	12.178542
56863724032	56862841344	882688	512	3.637632
48388533248	48387918336	614912	512	13.028032
39656839168	39655793152	1046016	512	11.781210
55700060160	55699217920	842240	512	5.237553
35237283840	35236747776	536064	512	6.991583
49593649152	49592955904	693248	512	12.218589
16203944960	16203081216	863744	512	9.689287
68807166976	68806536192	630784	512	8.334846
1415703040	1415176704	526336	512	8.990881
31019118592	31018525696	592896	512	5.802953
75330403328	75329761792	641536	512	5.114430
32807315968	32806535680	780288	512	10.480760
32251090944	32250466816	624128	512	5.045473
17430692864	17429691904	1000960	512	6.466107
20599664128	20598858240	805888	512	10.984244
49129649152	49128979968	669184	512	11.619369
50106871808	50106271232	600576	512	12.907228
68122117120	68121345536	771584	512	3.602084
22744714240	22743849984	864256	512	9.635530
2647762944	2647040000	722944	512	4.533312
12585088000	12584207360	880640	512	9.666232
73454055424	73453200384	855040	512	6.937740
6805632512	6804782080	850432	512	12.458439
28575189504	28574607872	581632	512	6.412051
62152131584	62151550976	580608	512	2.269424
17181779456	17180758528	1020928	512	6.023731
76369505280	76368708608	796672	512	9.747703
34456712704	34455911424	801280	512	9.671032
70685835264	70685053440	781824	512	11.314976
27822909440	27821999616	909824	512	7.762947
65200614912	65200009728	605184	512	10.030426
53169073664	53168051200	1022464	512	10.079499
78294017536	78293287936	729600	512	8.037487
23272502784	23271817728	685056	512	13.157191
32428792320	32427960320	832000	512	9.209573
425070592	424448512	622080	512	5.105793
60905936896	60905348096	588800	512	13.104856
9076387328	9075745792	641536	512	5.851500
4585804288	4584817664	986624	512	7.969334
47881322496	47880771584	550912	512	5.493597
40528393728	40527346688	1047040	512	2.500588
2356294144	2355612672	681472	512	3.794047
13607515136	13606938112	577024	512	7.241802
50270738944	50269767168	971776	512	11.867930
11523448320	11522753024	695296	512	2.779263
3322962432	3322125312	837120	512	11.295917
5641323520	5640376832	946688	512	8.469965
13452894208	13452155392	738816	512	3.574531
27759145984	27758268928	877056	512	8.511063
18988432896	18987553792	879104	512	9.251161
13543464448	13542646272	818176	512	12.951293
1231130624	1230197248	933376	512	9.465321
11534177280	11533207040	970240	512	7.623508
69303256576	69302547456	709120	512	5.299059
78040220672	78039603712	616960	512	3.544908
47395343872	47394805248	538624	512	5.839352
1537540096	1536664064	876032	512	10.721002
26881734656	26881112576	622080	512	5.423446
20153767424	20152998400	769024	512	2.565937
23220860416	23220223488	636928	512	5.088973
77581604352	77580846080	758272	512	6.768338
23538275840	23537493504	782336	512	10.836440
54776943104	54776029184	913920	512	12.439512
47769061888	47768456704	605184	512	2.107550
5711165440	5710121984	1043456	512	6.323879
64042565632	64041736704	828928	512	2.765361
1709971968	1709149184	822784	512	11.870760
465405952	464536576	869376	512	10.862126
71836624384	71835909120	715264	512	3.843580
16016782336	16015856128	926208	512	8.197729
30863035904	30862376960	658944	512	4.149117
19981399040	19980854272	544768	512	7.771821
72976252928	72975528960	723968	512	3.535360
55751078912	55750235136	843776	512	3.384768
77095849472	77094870016	979456	512	6.640855
75299129856	75298416640	713216	512	2.395086
28896577024	28895867904	709120	512	2.954659
38750773248	38750026752	746496	512	12.141112
68377450496	68376681984	768512	512	3.656292
63310539776	63309657088	882688	512	12.817608
8809461248	8808757760	703488	512	2.562951
21661906944	21660978176	928768	512	8.133849
42398117376	42397402624	714752	512	10.688360
12531988480	12531295744	692736	512	2.823988
38728462848	38727460352	1002496	512	3.635939
77924678656	77924041728	636928	512	2.647809
2165174272	2164323840	850432	512	13.106151
71796265472	71795696128	569344	512	9.123276
51428203008	51427482112	720896	512	9.549682
39997073920	39996383232	690688	512	11.750105
43518787072	43518103040	684032	512	2.255991
13983749632	13982941696	807936	512	11.304788
20945300992	20944492032	808960	512	10.897335
33357366272	33356768256	598016	512	3.575648
15344318464	15343283712	1034752	512	5.696703
5027874304	5027219968	654336	512	5.997315
31615790080	31614883328	906752	512	7.373483
50212989440	50211942400	1047040	512	11.650029
53856009216	53855252992	756224	512	9.594768
57935552512	57935017984	534528	512	2.773860
62321980928	62321197056	783872	512	5.182535
22698686976	22697796096	890880	512	10.890843
74534243328	74533445120	798208	512	8.995811
62083737600	62083125248	612352	512	12.398230
60509465600	60508860416	605184	512	11.224129
68292777472	68291828736	948736	512	6.876901
67628221952	67627290624	931328	512	7.461103
47759612416	47758691328	921088	512	4.720721
32006786048	32005989888	796160	512	10.100803
62925430272	62924831744	598528	512	10.738084
61676678656	61675883520	795136	512	4.803850
79817365504	79816527872	837632	512	12.952624
32053754368	32052757504	996864	512	5.175770
36872516096	36871988224	527872	512	6.952351
14592589824	14591904768	685056	512	4.866583
18329190400	18328271360	919040	512	8.380444
45477548544	45476964352	584192	512	4.596860
60347527680	60346496000	1031680	512	7.600047
69771836928	69770810880	1026048	512	12.831722
34033178112	34032635392	542720	512	6.859261
34872464896	34871432192	1032704	512	3.923576
32903912448	32903079936	832512	512	9.140547
30623188992	30622647808	541184	512	7.093840
31331833344	31331304960	528384	512	7.344453
64059859968	64059057664	802304	512	12.899653
78867059200	78866048000	1011200	512	5.334224
37925133312	37924428288	705024	512	11.765963
62064124416	62063478272	646144	512	11.340371
22027435520	22026854400	581120	512	6.935801
7448810496	7448258560	551936	512	8.027418
21274401792	21273638912	762880	512	11.975136
29500807168	29500009472	797696	512	11.873122
18068857856	18068062208	795648	512	11.155599
52331413504	52330746368	667136	512	10.835353
31847426048	31846808576	617472	512	5.203524
72690007040	72689383936	623104	512	7.161702
70956430848	70955476992	953856	512	5.223654
5549127680	5548524032	603648	512	6.875995
3165175808	3164350464	825344	512	11.520796
38423775744	38423097344	678400	512	3.153757
33010947072	33009989632	957440	512	6.156214
7737613312	7736564736	1048576	512	6.176064
47544123904	47543490560	633344	512	3.266126
56376976384	56376110080	866304	512	4.078076
18410003456	18409163776	839680	512	12.193678
30288260096	30287535104	724992	512	2.498502
6064009216	6063280640	728576	512	2.202270
16152242176	16151547392	694784	512	4.318782
32418615296	32417982976	632320	512	4.861228
77826443264	77825597952	845312	512	3.076445
11138378240	11137626624	751616	512	12.549335
53492447744	53491857408	590336	512	12.584930
3707793408	3706899968	893440	512	10.039939
65179061760	65178013696	1048064	512	4.999091
26637996032	26637392384	603648	512	5.874058
13582161408	13581314560	846848	512	10.403646
31241681920	31240681472	1000448	512	3.235498
55652155392	55651181568	973824	512	10.709591
23832773120	23831930880	842240	512	11.375192
59128028672	59127448064	580608	512	11.981391
38173741568	38172756480	985088	512	4.678504
68736056832	68735139840	916992	512	7.875849
25443474944	25442893312	581632	512	4.541360
28238409728	28237799424	610304	512	5.729093
38453392384	38452511232	881152	512	7.328639
54071404032	54070755840	648192	512	12.724873
48790750720	48789977600	773120	512	8.753700
24004505600	24003929600	576000	512	6.535939
62171087360	62170366464	720896	512	7.024272
80011483648	80010758656	724992	512	15.027135
13535418368	13534624768	793600	512	11.612691
14532147712	14531113984	1033728	512	6.112468
37894699520	37893769216	930304	512	4.241295
10708695552	10707778048	917504	512	8.806090
47481739264	47481063424	675840	512	11.444495
45619228672	45618391040	837632	512	6.951273
54098780160	54098155520	624640	512	11.568017
67642041856	67641176576	865280	512	9.714052
79559352832	79558768640	584192	512	13.060281
54702952448	54702014464	937984	512	2.492868
21075382272	21074627584	754688	512	2.907784
13688970752	13688238592	732160	512	3.713552
52118255616	52117442560	813056	512	6.713297
18610167296	18609587200	580096	512	6.918749
70431992832	70431426560	566272	512	9.576947
11238244352	11237692928	551424	512	5.983185
48920771072	48919769088	1001984	512	11.786658
38338229760	38337645568	584192	512	5.530326
15414981120	15413971456	1009664	512	6.228483
46049848832	46048969728	879104	512	5.829549
37901157888	37900629504	528384	512	6.977210
72407390720	72406801408	589312	512	8.372195
49844732928	49843925504	807424	512	7.192922
21924808704	21923846144	962560	512	7.376002
28871384576	28870779392	605184	512	3.737243
5143152640	5142262272	890368	512	11.978848
5879595520	5878555136	1040384	512	6.433805
65836739584	65835773952	965632	512	9.419226
49491051008	49490048512	1002496	512	11.115756
6874407936	6873805312	602624	512	5.072151
34825473024	34824911360	561664	512	6.424260
11767421952	11766632960	788992	512	2.359476
73939833344	73939128832	704512	512	3.259925
52412557824	52411880960	676864	512	10.558440
48271196672	48270612992	583680	512	2.842709
58272077824	58271349248	728576	512	7.477610
43077995520	43077071872	923648	512	5.141589
2998852608	2997969408	883200	512	12.143868
40829141504	40828133376	1008128	512	3.529875
20871118848	20870171136	947712	512	7.694626
42573033984	42572389376	644608	512	12.556658
46309144576	46308414464	730112	512	9.923960
37674225152	37673536512	688640	512	2.958161
48617059328	48616497664	561664	512	3.325711
64062997504	64062442496	555008	512	11.624840
66077532672	66076889088	643584	512	10.609338
62546806272	62545838080	968192	512	8.688973
38605033984	38604250624	783360	512	9.286157
75092976128	75092026368	949760	512	3.311033
64306099712	64305311744	787968	512	4.093678
17483139584	17482570752	568832	512	5.355478
69561891840	69561164288	727552	512	2.742023
29408463872	29407650816	813056	512	11.496319
46017189376	46016649216	540160	512	5.718323
41841104896	41840532480	572416	512	5.219563
66457063936	66456505856	558080	512	11.498333
43316469760	43315505152	964608	512	4.078744
55824515072	55823926784	588288	512	12.533439
50847150592	50846139904	1010688	512	12.686726
53039976960	53039144960	832000	512	6.184043
55997440000	55996789760	650240	512	10.738482
49307342848	49306770944	571904	512	4.484129
55308736512	55307867648	868864	512	2.615445
17283071488	17282144768	926720	512	8.163112
29131098624	29130409472	689152	512	12.707700
55520803328	55519754752	1048576	512	8.562838
64402753536	64402180608	572928	512	12.905103
54393345536	54392732160	613376	512	11.910386
42673537536	42672947712	589824	512	4.749085
63267039232	63266168320	870912	512	13.209049
56174937600	56174258688	678912	512	9.612385
53265775104	53265195520	579584	512	4.044290
41349129216	41348088320	1040896	512	11.919363
67107799040	67106809856	989184	512	5.505107
42879430144	42878602752	827392	512	7.694069
35301992960	35301003776	989184	512	4.958047
59886686720	59885923328	763392	512	6.440163
52521707008	52521057280	649728	512	11.314581
36174348288	36173690880	657408	512	2.146004
51878495232	51877668352	826880	512	6.336442
36743285760	36742314496	971264	512	4.883662
68853970432	68853429248	541184	512	2.138330
53482627072	53482032128	594944	512	3.141931
43606960640	43606311424	649216	512	3.054119
13980078080	13979037696	1040384	512	6.061241
45835956224	45835391488	564736	512	3.289926
29101591040	29100656128	934912	512	6.684752
14771141632	14770390528	751104	512	12.658874
11426430976	11425426944	1004032	512	6.864665
41899833344	41898949120	884224	512	6.209759
10856112128	10855581184	530944	512	8.308865
8035399680	8034627584	772096	512	12.377386
55427398656	55426503168	895488	512	13.006499
63375059456	63374444032	615424	512	10.161851
35658506752	35657780736	726016	512	11.545335
52065034240	52064419840	614400	512	3.035449
68900496384	68899880448	615936	512	8.832956
1993615872	1992908288	707584	512	5.071659
73716494336	73715727872	766464	512	10.230350
12349715456	12348750336	965120	512	7.752702
34918815232	34917961216	854016	512	8.374463
60020232704	60019431424	801280	512	5.292783
48701433856	48700879360	554496	512	3.519367
22746551296	22745872896	678400	512	4.694396
57794892800	57793906688	986112	512	9.854470
29299984384	29299317760	666624	512	13.268054
58637306880	58636398592	908288	512	13.117834
69782511616	69781676032	835584	512	10.150107
50206850560	50205804544	1046016	512	9.802220
44771706880	44771107840	599040	512	2.638739
7071562752	7071011840	550912	512	8.115549
63151142400	63150198272	944128	512	10.860546
59631490048	59630686208	803840	512	5.197398
28024305152	28023412736	892416	512	8.171738
73018996736	73018301952	694784	512	4.620654
37446514688	37445476864	1037824	512	3.308897
77038523392	77037837312	686080	512	9.844455
31886593024	31886061056	531968	512	5.466926
59465924096	59465207808	716288	512	7.856568
36485654016	36484767232	886784	512	7.527477
50525790720	50524935168	855552	512	5.863970
76967022592	76966424064	598528	512	4.292979
67795292160	67794511872	780288	512	12.522499
13304815104	13304160256	654848	512	5.491396
72961497600	72960937984	559616	512	9.481174
14013292032	14012690944	601088	512	6.733793
57281039872	57280120832	919040	512	2.569612
69017870848	69017102336	768512	512	12.502043
57950018560	57949401600	616960	512	11.446935
70229449216	70228484096	965120	512	4.859438
71418066432	71417294336	772096	512	11.636728
79289201152	79288334336	866816	512	11.647472
39185624064	39184694784	929280	512	5.530415
25432489472	25431684096	805376	512	10.293459
35512413184	35511516160	897024	512	7.287879
66887773696	66886922240	851456	512	10.127787
59075872256	59074997760	874496	512	3.047651
6308458496	6307515904	942592	512	8.534266
65116302336	65115369984	932352	512	10.522976
22012499456	22011744256	755200	512	12.119303
71380511744	71379895808	615936	512	9.762203
12035894272	12035272704	621568	512	6.304658
2266830336	2265787392	1042944	512	7.107173
29935962112	29935350784	611328	512	3.531751
51130949120	51130107392	841728	512	6.240435
53865076224	53864544768	531456	512	5.003896
44255047168	44254310400	736768	512	10.146281
72595392000	72594547200	844800	512	8.456488
41025886720	41025088512	798208	512	8.957932
5593352192	5592778752	573440	512	7.537570
54475640832	54475069440	571392	512	3.887852
11828662272	11827697152	965120	512	9.549135
53471191552	53470279680	911872	512	3.245951
64540928000	64540016640	911360	512	9.264302
31452143104	31451432960	710144	512	12.206810
73149973504	73148968448	1005056	512	2.720194
18885654016	18884963328	690688	512	2.460515
70102381056	70101851648	529408	512	11.542603
38956357632	38955565056	792576	512	9.185289
43409245184	43408379904	865280	512	6.688004
69933282816	69932328960	953856	512	12.592113
40881228288	40880456704	771584	512	9.590498
56476245504	56475394048	851456	512	4.517019
65343770624	65343059968	710656	512	6.588278
79092269056	79091583488	685568	512	8.628515
56064985600	56064101888	883712	512	4.067000
27629596160	27628938752	657408	512	2.740366
54128797696	54127831040	966656	512	10.963449
78661056000	78660219392	836608	512	3.472363
21539461120	21538693632	767488	512	11.837257
54539692544	54538662400	1030144	512	9.087841
12431330304	12430712832	617472	512	6.376278
46345115648	46344200704	914944	512	3.073877
20039159808	20038573056	586752	512	4.930326
49630663168	49629971968	691200	512	10.385780
73894877696	73894132736	744960	512	11.133872
11004478976	11003787776	691200	512	4.729917
45717108224	45716209152	899072	512	5.354577
50360362496	50359509504	852992	512	5.849404
14821782528	14821056512	726016	512	3.905817
20775149056	20774557696	591360	512	6.789657
14116094976	14115537920	557056	512	7.716611
60362490880	60361597440	893440	512	11.748283
9132800512	9132207104	593408	512	5.072638
66967143424	66966232576	910848	512	8.138500
33051983872	33051341824	642048	512	4.750780
10904448512	10903604224	844288	512	12.340303
65008560640	65007656448	904192	512	11.431852
55111537664	55110511104	1026560	512	9.170652
23212074496	23211543040	531456	512	7.621126
77228295168	77227686912	608256	512	3.879843
3846080000	3845437440	642560	512	6.307360
31996308992	31995337728	971264	512	5.750283
62594996736	62593951744	1044992	512	6.308720
62338081792	62337208320	873472	512	2.408234
20267945472	20267317248	628224	512	5.871214
15571719680	15570810880	908800	512	8.606508
75832169984	75831265792	904192	512	4.376423
65783222784	65782206464	1016320	512	12.506628
57689956864	57689325568	631296	512	11.056765
51877562368	51876820992	741376	512	8.763705
55772585984	55772050944	535040	512	3.031325
72304749056	72304202752	546304	512	11.805200
7286792704	7286238720	553984	512	7.990548
53549581824	53548556800	1025024	512	11.047175
9379410944	9378784768	626176	512	6.151856
64477129728	64476585472	544256	512	11.958775
4008078336	4007257088	821248	512	2.379674
79278673920	79277928448	745472	512	5.908543
13591418368	13590733312	685056	512	4.835611
20552432640	20551389696	1042944	512	5.476330
52868940288	52868390912	549376	512	4.865380
34455741440	34455021056	720384	512	11.700632
40566988800	40566374400	614400	512	4.402315
58270225920	58269461504	764416	512	6.384916
43850023936	43849335808	688128	512	2.129384
69990048768	69989327872	720896	512	4.816705
13551147008	13550176256	970752	512	7.611520
68449057792	68448267264	790528	512	2.976102
50151419904	50150673920	745984	512	8.896934
1357983744	1357334528	649216	512	4.493010
53664332288	53663724544	607744	512	2.731760
8777477632	8776455168	1022464	512	6.462557
16605415424	16604659200	756224	512	12.120296
14773151744	14772352000	799744	512	11.523473
19939854848	19938987008	867840	512	9.550860
28966276096	28965307392	968704	512	5.823962
64965389312	64964376576	1012736	512	6.073398
66849008128	66848457728	550400	512	12.897561
51280724480	51279857152	867328	512	5.498360
65355772928	65354979328	793600	512	3.905724
73151888384	73151124992	763392	512	2.130455
30882682880	30881963520	719360	512	11.968077
66353842176	66352941568	900608	512	6.826624
35587909632	35587380224	529408	512	5.360888
79942088704	79941131776	956928	512	5.935172
1202098688	1201413632	685056	512	3.710935
76112254976	76111647232	607744	512	6.451307
24999258112	24998394368	863744	512	8.852092
2739256832	2738285568	971264	512	8.334492
36101109760	36100498944	610816	512	5.115766
36763710976	36762772992	937984	512	5.878337
9048839168	9047794688	1044480	512	5.943018
76894187520	76893216768	970752	512	7.029976
43795539968	43794616832	923136	512	5.193402
42273471488	42272857088	614400	512	4.097895
12871461376	12870489600	971776	512	7.603903
63812939264	63812082688	856576	512	11.785052
48544105984	48543369728	736256	512	9.754189
55288336384	55287618560	717824	512	8.881061
39410584576	39409643008	941568	512	5.215745
2795820544	2795290112	530432	512	8.623931
79029399040	79028528640	870400	512	9.635694
70161788416	70161162240	626176	512	130.236804
66767854080	66767130112	723968	512	6.221783
21833763328	21832951296	812032	512	12.677125
17647435776	17646602240	833536	512	10.353740
12788775424	12788141568	633856	512	5.882667
58045387264	58044380160	1007104	512	9.231342
48368822784	48368006656	816128	512	7.604974
17671995392	17671205376	790016	512	11.342273
28728151552	28727247360	904192	512	7.900129
9985660928	9984885248	775680	512	2.776902
7650874880	7650037248	837632	512	12.740141
29045926400	29045285888	640512	512	4.648702
32308219904	32307665920	553984	512	6.763560
63956527104	63955810304	716800	512	6.390567
44206853632	44205944320	909312	512	5.551947
15183740928	15182928896	812032	512	11.228692
33784781824	33784249856	531968	512	7.089459
71127728640	71126995456	733184	512	3.738539
52373786624	52373246464	540160	512	5.130250
54249169408	54248619008	550400	512	4.450593
38069589504	38068848640	740864	512	10.839818
22425143808	22424548864	594944	512	6.550513
74754416128	74753605632	810496	512	8.535326
42988015104	42987471360	543744	512	5.959187
77670012928	77669455360	557568	512	6.001874
2563505152	2562645504	859648	512	12.926394
22444906496	22443938816	967680	512	7.258223
72859780608	72859217408	563200	512	9.325633
69185251328	69184318976	932352	512	6.809979
65873107456	65872072192	1035264	512	5.333092
5732875264	5731830784	1044480	512	4.408620
49636125184	49635090944	1034240	512	10.160788
40531968512	40531381248	587264	512	3.283623
10236314624	10235684352	630272	512	4.223171
3029789696	3028848128	941568	512	9.069917
28645186048	28644376064	809984	512	10.193084
33179027968	33178161664	866304	512	8.062685
73255705088	73255110144	594944	512	8.170942
76001896448	76001203712	692736	512	3.169910
34257376256	34256404480	971776	512	5.424873
25994418688	25993534464	884224	512	8.387889
27318589952	27317627904	962048	512	6.527627
57670037504	57669051904	985600	512	9.840919
39333313024	39332677632	635392	512	13.132297
69588375552	69587570688	804864	512	11.219996
1844127232	1843279872	847360	512	13.186010
6864462848	6863789568	673280	512	3.480918
66337197056	66336577536	619520	512	11.406903
46083555328	46083025408	529920	512	6.081275
54867131904	54866193408	938496	512	11.723982
61226910208	61226203648	706560	512	7.592099
23043099136	23042142208	956928	512	6.589433
16014145024	16013134848	1010176	512	6.277827
13393011200	13392398336	612864	512	6.466047
1309486080	1308761600	724480	512	4.792218
26999230976	26998337024	893952	512	8.207238
63695213568	63694639616	573952	512	2.209047
79211163648	79210604544	559104	512	4.895682
11816993280	11816364544	628736	512	4.241154
74597427200	74596832256	594944	512	7.238322
22422822912	22422127104	695808	512	4.293104
73069767168	73069220352	546816	512	11.691608
67190792704	67189947392	845312	512	12.358951
6735849472	6735101952	747520	512	12.929126
18208503296	18207750144	753152	512	12.230121
19708440576	19707568640	871936	512	9.451026
49378381312	49377760768	620544	512	12.379276
12078354944	12077625856	729088	512	3.834776
65506490880	65505842688	648192	512	8.601081
48587874304	48587224576	649728	512	12.080677
8461952512	8461309440	643072	512	5.992387
14704716288	14704012800	703488	512	4.423171
36873414144	36872607744	806400	512	9.192850
25380822528	25379993088	829440	512	9.679557
26662226432	26661674496	551936	512	5.237371
39131442176	39130476032	966144	512	2.732320
60456067072	60455461888	605184	512	11.211055
43816445440	43815655936	789504	512	8.718319
44913859072	44913216512	642560	512	3.368683
71823620608	71822727168	893440	512	6.736059
79801304064	79800570880	733184	512	6.479480
74335262720	74334438400	824320	512	8.014620
7556314112	7555498496	815616	512	2.080418
15329137152	15328093184	1043968	512	5.445450
72084297216	72083599360	697856	512	4.488418
59692152832	59691448320	704512	512	8.224564
62130788864	62130208256	580608	512	13.382956
46442698752	46441774080	924672	512	2.819650
26521677824	26521144832	532992	512	7.517885
43007894016	43006906880	987136	512	3.499057
49023052800	49022296576	756224	512	9.186329
22027208704	22026246144	962560	512	7.382571
77849982976	77849056768	926208	512	8.936991
31745062912	31744537088	525824	512	7.401918
21092501504	21091781632	719872	512	3.717610
71050576896	71049780736	796160	512	12.726264
67502983680	67502252544	731136	512	3.092823
29205617152	29204953600	663552	512	4.085966
9939652608	9938885632	766976	512	3.000848
32246549504	32245828096	721408	512	11.888736
77388884480	77387987456	897024	512	11.994389
11297826816	11297049088	777728	512	2.727089
8376001536	8375071744	929792	512	8.855165
13734600192	13733698048	902144	512	9.317763
8777675264	8776872960	802304	512	11.453956
3499302912	3498663424	639488	512	4.526515
35317900288	35317183488	716800	512	11.740346
45931813888	45930836992	976896	512	9.608911
29751207936	29750335488	872448	512	8.199449
33647674368	33646737920	936448	512	12.841786
28588412928	28587465728	947200	512	6.860888
10812614144	10811634688	979456	512	7.370620
60781553664	60780806144	747520	512	6.883286
10938635264	10937982464	652800	512	5.575748
68664829440	68663831040	998400	512	5.195801
33557814272	33557003264	811008	512	9.441975
47652550144	47651566592	983552	512	12.331234
60782095872	60781357056	738816	512	7.193933
48732735488	48731700736	1034752	512	10.992250
1039776768	1039009792	766976	512	3.814706
777620480	777054720	565760	512	8.153135
42787001856	42786298880	702976	512	12.864339
49454577152	49453750784	826368	512	6.599839
13174671872	13173661696	1010176	512	4.960020
48551194624	48550488064	706560	512	10.513217
18290362368	18289652736	709632	512	3.932770
16078474752	16077937664	537088	512	7.963452
38238953984	38238428160	525824	512	7.060318
4633140736	4632358400	782336	512	3.233041
43725194752	43724665856	528896	512	6.343624
49197158912	49196303360	855552	512	6.537493
10229335040	10228809216	525824	512	8.393475
8813312512	8812747776	564736	512	5.726422
64808996352	64808147456	848896	512	2.101790
77154632192	77153604608	1027584	512	4.608753
19023311872	19022661632	650240	512	5.311474
10690715136	10689843200	871936	512	9.870954
1863836672	1862789120	1047552	512	6.981726
46056766976	46055812096	954880	512	3.847520
26583248384	26582317568	930816	512	7.239936
72186474496	72185915904	558592	512	11.360635
78383621120	78382595584	1025536	512	4.659041
67218449920	67217648640	801280	512	2.581020
42252637184	42251891200	745984	512	11.744911
69556743168	69556038656	704512	512	5.422892
61329190400	61328242688	947712	512	9.297984
8346310656	8345710592	600064	512	6.939016
11580793856	11579879424	914432	512	8.927349
6666835456	6666147328	688128	512	5.020678
78623630848	78622784512	846336	512	3.011040
62993847808	62992940544	907264	512	11.951075
35373638144	35372824576	813568	512	9.388726
74860898304	74860356608	541696	512	9.376073
58819397632	58818774016	623616	512	10.673887
19896786944	19895816704	970240	512	7.247917
10056411648	10055541760	869888	512	9.937552
42117212160	42116258816	953344	512	4.332479
41601857024	41601152000	705024	512	2.085763
4849308672	4848355840	952832	512	8.744558
44257058304	44256335872	722432	512	10.503870
49710830080	49710053888	776192	512	8.081789
53869858816	53868997632	861184	512	2.880964
36854469632	36853451776	1017856	512	3.872450
73717669376	73717134336	535040	512	9.559374
49811327488	49810497536	829952	512	6.608246
2665543168	2664680448	862720	512	12.603093
45044867072	45044061184	805888	512	7.840673
42982164480	42981430784	733696	512	10.229467
48785746432	48784861696	884736	512	3.853072
78907393536	78906651136	742400	512	6.063265
14800467968	14799856640	611328	512	4.673958
23505182208	23504354816	827392	512	9.777600
34113009664	34112167424	842240	512	8.574635
39112344064	39111810560	533504	512	6.485652
12397673472	12396944384	729088	512	13.056757
74561961984	74561113600	848384	512	7.129786
55843057664	55842322432	735232	512	8.348480
3069168128	3068506624	661504	512	5.849417
59801446912	59800778752	668160	512	9.309587
30948216320	30947517952	698368	512	3.283619
79621420544	79620430336	990208	512	4.360231
28100541440	28099644416	897024	512	8.073629
54643115008	54642392064	722944	512	15.254705
72467621376	72467080192	541184	512	10.137657
55225926656	55225335808	590848	512	12.579754
69659769856	69658758656	1011200	512	4.138379
38088821248	38088288256	532992	512	6.846689
36226247680	36225444352	803328	512	9.602911
26036232192	26035482624	749568	512	2.373699
7804438016	7803533312	904704	512	11.338110
69948733952	69947816448	917504	512	7.321203
11732212736	11731219968	992768	512	7.139441
62216422912	62215710208	712704	512	7.330955
36432993280	36432250880	742400	512	11.065400
45880989184	45880390656	598528	512	4.208902
33062491648	33061480448	1011200	512	2.975506
72547129856	72546485248	644608	512	6.419147
4579204096	4578253824	950272	512	15.393385
70033055232	70032397312	657920	512	7.010031
57181142528	57180120064	1022464	512	10.616891
37984048640	37983208960	839680	512	8.358769
49502005760	49501363200	642560	512	2.480980
30827926016	30827191296	734720	512	11.528817
15476625408	15475827712	797696	512	11.091389
77538394112	77537849856	544256	512	6.545625
17736057344	17735417856	639488	512	5.607765
76995269120	76994669056	600064	512	4.232496
68290080256	68289448960	631296	512	8.274711
38058570752	38057861632	709120	512	11.627249
24012030976	24011450880	580096	512	4.597800
588119040	587309056	809984	512	2.874452
70003324416	70002637312	687104	512	6.042950
16110261760	16109551104	710656	512	2.079186
75840992256	75839970816	1021440	512	9.142213
71651250688	71650638848	611840	512	7.581515
9009310720	9008443904	866816	512	9.985240
78941536256	78940953600	582656	512	3.804628
70319263232	70318577664	685568	512	3.550999
49993773568	49993080320	693248	512	10.366741
50349575168	50348895744	679424	512	10.736794
41694787584	41693774848	1012736	512	3.398482
24549528576	24548612096	916480	512	7.618271
79995125760	79994432000	693760	512	8.178119
37693421568	37692871680	549888	512	6.440806
12987210240	12986486784	723456	512	2.139164
23691109888	23690149888	960000	512	6.584596
16457717760	16456940032	777728	512	2.368778
11909320704	11908284416	1036288	512	6.123862
15736891904	15736096768	795136	512	1.978357
73913304064	73912324096	979968	512	11.384204
11533204480	11532620288	584192	512	7.152738
77563826688	77563228160	598528	512	2.444470
691741184	690872832	868352	512	10.883624
53994392576	53993513984	878592	512	4.250783
72556489728	72555688448	801280	512	10.017436
29026050048	29025339904	710144	512	2.919670
48618899456	48618055168	844288	512	15.070290
39988428800	39987740672	688128	512	2.532568
74938484224	74937546752	937472	512	3.706793
65382554112	65381804544	749568	512	5.310056
63924787200	63924030976	756224	512	5.131625
12970213376	12969378816	834560	512	12.556217
5449379328	5448353792	1025536	512	6.631808
64893394944	64892645888	749056	512	5.366274
42487313920	42486284800	1029120	512	2.441079
2792065536	2791108096	957440	512	8.667760
4309491712	4308524032	967680	512	10.264297
49259925504	49258921472	1004032	512	2.519879
67415374848	67414726656	648192	512	7.756869
66228486656	66227921408	565248	512	2.081639
24848628736	24847832576	796160	512	12.342857
17561939456	17561179648	759808	512	12.040819
50388332544	50387637760	694784	512	10.307561
46333494272	46332492288	1001984	512	2.581398
27719427584	27718883840	543744	512	7.363180
62443124224	62442287616	836608	512	3.542968
31290256896	31289580544	676352	512	3.695262
72747577856	72746719744	858112	512	8.008972
2046474752	2045575680	899072	512	10.243770
74179504128	74178630656	873472	512	6.166122
10702772736	10702146048	626688	512	4.327730
8351369728	8350810112	559616	512	5.994435
50733169152	50732192256	976896	512	2.474447
77534996480	77534092800	903680	512	9.801323
52851117568	52850277376	840192	512	5.950597
58025144320	58024480256	664064	512	10.071186
34804270592	34803329536	941056	512	6.143897
22496080384	22495383552	696832	512	2.413002
37385547776	37384984576	563200	512	6.088167
11470028800	11469349888	678912	512	3.086830
31707159552	31706335232	824320	512	9.381933
18497054720	18496112640	942080	512	7.875847
19345177600	19344431616	745984	512	12.361436
71789910528	71789141504	769024	512	6.666043
18645336064	18644807168	528896	512	8.090613
6858950656	6858327552	623104	512	4.505909
52710626816	52709860352	766464	512	8.058350
69157454336	69156880384	573952	512	9.882657
6812429824	6811556864	872960	512	10.095110
27121341952	27120651776	690176	512	13.035410
47583074304	47582548480	525824	512	6.157101
26442699776	26441787904	911872	512	7.738780
9800771072	9799798272	972800	512	7.673979
44629372416	44628720128	652288	512	12.392492
27293075456	27292101120	974336	512	6.101907
25488888320	25488251392	636928	512	3.250260
62624533504	62623541248	992256	512	7.922597
27211674112	27211132416	541696	512	7.296434
2037834240	2037131264	702976	512	3.331665
63981132800	63980564992	567808	512	11.191089
50835332096	50834369024	963072	512	12.106233
61971587584	61970672128	915456	512	10.445366
28290632192	28289838592	793600	512	10.526229
8754844160	8754237952	606208	512	6.582752
28976920576	28976132608	787968	512	10.254831
51412958208	51411938304	1019904	512	12.395817
10942487040	10941601792	885248	512	9.545764
6377583104	6376536064	1047040	512	6.232871
68092346368	68091716096	630272	512	8.366901
45999636992	45999010816	626176	512	3.420909
57934223360	57933343744	879616	512	3.763917
66442223104	66441348096	875008	512	10.494405
63115366912	63114582016	784896	512	4.817751
8773399552	8772846592	552960	512	7.925840
57964126208	57963447808	678400	512	11.481495
16336811520	16336164864	646656	512	3.534555
27204645376	27203884544	760832	512	11.335584
29426954752	29426383872	570880	512	6.406266
17930270208	17929299968	970240	512	7.188464
7203346432	7202820608	525824	512	8.590159
31107898368	31107176960	721408	512	2.682020
32155236864	32154393088	843776	512	8.833898
33297855488	33297247744	607744	512	5.201735
60383070208	60382393344	676864	512	9.054168
29010399232	29009830912	568320	512	6.415249
3400986624	3400368128	618496	512	6.839715
5379448832	5378776576	672256	512	3.474333
30192271872	30191664640	607232	512	5.482061
60401775104	60400916480	858624	512	3.538653
33493134848	33492421120	713728	512	2.606661
40832882176	40832209920	672256	512	12.206668
60501854208	60500848128	1006080	512	8.309150
66289450496	66288873472	577024	512	10.929664
56420989440	56420220416	769024	512	6.994558
11863308800	11862667776	641024	512	5.840321
40613058560	40612332032	726528	512	10.809015
52596266496	52595593728	672768	512	10.680908
64103305728	64102619648	686080	512	7.400655
32870745600	32869872640	872960	512	8.187474
63408763904	63407915008	848896	512	12.038716
8323021312	8322234880	786432	512	2.789877
26005058560	26004429312	629248	512	3.408229
46291689472	46291075072	614400	512	12.976851
70023069184	70022186496	882688	512	8.576087
61905545216	61904987648	557568	512	2.959570
44811231744	44810338816	892928	512	6.008900
44408431616	44407746560	685056	512	2.229254
51531386880	51530526720	860160	512	3.538550
60343837696	60342902272	935424	512	10.454417
4112202240	4111216640	985600	512	8.024786
40906446336	40905722880	723456	512	10.892720
14818848768	14818165760	683008	512	4.906774
54644861440	54644218368	643072	512	11.010511
3200262144	3199715328	546816	512	8.395573
76459921408	76459289088	632320	512	5.017717
77135067648	77134027776	1039872	512	4.100844
79106341376	79105580032	761344	512	5.197552
30512107520	30511580160	527360	512	7.417765
51685898240	51684930048	968192	512	11.643492
61430083584	61429300736	782848	512	5.218160
79059752960	79058954240	798720	512	3.612248
29251521536	29250562560	958976	512	4.240040
54951365120	54950649344	715776	512	8.943235
66620969472	66620237312	732160	512	4.049948
1202020352	1201362944	657408	512	4.355364
11179340800	11178644480	696320	512	4.608798
56564549632	56563725312	824320	512	5.342554
65896292352	65895634432	657920	512	8.280549
5897458688	5896826880	631808	512	4.420491
52608476672	52607657472	819200	512	6.560372
61988311552	61987508224	803328	512	2.671620
23718868992	23718275584	593408	512	6.124296
14552527872	14551642112	885760	512	9.507790
68668163072	68667195392	967680	512	6.224238
79919253504	79918437376	816128	512	2.797989
25943079936	25942115840	964096	512	6.441308
14994873856	14993946112	927744	512	8.597106
16619204096	16618160128	1043968	512	3.612070
9057871872	9057106944	764928	512	12.359371
30931332096	30930577920	754176	512	11.090257
15073441280	15072912896	528384	512	8.396343
61566673920	61565724672	949248	512	11.142973
51193295872	51192351744	944128	512	12.702704
50284889600	50283975680	913920	512	4.231688
2105202688	2104171008	1031680	512	7.396066
16016942080	16016225280	716800	512	1.936898
53700529152	53699929600	599552	512	12.300186
73037942272	73037121536	820736	512	11.186148
14781727744	14780830720	897024	512	11.148237
65991610880	65990577152	1033728	512	5.390808
37261193216	37260510208	683008	512	12.315837
19573276672	19572506624	770048	512	11.857239
27442068992	27441387008	681984	512	2.129884
25167857664	25167234560	623104	512	5.421673
59346673152	59345971712	701440	512	8.369536
66525076992	66524545024	531968	512	12.432782
37982593536	37981782016	811520	512	9.095711
70592359424	70591793664	565760	512	9.694944
26605377536	26604819968	557568	512	6.977710
43240613376	43239818752	794624	512	8.622234
69304553984	69303627776	926208	512	7.020650
7725759488	7725126656	632832	512	6.217474
64956939776	64956131840	807936	512	12.704539
9650788864	9649852928	935936	512	8.426961
40148004352	40147077120	927232	512	5.602309
20850382336	20849395200	987136	512	6.779003
5286268928	5285701120	567808	512	6.081970
21665496064	21664508416	987648	512	6.759514
76830315520	76829468160	847360	512	2.898724
75421178880	75420433920	744960	512	10.610541
23251790848	23251134464	656384	512	4.604852
62808352256	62807368704	983552	512	8.227356
1360275456	1359555584	719872	512	4.829492
6169824256	6168968192	856064	512	12.348432
9897161728	9896448000	713728	512	2.381305
45296942592	45296117248	825344	512	7.376981
75335394816	75334556160	838656	512	8.668376
3520260608	3519300096	960512	512	8.605250
15023835136	15023194112	641024	512	5.824090
44600066048	44599521280	544768	512	4.084260
16067513856	16066538496	975360	512	7.055340
71807128064	71806169088	958976	512	4.352459
6665537536	6664542208	995328	512	7.396699
31525867008	31525036032	830976	512	9.203698
58920322048	58919683584	638464	512	10.180856
45873374720	45872489472	885248	512	3.883588
53088883200	53088122368	760832	512	8.189601
63092729856	63091931136	798720	512	4.373774
74263143424	74262104064	1039360	512	9.211008
75403519488	75402878976	640512	512	5.149212
29178234880	29177346560	888320	512	7.850914
75737943552	75737069568	873984	512	5.607733
64207671296	64206770176	901120	512	9.674087
39843106816	39842193920	912896	512	5.959052
54052809216	54051923456	885760	512	3.995151
75319098880	75318271488	827392	512	9.162449
79030355968	79029706752	649216	512	10.190984
20231906816	20231088640	818176	512	10.681018
32639727616	32638810624	916992	512	7.091151
53452331520	53451770368	561152	512	4.115326
4265601536	4264891904	709632	512	4.835611
9191655424	9190742528	912896	512	8.929202
2003496960	2002744320	752640	512	4.135549
28013912576	28013018624	893952	512	8.180213
15564757504	15563904000	853504	512	9.872874
50333718016	50332881408	836608	512	6.386216
11793896448	11792946176	950272	512	8.116326
15470244864	15469303808	941056	512	7.878241
36107662336	36106942464	719872	512	11.708098
39745195520	39744573440	622080	512	2.392789
71466263552	71465638912	624640	512	7.624497
55130149888	55129152000	997888	512	10.000832
61291337728	61290734080	603648	512	10.791770
78862447616	78861620736	826880	512	3.858856
55201906688	55201180672	726016	512	10.443531
71400676864	71399842816	834048	512	11.338155
42447456768	42446525952	930816	512	4.987372
26820043264	26819084288	958976	512	6.602076
36121478656	36120715264	763392	512	10.671184
27175752704	27175007232	745472	512	2.447037
18236425728	18235870720	555008	512	7.485695
37208063488	37207536640	526848	512	5.212172
18937501696	18936864256	637440	512	3.792488
76629832704	76628805632	1027072	512	8.297480
52654116352	52653428736	687616	512	12.118685
24896374272	24895369216	1005056	512	5.571068
11556869632	11555963392	906240	512	8.999817
5321908224	5321377280	530944	512	8.506296
20587266560	20586559488	707072	512	4.028881
13225252864	13224398848	854016	512	10.266042
35232038912	35231485440	553472	512	4.708718
29378886144	29378153472	732672	512	11.607929
65878401024	65877754880	646144	512	8.677606
59447383552	59446753280	630272	512	12.272491
63155311616	63154650624	660992	512	8.721864
63014009856	63013393920	615936	512	10.169990
13564603392	13563673600	929792	512	8.582718
38616284672	38615524864	759808	512	11.780345
52469593088	52468856832	736256	512	10.734257
53958568960	53957569024	999936	512	10.005761
70639510016	70638966784	543232	512	10.476652
33598182400	33597300224	882176	512	7.634555
48821043200	48820361216	681984	512	13.077349
70682764800	70682026496	738304	512	3.602322
48088875520	48088177152	698368	512	10.755107
22119166976	22118267392	899584	512	8.779248
23595825152	23594901504	923648	512	7.432076
54217468928	54216426496	1042432	512	8.714992
23799574528	23798670848	903680	512	7.915152
7613456384	7612743680	712704	512	4.443278
23538555392	23537847296	708096	512	12.589363
55319404032	55318768640	635392	512	13.121773
4149569536	4148901376	668160	512	5.619458
30930671616	30929660416	1011200	512	3.002344
43944077312	43943223808	853504	512	7.022630
43257764864	43256773632	991232	512	12.648793
50253360128	50252811776	548352	512	5.090791
6921140736	6920363008	777728	512	12.240211
67780608512	67779608064	1000448	512	5.125870
73339470848	73338507264	963584	512	2.828023
5102656512	5101817344	839168	512	11.233346
15796963328	15796262400	700928	512	2.283534
77195626496	77194838528	787968	512	5.515282
74311718912	74311003136	715776	512	2.845859
25154450944	25153532928	918016	512	7.538025
7391937024	7391122944	814080	512	11.432291
42022778880	42022005248	773632	512	9.121237
6914897920	6913961984	935936	512	8.704120
10929774080	10929218560	555520	512	7.807147
38853273600	38852517376	756224	512	11.896064
62081872896	62080883200	989696	512	8.043912
60366184960	60365576704	608256	512	11.132701
27734380544	27733415936	964608	512	6.449607
14879717376	14878763520	953856	512	8.010190
50578160640	50577478656	681984	512	12.541345
68128864768	68128312832	551936	512	10.996654
60245150720	60244283904	866816	512	12.544224
59039979008	59039195648	783360	512	5.824726
34128252928	34127581696	671232	512	3.663138
64918354944	64917423616	931328	512	10.574763
10974860800	10974172160	688640	512	4.745211
13181664256	13180861440	802816	512	11.456710
49615769088	49615042560	726528	512	9.394093
59225287168	59224425984	861184	512	3.500869
79447157248	79446302208	855040	512	12.227947
36347392000	36346347520	1044480	512	12.861576
15684827136	15684207616	619520	512	6.042235
2492301824	2491665408	636416	512	6.647428
18357086720	18356080128	1006592	512	6.357908
47522238464	47521352192	886272	512	5.715343
17136217600	17135179776	1037824	512	5.615809
13912286720	13911603200	683520	512	4.862647
61312603648	61311559168	1044480	512	8.157540
8956705280	8955952128	753152	512	3.291294
12481933312	12481360896	572416	512	7.388897
22655023104	22654119936	903168	512	8.758219
69444529152	69443658752	870400	512	10.807245
71577350144	71576409088	941056	512	5.696577
22850599936	22849902080	697856	512	2.379344
53043368448	53042694656	673792	512	10.618295
62171451392	62170671616	779776	512	3.451544
11695828992	11695264256	564736	512	7.561535
63354328064	63353667072	660992	512	8.703393
23467039232	23466486784	552448	512	7.100340
15638797824	15637993472	804352	512	12.896371
21469093376	21468387328	706048	512	4.046095
69920626688	69919870464	756224	512	3.664511
77356477440	77355644416	833024	512	3.624451
3822065152	3821479936	585216	512	7.544806
46381733376	46380992000	741376	512	9.625211
27330119680	27329103360	1016320	512	5.203521
67350964736	67350332928	631808	512	8.342399
5063236608	5062689792	546816	512	8.417159
42627267072	42626693632	573440	512	3.328805
42063954432	42063266816	687616	512	11.462303
50148553728	50147786240	767488	512	8.392346
31341120512	31340135936	984576	512	5.479021
45979265536	45978375680	889856	512	5.592517
15497603072	15496751104	851968	512	9.912033
5372709376	5371960832	748544	512	3.611759
64159852544	64158969344	883200	512	12.088890
10227966976	10227423232	543744	512	8.040253
73715669504	73714652160	1017344	512	11.953766
46916012544	46915404800	607744	512	3.951825
59055902720	59055365632	537088	512	2.354540
62295484928	62294736896	748032	512	6.336252
30226388992	30225565696	823296	512	11.237019
38943577600	38942674944	902656	512	6.273170
53075264000	53074498560	765440	512	8.081439
49145994240	49145245696	748544	512	9.507551
45776789504	45776093696	695808	512	10.787513
15339171328	15338554368	616960	512	6.077399
58919461376	58918646272	815104	512	4.875690
78426282496	78425704448	578048	512	5.162388
11582313472	11581383168	930304	512	8.550167
74958073856	74957372928	700928	512	3.397772
73095744512	73094895104	849408	512	10.161818
65711571456	65710777856	793600	512	2.051975
51009303552	51008530944	772608	512	8.169220
65355464704	65354801152	663552	512	9.965629
57982500864	57981730816	770048	512	6.987372
66957030912	66956388864	642048	512	7.994482
59809710080	59808930304	779776	512	4.084812
79583992320	79583455232	537088	512	5.860739
24835637760	24834634752	1003008	512	5.525960
60183049728	60182369792	679936	512	8.951594
79837230592	79836507648	722944	512	6.907531
75071381504	75070372352	1009152	512	10.368360
20267609600	20267076608	532992	512	8.033892
8700174848	8699365888	808960	512	11.310721
11893053440	11892419584	633856	512	6.033332
21193977856	21193305600	672256	512	4.821868
8742495744	8741793280	702464	512	4.450769
5893233152	5892564480	668672	512	5.432921
56468899328	56467959808	939520	512	11.211736
60914314240	60913445888	868352	512	11.804113
19767101952	19766343168	758784	512	2.801952
73504193536	73503639040	554496	512	8.838117
7500513280	7499889664	623616	512	6.433451
1149195264	1148219392	975872	512	8.619526
59327846400	59327242752	603648	512	2.032612
5727545856	5726653952	891904	512	9.661459
63847965696	63847197696	768000	512	5.348337
54342871040	54341975040	896000	512	3.729556
75436069888	75435145728	924160	512	3.625724
11607114240	11606187008	927232	512	8.611482
36984525824	36983776768	749056	512	12.533945
55117824	54456320	661504	512	4.243953
45335353856	45334648320	705536	512	10.656982
74074490880	74073928704	562176	512	8.632821
6650097664	6649366016	731648	512	4.004444
27670852096	27670284288	567808	512	6.726663
17329891840	17328994304	897536	512	10.725224
28258031616	28257415168	616448	512	3.691877
7610865664	7609855488	1010176	512	7.041601
49171367936	49170590208	777728	512	8.641308
38833825792	38832948224	877568	512	6.894917
3053409280	3052418560	990720	512	7.923050
17207101952	17206401536	700416	512	2.309678
10065668608	10064867840	800768	512	2.211173
10667634688	10666955776	678912	512	5.005353
42356702208	42356031488	670720	512	2.596990
43737966592	43737083904	882688	512	6.274145
67533445120	67532644864	800256	512	2.620168
19328541696	19327945728	595968	512	6.589988
71913360896	71912362496	998400	512	12.207358
2842817024	2841881600	935424	512	9.147607
41642733568	41642055168	678400	512	12.081684
27124139008	27123346432	792576	512	10.608862
75334355968	75333790208	565760	512	8.022523
4699105280	4698213888	891392	512	11.962227
560051200	559059456	991744	512	8.224063
5005405696	5004366336	1039360	512	6.877077
18877060608	18876476416	584192	512	6.830694
76895717376	76894935040	782336	512	5.784059
49435575296	49434850816	724480	512	9.503668
7060801024	7060218368	582656	512	5.496696
11665968128	11665011712	956416	512	7.965491
46960825344	46959790080	1035264	512	12.785573
41912368640	41911541760	826880	512	7.702672
43407747072	43407111680	635392	512	12.813805
21414218752	21413421056	797696	512	11.173678
37190601728	37189837312	764416	512	10.253523
57724765696	57723958272	807424	512	5.869752
38716904448	38715936768	967680	512	4.555597
25087318016	25086391808	926208	512	7.380537
58595872768	58595213312	659456	512	9.557091
58158782464	58157952000	830464	512	4.373020
52332121600	52331426304	695296	512	10.050065
73609883648	73609294336	589312	512	7.572222
77672447488	77671695872	751616	512	7.061953
53002786304	53002251264	535040	512	5.322811
36741050880	36740152320	898560	512	6.871199
10349990912	10349254144	736768	512	12.929476
3495483392	3494932992	550400	512	8.328480
27459419648	27458548224	871424	512	8.702297
67428336128	67427380224	955904	512	6.618425
55517332480	55516717056	615424	512	11.795854
78865612288	78864606720	1005568	512	5.571935
7189893632	7188938240	955392	512	8.270708
60148596224	60147565568	1030656	512	7.614020
6235545088	6234501632	1043456	512	6.280236
14654926848	14654349824	577024	512	5.407120
6989623808	6989067264	556544	512	7.931203
74252878848	74251985408	893440	512	5.424890
5132731392	5131987456	743936	512	2.223259
5717404672	5716665344	739328	512	3.855146
65653259776	65652240384	1019392	512	5.799995
44903602176	44902893568	708608	512	10.867809
79327572992	79326644224	928768	512	7.075774
30619120640	30618381312	739328	512	2.229014
25614587392	25613783552	803840	512	10.278120
65700296192	65699263488	1032704	512	5.437204
16003887616	16002911744	975872	512	7.074870
73158879232	73158138880	740352	512	2.994554
54952933376	54952205312	728064	512	8.565158
