base_offset	offset	absdelta	probe_length	millis
138514173952	138513918976	254976	512	2.388314
34976002560	34975802368	200192	512	7.608528
113162099200	113161876992	222208	512	4.221921
84743791616	84743568384	223232	512	4.780616
89744044544	89743906304	138240	512	6.399302
13391305728	13391108608	197120	512	7.723293
138261120512	138260982784	137728	512	6.797830
12207794688	12207538176	256512	512	4.897916
130752923136	130752697856	225280	512	5.248907
63819971584	63819827712	143872	512	7.855324
33356694528	33356551680	142848	512	8.615223
67127697920	67127441920	256000	512	6.228372
159747665920	159747509760	156160	512	3.818830
86596750336	86596546048	204288	512	6.107601
124556998656	124556859904	138752	512	5.950084
67388059136	67387804160	254976	512	3.610329
107087277056	107087051776	225280	512	4.172928
133827441152	133827291648	149504	512	5.359470
120746524160	120746365952	158208	512	4.775472
126015056896	126014902272	154624	512	5.360825
144757898240	144757694464	203776	512	3.719677
73927297536	73927154688	142848	512	8.345671
127936591872	127936357376	234496	512	5.160181
70410960384	70410710528	249856	512	4.531914
52982120448	52981865984	254464	512	4.611707
11977799680	11977582592	217088	512	7.546965
102788948992	102788811776	137216	512	8.013244
90044875776	90044695552	180224	512	7.426396
122516100608	122515951616	148992	512	7.367538
26859009536	26858866688	142848	512	8.651338
71871349760	71871187456	162304	512	8.022585
51231669760	51231429120	240640	512	6.511491
133168087040	133167905280	181760	512	6.433669
159196506624	159196291072	215552	512	11.185527
132628560384	132628348928	211456	512	3.860439
129465945088	129465742848	202240	512	4.196492
76955598336	76955343360	254976	512	10.761237
32089141248	32088935936	205312	512	6.738330
102213435392	102213250048	185344	512	5.833659
38064311296	38064082944	228352	512	7.012504
10462588928	10462450688	138240	512	8.764480
36105669632	36105524736	144896	512	8.591722
19664223232	19663974400	248832	512	7.056118
3541245952	3541025280	220672	512	7.324805
40083133440	40082874880	258560	512	4.720084
7008565760	7008367616	198144	512	6.115927
3787074048	3786902016	172032	512	6.366029
119782623232	119782410752	212480	512	4.319434
103064874496	103064619520	254976	512	2.557678
34189498880	34189362688	136192	512	8.644871
145387817984	145387568128	249856	512	12.035344
32421503488	32421267456	236032	512	5.139511
56370461184	56370300928	160256	512	6.344225
67817992192	67817738752	253440	512	5.479188
45793894912	45793641984	252928	512	6.655723
89626456064	89626263040	193024	512	6.363715
49981511680	49981372928	138752	512	8.692902
156941326336	156941136896	189440	512	2.814878
116689873920	116689659392	214528	512	4.256205
58173370880	58173123584	247296	512	3.949654
118713584640	118713361920	222720	512	5.739615
83089249280	83089010176	239104	512	6.373293
44100306944	44100140032	166912	512	7.591183
3647637504	3647468032	169472	512	8.367283
141030568448	141030385664	182784	512	6.074710
43076116992	43075943424	173568	512	6.328504
94103558144	94103415296	142848	512	0.405539
104986767872	104986512896	254976	512	3.490818
36084149248	36083966464	182784	512	7.925856
139523876352	139523720192	156160	512	6.637363
63735839744	63735664128	175616	512	7.739842
108034870784	108034727936	142848	512	5.548444
65542101504	65541845504	256000	512	3.575341
61419699200	61419479552	219648	512	5.137145
23044494336	23044328448	165888	512	8.017803
118429498880	118429239296	259584	512	3.674304
11241921024	11241748480	172544	512	8.194946
72674297344	72674162176	135168	512	6.764596
51288423936	51288276480	147456	512	8.363142
34677039616	34676795904	243712	512	6.736807
20038471168	20038243840	227328	512	5.428626
97798537728	97798341120	196608	512	5.199140
32045767680	32045614592	153088	512	8.449746
124103137280	124102877184	260096	512	3.110738
122771092992	122770902016	190976	512	4.798019
111377142784	111376967168	175616	512	6.365891
112781692416	112781477888	214528	512	5.361527
65499816960	65499607040	209920	512	6.425789
9564992000	9564764160	227840	512	7.209746
95243180032	95242944512	235520	512	4.282006
11488195072	11487960576	234496	512	5.325411
51979739648	51979482624	257024	512	5.511851
98585157632	98584919040	238592	512	4.237175
20183330816	20183183360	147456	512	8.320861
110605249536	110605004288	245248	512	3.691856
158359785984	158359613440	172544	512	3.468873
22708216832	22707959808	257024	512	6.780467
88443886080	88443680768	205312	512	6.742527
62414575616	62414427136	148480	512	15.213788
87348156416	87347906048	250368	512	4.954694
111814588416	111814403584	184832	512	6.863364
132963940864	132963760128	180736	512	3.802707
149727098880	149726859776	239104	512	2.500496
50312892416	50312630272	262144	512	6.278918
86884864	86700032	184832	512	8.066276
39105334272	39105097216	237056	512	4.408204
23341894144	23341736960	157184	512	8.402804
155119025152	155118784512	240640	512	10.780051
30762647552	30762487808	159744	512	7.964843
82121830912	82121685504	145408	512	8.217447
80254341120	80254144000	197120	512	4.658770
24105376768	24105159168	217600	512	7.442648
92816830464	92816688640	141824	512	8.041245
3526846976	3526647296	199680	512	7.676689
27949919232	27949658624	260608	512	5.978662
8891411968	8891185152	226816	512	7.408997
59672892416	59672728064	164352	512	7.986193
22572210176	22572038656	171520	512	7.733720
120384264192	120384014336	249856	512	3.965823
11285485056	11285315584	169472	512	8.323178
125402483200	125402224128	259072	512	2.723390
13820409856	13820185600	224256	512	7.236771
575789568	575592960	196608	512	5.565233
11075809280	11075599872	209408	512	5.928564
131921408	131723776	197632	512	7.341616
110872914944	110872654848	260096	512	2.304868
126621650432	126621515776	134656	512	6.035826
42386488320	42386239488	248832	512	6.781304
31371088896	31370945536	143360	512	6.817715
94222938624	94222758912	179712	512	6.639955
71630927360	71630700032	227328	512	5.008093
76481519104	76481330176	188928	512	5.616799
75633526272	75633266176	260096	512	3.366233
50115522048	50115374080	147968	512	6.609072
40104096256	40103850496	245760	512	6.703323
102859223552	102859030016	193536	512	6.693460
52791897088	52791709184	187904	512	7.624535
65219755008	65219557888	197120	512	5.592239
81548673536	81548451328	222208	512	6.612065
132760697344	132760532992	164352	512	4.967191
17944740864	17944519680	221184	512	7.512031
141363559936	141363330560	229376	512	4.555711
108155626496	108155437056	189440	512	4.996726
100081710592	100081576448	134144	512	8.117927
141846753280	141846491648	261632	512	11.855668
34522428416	34522283008	145408	512	8.610218
121609034240	121608854016	180224	512	5.058703
72525448192	72525312000	136192	512	8.529534
104700194816	104699983872	210944	512	5.489743
36579113984	36578872832	241152	512	6.926381
95170339840	95170112512	227328	512	6.378716
10989881344	10989678592	202752	512	7.657931
105616417792	105616184320	233472	512	5.992530
82717325312	82717169664	155648	512	8.007965
34008850944	34008617984	232960	512	6.920842
84810997248	84810761728	235520	512	3.759148
26962906112	26962675712	230400	512	5.237158
60802877440	60802693120	184320	512	7.700092
54530789888	54530560512	229376	512	6.151333
146665900032	146665763328	136704	512	5.466533
130600879616	130600645120	234496	512	5.028847
31897717760	31897489920	227840	512	6.354864
28242138624	28241889280	249344	512	4.971359
86550914048	86550713344	200704	512	6.192532
46148850688	46148703232	147456	512	8.429760
31998575104	31998386176	188928	512	7.821292
43499998720	43499803648	195072	512	7.614329
43455214592	43455016448	198144	512	7.530035
84445369344	84445235712	133632	512	8.425302
142047513600	142047282176	231424	512	2.945262
127638337536	127638108160	229376	512	3.521288
76270467072	76270305280	161792	512	7.393088
40916052480	40915827712	224768	512	6.463997
87911713280	87911457280	256000	512	4.844254
86688806912	86688551936	254976	512	5.762306
60806721536	60806466048	255488	512	4.581470
98786759168	98786566144	193024	512	6.950746
89986710528	89986545152	165376	512	7.054209
45990447616	45990274560	173056	512	8.052443
65045650432	65045400064	250368	512	6.302924
64681577984	64681377280	200704	512	6.654344
87668727808	87668474368	253440	512	5.778649
126975135744	126974987776	147968	512	7.381044
66990160384	66989981696	178688	512	5.363098
150615776768	150615626752	150016	512	6.552502
59600041984	59599880704	161280	512	5.823063
119482296320	119482084352	211968	512	4.336914
131736669184	131736464896	204288	512	5.011229
152749547520	152749342208	205312	512	4.904872
16806921216	16806738944	182272	512	8.117562
13264229888	13264094208	135680	512	8.530370
9445487104	9445257728	229376	512	6.778299
46117549568	46117412864	136704	512	6.793068
103988724736	103988505600	219136	512	5.318732
19319559680	19319345664	214016	512	7.382194
2187340288	2187185152	155136	512	8.570777
64349986816	64349747200	239616	512	6.545922
82395543040	82395369984	173056	512	7.540212
61305161728	61304944128	217600	512	6.364734
155461023232	155460877824	145408	512	5.298241
115054476800	115054324224	152576	512	7.650664
95349472256	95349264384	207872	512	4.153582
157175345152	157175165440	179712	512	4.962835
3247977984	3247745024	232960	512	6.675384
49510673920	49510502400	171520	512	0.486940
136138110464	136137885184	225280	512	3.196623
127890549248	127890416640	132608	512	6.070455
150083774976	150083586048	188928	512	4.526346
65020130304	65019932672	197632	512	5.553679
10710172672	10709914112	258560	512	6.741265
96407926784	96407686656	240128	512	4.176996
23531680256	23531504128	176128	512	8.026890
39412788224	39412655104	133120	512	6.928483
21668905984	21668697088	208896	512	7.445524
135707228672	135707086336	142336	512	6.777117
111986912256	111986683904	228352	512	4.100735
60566910464	60566769664	140800	512	8.426989
140537608192	140537368064	240128	512	4.261416
40383795200	40383662080	133120	512	8.833714
87223343616	87223096320	247296	512	4.267032
73921107456	73920852992	254464	512	6.079229
24763973632	24763719680	253952	512	6.699754
83042375680	83042129408	246272	512	3.487481
62582610944	62582477312	133632	512	6.288983
29581248512	29581004288	244224	512	4.487803
65494932480	65494779904	152576	512	7.701812
35356824576	35356572672	251904	512	6.617135
128612282368	128612099072	183296	512	5.634322
135990210048	135990067200	142848	512	5.433329
23818308096	23818077696	230400	512	5.320702
59503313920	59503130624	183296	512	7.660470
67320265216	67320098816	166400	512	7.931156
98048215040	98047969280	245760	512	3.897081
151282027520	151281769472	258048	512	11.053915
110529562624	110529358848	203776	512	5.635647
149835232768	149834985984	246784	512	2.525429
140603790336	140603598336	192000	512	5.783414
108824551936	108824414720	137216	512	6.322646
68686159360	68685944832	214528	512	7.027237
72805975040	72805779456	195584	512	6.607516
67042849792	67042704384	145408	512	6.576033
88826784768	88826621440	163328	512	7.681949
102050752512	102050502656	249856	512	4.054225
29974906880	29974731264	175616	512	8.137355
86014183424	86014044672	138752	512	7.830135
138149292032	138149054464	237568	512	4.760203
42340763136	42340553216	209920	512	7.300425
138468498944	138468278272	220672	512	3.512545
52982984704	52982779392	205312	512	7.318478
35333584896	35333323264	261632	512	4.566982
122222802432	122222542848	259584	512	3.653766
105412134912	105411902464	232448	512	5.999058
86659090944	86658844672	246272	512	6.068081
23750319104	23750181888	137216	512	8.402806
10653719552	10653550592	168960	512	0.440072
59838907904	59838665216	242688	512	0.432675
109372201472	109372038144	163328	512	7.511551
142952322048	142952162304	159744	512	4.759292
73519608832	73519375872	232960	512	6.548967
60305438208	60305284096	154112	512	8.148779
52899519488	52899268096	251392	512	6.339650
106742193664	106741963264	230400	512	4.043346
37566087168	37565864960	222208	512	7.132572
31464602624	31464341504	261120	512	6.457750
144646811648	144646661120	150528	512	5.017697
88893922304	88893671424	250880	512	5.967824
113236909568	113236739584	169984	512	7.238210
24503178240	24502974976	203264	512	7.664383
77709228544	77709073920	154624	512	0.472720
2442948096	2442694144	253952	512	7.028354
131300430336	131300190720	239616	512	2.160644
119019126272	119018981376	144896	512	7.575793
78462498304	78462331904	166400	512	5.402330
56509527040	56509385216	141824	512	6.614132
113881348096	113881146368	201728	512	6.526955
46077140480	46076891136	249344	512	4.028475
105045902848	105045684224	218624	512	5.344070
106061933568	106061724672	208896	512	4.561167
9869463552	9869242880	220672	512	7.521604
154018820096	154018663936	156160	512	5.472418
62765787648	62765575680	211968	512	7.090324
65910938112	65910712320	225792	512	4.322975
128470957568	128470760448	197120	512	5.196116
53832234496	53832074240	160256	512	6.363239
150143967232	150143787008	180224	512	4.155924
95456163840	95455938560	225280	512	6.268706
9353698816	9353533952	164864	512	8.405977
94114000896	94113837568	163328	512	7.595830
75478649344	75478493696	155648	512	8.118357
32179268608	32179027968	240640	512	6.817895
99220918784	99220762112	156672	512	7.112295
116467449344	116467250688	198656	512	4.753192
94987495424	94987323904	171520	512	7.579768
10022646272	10022473216	173056	512	8.173017
97244879360	97244675072	204288	512	5.073995
23185423872	23185256448	167424	512	8.248305
4301478400	4301218816	259584	512	5.092076
128284724736	128284538368	186368	512	6.360534
117574612480	117574402048	210432	512	3.557066
7964889600	7964656128	233472	512	7.293054
97279737344	97279545856	191488	512	5.339044
51114785280	51114603008	182272	512	7.121395
130123129856	130122922496	207360	512	5.733974
76943776256	76943608320	167936	512	6.019767
97675540480	97675278848	261632	512	5.372150
28184640512	28184446464	194048	512	5.482245
34172675584	34172447744	227840	512	6.940841
141888173056	141888038912	134144	512	5.650089
26880778752	26880538112	240640	512	5.283640
68682575872	68682321920	253952	512	6.276092
78328019968	78327846400	173568	512	5.973099
26640663040	26640498176	164864	512	8.237567
133921751552	133921589760	161792	512	6.904391
101852822016	101852689408	132608	512	8.294868
159134385664	159134176768	208896	512	3.151642
107874264064	107874102272	161792	512	6.823791
14953502208	14953313792	188416	512	7.571069
54401455616	54401199104	256512	512	6.237648
47115739648	47115504640	235008	512	5.175674
112816511488	112816353280	158208	512	5.746067
111212600320	111212378112	222208	512	3.373814
89112511488	89112378368	133120	512	8.407206
62361850368	62361696768	153600	512	5.889199
136612381696	136612195840	185856	512	3.623081
12252886528	12252721664	164864	512	8.493726
43329554432	43329364992	189440	512	6.055836
68173968896	68173708800	260096	512	4.362422
38989242368	38989094912	147456	512	5.671542
144576758272	144576577536	180736	512	4.360642
23877729792	23877534208	195584	512	6.141782
100168436736	100168243712	193024	512	6.235036
152283344896	152283138048	206848	512	2.742380
141843776512	141843605504	171008	512	3.748378
103059089408	103058904576	184832	512	4.440335
133038864384	133038616064	248320	512	4.704984
136457516032	136457382400	133632	512	6.953252
112651982848	112651814400	168448	512	5.924326
81702519808	81702330880	188928	512	7.371856
90279196160	90278999552	196608	512	7.111564
128438028800	128437805056	223744	512	5.438515
92325158912	92324953088	205824	512	4.233618
154651637248	154651395584	241664	512	12.533069
100696778752	100696578048	200704	512	4.248570
129205089280	129204841984	247296	512	4.820046
49595350016	49595164672	185344	512	5.404846
89221962240	89221718016	244224	512	3.291189
147751832576	147751669248	163328	512	6.422491
68427674112	68427437056	237056	512	3.932377
136764000768	136763862016	138752	512	4.940353
110417236480	110417006592	229888	512	4.066852
112770115072	112769867264	247808	512	4.426316
53189010432	53188784128	226304	512	5.110756
124278459392	124278227968	231424	512	5.238915
108968205312	108967974912	230400	512	6.044712
51425497600	51425272832	224768	512	6.817009
52653935104	52653688320	246784	512	16.870648
75786813952	75786581504	232448	512	6.530116
316079104	315930624	148480	512	6.898649
5773234688	5772976640	258048	512	6.868006
22421004800	22420803584	201216	512	0.462124
46557735936	46557560832	175104	512	7.878753
95655947776	95655800320	147456	512	6.149432
142842323968	142842074112	249856	512	2.943733
147785707008	147785453568	253440	512	2.064460
109549029888	109548806144	223744	512	6.176418
134817854464	134817593856	260608	512	12.502292
38681807360	38681574912	232448	512	6.280263
12303642112	12303469056	173056	512	7.840579
56558500352	56558351872	148480	512	8.336565
114903968768	114903711232	257536	512	3.425652
88567047680	88566809088	238592	512	4.461134
42535575552	42535319552	256000	512	4.756636
144682704384	144682459648	244736	512	3.110638
14813305344	14813133312	172032	512	8.149822
26980160000	26979989504	170496	512	7.750823
118838208512	118838067200	141312	512	7.738445
45285020672	45284869632	151040	512	8.446793
12081764864	12081597440	167424	512	7.920179
81823503360	81823312384	190976	512	6.614175
17267876352	17267621376	254976	512	5.146842
48532946944	48532783616	163328	512	8.121614
51971591680	51971445760	145920	512	7.915136
46040139776	46039937024	202752	512	6.796787
54196768256	54196531200	237056	512	6.610267
64202595840	64202413056	182784	512	7.652323
42191057920	42190918656	139264	512	8.696937
7466299392	7466060800	238592	512	7.206348
44095672320	44095421440	250880	512	3.996102
52478390272	52478148096	242176	512	4.709672
4070477824	4070296576	181248	512	6.359448
144900156416	144899957248	199168	512	5.618685
138500670464	138500472320	198144	512	4.001118
43537405440	43537161728	243712	512	5.065530
16571612672	16571439616	173056	512	8.299029
73160137728	73159888384	249344	512	6.157402
102582553600	102582310912	242688	512	5.759940
157136399872	157136180224	219648	512	3.943843
149468897280	149468749312	147968	512	5.105418
137983393280	137983234048	159232	512	6.896125
98362918912	98362763776	155136	512	7.825864
50572368384	50572165632	202752	512	5.612936
33649193984	33649056256	137728	512	8.711788
73150698496	73150474752	223744	512	4.891594
76860339712	76860108800	230912	512	5.847150
129304992256	129304766464	225792	512	5.525798
4190739968	4190563840	176128	512	7.736101
138649615872	138649402368	213504	512	5.286382
63010585088	63010344960	240128	512	5.727468
861490688	861299712	190976	512	7.458895
155858221568	155858056704	164864	512	4.055127
63580986368	63580824576	161792	512	8.010040
144767758336	144767542784	215552	512	3.141624
104727024640	104726763008	261632	512	5.360395
129399900672	129399764992	135680	512	7.070898
36706085888	36705853952	231936	512	6.942198
147477207040	147477016576	190464	512	5.678815
47271768064	47271559680	208384	512	7.348952
159122017792	159121764352	253440	512	11.567418
147009155072	147008960512	194560	512	5.352703
61262124544	61261927424	197120	512	7.458269
139949432320	139949237248	195072	512	5.504635
104118707200	104118550528	156672	512	7.517871
82040137728	82039923712	214016	512	4.236481
28063393280	28063256064	137216	512	8.747193
80766942720	80766687744	254976	512	5.985740
6263090688	6262948864	141824	512	8.805046
149070492160	149070301184	190976	512	5.630946
65505012224	65504837632	174592	512	7.237807
19249337344	19249179136	158208	512	8.102429
109671631872	109671391744	240128	512	5.806237
53050479104	53050319872	159232	512	7.611625
57595052544	57594841088	211456	512	5.287128
107254930432	107254730752	199680	512	5.303148
117834128896	117833905664	223232	512	4.035027
159957697536	159957546496	151040	512	2.835632
90133433856	90133285376	148480	512	6.189381
87793498112	87793348096	150016	512	8.026450
156388057600	156387803136	254464	512	10.247885
118639200768	118639001088	199680	512	6.383423
27140959232	27140808704	150528	512	6.759695
63168055296	63167881728	173568	512	7.806287
4511406592	4511171072	235520	512	7.071030
128957268480	128957062144	206336	512	4.945835
136677506560	136677256192	250368	512	2.715400
82668423680	82668252672	171008	512	5.909572
117947352576	117947153408	199168	512	4.768570
101314145792	101313942016	203776	512	4.990403
152751047680	152750830080	217600	512	4.519719
25565380608	25565204480	176128	512	7.625946
42551543296	42551364608	178688	512	7.904682
155499728896	155499504128	224768	512	3.778368
64744512512	64744295424	217088	512	6.992915
53018790400	53018568704	221696	512	6.283523
142366005248	142365798912	206336	512	3.458617
90438484480	90438313472	171008	512	7.619047
9937422336	9937272320	150016	512	8.235097
1590904832	1590696448	208384	512	7.580676
76272287232	76272103424	183808	512	6.884495
115817269760	115817062912	206848	512	4.448776
36358588416	36358408192	180224	512	7.949125
28694263808	28694093824	169984	512	8.161092
159491569664	159491425792	143872	512	5.610665
93401785344	93401551872	233472	512	4.363922
135864916992	135864707072	209920	512	2.797581
72531918336	72531779584	138752	512	8.429870
132998891008	132998640128	250880	512	12.798098
132328608256	132328455680	152576	512	5.376436
36389528576	36389388800	139776	512	6.440925
10709235200	10709087232	147968	512	6.790655
86033270272	86033126400	143872	512	6.458078
40025371648	40025112064	259584	512	4.026681
152627985920	152627851264	134656	512	5.299788
8444076032	8443846656	229376	512	5.613302
96422869504	96422620672	248832	512	3.983101
58841147904	58840954880	193024	512	7.420766
20141575168	20141347840	227328	512	5.571662
120723439616	120723284992	154624	512	4.918997
101917508096	101917302784	205312	512	6.570809
118665261568	118665012736	248832	512	3.322225
107436076544	107435889152	187392	512	6.798771
43630998016	43630779904	218112	512	4.799940
139369242112	139369064448	177664	512	4.207013
77751422464	77751225344	197120	512	7.268293
116356891136	116356711424	179712	512	6.872292
123124365312	123124174848	190464	512	6.444642
81400130560	81399932416	198144	512	7.113614
32944848384	32944646144	202240	512	7.607635
39428114944	39427878400	236544	512	6.720437
92702601728	92702365696	236032	512	3.526975
70885707264	70885538816	168448	512	7.885640
78611726848	78611561472	165376	512	7.764295
108856378880	108856119296	259584	512	3.355126
2155798016	2155542016	256000	512	5.134120
96833119232	96832866816	252416	512	4.862431
96954071040	96953820672	250368	512	5.676743
16866489856	16866338816	151040	512	8.333742
138160365056	138160212992	152064	512	7.115506
115858574848	115858353664	221184	512	3.240135
136339055104	136338827264	227840	512	4.018851
100671797760	100671592448	205312	512	6.589176
150685577728	150685358592	219136	512	3.090400
46826867200	46826629120	238080	512	4.964778
151319568384	151319306752	261632	512	12.563093
89995808768	89995615744	193024	512	6.372505
40787376640	40787148288	228352	512	7.021941
77103766016	77103561216	204800	512	7.091218
136364158976	136363905024	253952	512	4.401285
143322511872	143322364928	146944	512	7.048400
69961511936	69961299968	211968	512	7.078787
49261698560	49261544448	154112	512	8.283459
75575522816	75575285760	237056	512	6.455771
27430942720	27430711808	230912	512	6.549772
88820163584	88819960832	202752	512	6.822103
154069956096	154069705728	250368	512	12.493999
133910957568	133910713856	243712	512	1.893215
122862479360	122862263296	216064	512	3.206366
125918725120	125918491648	233472	512	2.337240
83825393664	83825261056	132608	512	7.968359
88302606848	88302430720	176128	512	5.033086
5098884608	5098749952	134656	512	8.908640
95404734976	95404528640	206336	512	6.856853
79222169088	79221942272	226816	512	5.225125
14685689856	14685492736	197120	512	7.363817
91717182976	91717032448	150528	512	7.416945
131866403840	131866250752	153088	512	7.152073
105449664512	105449491968	172544	512	7.247863
24223427584	24223218176	209408	512	6.976387
127146438656	127146272768	165888	512	6.884732
31914745856	31914506752	239104	512	6.867656
93729945088	93729810944	134144	512	8.339798
52409881088	52409635840	245248	512	3.995161
126856843264	126856630272	212992	512	5.696437
86457593856	86457360384	233472	512	6.315680
45803474432	45803330560	143872	512	8.600520
139634846208	139634639360	206848	512	5.417717
111062950400	111062756864	193536	512	6.675561
147589755392	147589585920	169472	512	3.609229
52009335296	52009100800	234496	512	5.985733
59865937920	59865680384	257536	512	5.572715
94092756992	94092616704	140288	512	6.404262
59289684480	59289473024	211456	512	5.446454
154753833472	154753656832	176640	512	2.304674
33194285056	33194117120	167936	512	6.405754
105998057984	105997840896	217088	512	6.349445
97302836224	97302575616	260608	512	5.808616
115492564480	115492429824	134656	512	7.904717
12476443648	12476210688	232960	512	7.318940
61359222272	61359027200	195072	512	5.077529
48707539456	48707320320	219136	512	4.695620
111113294848	111113154048	140800	512	7.858374
97015108608	97014885376	223232	512	5.558199
155368714240	155368476672	237568	512	3.381738
94314578944	94314329088	249856	512	3.989736
89076690944	89076463104	227840	512	3.747545
108109156352	108108984320	172032	512	7.306183
100698833920	100698587136	246784	512	3.042141
126740203520	126739948032	255488	512	3.486567
68626938880	68626772480	166400	512	5.515015
159114010112	159113767424	242688	512	11.890596
149327604224	149327349760	254464	512	3.825128
50311036928	50310899712	137216	512	8.575985
139561762304	139561510400	251904	512	12.214229
88841560064	88841354240	205824	512	6.058696
60284454400	60284291072	163328	512	7.533207
104018553856	104018363904	189952	512	6.955840
60957225472	60956971008	254464	512	6.259892
69958530560	69958305280	225280	512	6.823765
27535307776	27535171072	136704	512	8.697154
26106997760	26106812928	184832	512	7.908404
25174277120	25174070272	206848	512	7.389102
69776211968	69776008704	203264	512	7.244513
104258721280	104258513920	207360	512	6.351321
63388082176	63387928064	154112	512	8.151348
157613553152	157613410816	142336	512	4.676594
155546369024	155546196992	172032	512	3.434817
159238310912	159238164480	146432	512	5.914744
121689327104	121689065472	261632	512	2.883866
142233929216	142233705472	223744	512	4.699393
72125664256	72125499904	164352	512	6.195416
27795142144	27794894336	247808	512	6.756169
139331633152	139331486208	146944	512	7.269187
41326667776	41326445056	222720	512	7.232544
142067347456	142067133952	213504	512	3.196455
65973776896	65973624832	152064	512	8.211964
44017994752	44017758208	236544	512	6.972739
53693521920	53693350400	171520	512	7.320919
5527479808	5527259136	220672	512	5.766953
112087818752	112087664640	154112	512	5.157446
143368859136	143368689664	169472	512	4.451494
155882580480	155882345984	234496	512	12.381871
34518110720	34517892608	218112	512	7.363251
80712607232	80712452608	154624	512	8.095432
40590770688	40590530048	240640	512	6.948387
57701041664	57700860416	181248	512	5.363551
73601208320	73600968192	240128	512	5.613104
57056361472	57056174080	187392	512	7.030617
95340046848	95339826176	220672	512	3.872048
41761085440	41760908800	176640	512	8.057198
41327313408	41327126528	186880	512	7.870403
94872708608	94872555008	153600	512	7.801260
112762430976	112762288128	142848	512	5.498214
54919773184	54919520256	252928	512	6.402215
123906737664	123906514432	223232	512	4.039807
13792150528	13791933440	217088	512	6.957069
54499783680	54499613184	170496	512	7.940809
5729334272	5729153024	181248	512	8.049472
40919425024	40919174656	250368	512	5.902835
56516687360	56516538368	148992	512	8.223257
70439908864	70439703552	205312	512	0.380079
153372220928	153371965440	255488	512	11.169166
158918700032	158918530048	169984	512	2.852987
32464468992	32464225280	243712	512	5.068091
130099719168	130099570176	148992	512	7.330911
92001295872	92001048576	247296	512	6.061356
76606917120	76606771200	145920	512	6.475410
126734078976	126733938176	140800	512	6.866192
120100517376	120100351488	165888	512	7.291044
87476940800	87476751872	188928	512	7.043559
49123933696	49123722240	211456	512	5.551852
30295064576	30294929408	135168	512	8.409206
108829913600	108829756928	156672	512	7.636249
6826825216	6826580480	244736	512	6.444516
66949850112	66949713408	136704	512	8.092423
31337611264	31337351680	259584	512	4.864785
29434815488	29434660352	155136	512	8.408497
105698659840	105698475520	184320	512	5.158263
114265546240	114265329664	216576	512	6.141841
68438856192	68438702080	154112	512	5.761400
103338461184	103338267136	194048	512	6.827115
99930561536	99930388992	172544	512	7.359261
90489490432	90489268224	222208	512	6.362135
77517781504	77517537280	244224	512	4.522706
141049200128	141049026048	174080	512	6.268191
53885369344	53885127680	241664	512	5.846409
155263225344	155263040000	185344	512	3.238238
13652464640	13652295168	169472	512	8.377813
85143456256	85143196160	260096	512	5.855607
152427679744	152427516928	162816	512	5.867838
38471041536	38470901760	139776	512	8.595307
97417854976	97417629696	225280	512	4.858282
141752256512	141752034304	222208	512	3.174341
72937690624	72937460736	229888	512	4.934238
14091700736	14091451392	249344	512	5.023627
160036258304	160036076544	181760	512	2.405015
94594652672	94594427904	224768	512	5.557334
10624102912	10623888384	214528	512	7.038912
21076878848	21076726272	152576	512	8.552519
111425664512	111425461760	202752	512	6.466353
91674189824	91674021376	168448	512	7.520638
102896205824	102896056320	149504	512	7.234098
97001330176	97001184768	145408	512	5.688915
28350742016	28350552064	189952	512	6.131873
158627796992	158627578880	218112	512	11.677966
42940310016	42940112384	197632	512	7.020013
136854919168	136854659072	260096	512	2.277465
146117409280	146117233152	176128	512	4.358711
16524682240	16524538368	143872	512	8.760708
154466686464	154466424832	261632	512	11.911165
56472841728	56472705536	136192	512	8.144703
130601535488	130601340928	194560	512	4.275279
119239377920	119239137280	240640	512	2.469940
101491089408	101490847232	242176	512	5.925742
115458398208	115458198528	199680	512	4.529202
43085360128	43085213696	146432	512	8.509712
156182026240	156181877760	148480	512	3.364580
96453590016	96453416448	173568	512	6.813156
146427393024	146427171328	221696	512	2.700996
54524191232	54523995648	195584	512	6.834656
28411182592	28411020800	161792	512	6.182090
143227833344	143227615232	218112	512	4.864500
19763856896	19763622400	234496	512	4.857213
121334458880	121334214656	244224	512	5.113081
49265891840	49265709568	182272	512	7.898962
108722646528	108722499072	147456	512	7.730723
29328574976	29328435200	139776	512	8.362333
136691542016	136691348480	193536	512	6.008449
72990492672	72990249984	242688	512	5.542267
142487356928	142487101440	255488	512	2.276474
31601844736	31601611776	232960	512	5.313782
13894187008	13893979648	207360	512	7.741745
150399592448	150399347200	245248	512	4.109299
104817618944	104817435648	183296	512	6.946602
55318678528	55318525952	152576	512	8.301117
46800411648	46800224256	187392	512	7.685713
30147550720	30147328512	222208	512	5.553522
145387008	145162752	224256	512	6.846114
107613662208	107613467648	194560	512	4.870694
14689096704	14688929792	166912	512	7.928084
41458935296	41458728960	206336	512	7.493426
49889476608	49889326592	150016	512	0.379109
34204245504	34203984896	260608	512	4.617001
74443816448	74443638784	177664	512	7.040303
13446160896	13445930496	230400	512	5.567546
72217895936	72217640960	254976	512	6.257113
118170231808	118169980416	251392	512	3.319160
111599123968	111598870528	253440	512	5.318931
17259803136	17259606528	196608	512	7.887916
141224606720	141224428032	178688	512	5.982338
42355497984	42355297280	200704	512	7.477402
110715793408	110715628544	164864	512	7.277809
69818938368	69818801664	136704	512	8.498864
68951500800	68951284736	216064	512	6.973953
41146771456	41146630656	140800	512	8.198238
57836271104	57836065280	205824	512	7.297085
80802294272	80802078720	215552	512	6.756936
135947651072	135947512832	138240	512	7.453559
9165604864	9165369344	235520	512	5.453859
139091938816	139091790848	147968	512	5.324099
145284592640	145284388864	203776	512	3.526705
34347612672	34347373056	239616	512	6.155645
42244520960	42244265472	255488	512	3.993178
121334135296	121333980672	154624	512	5.511437
28813775360	28813642240	133120	512	7.103956
17782849536	17782689792	159744	512	8.503762
130981020672	130980786688	233984	512	2.341891
47055575552	47055316992	258560	512	6.634550
38775726592	38775558144	168448	512	6.452681
145222121984	145221928448	193536	512	3.533204
38923320832	38923117568	203264	512	5.740419
103116967424	103116736512	230912	512	4.132975
69081974784	69081763840	210944	512	4.457091
22711306240	22711063040	243200	512	7.005540
45100624896	45100428800	196096	512	5.845565
158052709888	158052475392	234496	512	1.725763
33646845440	33646682624	162816	512	8.282033
121499641856	121499431936	209920	512	4.163875
60376403456	60376157696	245760	512	4.731131
48463507456	48463335424	172032	512	5.648511
49158777344	49158590464	186880	512	5.389750
8061008896	8060751360	257536	512	6.696539
4816208896	4815955968	252928	512	6.961016
3586416128	3586208768	207360	512	7.720887
151065545216	151065359360	185856	512	3.699928
157338600448	157338443776	156672	512	3.193443
89801231360	89800979968	251392	512	4.963851
89849839616	89849598464	241152	512	4.456905
85869190144	85868998144	192000	512	7.284191
34876514304	34876311552	202752	512	5.719310
90642040832	90641897984	142848	512	8.196312
128603501568	128603325440	176128	512	4.070470
78486389248	78486151168	238080	512	5.486828
36205522432	36205356544	165888	512	8.144776
154338695168	154338473984	221184	512	2.255769
25259039744	25258864128	175616	512	8.169692
77199973376	77199747072	226304	512	6.670830
123970629632	123970419712	209920	512	4.214600
114688269312	114688011264	258048	512	3.993176
36801918976	36801777664	141312	512	8.658226
159406245888	159406056960	188928	512	3.033292
117126620672	117126384128	236544	512	5.743018
116632179200	116632024576	154624	512	7.594955
119530825728	119530588160	237568	512	5.471218
95395145728	95394987008	158720	512	7.811813
35413725184	35413577216	147968	512	8.545961
113392794624	113392588800	205824	512	4.649606
72376036352	72375801856	234496	512	5.693601
67748305920	67748137472	168448	512	7.899583
154349530112	154349291520	238592	512	12.865501
128478878208	128478695936	182272	512	5.643629
53997625856	53997460992	164864	512	7.956487
82458592256	82458340864	251392	512	5.199599
74655439872	74655291904	147968	512	8.261623
95245150720	95244902400	248320	512	5.729774
118049950720	118049758208	192512	512	4.792618
3018931712	3018754048	177664	512	6.317230
75962007552	75961836544	171008	512	5.996239
6818213888	6818039808	174080	512	7.793509
151040526848	151040307712	219136	512	3.185600
151864937472	151864695296	242176	512	3.822381
153821116416	153820906496	209920	512	4.428067
25226307584	25226053120	254464	512	4.929094
36450515456	36450368512	146944	512	8.498590
80484265472	80484049920	215552	512	6.884606
112753934848	112753768960	165888	512	6.672839
17796027392	17795766784	260608	512	4.301884
31407292416	31407153152	139264	512	0.434712
67029730304	67029468160	262144	512	6.032677
11433115648	11432912896	202752	512	7.656592
61596365312	61596141056	224256	512	5.026272
148023146496	148022917632	228864	512	2.769880
32055520768	32055369216	151552	512	8.490275
97030861312	97030639104	222208	512	3.782376
139627619328	139627440128	179200	512	6.246267
18735882752	18735695872	186880	512	6.236482
75194214912	75194034688	180224	512	5.797008
139573983232	139573725696	257536	512	12.027562
26403793920	26403636224	157696	512	6.570714
85012447744	85012271104	176640	512	6.945779
122408466944	122408218624	248320	512	5.193157
112923979776	112923769856	209920	512	5.450989
74917577728	74917384704	193024	512	7.358778
37145293824	37145062912	230912	512	6.949221
134988151808	134987893760	258048	512	2.666747
51260627968	51260384768	243200	512	6.612440
154125660672	154125474304	186368	512	2.566012
24254847488	24254596096	251392	512	6.768026
97566127104	97565884416	242688	512	4.944619
17129946112	17129687040	259072	512	4.391079
145907225088	145907054592	170496	512	4.347369
121381229568	121381089280	140288	512	5.310806
55322041856	55321807360	234496	512	6.852956
158469132288	158468972544	159744	512	3.776196
77965862400	77965684224	178176	512	7.523023
103143235584	103143044096	191488	512	5.110581
110072044544	110071908864	135680	512	6.218514
95687644672	95687405056	239616	512	5.148915
91337002496	91336760320	242176	512	5.184845
32567362048	32567185408	176640	512	7.405210
136895565312	136895325184	240128	512	12.944945
133571809280	133571671040	138240	512	7.474068
3251038720	3250905088	133632	512	6.784840
82737337856	82737078272	259584	512	5.792463
115359355392	115359166976	188416	512	4.139133
36254924288	36254773248	151040	512	8.407228
159651338240	159651191296	146944	512	4.135495
39415954432	39415744512	209920	512	5.705486
144556927488	144556783616	143872	512	6.409210
94069227520	94069048832	178688	512	5.611233
54071228928	54071045120	183808	512	7.718805
107067963392	107067770880	192512	512	6.859659
127806469632	127806329856	139776	512	7.575052
30041461760	30041206784	254976	512	6.099395
136596049920	136595903488	146432	512	7.146278
38779864576	38779624960	239616	512	6.942327
97991480832	97991272960	207872	512	6.725227
96448306176	96448156160	150016	512	5.579004
121626155520	121625957888	197632	512	6.363417
24203782144	24203529216	252928	512	6.144821
92097808896	92097558016	250880	512	3.188335
159245236224	159245076992	159232	512	3.254211
151409407488	151409167360	240128	512	2.448917
85980290560	85980155904	134656	512	7.950015
145897345024	145897175040	169984	512	6.076350
35327141888	35326958592	183296	512	7.896399
49696597504	49696422400	175104	512	7.892438
13840394240	13840215552	178688	512	6.213964
102486977024	102486716928	260096	512	3.380919
78845012480	78844756480	256000	512	5.049190
117035182592	117035015680	166912	512	7.177753
92315739136	92315582464	156672	512	7.235468
99929085440	99928924160	161280	512	7.547934
92596232704	92596085248	147456	512	8.019902
39938088960	39937841152	247808	512	6.775377
80809243648	80809011200	232448	512	4.627349
99390519296	99390351360	167936	512	5.651889
72524139008	72523985920	153088	512	6.444294
63192017920	63191829504	188416	512	6.899277
5961005056	5960829440	175616	512	8.116070
29705014272	29704832512	181760	512	6.279414
40862050304	40861876736	173568	512	8.095632
56151632384	56151479808	152576	512	8.257175
102241308160	102241157120	151040	512	0.477398
68128117760	68127882240	235520	512	6.629103
139167250432	139167007744	242688	512	3.600998
83301940224	83301767168	173056	512	7.622685
159339657216	159339466240	190976	512	2.604608
91571023872	91570792448	231424	512	4.609801
138444135936	138443874304	261632	512	2.427744
120774311936	120774159872	152064	512	7.499185
39539701248	39539504128	197120	512	7.029464
39405968896	39405767168	201728	512	5.744722
150838277632	150838145024	132608	512	7.340097
12808985088	12808732160	252928	512	4.484646
122493577216	122493374464	202752	512	4.383186
135117062144	135116882944	179200	512	3.859874
3304071168	3303921664	149504	512	8.591542
72207910400	72207664128	246272	512	6.420714
52645154304	52644914176	240128	512	5.862766
94072075776	94071879168	196608	512	7.008758
131861307392	131861092352	215040	512	5.532952
136770520064	136770355200	164864	512	5.946788
140401534464	140401323520	210944	512	5.075755
59879866368	59879710208	156160	512	8.170848
48341561856	48341331456	230400	512	5.120002
113620473856	113620300800	173056	512	6.487061
126905586176	126905438208	147968	512	7.447840
151508474880	151508254208	220672	512	2.339064
66608134144	66607905280	228864	512	4.969859
64320019968	64319847936	172032	512	6.076881
148540387840	148540172800	215040	512	3.176158
123714129408	123713967616	161792	512	4.694700
37926932480	37926690304	242176	512	5.194714
46559229952	46559035392	194560	512	5.738723
127046566912	127046383616	183296	512	3.854643
120007668224	120007524864	143360	512	7.643397
38821535232	38821362176	173056	512	8.212972
157126878720	157126735872	142848	512	6.457459
1288686080	1288470016	216064	512	6.996980
2987624448	2987427328	197120	512	7.353194
146338422272	146338236928	185344	512	3.102456
118134867968	118134687744	180224	512	6.862713
64168854528	64168639488	215040	512	6.981134
4511486976	4511261184	225792	512	7.300145
50833289728	50833110016	179712	512	5.907918
51547634688	51547426816	207872	512	4.822360
50455237120	50455023616	213504	512	4.820504
5918650880	5918389248	261632	512	4.871213
117482461184	117482271232	189952	512	4.996844
143080899584	143080639488	260096	512	3.659097
157876966400	157876722688	243712	512	12.068769
133446550528	133446343680	206848	512	4.854937
116064171008	116063923200	247808	512	2.482017
26364190720	26363953664	237056	512	5.199257
138443491328	138443283968	207360	512	5.666923
33828891136	33828666880	224256	512	7.206151
31264260608	31264004096	256512	512	6.645006
47848550400	47848377856	172544	512	5.730071
31142137856	31142000640	137216	512	8.777730
29880214016	29879997440	216576	512	7.386038
157737411584	157737164288	247296	512	12.339785
49705447936	49705218048	229888	512	5.193088
155744431104	155744233984	197120	512	4.719475
117116177920	117115961856	216064	512	4.394718
31645612032	31645358080	253952	512	4.042864
30433331200	30433151488	179712	512	8.077507
73758308864	73758150656	158208	512	6.238433
156039302656	156039047168	255488	512	10.168652
140847456768	140847279616	177152	512	3.550996
86302593536	86302407680	185856	512	5.431575
84555349504	84555165696	183808	512	7.363526
158118601216	158118364160	237056	512	2.934960
87804100096	87803917824	182272	512	7.414413
134671478272	134671327744	150528	512	4.714176
80271610880	80271434752	176128	512	6.927785
52128917504	52128724480	193024	512	7.530169
74168503808	74168334336	169472	512	0.401801
25067266048	25067028992	237056	512	5.382662
27236432896	27236265984	166912	512	7.785736
61310952448	61310796288	156160	512	7.735512
75220848640	75220676096	172544	512	7.149693
53325497344	53325281280	216064	512	6.985462
48647330304	48647140352	189952	512	7.770624
40461963776	40461804544	159232	512	7.810564
33652082688	33651858944	223744	512	5.469063
145148861440	145148609536	251904	512	2.345426
146077477376	146077330944	146432	512	4.389477
56041992704	56041757184	235520	512	5.944698
95929061888	95928837120	224768	512	4.650064
61109298688	61109053440	245248	512	5.776834
131653971456	131653771264	200192	512	6.016975
83487713280	83487558144	155136	512	8.026429
83054809088	83054600704	208384	512	6.144683
104983963136	104983733248	229888	512	4.090508
117319747072	117319493632	253440	512	5.290776
109342445568	109342232576	212992	512	6.360282
32267026432	32266818560	207872	512	7.494191
42253457408	42253218816	238592	512	6.150482
129850945536	129850738688	206848	512	5.610929
114527808512	114527628800	179712	512	4.407294
86062319104	86062063616	255488	512	4.239521
12232506368	12232334336	172032	512	8.285121
78083624960	78083399680	225280	512	4.014006
124361841664	124361622016	219648	512	4.547999
32076430848	32076177920	252928	512	5.896764
16266073600	16265878528	195072	512	7.732359
374931968	374721536	210432	512	5.320487
64193977856	64193744384	233472	512	4.858037
146279344640	146279111680	232960	512	4.422573
142992024064	142991815168	208896	512	2.465324
6148023808	6147829760	194048	512	6.033023
81164039168	81163783680	255488	512	4.163894
50736588800	50736359936	228864	512	4.488076
19706208768	19705962496	246272	512	4.616354
94239580160	94239370240	209920	512	6.699816
80603536896	80603351040	185856	512	7.356902
156967681024	156967539200	141824	512	6.218850
101624796672	101624587776	208896	512	5.777334
73378638848	73378479616	159232	512	7.455338
149441330176	149441141248	188928	512	4.532094
75150213632	75150077952	135680	512	8.485478
59443101184	59442840064	261120	512	5.440552
15743577088	15743371264	205824	512	7.524672
146992311296	146992144384	166912	512	4.362540
123041799168	123041555968	243200	512	2.353433
113066702848	113066529792	173056	512	5.365622
64107487232	64107235328	251904	512	6.271780
53562986496	53562834432	152064	512	8.187957
157324003840	157323768320	235520	512	12.783025
80987751936	80987512320	239616	512	6.251210
78081107968	78080909312	198656	512	4.652031
143459313664	143459136000	177664	512	6.202107
58724944384	58724799488	144896	512	6.612289
156343330816	156343098880	231936	512	12.445694
134553788928	134553579008	209920	512	3.917677
59009553408	59009409024	144384	512	7.978525
79194152448	79194017280	135168	512	0.448210
22564142592	22563960832	181760	512	5.750815
66193371136	66193183744	187392	512	5.739923
132534653952	132534436864	217088	512	2.864434
88279139840	88278900736	239104	512	3.448266
28065523200	28065269248	253952	512	6.836587
94604833280	94604669440	163840	512	7.030907
85414184448	85414018560	165888	512	7.185103
100194574848	100194347008	227840	512	6.318788
34926592512	34926373376	219136	512	7.343938
93942834688	93942662144	172544	512	5.660079
96551840768	96551685632	155136	512	6.108319
151834349568	151834215936	133632	512	5.305200
150113243648	150113003520	240128	512	2.736876
157442330112	157442084352	245760	512	10.608122
123704378368	123704161792	216576	512	3.113233
115791622656	115791371264	251392	512	5.143539
85560128512	85559908864	219648	512	6.582003
91442080256	91441926144	154112	512	7.867582
120453714432	120453461504	252928	512	3.353565
19588892672	19588672000	220672	512	7.296530
117879057408	117878867456	189952	512	4.850343
130008414720	130008221696	193024	512	6.094863
59812811264	59812645888	165376	512	7.499433
63261143552	63260937728	205824	512	5.390784
147647673856	147647490048	183808	512	4.054447
139573681664	139573549056	132608	512	6.777369
38981461504	38981212672	248832	512	6.654390
70179499520	70179260416	239104	512	6.588283
87673312256	87673078272	233984	512	6.194612
73155990528	73155853824	136704	512	8.425559
113771548160	113771404800	143360	512	6.049582
61159964160	61159741952	222208	512	5.093246
100087153664	100086910976	242688	512	3.940922
29366238720	29366000640	238080	512	6.944255
51453380608	51453237248	143360	512	0.401029
38717833728	38717645824	187904	512	7.768711
11304741376	11304499200	242176	512	5.368814
121291201536	121290994176	207360	512	4.406131
100376663552	100376513024	150528	512	7.925042
47696271872	47696102400	169472	512	7.992170
123279139328	123279005184	134144	512	6.139080
151542180864	151541971968	208896	512	12.887246
57362552832	57362355200	197632	512	7.302126
87622804480	87622605312	199168	512	6.915198
34356759552	34356545536	214016	512	6.623283
123112968192	123112824320	143872	512	7.637473
104093765120	104093578240	186880	512	5.028072
131450085888	131449907200	178688	512	5.750135
126963477504	126963226112	251392	512	2.958546
29576120320	29575943680	176640	512	5.911775
86212564992	86212414464	150528	512	5.755498
137530635264	137530494464	140800	512	6.700811
86674202112	86674053120	148992	512	6.182895
81028682752	81028474880	207872	512	6.197889
143218480128	143218227712	252416	512	2.092046
83825842688	83825592832	249856	512	3.404245
9692382208	9692180480	201728	512	7.236910
47310001152	47309860864	140288	512	6.788799
126238721024	126238588928	132096	512	5.356678
89091985920	89091841024	144896	512	8.109509
130014445056	130014265856	179200	512	5.757642
123235706368	123235569152	137216	512	6.050970
52652049920	52651833856	216064	512	4.627446
124334415360	124334163456	251904	512	12.913401
130990115840	130989869568	246272	512	3.760456
86118697984	86118466560	231424	512	6.277362
6711975424	6711832576	142848	512	8.807781
2130157056	2129946112	210944	512	5.681401
52486892544	52486719488	173056	512	7.848722
58247923200	58247729152	194048	512	7.491748
77146097664	77145889280	208384	512	7.021003
562631168	562446336	184832	512	8.113213
131399524352	131399269888	254464	512	2.692953
99444224512	99444036608	187904	512	4.532635
138799228416	138799045120	183296	512	6.074320
158684379136	158684171776	207360	512	2.546052
147110832128	147110571008	261120	512	12.698972
57952809984	57952563200	246784	512	3.925165
14025439232	14025208832	230400	512	6.739785
50385793536	50385613824	179712	512	0.424895
39255057408	39254831104	226304	512	7.208363
42434480128	42434338816	141312	512	8.662486
84320762880	84320510464	252416	512	4.189773
133711134720	133710999552	135168	512	5.857006
19254137344	19253955072	182272	512	7.642393
35321679360	35321513984	165376	512	6.376674
55632688128	55632537600	150528	512	8.235698
155952800256	155952563712	236544	512	3.360966
156281517056	156281355264	161792	512	4.653469
90629827072	90629605376	221696	512	4.808499
121381117952	121380897792	220160	512	4.840492
105912923648	105912668160	255488	512	4.364016
82101225984	82101027840	198144	512	7.164048
56165226496	56165015040	211456	512	5.400102
120714633216	120714402304	230912	512	2.709546
94743215616	94742991360	224256	512	3.772008
94721364480	94721172480	192000	512	6.992573
20588370432	20588203008	167424	512	8.316236
33840886272	33840669696	216576	512	7.273518
133347138048	133346961920	176128	512	4.791862
37182361600	37182184448	177152	512	7.949793
93023391744	93023137792	253952	512	3.942789
71995316736	71995107328	209408	512	7.148014
27270441472	27270298624	142848	512	8.614244
92908077056	92907891200	185856	512	7.320858
111349749760	111349509120	240640	512	5.580496
25305854976	25305612800	242176	512	5.228896
130868112384	130867954176	158208	512	7.103988
15630730240	15630478848	251392	512	7.042296
142428255744	142428093952	161792	512	5.852553
104023711744	104023494656	217088	512	6.363442
158520107520	158519853056	254464	512	10.228290
140223961600	140223817728	143872	512	6.954898
113138042368	113137862656	179712	512	4.488480
132600226304	132600059904	166400	512	4.937122
19399232512	19399029760	202752	512	7.825098
138561914368	138561756160	158208	512	5.726842
33335044096	33334847488	196608	512	7.629647
14165890560	14165636608	253952	512	6.972877
140765628928	140765463040	165888	512	6.496526
39473775616	39473579520	196096	512	7.716991
137517850624	137517604864	245760	512	3.454280
142988140032	142987889664	250368	512	12.264685
141558266368	141558088704	177664	512	5.265988
64710268416	64710109184	159232	512	7.604766
116417341952	116417113600	228352	512	4.120408
101421537792	101421348864	188928	512	6.946562
139027021824	139026882560	139264	512	7.449119
43579226624	43579014656	211968	512	7.424844
55278086144	55277908992	177152	512	0.443509
1888389120	1888156160	232960	512	5.360277
120590628352	120590413312	215040	512	3.119549
35387855360	35387599872	255488	512	4.882229
82488646144	82488389632	256512	512	6.010715
23228451328	23228298240	153088	512	8.112469
130595480064	130595305472	174592	512	6.573257
61219094528	61218903040	191488	512	7.452910
116052762624	116052526080	236544	512	2.813794
143822020608	143821776384	244224	512	12.425595
11693244416	11693061632	182784	512	7.945153
101621988864	101621804544	184320	512	4.650144
112509515776	112509365760	150016	512	7.655050
145293552128	145293405696	146432	512	6.947864
64042120192	64041979392	140800	512	6.176000
157525144064	157525009408	134656	512	6.447729
21470569472	21470408704	160768	512	6.542819
36872807936	36872654336	153600	512	7.948286
45615749632	45615536640	212992	512	4.817270
8175622144	8175414784	207360	512	5.956519
23313507328	23313336832	170496	512	8.126363
22966081536	22965912576	168960	512	6.466663
141369848320	141369678848	169472	512	4.498714
92193608192	92193435648	172544	512	5.832461
33618646528	33618434048	212480	512	5.665679
143086033920	143085810176	223744	512	2.936496
31129739264	31129565696	173568	512	8.167026
18219614208	18219419648	194560	512	7.916274
45002873856	45002685952	187904	512	7.663794
117174686208	117174466048	220160	512	4.098212
123009867776	123009608192	259584	512	2.976226
8376238592	8376064000	174592	512	8.266228
48053245440	48052984832	260608	512	3.820115
22699245056	22699053568	191488	512	7.872345
74777588736	74777392128	196608	512	5.490041
130331751936	130331606528	145408	512	6.784937
22613132288	22612930560	201728	512	5.803058
125027654656	125027484672	169984	512	6.941327
53626509824	53626360320	149504	512	8.328833
5336841728	5336701952	139776	512	8.818108
60392515072	60392340480	174592	512	6.142878
149910113792	149909924864	188928	512	3.568224
100199101952	100198951936	150016	512	6.150556
96207936000	96207745536	190464	512	7.026691
6235322880	6235110912	211968	512	7.656318
2971202560	2971053568	148992	512	8.284504
109688071168	109687838720	232448	512	5.991217
121771911680	121771712000	199680	512	4.586066
10830496256	10830280704	215552	512	5.821502
8354253824	8354038784	215040	512	7.473105
31579694592	31579528704	165888	512	8.238850
56477363200	56477163520	199680	512	7.303505
121569295872	121569077248	218624	512	3.070696
17936332800	17936175616	157184	512	8.390241
60309649920	60309403648	246272	512	4.636251
129037042176	129036818944	223232	512	5.378301
77383650304	77383397376	252928	512	4.355545
150430701568	150430562304	139264	512	7.110922
78106182656	78105938944	243712	512	4.561683
12995390464	12995217920	172544	512	6.511481
19903491584	19903270400	221184	512	7.483771
26291743744	26291549184	194560	512	7.259971
96997318656	96997127680	190976	512	4.568502
150478768128	150478557696	210432	512	4.730787
131618170368	131618014208	156160	512	5.367554
23201403392	23201179136	224256	512	7.365552
36107448320	36107196416	251904	512	4.983077
145694276096	145694036480	239616	512	4.231137
58294693376	58294472704	220672	512	7.026483
159646927872	159646666752	261120	512	11.256283
86621770240	86621572608	197632	512	5.292098
156908568064	156908406784	161280	512	4.070747
36358515712	36358329344	186368	512	7.840402
111159507456	111159300608	206848	512	6.382181
30016948736	30016757248	191488	512	7.340962
88363709952	88363570176	139776	512	8.260562
14686059520	14685842944	216576	512	5.236589
102512974848	102512749056	225792	512	5.805207
49636004864	49635869696	135168	512	8.589508
105669828608	105669621248	207360	512	4.577297
153291169792	153290956800	212992	512	2.911591
2266157568	2265938432	219136	512	5.134100
147541479936	147541287424	192512	512	5.407460
48873119232	48872985088	134144	512	8.780961
51458603008	51458394112	208896	512	5.444552
104015411712	104015192064	219648	512	4.491939
132953932288	132953797632	134656	512	5.761938
129925304832	129925088256	216576	512	3.824821
154938728960	154938492928	236032	512	12.348310
150072686080	150072425984	260096	512	12.495823
3329959936	3329703936	256000	512	5.001825
3930125824	3929902080	223744	512	6.857928
79760212480	79760015360	197120	512	7.113885
5918909440	5918666752	242688	512	6.990185
148820066304	148819870208	196096	512	3.741558
88923852800	88923663360	189440	512	7.249503
94118114304	94117858304	256000	512	3.867237
79180892160	79180692480	199680	512	7.069355
75587636224	75587386368	249856	512	6.180497
78914255872	78914109952	145920	512	8.272583
116034664448	116034482176	182272	512	6.121964
74474315264	74474151424	163840	512	6.073626
12427651584	12427463168	188416	512	6.073278
71474068480	71473811456	257024	512	6.177653
123860636160	123860495360	140800	512	7.066828
57481693184	57481525248	167936	512	7.438047
90953203200	90953028096	175104	512	5.069568
152327761920	152327599616	162304	512	5.241762
46337056256	46336892416	163840	512	8.123294
113165542912	113165297664	245248	512	3.702774
74034840576	74034597888	242688	512	5.548597
70750541824	70750384640	157184	512	6.306472
48781794816	48781641728	153088	512	8.282744
116842862080	116842696704	165376	512	7.167267
111442943488	111442781696	161792	512	7.315669
14546080256	14545937408	142848	512	8.700236
61679145472	61679003648	141824	512	8.423266
134121003520	134120779264	224256	512	3.487042
141946014208	141945786368	227840	512	2.813623
139972501504	139972349440	152064	512	4.985783
158184814592	158184652288	162304	512	4.049569
40458433024	40458240512	192512	512	5.343979
59730283520	59730072576	210944	512	5.329164
118644302336	118644084224	218112	512	4.194612
108811473920	108811226624	247296	512	3.882129
152390032896	152389799936	232960	512	2.315532
79154995200	79154851328	143872	512	8.275295
159503775744	159503534080	241664	512	10.049785
125440582144	125440414720	167424	512	4.336422
42390052352	42389804032	248320	512	5.031589
125880821760	125880631296	190464	512	6.250731
140069044224	140068787712	256512	512	2.253175
63723168768	63722951168	217600	512	5.171557
57938014208	57937874432	139776	512	6.288420
144565036032	144564783104	252928	512	12.120105
57331489792	57331325440	164352	512	7.969465
81653889024	81653720064	168960	512	7.125163
75062507008	75062304256	202752	512	7.121073
94139544064	94139311616	232448	512	6.102772
149850049536	149849790464	259072	512	11.447237
45191692288	45191507456	184832	512	7.202649
116115820032	116115613184	206848	512	4.622511
46404006912	46403845120	161792	512	6.510483
53642292736	53642111488	181248	512	7.746453
19420912640	19420745728	166912	512	8.364467
25509346304	25509160448	185856	512	7.981002
40566868480	40566663680	204800	512	5.670597
61768082944	61767857664	225280	512	4.425607
60913003520	60912855040	148480	512	7.868315
12448177152	12448005120	172032	512	8.319093
80384529408	80384396800	132608	512	8.448487
131342127104	131341965312	161792	512	5.141674
152870948864	152870787072	161792	512	6.231753
107529433088	107529234944	198144	512	5.884187
460271616	460032000	239616	512	7.026106
57024499200	57024344576	154624	512	6.447408
139964868096	139964628480	239616	512	2.440485
79674079232	79673912832	166400	512	7.153548
37797986304	37797820928	165376	512	8.193731
43732205056	43731968000	237056	512	5.278697
25007722496	25007569920	152576	512	6.797344
46504546816	46504306688	240128	512	4.214750
137473180672	137472975872	204800	512	5.521680
120248435712	120248256512	179200	512	4.194728
122952945152	122952749056	196096	512	6.457327
111400271872	111400081920	189952	512	5.918059
58847460352	58847200256	260096	512	4.360163
69131893760	69131748864	144896	512	8.357329
88942804480	88942664704	139776	512	0.471795
69159600640	69159420928	179712	512	5.895978
102799787520	102799555072	232448	512	6.032464
9396987392	9396819968	167424	512	8.364735
136408113664	136407965184	148480	512	5.302687
46248466432	46248223744	242688	512	5.069678
143368242176	143368087552	154624	512	6.690991
30836180480	30836033024	147456	512	8.524673
9336871424	9336616448	254976	512	5.181428
110122786816	110122637824	148992	512	7.730000
83696309760	83696118784	190976	512	7.308436
63194011648	63193761792	249856	512	5.504402
87223830016	87223601152	228864	512	4.617288
150763953664	150763760128	193536	512	2.612289
144892533760	144892291584	242176	512	4.462737
14584167936	14583922688	245248	512	5.072009
20722075136	20721840128	235008	512	7.024275
53523631616	53523484672	146944	512	0.437756
135533507584	135533296640	210944	512	3.874219
141775673344	141775507968	165376	512	4.776253
142253447168	142253272576	174592	512	6.110816
101990240256	101990066688	173568	512	4.865435
141475127296	141474866688	260608	512	2.133138
520365568	520190464	175104	512	8.227926
84135403008	84135191552	211456	512	4.944537
132441540608	132441366528	174080	512	4.907743
123401306112	123401143808	162304	512	7.233500
119730226688	119730051072	175616	512	6.094841
115601586176	115601338368	247808	512	5.457367
111609983488	111609800704	182784	512	5.179379
119906415616	119906205696	209920	512	5.072815
67812039168	67811839488	199680	512	4.819894
35246154752	35245970432	184320	512	7.391757
72558055424	72557824512	230912	512	5.865559
59396676096	59396500992	175104	512	7.297955
111928615424	111928466432	148992	512	7.720070
128162620928	128162435072	185856	512	5.572179
83624534528	83624313856	220672	512	4.110187
65343378432	65343157248	221184	512	5.123697
61502840320	61502652416	187904	512	7.580983
65322908160	65322754048	154112	512	7.521685
96034342400	96034157056	185344	512	7.140102
25676382720	25676132352	250368	512	6.751835
101615275008	101615057408	217600	512	3.800419
77550870528	77550618624	251904	512	6.192612
156963732992	156963575808	157184	512	5.685360
62561797120	62561633792	163328	512	7.483437
148976659968	148976520192	139776	512	6.840468
116499684352	116499433472	250880	512	5.098517
28602550784	28602381312	169472	512	7.783127
2090563584	2090307584	256000	512	6.756177
8633132032	8632882176	249856	512	0.487575
57124047360	57123864064	183296	512	5.799627
11643709952	11643456000	253952	512	4.481739
62791172096	62791004672	167424	512	7.373683
91716406272	91716219904	186368	512	6.486005
57789066240	57788853248	212992	512	7.066604
146929630208	146929447936	182272	512	5.877481
43534785536	43534592512	193024	512	6.013254
112732342784	112732097536	245248	512	5.511445
81705427456	81705185280	242176	512	6.362513
148159300608	148159051776	248832	512	2.110706
14041893888	14041660416	233472	512	7.045890
27752389120	27752192000	197120	512	7.651174
119813827072	119813655040	172032	512	7.008339
67422248448	67422024192	224256	512	4.245717
136779165184	136778973696	191488	512	5.138415
82857836032	82857631232	204800	512	4.489972
147133466624	147133300224	166400	512	6.206106
87737887232	87737745408	141824	512	7.601226
15029478400	15029248000	230400	512	7.152684
98156205056	98156034048	171008	512	6.801249
102198278144	102198020096	258048	512	4.528141
80065768448	80065603584	164864	512	7.194223
24304119296	24303866880	252416	512	6.710929
18984714240	18984455168	259072	512	4.401278
30906440192	30906222592	217600	512	7.449180
106089988096	106089793024	195072	512	4.153477
85832723456	85832565248	158208	512	7.949406
151057194496	151056954880	239616	512	11.738382
111605789184	111605579776	209408	512	6.322756
31431010304	31430876160	134144	512	6.568282
32671521792	32671278080	243712	512	5.028171
84994059776	84993914368	145408	512	7.671191
42499685376	42499550720	134656	512	6.528550
15064286208	15064139776	146432	512	8.572468
94945705984	94945558016	147968	512	5.658651
61327160320	61327019520	140800	512	8.024752
45394270720	45394113536	157184	512	5.985745
136241574400	136241441280	133120	512	7.581050
28402923520	28402757120	166400	512	7.824720
17563151360	17562893312	258048	512	6.192236
74710150144	74709970944	179200	512	7.592409
31363511296	31363253248	258048	512	4.904004
68371907584	68371707392	200192	512	7.298234
50263570432	50263433728	136704	512	8.198006
81358540800	81358307840	232960	512	4.493102
24264542720	24264381952	160768	512	8.276618
38343901696	38343751168	150528	512	0.440428
33470494720	33470291456	203264	512	5.069382
119463995904	119463775744	220160	512	4.111219
54851023872	54850887168	136704	512	8.570727
33424283136	33424100352	182784	512	7.949258
22381366272	22381138944	227328	512	7.144549
118114645504	118114471936	173568	512	6.990855
140773396480	140773178368	218112	512	3.279353
131692198400	131692001280	197120	512	6.013550
27887284736	27887042048	242688	512	7.025152
65509275136	65509018112	257024	512	3.608375
40733737472	40733561856	175616	512	7.999449
157837505536	157837278208	227328	512	12.988118
137520974848	137520824320	150528	512	6.422582
59521927168	59521685504	241664	512	4.964116
6832325632	6832152576	173056	512	5.981048
129352916992	129352742912	174080	512	4.872434
139022621184	139022374912	246272	512	2.820357
107106258432	107106098688	159744	512	5.656748
75176434688	75176190976	243712	512	6.324664
143690048000	143689845248	202752	512	2.717665
67277519872	67277350912	168960	512	7.837953
52284532736	52284357120	175616	512	7.740696
135005915136	135005757952	157184	512	7.056058
49694987264	49694773760	213504	512	7.229330
100344221696	100344008192	213504	512	4.335719
108687185408	108686995456	189952	512	6.744794
49706526208	49706316800	209408	512	7.285810
76534660096	76534419968	240128	512	6.408313
129726625792	129726475264	150528	512	6.708277
72800147456	72799910912	236544	512	5.699023
106971625472	106971454464	171008	512	6.625294
151579760640	151579576832	183808	512	3.799458
62725207040	62725063168	143872	512	8.365931
3006327808	3006111232	216576	512	6.965403
51797269504	51797064704	204800	512	4.850072
133661853184	133661644800	208384	512	5.731896
29621854720	29621627904	226816	512	7.178368
120419210240	120419047424	162816	512	6.428232
93442594304	93442380800	213504	512	5.885645
146376796160	146376580608	215552	512	3.174139
97685022208	97684852736	169472	512	7.363170
54785323008	54785083392	239616	512	4.760524
2417476096	2417246720	229376	512	7.363197
11928566784	11928328192	238592	512	7.057610
80578706432	80578570752	135680	512	0.426113
37715353088	37715136512	216576	512	0.492229
42863960576	42863805952	154624	512	6.612380
110106863104	110106684416	178688	512	7.005225
47851308544	47851149824	158720	512	7.711181
82832105472	82831846912	258560	512	4.937621
57056433664	57056281600	152064	512	7.791231
39567016448	39566816768	199680	512	6.923156
8185078272	8184939008	139264	512	7.024196
30260082176	30259945984	136192	512	8.406695
95614663680	95614408192	255488	512	3.839814
157311488512	157311285248	203264	512	2.313731
158932022272	158931780096	242176	512	11.212811
21045772288	21045628928	143360	512	8.722040
109008958976	109008723968	235008	512	4.133059
68376441856	68376219136	222720	512	6.843473
39155595264	39155357696	237568	512	6.903395
153149537792	153149355008	182784	512	5.597877
118229672960	118229418496	254464	512	2.069390
130389568512	130389409280	159232	512	7.071482
118347468800	118347310080	158720	512	5.487165
71080267264	71080111616	155648	512	8.195638
20693935616	20693719552	216064	512	5.092750
148157109760	148156933120	176640	512	6.030997
147058129408	147057960448	168960	512	4.472187
27953566208	27953340416	225792	512	4.864023
32444783616	32444631552	152064	512	8.467103
115169465344	115169288704	176640	512	6.255607
69260777472	69260607488	169984	512	5.457770
25732516352	25732352000	164352	512	6.528538
37370364928	37370138624	226304	512	7.137617
42729956352	42729763840	192512	512	7.111513
91689413120	91689218560	194560	512	6.988283
32590902272	32590767616	134656	512	8.298090
120544165888	120543956480	209408	512	8.112442
21907745280	21907488768	256512	512	4.887675
154912845824	154912701440	144384	512	6.371175
26615714816	26615545344	169472	512	8.166832
89892703744	89892569088	134656	512	8.363653
80731456000	80731316736	139264	512	6.601200
72851810816	72851627008	183808	512	7.661055
25370412544	25370242048	170496	512	7.740256
115115536896	115115371520	165376	512	5.430796
39158959616	39158823936	135680	512	6.863894
105024378368	105024164352	214016	512	5.468199
109849577984	109849407488	170496	512	7.318809
45298788352	45298585088	203264	512	5.736853
43892182016	43892034048	147968	512	8.472085
48322164224	48322027520	136704	512	6.820629
47945696256	47945493504	202752	512	7.532273
43055993344	43055843328	150016	512	8.507806
96864124928	96863916544	208384	512	9.989012
42366929408	42366682112	247296	512	6.674654
19261788160	19261619712	168448	512	6.200128
72533667840	72533497856	169984	512	7.924156
60339013120	60338794496	218624	512	6.989864
147198620160	147198435840	184320	512	4.047130
32465965056	32465733632	231424	512	7.102910
126957879296	126957715456	163840	512	7.082119
59079712768	59079501312	211456	512	7.148316
12699577344	12699333632	243712	512	7.154114
100843701248	100843538432	162816	512	7.551455
67474834432	67474669056	165376	512	7.976400
125816572928	125816352768	220160	512	5.723934
24441494016	24441298432	195584	512	7.249471
2444659200	2444402176	257024	512	5.111260
148997676032	148997468672	207360	512	2.997953
148440698368	148440552448	145920	512	6.650182
54603291648	54603087360	204288	512	7.239661
47360329216	47360175616	153600	512	6.080292
216279040	216088576	190464	512	6.089165
21724692992	21724540416	152576	512	8.428845
144282038784	144281867776	171008	512	3.737916
97094906880	97094759424	147456	512	8.013109
28014003712	28013855232	148480	512	6.761185
131794946560	131794804736	141824	512	5.715056
55914510848	55914251776	259072	512	4.524328
108043170816	108043030528	140288	512	7.381162
103608343040	103608098304	244736	512	2.870046
48589849600	48589702656	146944	512	8.425174
1582487040	1582246400	240640	512	6.528775
15994817024	15994651648	165376	512	0.424816
157105995776	157105745408	250368	512	10.381245
27308184576	27307984384	200192	512	7.636216
77841982976	77841836032	146944	512	7.690639
73855185408	73854930432	254976	512	6.116260
121876248576	121876051456	197120	512	3.625298
61361460736	61361257472	203264	512	7.202062
25296095232	25295952384	142848	512	8.706458
71271509504	71271329280	180224	512	5.897932
101162255872	101162006016	249856	512	5.818668
135300492288	135300303360	188928	512	4.401194
113164369920	113164109312	260608	512	5.135799
79980396032	79980161024	235008	512	6.368172
38805767680	38805588992	178688	512	8.029257
158792111616	158791921152	190464	512	4.922662
137899715072	137899575296	139776	512	7.248060
72082727424	72082536448	190976	512	7.397997
55654742528	55654595072	147456	512	6.508259
1324986880	1324746752	240128	512	6.532359
153397422080	153397215744	206336	512	3.115832
2475038720	2474827264	211456	512	7.643512
25918996992	25918807552	189440	512	7.809321
67121660416	67121420800	239616	512	4.754531
11169708032	11169476608	231424	512	6.698007
105061384704	105061186560	198144	512	6.761013
60815596544	60815390720	205824	512	5.490822
141788481024	141788258816	222208	512	4.761229
6697384960	6697137664	247296	512	5.282924
102977937408	102977753088	184320	512	7.052636
135608158720	135607929344	229376	512	3.398045
90311859712	90311640064	219648	512	4.664423
79638943232	79638787584	155648	512	7.429551
52713803776	52713602048	201728	512	7.227744
84237749248	84237587456	161792	512	5.509515
6571780096	6571645440	134656	512	8.536631
13902356480	13902104576	251904	512	7.031565
1957000192	1956847104	153088	512	8.582674
71946289664	71946122240	167424	512	5.492275
28336449024	28336187392	261632	512	6.815786
92352143360	92351968768	174592	512	7.557314
12161821696	12161619456	202240	512	7.592470
66854128128	66853980672	147456	512	8.279873
137926981632	137926740992	240640	512	2.743509
156257104384	156256884736	219648	512	12.927061
127097804800	127097554944	249856	512	4.990653
95190272000	95190137344	134656	512	8.326007
10758807040	10758572544	234496	512	5.386072
21034555392	21034397696	157696	512	8.485725
33579792384	33579593728	198656	512	7.659777
75645745152	75645583360	161792	512	5.611426
41860937216	41860791296	145920	512	6.719839
154212635136	154212483584	151552	512	4.529551
47388191232	47387979264	211968	512	4.907956
79371385344	79371123200	262144	512	5.851855
42451665408	42451527168	138240	512	6.939684
40653438976	40653203968	235008	512	6.233372
44041244672	44041053184	191488	512	7.071494
28540572160	28540366848	205312	512	7.657661
53526348288	53526103552	244736	512	6.476669
26985758720	26985580544	178176	512	7.559596
12502608384	12502437888	170496	512	8.333090
5139340288	5139183616	156672	512	6.325317
91819660800	91819425792	235008	512	4.518593
87725642752	87725497856	144896	512	7.571740
14347269632	14347088896	180736	512	7.948107
158478252544	158478105088	147456	512	4.241860
140140428288	140140285440	142848	512	4.671889
141912374272	141912206336	167936	512	4.731548
81129952768	81129696256	256512	512	6.085720
130128940032	130128729088	210944	512	3.863734
57197925888	57197794304	131584	512	6.856767
121353000960	121352851456	149504	512	7.430915
108583438848	108583271936	166912	512	4.958883
64962195456	64961946112	249344	512	6.292561
35341706240	35341471744	234496	512	6.945482
143572575744	143572322816	252928	512	12.155093
11516670464	11516463104	207360	512	7.704425
111637473280	111637309440	163840	512	7.362171
133035173376	133034952192	221184	512	3.596850
113530464256	113530215424	248832	512	5.448190
65891044864	65890895872	148992	512	8.284587
52356781056	52356531200	249856	512	4.657066
154406967808	154406711296	256512	512	9.699941
30477041152	30476870656	170496	512	7.748333
24359869440	24359714304	155136	512	8.491745
11238487040	11238341120	145920	512	6.845779
16326156800	16325915136	241664	512	5.375422
143532664320	143532483584	180736	512	4.173777
130651889152	130651630592	258560	512	12.694803
57707726336	57707578368	147968	512	6.038255
34783002112	34782792192	209920	512	6.738987
32184386560	32184204288	182272	512	6.073270
114395935744	114395705344	230400	512	4.070824
42539093504	42538936320	157184	512	8.302944
112612781568	112612588544	193024	512	5.903849
41459889152	41459681280	207872	512	5.621079
51866647552	51866413568	233984	512	6.655181
97650525696	97650318848	206848	512	6.709738
90700697600	90700472832	224768	512	6.358791
102552172544	102552014336	158208	512	5.168980
151100643840	151100472832	171008	512	4.159939
135841117184	135840919552	197632	512	3.977612
135828391424	135828185088	206336	512	3.675949
79250378240	79250180096	198144	512	6.363298
105023097344	105022892032	205312	512	5.730092
142812616192	142812452864	163328	512	4.647922
131876564992	131876393984	171008	512	6.715258
124547742208	124547513344	228864	512	5.489916
70747122688	70746884096	238592	512	4.758053
94460996096	94460859904	136192	512	8.258192
134771396096	134771245056	151040	512	5.367306
50815817728	50815665664	152064	512	6.517360
61881271296	61881098240	173056	512	6.114539
41835000320	41834851328	148992	512	8.014975
143800630784	143800452096	178688	512	6.015791
1845823488	1845691904	131584	512	7.091725
99052695040	99052523008	172032	512	4.950722
51184774144	51184539136	235008	512	6.605877
46071652864	46071495680	157184	512	7.778799
60643864064	60643663360	200704	512	5.572403
17800178688	17800041472	137216	512	8.491705
113242168320	113242003968	164352	512	0.412699
4880308736	4880059904	248832	512	4.584139
77065733632	77065473024	260608	512	3.370767
132097105408	132096872448	232960	512	3.412953
119071178240	119070946304	231936	512	4.450939
154746414592	154746189312	225280	512	11.403964
157312332288	157312119296	212992	512	3.807313
46728364544	46728135168	229376	512	6.237342
97718227968	97718019584	208384	512	4.761579
153190786048	153190536704	249344	512	12.526986
91151282688	91151060480	222208	512	5.650918
28922633216	28922473984	159232	512	6.551103
146048507392	146048249344	258048	512	3.459037
78628820480	78628596224	224256	512	6.567530
134796510720	134796321792	188928	512	5.342453
152785242112	152785055744	186368	512	3.398859
24633080320	24632929280	151040	512	8.152072
46721645568	46721464320	181248	512	7.314651
70660082688	70659935744	146944	512	8.280552
52858619392	52858406400	212992	512	6.470784
134269815296	134269633024	182272	512	4.616078
101272483328	101272329216	154112	512	7.172253
156167874048	156167613952	260096	512	10.012174
76019776000	76019636224	139776	512	7.900041
81286483456	81286230016	253440	512	6.158444
66718974464	66718799360	175104	512	7.776795
83977278464	83977111552	166912	512	7.700493
150786891776	150786760192	131584	512	4.734385
105766684160	105766548480	135680	512	8.113655
108981863424	108981717504	145920	512	7.905085
132850275840	132850112512	163328	512	6.239629
40045632000	40045410816	221184	512	7.156571
45784011264	45783757312	253952	512	4.884651
107326723584	107326493184	230400	512	3.319623
149624359424	149624208896	150528	512	6.795363
97335666688	97335488512	178176	512	7.120202
50811506688	50811257856	248832	512	4.780921
64495435264	64495235584	199680	512	6.697178
152023929344	152023768064	161280	512	6.039605
81297648128	81297480704	167424	512	6.032281
8153620992	8153467904	153088	512	8.704438
116573648896	116573431808	217088	512	3.360967
129103392256	129103163904	228352	512	2.522708
123539725824	123539504640	221184	512	4.867666
130865219072	130864958464	260608	512	4.433018
74496419840	74496235520	184320	512	7.403977
117374106624	117373852672	253952	512	3.206628
46799480320	46799239168	241152	512	4.928044
156156149760	156155937792	211968	512	2.582634
18245011456	18244877312	134144	512	8.862559
140598575104	140598435840	139264	512	7.242419
75485094400	75484833792	260608	512	4.234729
129949748224	129949577728	170496	512	4.965094
82861760000	82861529088	230912	512	4.735270
21896934912	21896755712	179200	512	7.986834
106028544000	106028363776	180224	512	6.998778
15652031488	15651862016	169472	512	6.098837
78407903232	78407658496	244736	512	4.358214
67386843136	67386698240	144896	512	6.096098
10439627264	10439462400	164864	512	8.053729
120932933632	120932692992	240640	512	5.420062
17904395264	17904186880	208384	512	7.465493
7501650944	7501451776	199168	512	7.820663
58532087808	58531840512	247296	512	6.480844
81205061120	81204905472	155648	512	7.944949
122388976640	122388822016	154624	512	6.696475
46504734208	46504489472	244736	512	5.950711
33672802816	33672605696	197120	512	5.277255
63793897472	63793688576	208896	512	5.320956
142250620416	142250372608	247808	512	2.232292
113234817536	113234634752	182784	512	6.929700
150139940864	150139761664	179200	512	5.978432
20261973504	20261802496	171008	512	8.150988
138544950784	138544692736	258048	512	12.331314
130558650368	130558472704	177664	512	4.886579
140546973696	140546747904	225792	512	4.680576
111924973568	111924767232	206336	512	5.543611
148601460736	148601242624	218112	512	2.689497
46115214336	46114952704	261632	512	4.553261
6048384000	6048145408	238592	512	5.444183
75094598656	75094382592	216064	512	6.861705
59635652096	59635491328	160768	512	7.604491
67315290624	67315085312	205312	512	5.400124
98183453696	98183202816	250880	512	5.816454
119149743616	119149510656	232960	512	3.821409
62643037696	62642787328	250368	512	6.316762
33824261120	33824088576	172544	512	8.113831
49088751104	49088587264	163840	512	8.226956
136503822848	136503664128	158720	512	5.131994
14182394880	14182137856	257024	512	6.928331
61508741632	61508545536	196096	512	7.455145
2408047616	2407906304	141312	512	8.786022
71022827520	71022669824	157696	512	8.095380
78992811008	78992597504	213504	512	6.829489
8596341760	8596163584	178176	512	8.066679
52729944064	52729728000	216064	512	5.306997
79953173504	79952911360	262144	512	4.192756
131709456384	131709303808	152576	512	7.147939
2819403776	2819252736	151040	512	8.556868
124826885120	124826726400	158720	512	6.365355
116933497344	116933254656	242688	512	3.768335
55043239424	55043000832	238592	512	4.898720
134631321600	134631174144	147456	512	7.203141
101912933888	101912800256	133632	512	8.149665
107485133824	107485001728	132096	512	7.610550
148887224832	148886983168	241664	512	12.028220
78551852032	78551651328	200704	512	7.228465
39228277248	39228104192	173056	512	8.090687
55504738816	55504513024	225792	512	5.113812
126262757376	126262562816	194560	512	5.319432
128968657920	128968446464	211456	512	5.938864
96499655168	96499476480	178688	512	7.382355
21073299968	21073137664	162304	512	6.515454
134967534080	134967272960	261120	512	12.446187
31594489344	31594275840	213504	512	7.414025
15561258496	15561074688	183808	512	8.086580
20960505344	20960267264	238080	512	6.949486
26026012160	26025799680	212480	512	6.905969
22957675520	22957436416	239104	512	7.073725
49134124032	49133903360	220672	512	4.661806
129666131456	129665909248	222208	512	5.338525
150971215872	150971003904	211968	512	5.051082
12271293952	12271103488	190464	512	7.968316
134299793408	134299602432	190976	512	4.300583
86511604224	86511456256	147968	512	6.180391
737936384	737775104	161280	512	8.467217
131098806784	131098575872	230912	512	3.296808
159735416320	159735157760	258560	512	9.340086
20723240960	20723061248	179712	512	7.984127
124708965376	124708741120	224256	512	5.614934
114601464832	114601202688	262144	512	4.822389
5388764672	5388570112	194560	512	7.385824
159695692800	159695474176	218624	512	2.766742
122497844736	122497672704	172032	512	6.896928
139595968512	139595782656	185856	512	3.238708
133461965824	133461804032	161792	512	4.404865
152796531200	152796364288	166912	512	3.981982
67148191232	67148023296	167936	512	7.786539
84663943168	84663777280	165888	512	7.780187
152654930944	152654736896	194048	512	4.923036
8305476096	8305288704	187392	512	8.077770
53149030400	53148785664	244736	512	4.640061
69856494080	69856258560	235520	512	4.819447
40809947136	40809754112	193024	512	5.993725
131307196416	131307013632	182784	512	4.756361
156244782592	156244609024	173568	512	3.371966
49279089152	49278924288	164864	512	8.218804
13979750400	13979559936	190464	512	7.486757
47273807872	47273622528	185344	512	0.334167
48876967424	48876719104	248320	512	0.417650
97214563328	97214314496	248832	512	3.219368
21507641856	21507421696	220160	512	7.406121
18264278016	18264049664	228352	512	14.289736
77129470976	77129230336	240640	512	4.522358
121966796800	121966538240	258560	512	3.174154
46155540992	46155357696	183296	512	7.724503
26295716864	26295504384	212480	512	6.981623
32413606912	32413424128	182784	512	7.977239
16754684416	16754458624	225792	512	7.381634
17849029632	17848785920	243712	512	4.624746
131529369088	131529197568	171520	512	6.634095
51266709504	51266470400	239104	512	6.687435
11184043520	11183859200	184320	512	7.928111
104673235456	104673062912	172544	512	6.486293
53149750272	53149612544	137728	512	8.546634
158694424576	158694245376	179200	512	4.978896
153859051008	153858884608	166400	512	3.339993
156565340672	156565208064	132608	512	5.008039
16355849728	16355705856	143872	512	6.572421
150815443456	150815275520	167936	512	4.530935
11283814912	11283609600	205312	512	7.759309
40287479296	40287321600	157696	512	8.307992
40404388864	40404165632	223232	512	7.279446
94293878784	94293641216	237568	512	4.274062
6234012160	6233809920	202240	512	7.821364
151997619712	151997470208	149504	512	4.797799
14353093632	14352947712	145920	512	8.576539
80892074496	80891915264	159232	512	7.991267
80898018304	80897828352	189952	512	7.371525
116768680448	116768540672	139776	512	7.907828
4633915904	4633709056	206848	512	5.400240
28283248640	28283021824	226816	512	5.502954
34516144640	34515943424	201216	512	7.813038
30086556160	30086393856	162304	512	8.313216
70886195200	70886018560	176640	512	7.740465
67422099456	67421887488	211968	512	6.368311
35368979456	35368841728	137728	512	6.809441
4499561472	4499312128	249344	512	5.133595
142538466304	142538246656	219648	512	3.162897
21498594304	21498447360	146944	512	8.576581
26141383168	26141219328	163840	512	8.267489
123138785792	123138614272	171520	512	7.008071
44378053632	44377816576	237056	512	6.776701
50350629888	50350433792	196096	512	7.533900
93553228288	93553047552	180736	512	7.258406
87069563904	87069339648	224256	512	4.457858
136922850816	136922589184	261632	512	12.360767
67592402944	67592142848	260096	512	3.525397
130153926144	130153704960	221184	512	5.364618
117373577216	117373399552	177664	512	5.162032
69134173184	69133978112	195072	512	7.404675
94912134656	94911892992	241664	512	5.883630
30252185088	30251998208	186880	512	7.414936
150557820928	150557625344	195584	512	5.518134
16558298112	16558096384	201728	512	7.782696
147818379264	147818206208	173056	512	4.039309
27461685248	27461443072	242176	512	4.522849
59014650880	59014471168	179712	512	7.193035
264780288	264598016	182272	512	8.187190
141354296832	141354078208	218624	512	3.260211
129870258176	129870100992	157184	512	6.462847
38484714496	38484551680	162816	512	8.174158
31269745152	31269574656	170496	512	8.092574
149536516096	149536368128	147968	512	4.805310
106259292672	106259065856	226816	512	3.323238
91012513792	91012335616	178176	512	5.670336
76284329472	76284130304	199168	512	7.198910
101072378880	101072121856	257024	512	2.790693
74768128000	74767905792	222208	512	6.740754
24531807744	24531549696	258048	512	6.626049
95178726912	95178557952	168960	512	5.860152
133069792256	133069607424	184832	512	6.199487
64705200128	64705025024	175104	512	7.179829
104690044928	104689871872	173056	512	6.545810
48882184192	48881939456	244736	512	5.029304
157547028480	157546801664	226816	512	12.629728
57051495936	57051245568	250368	512	5.585819
32527844864	32527626240	218624	512	6.550785
120055199232	120055002624	196608	512	3.703337
40133472256	40133319168	153088	512	8.447781
93261172224	93260953600	218624	512	3.973601
114423688704	114423523840	164864	512	7.174885
105557839872	105557650944	188928	512	4.360520
74902475264	74902217216	258048	512	4.278594
1181274624	1181031936	242688	512	6.993031
136114555904	136114380288	175616	512	6.306638
23120649728	23120396288	253440	512	6.679051
30398121984	30397939200	182784	512	8.080755
104998660096	104998434816	225280	512	5.974574
30757862400	30757709824	152576	512	6.343338
3542802432	3542640640	161792	512	8.392674
101888381440	101888160768	220672	512	6.427536
70102831616	70102632960	198656	512	6.531332
69041487360	69041227776	259584	512	5.153264
119968281600	119968073216	208384	512	6.237372
66009993216	66009849856	143360	512	8.385773
2357613056	2357417472	195584	512	5.990985
2555360768	2555224064	136704	512	8.790337
99724794880	99724631040	163840	512	7.520804
123845214208	123844969472	244736	512	4.070296
97136755200	97136506368	248832	512	5.776971
126693924864	126693715456	209408	512	5.738043
22231954944	22231762432	192512	512	6.050636
122477306880	122477140992	165888	512	5.279504
2728929280	2728668672	260608	512	4.328144
107936783872	107936535040	248832	512	3.859971
146279654912	146279459328	195584	512	5.496553
149212462080	149212261888	200192	512	5.377014
59274452992	59274320896	132096	512	6.777571
38032633856	38032478208	155648	512	8.305511
2583283712	2583077888	205824	512	7.596359
145090889728	145090639360	250368	512	3.939325
82358504448	82358346240	158208	512	7.893145
57503618048	57503392256	225792	512	4.390054
8374148608	8373892608	256000	512	7.079705
2086487552	2086269952	217600	512	7.374144
44656675840	44656434688	241152	512	5.066932
84627426816	84627197440	229376	512	5.690719
139202922496	139202674176	248320	512	2.740977
10023016448	10022881792	134656	512	7.013271
103018176512	103018025984	150528	512	5.862651
88200149504	88199950336	199168	512	6.895861
100391937024	100391721984	215040	512	6.567518
14349630976	14349465600	165376	512	8.230045
57401943552	57401761280	182272	512	5.923843
156198950912	156198782464	168448	512	3.857163
36755903488	36755714560	188928	512	7.826703
41951188992	41950977024	211968	512	7.381214
42171383808	42171145728	238080	512	5.197255
152517037056	152516868096	168960	512	6.022733
151339366400	151339163648	202752	512	3.251537
55793042432	55792866816	175616	512	7.272146
52479544832	52479326208	218624	512	5.159636
64672854528	64672620032	234496	512	4.118515
148903841792	148903683072	158720	512	5.568547
107276772352	107276552192	220160	512	4.256833
138401697792	138401540096	157696	512	6.208122
89779948544	89779812864	135680	512	8.240886
102808656384	102808436736	219648	512	4.531291
97890596864	97890349568	247296	512	5.601958
76923233280	76923014656	218624	512	5.033626
91945941504	91945775104	166400	512	5.925168
98114083328	98113925632	157696	512	7.084652
12430000128	12429840896	159232	512	8.324544
58355584000	58355411968	172032	512	7.345092
154927438336	154927208960	229376	512	3.610883
145107217408	145107082240	135168	512	6.659921
154125679104	154125428736	250368	512	11.482016
81758480384	81758298624	181760	512	5.649273
117110280192	117110054400	225792	512	5.959298
102079328256	102079142912	185344	512	7.158718
132573334016	132573173760	160256	512	7.031395
45020558848	45020408832	150016	512	8.389065
141132249088	141132060672	188416	512	4.860640
82707646976	82707436544	210432	512	6.828660
18416142848	18415959040	183808	512	7.905009
33488017920	33487777792	240128	512	6.146907
17257501696	17257351168	150528	512	8.661685
84111414784	84111172096	242688	512	4.448572
13390544896	13390321664	223232	512	7.233870
133480353792	133480131072	222720	512	3.618150
3638247936	3638103552	144384	512	8.747351
50351543808	50351359488	184320	512	6.001016
60393129984	60392950272	179712	512	5.967311
37521357312	37521095168	262144	512	3.935261
96529908736	96529705984	202752	512	5.117574
130750155264	130749957120	198144	512	5.914603
45528712704	45528495616	217088	512	7.353884
2121340416	2121081344	259072	512	6.720988
13695957504	13695730176	227328	512	7.361216
150446223360	150446036480	186880	512	5.390630
30234825728	30234588672	237056	512	4.632708
135477478912	135477231616	247296	512	2.931949
139777041408	139776790528	250880	512	2.421782
5288962560	5288779776	182784	512	6.362079
122064517120	122064375296	141824	512	7.086082
102245739520	102245479936	259584	512	5.522586
107637727744	107637552128	175616	512	7.111013
60746119168	60745900032	219136	512	5.109078
82341769216	82341543424	225792	512	4.703812
137414033920	137413837312	196608	512	5.938657
155401974272	155401809408	164864	512	3.629083
29416520192	29416323584	196608	512	5.907559
79995787776	79995528192	259584	512	5.875889
5747076608	5746853376	223232	512	7.488299
63889126912	63888875520	251392	512	6.302336
127725342208	127725193216	148992	512	7.422535
62215821312	62215676416	144896	512	8.257432
44140432384	44140191744	240640	512	4.879033
138840886784	138840680448	206336	512	2.839716
136883845120	136883605504	239616	512	2.826066
154740008960	154739831808	177152	512	2.199780
49681464832	49681314304	150528	512	8.323450
82077186048	82076993024	193024	512	0.418571
250115072	249875968	239104	512	5.401029
158598016512	158597758976	257536	512	11.621022
80160416768	80160168960	247808	512	4.460060
57493386752	57493142528	244224	512	3.971633
100936950272	100936769536	180736	512	7.259301
77287851520	77287694848	156672	512	7.505905
67497754112	67497581568	172544	512	7.846148
26801653760	26801392128	261632	512	6.517680
44008867328	44008639488	227840	512	7.071566
121584046592	121583877120	169472	512	7.076594
144253127168	144252908032	219136	512	2.129965
158206676480	158206529536	146944	512	6.317868
110210219008	110210067968	151040	512	7.649172
139862568960	139862370816	198144	512	2.859681
18477173248	18477015040	158208	512	8.490691
57060444160	57060248576	195584	512	0.405619
70640608768	70640363520	245248	512	4.655059
59333616640	59333472768	143872	512	8.490193
8050081280	8049927168	154112	512	8.177699
107062604800	107062427136	177664	512	7.230479
27163288576	27163138048	150528	512	8.593026
159304468992	159304298496	170496	512	1.982326
87644136960	87643898368	238592	512	4.291955
151246885888	151246628864	257024	512	12.269186
149225894912	149225733632	161280	512	4.679004
44219851776	44219672064	179712	512	7.945280
137157386240	137157202944	183296	512	6.125605
130388682752	130388477952	204800	512	5.903372
93604452352	93604273152	179200	512	7.302987
63280246784	63280041984	204800	512	7.200454
58911780352	58911628288	152064	512	8.278247
115341962752	115341778432	184320	512	4.237944
6284931072	6284694016	237056	512	7.236513
66573054464	66572907520	146944	512	7.825234
116861710336	116861533696	176640	512	6.921133
60315027968	60314799616	228352	512	4.949062
118670056448	118669819392	237056	512	3.618172
61789652480	61789482496	169984	512	6.061497
20551910400	20551750656	159744	512	8.340796
51027064832	51026826240	238592	512	11.277820
71466195456	71465984512	210944	512	5.292112
32554946048	32554769920	176128	512	7.445645
43566272000	43566138368	133632	512	0.439144
62775851008	62775602688	248320	512	0.495711
105870298624	105870106112	192512	512	6.701810
6860236800	6860039680	197120	512	7.695913
75257031168	75256769024	262144	512	5.105048
31661387264	31661229056	158208	512	7.825098
130597646848	130597432320	214528	512	3.732170
147891812352	147891676672	135680	512	7.231917
90357119488	90356934656	184832	512	5.413189
48284808704	48284675584	133120	512	8.280393
54810012672	54809835008	177664	512	7.718819
130789644800	130789489664	155136	512	7.050676
28672728064	28672530944	197120	512	7.692628
41356882432	41356676608	205824	512	6.821785
54765574656	54765327872	246784	512	3.963942
17312288768	17312131072	157696	512	8.063415
153209869312	153209669120	200192	512	3.872211
61593485824	61593339904	145920	512	6.543512
11691342336	11691150336	192000	512	7.788595
118694746112	118694571008	175104	512	6.878219
104481832448	104481605632	226816	512	5.123261
156454085632	156453836288	249344	512	12.322173
42052193792	42052016128	177664	512	7.417152
101155722752	101155481600	241152	512	4.218251
136036137472	136035958272	179200	512	5.501759
86669147136	86668992000	155136	512	7.835932
67927963136	67927727616	235520	512	4.913384
39298582016	39298324992	257024	512	5.788890
14405454848	14405234688	220160	512	5.728786
76173411840	76173253632	158208	512	8.005225
96367005696	96366868480	137216	512	8.164658
86523529728	86523273728	256000	512	5.706165
49118236672	49117984256	252416	512	4.880388
142778786304	142778625536	160768	512	4.729740
85914148352	85913971200	177152	512	5.723500
30150885376	30150746624	138752	512	7.013984
130707015680	130706838528	177152	512	4.807561
82208871424	82208676864	194560	512	7.167472
130929590272	130929333248	257024	512	4.429882
148778871808	148778670592	201216	512	2.308135
93049230336	93049071616	158720	512	7.194035
13955315712	13955153408	162304	512	8.565508
956634624	956486656	147968	512	8.706254
110811449856	110811236352	213504	512	4.439801
39829124096	39828894720	229376	512	7.010018
130976296960	130976069120	227840	512	4.279304
92322856448	92322712064	144384	512	5.794726
145061772288	145061563392	208896	512	5.131179
151542285824	151542126080	159744	512	5.342708
58507664384	58507503616	160768	512	8.129800
64777796096	64777648128	147968	512	8.293145
97255531008	97255311872	219136	512	4.776912
17120390144	17120145408	244736	512	6.450501
43011513344	43011256320	257024	512	6.524195
93823674880	93823483392	191488	512	6.349590
88350161408	88350014464	146944	512	8.111726
82758387200	82758132224	254976	512	4.111369
37924326912	37924171264	155648	512	8.401293
121346797056	121346619904	177152	512	4.964780
157045769728	157045614080	155648	512	6.068101
128268071936	128267848192	223744	512	5.442800
113254970368	113254818816	151552	512	5.889649
51625469440	51625332224	137216	512	8.467893
10828572160	10828424704	147456	512	8.708302
23227585536	23227402240	183296	512	0.439492
45665668608	45665521664	146944	512	6.642665
158852984832	158852749312	235520	512	10.343973
143025314304	143025160192	154112	512	5.098978
127754913792	127754747392	166400	512	6.867560
74055735808	74055561728	174080	512	7.671819
105674501632	105674258944	242688	512	5.531257
142686347264	142686137856	209408	512	4.209831
112834351104	112834144768	206336	512	6.391843
131255605760	131255471104	134656	512	7.591864
159908101632	159907909632	192000	512	3.784493
2767763968	2767549440	214528	512	7.010274
45799205376	45799001600	203776	512	5.790916
68012150272	68011957760	192512	512	6.721996
129200571392	129200325120	246272	512	3.070219
109015836672	109015633920	202752	512	4.885021
104788179456	104787986944	192512	512	4.904992
134030341632	134030092288	249344	512	12.800712
155762457600	155762279936	177664	512	5.037354
122441656832	122441450496	206336	512	6.204609
56984206336	56984001536	204800	512	7.301441
128672756224	128672548864	207360	512	4.199099
100038690816	100038542336	148480	512	7.956156
18373574144	18373316608	257536	512	6.673110
119064285696	119064142848	142848	512	5.178218
91407794176	91407564288	229888	512	4.657917
105846253568	105846061568	192000	512	4.945145
108347213312	108346953728	259584	512	5.166088
146768542208	146768372224	169984	512	3.611030
77912703488	77912484864	218624	512	5.020112
66220759552	66220549120	210432	512	5.345199
25021211136	25020967424	243712	512	7.021001
60066928640	60066740736	187904	512	6.989527
12552968192	12552761344	206848	512	5.366572
144296640512	144296404480	236032	512	4.611878
123587392000	123587148288	243712	512	5.329927
58298615808	58298386432	229376	512	6.842745
51857997824	51857771008	226816	512	4.969321
133825206784	133825035776	171008	512	6.612665
103797462016	103797301760	160256	512	5.067453
52593789440	52593593344	196096	512	5.053537
3090889728	3090709504	180224	512	6.237379
77364684800	77364506624	178176	512	7.592331
96355420672	96355261952	158720	512	7.802931
136652866048	136652613632	252416	512	2.624094
140274314240	140274083328	230912	512	12.909130
134144657408	134144497152	160256	512	6.864818
2550633472	2550494208	139264	512	8.479965
119833185280	119833016832	168448	512	5.271389
117471842304	117471692288	150016	512	7.688220
20103962112	20103812608	149504	512	8.654616
117092725248	117092589568	135680	512	8.014008
38311848448	38311609344	239104	512	6.797431
58812794880	58812563456	231424	512	4.929412
17637959168	17637780480	178688	512	8.023990
83556319744	83556139520	180224	512	5.649674
131992542208	131992307200	235008	512	4.961566
136305971712	136305724928	246784	512	12.727697
116288430080	116288280064	150016	512	5.958589
107866154496	107865979904	174592	512	4.851354
73826853376	73826663936	189440	512	6.804916
94204874752	94204645888	228864	512	3.648532
46835568640	46835341824	226816	512	5.319856
109690404352	109690252800	151552	512	5.897559
157580237312	157580102656	134656	512	4.025110
38877495808	38877286400	209408	512	6.733934
78606512640	78606332928	179712	512	7.497531
123346053632	123345909248	144384	512	5.175046
125429097984	125428863488	234496	512	5.142486
99254076928	99253854720	222208	512	3.671953
125302974464	125302801920	172544	512	4.157463
159202527232	159202341888	185344	512	12.486093
103666288128	103666028032	260096	512	5.396983
158727102464	158726934016	168448	512	5.323845
80507187712	80506949120	238592	512	6.474008
107859646976	107859470848	176128	512	6.449616
157420001792	157419758080	243712	512	12.065429
122870746112	122870534144	211968	512	5.054905
152849755648	152849607680	147968	512	2.153874
139335360512	139335211008	149504	512	7.183928
107273183232	107272965632	217600	512	6.149262
110949812736	110949557760	254976	512	3.486394
93326892544	93326696960	195584	512	5.364434
57709296128	57709157376	138752	512	6.292755
90998127104	90997911040	216064	512	6.769351
17669012992	17668814848	198144	512	7.731746
15085527552	15085375488	152064	512	6.825222
133135861248	133135685120	176128	512	5.750125
66582571008	66582431744	139264	512	7.999211
12323456000	12323249664	206336	512	7.207950
48956185088	48956003328	181760	512	5.531495
74606962176	74606798848	163328	512	5.602926
37295040512	37294888448	152064	512	6.151599
10468244992	10468063744	181248	512	7.989083
159799485440	159799299584	185856	512	2.232803
114744801792	114744668672	133120	512	8.069290
131970186752	131970031104	155648	512	7.147417
137103092736	137102938112	154624	512	7.052490
130256307200	130256110080	197120	512	6.094920
64875553280	64875303424	249856	512	3.737076
4141360640	4141177856	182784	512	6.324132
119382780928	119382620672	160256	512	7.230849
100328486400	100328238080	248320	512	3.031526
15893756928	15893604352	152576	512	8.186429
133204419072	133204283904	135168	512	7.626150
144161792512	144161562112	230400	512	2.987480
43524479488	43524237824	241664	512	5.124013
110778845696	110778709504	136192	512	6.216741
68085092352	68084915200	177152	512	7.738522
49047603712	49047468032	135680	512	8.716169
30849053696	30848844800	208896	512	0.858505
112832924672	112832691200	233472	512	3.985982
74661860352	74661650432	209920	512	5.194895
76760605696	76760434176	171520	512	7.741689
130566037504	130565853696	183808	512	6.406327
157302858240	157302642688	215552	512	1.930655
62709271040	62709135872	135168	512	6.779292
26481832960	26481593856	239104	512	5.319257
63989669888	63989470720	199168	512	7.242032
8758159872	8757914112	245760	512	4.666130
49992135680	49991887360	248320	512	6.770403
16728053248	16727813120	240128	512	5.198635
118148551680	118148396032	155648	512	7.459405
129032677376	129032451584	225792	512	5.401550
138351423488	138351235584	187904	512	5.951156
71203589120	71203381760	207360	512	7.174302
14088911360	14088693248	218112	512	7.353902
44772308480	44772120064	188416	512	0.437642
64336338944	64336089088	249856	512	4.568381
144498480640	144498307072	173568	512	6.134205
4833825792	4833669120	156672	512	8.568677
153968597504	153968430592	166912	512	5.759841
91290478080	91290273280	204800	512	6.765899
19593516032	19593344000	172032	512	6.325011
70983311872	70983176192	135680	512	8.484399
144523005952	144522812416	193536	512	5.592225
71300783104	71300567552	215552	512	5.217763
111019500544	111019265536	235008	512	4.786605
110806262784	110806075904	186880	512	5.051986
125200325632	125200155648	169984	512	6.933610
133870733312	133870548480	184832	512	6.238061
107149658112	107149524992	133120	512	7.580253
86089062400	86088849408	212992	512	4.991421
29843806208	29843546112	260096	512	6.461924
116484187648	116484042752	144896	512	7.805389
52065828864	52065667072	161792	512	6.236924
89519211008	89518964736	246272	512	6.071356
52049521152	52049286144	235008	512	4.848980
45133010944	45132751360	259584	512	4.756442
62477306368	62477084160	222208	512	6.881194
31918415360	31918226944	188416	512	7.750181
74360745984	74360487936	258048	512	4.265952
40237325824	40237157376	168448	512	7.621515
122087933952	122087717888	216064	512	5.929371
43682491392	43682287616	203776	512	7.495350
2349017088	2348786176	230912	512	5.421982
86911490048	86911323136	166912	512	5.806671
106716076544	106715900416	176128	512	7.094179
133969367040	133969173504	193536	512	4.337245
139161089024	139160902656	186368	512	3.560000
105675400192	105675244032	156160	512	7.543571
84205682688	84205547008	135680	512	7.935104
4590011904	4589821440	190464	512	7.910665
55361188352	55361030656	157696	512	7.691373
70312010752	70311841792	168960	512	5.540347
131408001536	131407744000	257536	512	2.671919
70647140352	70646913024	227328	512	6.796460
74510468608	74510291456	177152	512	7.666427
37183404032	37183165440	238592	512	6.839996
13657638400	13657456128	182272	512	8.135232
14767197696	14766991360	206336	512	7.531316
56596786176	56596639744	146432	512	0.426261
152301699072	152301564416	134656	512	6.803285
86965478912	86965274112	204800	512	6.100571
29479132672	29478972928	159744	512	8.397882
143236048384	143235818496	229888	512	4.550884
60293650944	60293497856	153088	512	7.760067
10221165056	10220939264	225792	512	5.487401
56495686144	56495434752	251392	512	4.570398
100500795904	100500598784	197120	512	6.755704
105363040256	105362844672	195584	512	4.171983
95903236096	95903088128	147968	512	7.450825
147028564480	147028312576	251904	512	11.962719
59698009088	59697796096	212992	512	5.197939
154951764480	154951601664	162816	512	5.541190
58170374656	58170240000	134656	512	6.408004
60598846976	60598652416	194560	512	7.502202
123656865792	123656687104	178688	512	6.735549
145024900608	145024680960	219648	512	3.237158
121568225280	121568006656	218624	512	4.850451
86627419136	86627176960	242176	512	6.120480
47059005440	47058746880	258560	512	4.755220
79800977408	79800841216	136192	512	8.377085
10237168128	10236997120	171008	512	8.217217
52065433088	52065266688	166400	512	7.931416
145972652544	145972430336	222208	512	4.756798
117651760128	117651552768	207360	512	4.606395
11505344512	11505189888	154624	512	6.798503
65099578368	65099316224	262144	512	3.501650
102663649792	102663415296	234496	512	3.957108
76265034752	76264830976	203776	512	6.477185
122417776640	122417573376	203264	512	6.245067
71777015296	71776847360	167936	512	7.270634
38337698816	38337502208	196608	512	7.715335
39839413760	39839255040	158720	512	8.322910
23428940800	23428722176	218624	512	7.455569
99515933696	99515753984	179712	512	10.773176
80260624896	80260483072	141824	512	0.435898
118828305408	118828069888	235520	512	3.746589
72037389312	72037156864	232448	512	6.713122
124334908416	124334709760	198656	512	3.404511
91633441280	91633208320	232960	512	4.408762
138736449536	138736244736	204800	512	3.942539
21606323712	21606176256	147456	512	8.238422
119190231040	119189972992	258048	512	4.925355
92581320704	92581079040	241664	512	6.205850
113128469504	113128238592	230912	512	4.900373
159853628928	159853370880	258048	512	9.370877
44458671616	44458413056	258560	512	4.797525
59978631168	59978430976	200192	512	7.364126
63289615872	63289401344	214528	512	7.025450
29015619584	29015415808	203776	512	7.698654
25609886208	25609652224	233984	512	6.488390
19066088448	19065946624	141824	512	8.647510
114040039936	114039850496	189440	512	6.771148
47081935872	47081786880	148992	512	8.529802
12011988992	12011772416	216576	512	7.584735
135161291264	135161061888	229376	512	3.391527
118119375360	118119186944	188416	512	6.741799
156556559872	156556302848	257024	512	12.054268
24278043136	24277804032	239104	512	6.945142
49417522688	49417288192	234496	512	6.802722
129957121536	129956878336	243200	512	4.968530
40263723520	40263556096	167424	512	7.605167
94542757888	94542554112	203776	512	4.976206
17542622208	17542432768	189440	512	7.987752
63636631040	63636374528	256512	512	5.389927
39673725440	39673550336	175104	512	8.074591
155069835264	155069692416	142848	512	6.209010
100540087808	100539829248	258560	512	2.733923
75494178816	75493918208	260608	512	4.202881
44322098688	44321916928	181760	512	7.800775
104113841152	104113620992	220160	512	6.079614
111347704320	111347492864	211456	512	6.261277
13422241280	13422084096	157184	512	8.526462
152140942336	152140721664	220672	512	2.291958
34189087744	34188881408	206336	512	7.405789
90707491840	90707278848	212992	512	6.623697
26597629952	26597388800	241152	512	6.905440
108792086528	108791893504	193024	512	5.111867
131164018688	131163884032	134656	512	7.617029
58187016192	58186851840	164352	512	7.977736
21602823680	21602671104	152576	512	6.276390
22977717760	22977586176	131584	512	8.877944
2330791936	2330623488	168448	512	6.443917
78682490880	78682260992	229888	512	3.883408
101021765120	101021579264	185856	512	5.155076
134737509888	134737309184	200704	512	5.831816
117514631680	117514422272	209408	512	4.362827
79310117888	79309938176	179712	512	5.874674
45736067584	45735824896	242688	512	5.063334
116549299200	116549128704	170496	512	6.432750
92808656896	92808497664	159232	512	5.958397
33035444736	33035267584	177152	512	7.454425
9797650944	9797425664	225280	512	5.499448
159939496960	159939292160	204800	512	11.639981
122849118208	122848935936	182272	512	4.099741
154630511616	154630255104	256512	512	10.159016
158281458688	158281293312	165376	512	2.715799
57964593152	57964387840	205312	512	7.187930
31089307136	31089127424	179712	512	8.113369
88434207232	88434020352	186880	512	0.463408
146069484544	146069256704	227840	512	12.932138
129969620992	129969416192	204800	512	5.810504
58904274432	58904090112	184320	512	7.666584
108729469952	108729336832	133120	512	5.841862
117601334784	117601152000	182784	512	4.332117
37760943104	37760706560	236544	512	4.434061
93613076992	93612848128	228864	512	3.723420
105557688320	105557430272	258048	512	4.233095
24950631424	24950436864	194560	512	7.706101
54699930112	54699728384	201728	512	5.578768
71337636352	71337421312	215040	512	6.236229
106608699392	106608496640	202752	512	5.865801
14697034752	14696870400	164352	512	6.193326
115856765952	115856632320	133632	512	7.458329
31091950592	31091774464	176128	512	8.184379
102349054976	102348794368	260608	512	2.748593
147373871616	147373615616	256000	512	1.984334
94636632576	94636437504	195072	512	5.213202
61804677632	61804533248	144384	512	6.632878
115458298880	115458095616	203264	512	4.500115
49727054336	49726814208	240128	512	6.916851
59540001280	59539843584	157696	512	8.184814
110703494144	110703341056	153088	512	5.171853
26854675968	26854481920	194048	512	7.730074
80255755264	80255605760	149504	512	5.799824
136057376256	136057191424	184832	512	6.250104
125501469184	125501235200	233984	512	5.359318
60346846208	60346711552	134656	512	8.520576
11764956160	11764807680	148480	512	6.924466
78475460096	78475281920	178176	512	7.015356
67781308928	67781150208	158720	512	8.059067
101533275648	101533086720	188928	512	7.113878
127348336128	127348197888	138240	512	7.005808
115077054976	115076883968	171008	512	5.374836
58624378880	58624157184	221696	512	5.072840
131861025792	131860766720	259072	512	2.609219
1166033920	1165882368	151552	512	8.529649
19178052096	19177857024	195072	512	6.150514
146591076352	146590882304	194048	512	5.362350
142053336064	142053089792	246272	512	2.628212
112711456256	112711234560	221696	512	6.034679
51346318336	51346165248	153088	512	5.990790
94421027328	94420788736	238592	512	4.334004
32004491264	32004307968	183296	512	7.496430
135793032192	135792782848	249344	512	2.828800
5326586368	5326377472	208896	512	5.942841
85091613184	85091355136	258048	512	6.002446
114289123328	114288889344	233984	512	3.958300
33063900160	33063762944	137216	512	8.652702
127949206528	127949074432	132096	512	0.426106
145900305408	145900151808	153600	512	6.555434
30160825344	30160655872	169472	512	6.478517
69004099584	69003919872	179712	512	5.910458
3401873408	3401654784	218624	512	5.776049
4929999360	4929779200	220160	512	0.428495
100251421184	100251268096	153088	512	0.489354
26958413824	26958265856	147968	512	8.610306
86108713472	86108474880	238592	512	4.498887
39982644224	39982415360	228864	512	6.375738
46305573888	46305356288	217600	512	6.506475
42787697664	42787492352	205312	512	7.448554
3640524288	3640299520	224768	512	7.447526
4588951552	4588739584	211968	512	5.874319
305267200	305133568	133632	512	7.135315
126917736960	126917483520	253440	512	3.110699
151640800256	151640589824	210432	512	2.664740
38028183552	38027981312	202240	512	7.488857
32828898304	32828701696	196608	512	7.692827
41723171840	41722977792	194048	512	5.955496
140858494976	140858267136	227840	512	3.809714
92223433728	92223201280	232448	512	4.401448
155623778304	155623601664	176640	512	3.549661
141100474880	141100283904	190976	512	5.638526
131011098112	131010919424	178688	512	4.777427
48551093248	48550888448	204800	512	7.351702
126251993088	126251755520	237568	512	4.054046
57364636160	57364489728	146432	512	8.363684
136680927232	136680700416	226816	512	5.147775
134483488256	134483336704	151552	512	5.293252
142188346368	142188196352	150016	512	5.170843
104772089856	104771866112	223744	512	4.220939
32782622208	32782479360	142848	512	6.368744
2294738432	2294501888	236544	512	4.853072
118652830720	118652621312	209408	512	6.156224
106907549696	106907356160	193536	512	6.705245
56001461760	56001239552	222208	512	6.281585
116149608448	116149378048	230400	512	3.905728
106044194304	106044008448	185856	512	6.863616
76560153600	76559933440	220160	512	6.794315
117086524416	117086289408	235008	512	2.822842
78521656320	78521489920	166400	512	7.840784
93915991040	93915747840	243200	512	6.090751
28298906112	28298701824	204288	512	7.683570
82867764224	82867550208	214016	512	6.859066
138389773824	138389566464	207360	512	2.859667
155273342464	155273190400	152064	512	6.056755
113152216576	113152036864	179712	512	6.943067
85605815808	85605623296	192512	512	6.570801
97313712640	97313456640	256000	512	5.448143
79275394048	79275186176	207872	512	6.154402
144112845824	144112667136	178688	512	3.472522
84133291520	84133088768	202752	512	7.049041
151383181824	151382967808	214016	512	2.523176
182373376	182192640	180736	512	6.293837
61719677952	61719443456	234496	512	6.748129
126664607744	126664461312	146432	512	7.403558
96280886784	96280642560	244224	512	5.054852
156657256448	156657021952	234496	512	12.742615
31686044160	31685795840	248320	512	5.954831
152750259712	152750072320	187392	512	5.438534
97814561792	97814312448	249344	512	5.800213
29096523776	29096384000	139776	512	8.322871
44877871616	44877619200	252416	512	6.717102
82185611264	82185383936	227328	512	6.543402
145140293120	145140031488	261632	512	3.457727
37621439488	37621247488	192000	512	7.680894
8528657920	8528507904	150016	512	8.249388
52753908736	52753740288	168448	512	6.192261
133057235968	133057052672	183296	512	4.588606
23665660416	23665499136	161280	512	6.590766
132182152704	132181918208	234496	512	4.889552
29777491456	29777317376	174080	512	7.775284
103251258880	103251081728	177152	512	6.416264
127518473728	127518262272	211456	512	4.760408
139627930112	139627783680	146432	512	6.881609
76654541312	76654395392	145920	512	7.760836
23298736640	23298590720	145920	512	6.815361
90440612352	90440368128	244224	512	6.124784
69744959488	69744779264	180224	512	5.885971
38663459328	38663211008	248320	512	4.157655
23723346432	23723093504	252928	512	4.374679
69172907008	69172745216	161792	512	8.051756
155932971520	155932733952	237568	512	10.942108
37415812096	37415560704	251392	512	6.750655
74919503360	74919365632	137728	512	6.662014
63434944512	63434685952	258560	512	3.554473
114721675264	114721455104	220160	512	4.283605
35973896704	35973708800	187904	512	5.440005
9174136320	9173909504	226816	512	7.357750
9233730048	9233555968	174080	512	7.784806
84562391552	84562230272	161280	512	7.823780
51797003264	51796781568	221696	512	6.241833
54047078912	54046919680	159232	512	6.343112
89383425024	89383221248	203776	512	4.998724
55392968192	55392743936	224256	512	4.429420
21444817408	21444562432	254976	512	6.678962
135489531904	135489302016	229888	512	3.376411
78269207552	78268959232	248320	512	5.251318
5156322816	5156143104	179712	512	5.869314
987565056	987376640	188416	512	6.237595
89635420672	89635211264	209408	512	4.189429
138357770240	138357559808	210432	512	3.583429
110227730944	110227538944	192000	512	6.698922
94025586688	94025399808	186880	512	4.653655
90634696192	90634434048	262144	512	4.005023
104089300480	104089047040	253440	512	3.502270
95268403200	95268241408	161792	512	7.652652
36473993216	36473841152	152064	512	6.645830
82893072384	82892914176	158208	512	6.186121
3321833472	3321684992	148480	512	8.548365
17161262080	17161008128	253952	512	4.946833
38801189888	38800943104	246784	512	6.818146
148366224384	148366031872	192512	512	2.566711
129131279360	129131089920	189440	512	4.654628
57753887232	57753648128	239104	512	6.502873
146503094784	146502852096	242688	512	12.256387
97475404800	97475269120	135680	512	6.435173
114994443776	114994295808	147968	512	5.277535
90200941568	90200792576	148992	512	7.444481
55564389376	55564217344	172032	512	7.909052
61826002944	61825850880	152064	512	8.194349
5791287808	5791100416	187392	512	8.034351
91675957248	91675808768	148480	512	6.181505
59543460352	59543261696	198656	512	5.632148
93841411584	93841269248	142336	512	5.778421
31416513024	31416303104	209920	512	4.972978
54958096896	54957958144	138752	512	8.117803
120974375936	120974151168	224768	512	5.818641
55487004672	55486863872	140800	512	8.405003
82933582848	82933335552	247296	512	6.081004
118458138112	118457985536	152576	512	7.486384
44665868800	44665717760	151040	512	8.442827
105550169600	105549990912	178688	512	4.613054
141847927808	141847725568	202240	512	4.486582
124646468608	124646245888	222720	512	4.489974
124739287552	124739145216	142336	512	7.645630
10804781056	10804622848	158208	512	8.522283
83542236672	83541998592	238080	512	4.492055
45563056128	45562804736	251392	512	6.680613
1557444096	1557212672	231424	512	6.710486
34751278592	34751034880	243712	512	5.073611
47922033664	47921776640	257024	512	6.364032
54943024640	54942884864	139776	512	8.091580
37078926848	37078738944	187904	512	5.423894
134235336192	134235130880	205312	512	3.945075
100982389760	100982230016	159744	512	7.621458
115823874048	115823691264	182784	512	6.777409
55283910656	55283734016	176640	512	7.821927
67971006976	67970799616	207360	512	7.166004
84822415872	84822173696	242176	512	3.618978
7224299008	7224147456	151552	512	8.701129
88277770240	88277540352	229888	512	3.728314
87528589312	87528438784	150528	512	7.423607
4214000128	4213856768	143360	512	8.368954
115139428352	115139219456	208896	512	6.193690
25472600576	25472351232	249344	512	6.760190
97139155968	97138956288	199680	512	6.775826
116316524032	116316365312	158720	512	5.689740
63791162368	63790904832	257536	512	6.211016
79739020800	79738883584	137216	512	8.385328
65757409792	65757153792	256000	512	6.205261
123873518592	123873329664	188928	512	5.695820
78443461632	78443262464	199168	512	6.419727
123388770304	123388582400	187904	512	5.742144
31475676160	31475454464	221696	512	7.183059
3338924032	3338787328	136704	512	8.897255
6133843968	6133647360	196608	512	0.444494
110346066944	110345894912	172032	512	4.687545
10368633344	10368373760	259584	512	5.049316
33317088768	33316923392	165376	512	8.163694
44021254144	44021101568	152576	512	0.551704
80592327680	80592074240	253440	512	4.201918
34613522944	34613381632	141312	512	8.169795
100731617280	100731440128	177152	512	4.799163
88903752192	88903521792	230400	512	6.431179
118371860480	118371657728	202752	512	4.422424
122731671040	122731509760	161280	512	4.698992
140011873280	140011668992	204288	512	2.628004
19838943232	19838742528	200704	512	7.630368
126262566400	126262382080	184320	512	3.777533
122225171968	122224950784	221184	512	4.808650
103768587776	103768439808	147968	512	7.190040
60671605248	60671377920	227328	512	6.176755
48156439040	48156208640	230400	512	6.918515
76558500352	76558277120	223232	512	6.888015
6171494912	6171321344	173568	512	6.376141
92734302208	92734089728	212480	512	6.739433
113181562880	113181320192	242688	512	3.787732
52397750272	52397550592	199680	512	4.889874
158659275264	158659094016	181248	512	3.406863
117738358784	117738170368	188416	512	4.084638
21010223104	21009968640	254464	512	6.640234
151162758144	151162574848	183296	512	2.713595
99834567680	99834362880	204800	512	6.791123
56350317568	56350129664	187904	512	7.656865
6192340480	6192173568	166912	512	6.489662
18687230464	18687023616	206848	512	7.735231
95347835904	95347691008	144896	512	7.519158
102397330432	102397086208	244224	512	4.859153
101728263680	101728119808	143872	512	7.983206
115260428800	115260256256	172544	512	5.357037
59695881728	59695714816	166912	512	7.904399
11082055168	11081797120	258048	512	5.108907
92635189760	92634971648	218112	512	6.585746
86781130752	86780887040	243712	512	3.362778
64618572800	64618401792	171008	512	7.806653
28834082304	28833950208	132096	512	8.501548
126006499840	126006339072	160768	512	7.124822
76705484800	76705293824	190976	512	7.376544
158822526464	158822335488	190976	512	2.033577
14942834688	14942673408	161280	512	8.048039
40536110592	40535975936	134656	512	0.484859
75397209088	75397030912	178176	512	7.615983
73952510464	73952251392	259072	512	4.250810
21314635264	21314388992	246272	512	6.892605
151722206208	151722032640	173568	512	4.090496
29339515904	29339277312	238592	512	4.622324
60110129664	60109983744	145920	512	6.550759
57174969856	57174811136	158720	512	0.447786
133916812800	133916633600	179200	512	5.641919
26142985728	26142843904	141824	512	6.837055
23067543040	23067396608	146432	512	8.548160
56241383936	56241190912	193024	512	6.925682
71494466560	71494283264	183296	512	7.529099
155148661760	155148477952	183808	512	5.096664
63392994816	63392832000	162816	512	6.255683
102204333056	102204082176	250880	512	2.975802
27154023424	27153803776	219648	512	7.406331
11919044096	11918908928	135168	512	8.785929
1689860096	1689632768	227328	512	7.360895
41467354624	41467120640	233984	512	5.137646
79545368576	79545179136	189440	512	7.375189
120157109248	120156950528	158720	512	5.487830
72920731136	72920489472	241664	512	4.719842
34418603520	34418427904	175616	512	7.990298
81300410368	81300153856	256512	512	5.629537
23803100160	23802942976	157184	512	8.402383
159788283904	159788045312	238592	512	11.256459
140758040576	140757801472	239104	512	2.745613
70644667392	70644475392	192000	512	5.672892
131407827456	131407664640	162816	512	6.780212
70979876352	70979624960	251392	512	6.320178
91146255872	91146060800	195072	512	6.296518
99281759232	99281600512	158720	512	0.435023
141797841408	141797632512	208896	512	5.199671
33166460416	33166279168	181248	512	7.955443
155375366144	155375158272	207872	512	2.512610
84838192640	84838002176	190464	512	7.301901
158263972864	158263776768	196096	512	4.360882
29482650112	29482458112	192000	512	7.900654
153540965888	153540787712	178176	512	5.697550
86230815744	86230626816	188928	512	7.333059
81710851072	81710692864	158208	512	8.030685
45263348224	45263162880	185344	512	7.722010
16797797888	16797658112	139776	512	8.831521
2166425088	2166239232	185856	512	8.094665
112509314560	112509056000	258560	512	3.394324
104744685056	104744490496	194560	512	6.823653
58048707072	58048451072	256000	512	6.323119
10267126272	10266911232	215040	512	7.449649
45380459520	45380322816	136704	512	0.446462
107655351296	107655099392	251904	512	5.373239
30579661312	30579494400	166912	512	8.263643
27208065536	27207887872	177664	512	7.630721
77863560704	77863341568	219136	512	5.899269
136959450624	136959191552	259072	512	4.270479
140664532480	140664365568	166912	512	6.344993
114755800576	114755563008	237568	512	5.704004
65670128128	65669983232	144896	512	6.554382
44378063872	44377815040	248832	512	6.560825
94784058368	94783900672	157696	512	7.204159
125238455808	125238289920	165888	512	6.874603
55829131776	55828922880	208896	512	4.768936
156030090752	156029836288	254464	512	2.406834
57546558976	57546386944	172032	512	6.064947
143600108032	143599851008	257024	512	3.974999
32414406144	32414224384	181760	512	7.835483
62776437248	62776260096	177152	512	7.162856
35905854464	35905611776	242688	512	6.907043
33072990208	33072839680	150528	512	6.632144
114060103168	114059875328	227840	512	5.914320
46783621632	46783440896	180736	512	7.783506
116299602944	116299462144	140800	512	6.001120
140912214528	140912073216	141312	512	5.446327
22842890240	22842641920	248320	512	6.785330
29227744768	29227577856	166912	512	8.273445
120331497984	120331337216	160768	512	5.447578
133395116032	133394853888	262144	512	2.503486
132518262784	132518117888	144896	512	6.802570
3971343872	3971174912	168960	512	6.122238
67298613760	67298409472	204288	512	7.238496
148062482432	148062329344	153088	512	6.472174
157417080832	157416868352	212480	512	13.110277
80913063936	80912844800	219136	512	5.105137
5369099776	5368926208	173568	512	7.822692
60507538944	60507299328	239616	512	4.133705
145765666304	145765444096	222208	512	4.503149
65648168448	65647949312	219136	512	6.897274
84332848128	84332616704	231424	512	6.375625
40189554176	40189392896	161280	512	8.290949
32471640064	32471434240	205824	512	7.526089
3337056256	3336854528	201728	512	7.670481
112766715392	112766565888	149504	512	7.049984
106305587200	106305373696	213504	512	6.398203
39008998400	39008800768	197632	512	7.632818
117205362176	117205161984	200192	512	4.576561
20667899392	20667677184	222208	512	4.921200
77439473664	77439307264	166400	512	7.314870
27292431360	27292202496	228864	512	7.099217
99289411072	99289164288	246784	512	5.882213
157720159744	157719939072	220672	512	2.127149
11187608064	11187424256	183808	512	6.191460
52714563072	52714361344	201728	512	7.241423
50615618048	50615374848	243200	512	6.815338
58023912448	58023735296	177152	512	5.957441
8480575488	8480408064	167424	512	7.916504
91233349120	91233199616	149504	512	6.355557
130629532160	130629309952	222208	512	3.563431
58771215360	58770959872	255488	512	5.561483
32847641088	32847490560	150528	512	8.427442
106591504384	106591268864	235520	512	5.694330
25176219136	25176002048	217088	512	7.324594
112072759296	112072532992	226304	512	5.046937
103148123648	103147958784	164864	512	7.473468
97752430080	97752199168	230912	512	5.235115
51005600768	51005340672	260096	512	4.363173
73863606272	73863352832	253440	512	6.124666
85482547200	85482302976	244224	512	4.507554
43739895808	43739728384	167424	512	6.422339
5562547712	5562294784	252928	512	7.001341
43393432576	43393193472	239104	512	4.361035
44975172608	44975013376	159232	512	5.967317
141771058176	141770848256	209920	512	5.292912
69858982912	69858754048	228864	512	5.903085
146688129536	146687913984	215552	512	3.144738
57730982400	57730778624	203776	512	6.653434
125054391296	125054131712	259584	512	2.960918
20542090752	20541871104	219648	512	7.301699
117697080320	117696864768	215552	512	4.246535
40190717440	40190567936	149504	512	8.508527
91622264832	91622046208	218624	512	6.650292
93803377152	93803118080	259072	512	2.898981
127975780864	127975639552	141312	512	6.903689
121213873152	121213713408	159744	512	4.754014
31863603200	31863353344	249856	512	5.822976
7495216128	7494967808	248320	512	7.152606
59933969408	59933813760	155648	512	0.436953
48148037120	48147900928	136192	512	6.839809
48421987328	48421731328	256000	512	6.611643
61510997504	61510776832	220672	512	6.318826
101883541504	101883380224	161280	512	7.669051
78015153152	78014909952	243200	512	4.441187
105638009344	105637871104	138240	512	8.066238
25388406272	25388198400	207872	512	6.986803
69013231616	69013041152	190464	512	7.472397
63511051776	63510801408	250368	512	6.388944
74393961472	74393769984	191488	512	4.946025
121816573952	121816330240	243712	512	5.135933
145052183552	145052038144	145408	512	5.157245
143428684288	143428492800	191488	512	4.908012
32079978496	32079791616	186880	512	7.230040
148477087744	148476858368	229376	512	12.449275
61824266752	61824077312	189440	512	7.518275
99798002176	99797771776	230400	512	5.237906
149105873408	149105716736	156672	512	4.552924
64769075200	64768877056	198144	512	7.319883
123467263488	123467039744	223744	512	5.640523
78675426816	78675290112	136704	512	7.798932
111117825536	111117691904	133632	512	6.262834
102373660160	102373478400	181760	512	6.490582
41042344960	41042193408	151552	512	8.497768
96744891392	96744685056	206336	512	4.906930
56948043264	56947892736	150528	512	8.240653
28513105920	28512891904	214016	512	5.750365
59785199104	59785063936	135168	512	6.816315
142364483072	142364273664	209408	512	3.334874
155206482432	155206241792	240640	512	10.824280
151221890048	151221693952	196096	512	5.203284
109423890944	109423682560	208384	512	4.590159
68090874880	68090696192	178688	512	7.680614
150015621120	150015447040	174080	512	4.360125
153330103296	153329942016	161280	512	4.229988
11620064256	11619922944	141312	512	8.424275
89559117312	89558969856	147456	512	7.964038
47097793024	47097547264	245760	512	6.813921
156841446912	156841305600	141312	512	6.259680
54870652928	54870424064	228864	512	6.926954
135910007808	135909859840	147968	512	5.402987
60966146048	60965919744	226304	512	4.991178
19697090048	19696920064	169984	512	8.305711
86741927424	86741685760	241664	512	5.212992
142350560256	142350347264	212992	512	3.237745
26406504960	26406355968	148992	512	8.501544
120812699648	120812551168	148480	512	5.812848
89467595264	89467382272	212992	512	6.747157
121296078848	121295834624	244224	512	3.573407
80190920192	80190743552	176640	512	7.554614
145378244096	145378002944	241152	512	12.326512
38484566016	38484390912	175104	512	7.999351
139676153856	139676010496	143360	512	5.250808
53867739136	53867527168	211968	512	4.687769
95044771328	95044553728	217600	512	6.438080
87429147136	87428986368	160768	512	7.958345
114601302528	114601096704	205824	512	6.236877
19986050048	19985893376	156672	512	6.341613
108105694208	108105451520	242688	512	5.770700
112737413120	112737209856	203264	512	6.440481
13476253696	13476051968	201728	512	6.012959
118152393216	118152219648	173568	512	5.198956
120957635584	120957417984	217600	512	4.190419
134413662720	134413459456	203264	512	4.091796
21857057280	21856893440	163840	512	7.883856
154163670528	154163505152	165376	512	4.376286
4098895872	4098720256	175616	512	8.248837
101691670016	101691475456	194560	512	6.961483
96690395136	96690138624	256512	512	3.992192
5684141056	5683976704	164352	512	8.258575
125149857280	125149708288	148992	512	6.667700
46714910208	46714700288	209920	512	4.874713
154304834048	154304584192	249856	512	12.973276
81366507008	81366303232	203776	512	6.968392
92813234688	92813064704	169984	512	5.722772
77784277504	77784127488	150016	512	8.076628
7641615872	7641439232	176640	512	8.087503
5873193984	5873009664	184320	512	5.771060
76889378816	76889236992	141824	512	8.320224
100798431744	100798252032	179712	512	7.306883
7754540544	7754339840	200704	512	5.499603
59266718720	59266578944	139776	512	8.404176
131825959424	131825732608	226816	512	3.426672
94449546240	94449346048	200192	512	6.939756
28397605376	28397381632	223744	512	4.960171
104730130432	104729896960	233472	512	5.971433
147728573952	147728377344	196608	512	2.483408
24730860032	24730615808	244224	512	6.864008
9431691264	9431543296	147968	512	6.516604
144486656000	144486419968	236032	512	2.597852
92949856256	92949642240	214016	512	6.719578
49946899456	49946685952	213504	512	7.350035
134213297152	134213160448	136704	512	6.965650
115879308288	115879127552	180736	512	6.169314
41676327936	41676145664	182272	512	6.098103
15539085312	15538944000	141312	512	8.648136
100071959040	100071735808	223232	512	4.402683
15603008000	15602777088	230912	512	7.353305
13121711104	13121578496	132608	512	8.856969
24250917376	24250726400	190976	512	5.987169
78397440512	78397263360	177152	512	5.758620
13794504192	13794347008	157184	512	8.117929
143529033216	143528803328	229888	512	4.574617
128924890624	128924757504	133120	512	7.162832
91984826368	91984663040	163328	512	7.761864
58355747840	58355493376	254464	512	3.757258
49410123264	49409879040	244224	512	4.236589
67248668160	67248536064	132096	512	8.582281
52779667456	52779453440	214016	512	7.148946
1689787392	1689624576	162816	512	6.690227
21303607296	21303398912	208384	512	7.635369
131464960000	131464740352	219648	512	5.511523
147275351040	147275120128	230912	512	4.245805
3174490624	3174313984	176640	512	8.233381
85630103040	85629947904	155136	512	6.219549
145337190400	145337022976	167424	512	6.148767
29792324608	29792077312	247296	512	6.238808
112870685184	112870487552	197632	512	6.550378
25745452544	25745203712	248832	512	6.950234
158413670912	158413531648	139264	512	5.532612
158592714240	158592550400	163840	512	5.429485
1083426304	1083167744	258560	512	6.200216
58326508544	58326248960	259584	512	5.445032
57705201152	57705034240	166912	512	5.701575
68364310016	68364164608	145408	512	8.365844
68553254400	68552992768	261632	512	4.359765
70195555328	70195335168	220160	512	6.936629
9376532480	9376379392	153088	512	8.586936
130301270016	130301045248	224768	512	3.462753
115427620864	115427382272	238592	512	5.640000
116467091456	116466928128	163328	512	7.366785
29043418112	29043156992	261120	512	6.747375
149634444288	149634272768	171520	512	5.861827
72623013376	72622789632	223744	512	5.067826
41540958208	41540704768	253440	512	4.908125
89583006720	89582745088	261632	512	3.781065
5471811072	5471660544	150528	512	8.560800
53220071424	53219823104	248320	512	6.533551
154489903616	154489643008	260608	512	11.909099
38177888256	38177700864	187392	512	7.253793
61060297216	61060103168	194048	512	5.715463
157254829568	157254615040	214528	512	4.102049
142821715968	142821498368	217600	512	4.885128
4166569984	4166367232	202752	512	7.240493
47232401920	47232198144	203776	512	7.374877
35956360704	35956205056	155648	512	7.905979
98762594816	98762437632	157184	512	7.774080
104710806016	104710597120	208896	512	6.500164
14899627520	14899414528	212992	512	7.639056
138919746560	138919511552	235008	512	3.124546
16790075392	16789831680	243712	512	7.156946
96071596032	96071357440	238592	512	5.230458
91049606656	91049352704	253952	512	4.138347
88946500096	88946276352	223744	512	4.760975
119902808064	119902560768	247296	512	2.210701
61120825856	61120631808	194048	512	6.862158
84609206272	84608977920	228352	512	5.716774
114055208448	114055054848	153600	512	7.603672
105039121408	105038920704	200704	512	5.781277
130438975488	130438737408	238080	512	3.156489
19081807360	19081638400	168960	512	6.403409
75235585536	75235396096	189440	512	6.814736
104560886784	104560750080	136704	512	8.115833
117044094976	117043952640	142336	512	7.191524
155172657152	155172417536	239616	512	12.223381
51585740800	51585508352	232448	512	4.241351
114780196864	114779977216	219648	512	5.914104
122722366464	122722164736	201728	512	3.565069
82230983680	82230772224	211456	512	4.375481
116044449280	116044264960	184320	512	6.044868
123266944512	123266724864	219648	512	5.938870
123212764160	123212578304	185856	512	5.812234
86051402752	86051154944	247808	512	6.164482
82364050944	82363841536	209408	512	5.042435
107866529792	107866360320	169472	512	4.892300
100190447104	100190187520	259584	512	5.620234
51324698624	51324448256	250368	512	5.670830
77383707648	77383498752	208896	512	5.227962
148952851968	148952619008	232960	512	4.387097
84109266432	84109073408	193024	512	7.232993
113403297792	113403045376	252416	512	5.299152
19503692800	19503477248	215552	512	6.990098
22953148416	22952967168	181248	512	8.086360
82569062400	82568912384	150016	512	6.368910
43598451712	43598296576	155136	512	7.851514
25988923392	25988661248	262144	512	4.879004
131529452544	131529274880	177664	512	4.716357
13813552640	13813389312	163328	512	8.418883
77476329984	77476076544	253440	512	5.315958
143158597632	143158346752	250880	512	2.425763
14865263616	14865008640	254976	512	6.930710
94829860352	94829725184	135168	512	0.465295
52228502528	52228315648	186880	512	7.038208
147012469248	147012255232	214016	512	4.741067
99457015808	99456832000	183808	512	7.204337
93133532160	93133303296	228864	512	4.633723
7451312640	7451062272	250368	512	7.068295
58582679552	58582495232	184320	512	7.114528
80221136896	80220877312	259584	512	4.079196
13084390400	13084175360	215040	512	5.250652
31437120000	31436904960	215040	512	6.637845
135110734336	135110539776	194560	512	5.193347
141559783936	141559531520	252416	512	12.198019
118754963456	118754705408	258048	512	1.935797
117878528000	117878283776	244224	512	5.337246
3681114112	3680967168	146944	512	8.302199
47319371776	47319176704	195072	512	7.672136
95606865408	95606606848	258560	512	5.693871
145849827328	145849587712	239616	512	4.250578
73561731584	73561526784	204800	512	7.130370
26656961024	26656709632	251392	512	6.911822
10869293056	10869042688	250368	512	6.352410
145470142976	145469908480	234496	512	2.362389
139489476096	139489337344	138752	512	5.484399
132836001792	132835809280	192512	512	5.372091
109971994624	109971859968	134656	512	5.798840
135124355584	135124094464	261120	512	12.466433
8670567936	8670324224	243712	512	7.143760
14891249664	14891067904	181760	512	6.380944
44324839424	44324632576	206848	512	5.628583
22291147776	22290926592	221184	512	6.738999
107291709440	107291549696	159744	512	5.629908
142662675456	142662423552	251904	512	3.918292
65241267712	65241030656	237056	512	4.795825
114562671104	114562523648	147456	512	7.744815
31374538752	31374358016	180736	512	7.978809
47065447424	47065273344	174080	512	8.080880
125392506368	125392248320	258048	512	2.797091
55315835904	55315631616	204288	512	7.291967
19816968704	19816759296	209408	512	7.464965
15487139840	15486897664	242176	512	6.920283
154433802752	154433631232	171520	512	5.944983
112462505984	112462344704	161280	512	5.646017
126412505088	126412357632	147456	512	4.921500
13711644160	13711416320	227840	512	7.425037
5712112128	5711970816	141312	512	8.680373
102321969664	102321786368	183296	512	5.301828
37642830336	37642672640	157696	512	8.364961
50767216640	50767053312	163328	512	0.453616
11475465728	11475265024	200704	512	7.716134
26304126464	26303954432	172032	512	7.730085
12563789312	12563646464	142848	512	8.400199
90870513152	90870300160	212992	512	6.620016
6324614144	6324363264	250880	512	4.554537
85388440576	85388281344	159232	512	5.581436
142112497152	142112361984	135168	512	7.235094
79224950784	79224804352	146432	512	8.189526
36737369600	36737176064	193536	512	7.738442
88373190656	88373011968	178688	512	5.688444
114700630528	114700462592	167936	512	6.449379
78143689728	78143430144	259584	512	4.193225
138886441984	138886248960	193024	512	4.194026
110868520448	110868388864	131584	512	7.536299
51116124672	51115982848	141824	512	8.024265
56755162112	56754970624	191488	512	5.654841
53018879488	53018729472	150016	512	7.862115
30776127488	30775945728	181760	512	7.946153
119241706496	119241484800	221696	512	2.948057
142270978048	142270740480	237568	512	12.680752
83275379200	83275149824	229376	512	6.561258
8613443072	8613211648	231424	512	7.323061
107558487040	107558309376	177664	512	5.400531
101671753728	101671586304	167424	512	7.496392
14832431616	14832230400	201216	512	5.811295
136464715264	136464534016	181248	512	3.656993
74400624128	74400450560	173568	512	7.124165
90309839360	90309693440	145920	512	6.277328
89773196800	89772966912	229888	512	6.260608
116420656128	116420460032	196096	512	6.619342
142832552448	142832309760	242688	512	12.527733
13509415424	13509210112	205312	512	7.173635
148794575872	148794359296	216576	512	4.917615
125751196672	125751019008	177664	512	4.051279
96571284480	96571129344	155136	512	7.774636
140656896512	140656648704	247808	512	2.284537
11757291520	11757097472	194048	512	7.940174
45927608320	45927450624	157696	512	8.206770
23859650560	23859444736	205824	512	7.611441
47474440192	47474266112	174080	512	7.923835
1207629312	1207434240	195072	512	6.156335
121015924224	121015754240	169984	512	6.989867
91675908096	91675742720	165376	512	7.578802
83544430592	83544281600	148992	512	8.044201
135968905216	135968652800	252416	512	2.469019
152792158208	152791911424	246784	512	3.337086
156433638400	156433440256	198144	512	2.925125
53757029888	53756825088	204800	512	5.401154
146834246656	146834109440	137216	512	7.041825
55035092480	55034933760	158720	512	8.082128
103913046528	103912841216	205312	512	4.648010
52586148864	52585905152	243712	512	6.605139
47888454656	47888310784	143872	512	8.478206
36364836864	36364635648	201216	512	5.162957
111808500736	111808281088	219648	512	6.122341
138062655488	138062489088	166400	512	4.790140
29343527424	29343353344	174080	512	7.622491
39242176000	39242031616	144384	512	0.398051
14652635648	14652492800	142848	512	8.793514
67471171584	67471033856	137728	512	0.419892
158251343872	158251082752	261120	512	11.476092
126220443136	126220291072	152064	512	5.497622
104595665920	104595526656	139264	512	7.913809
135770284544	135770094592	189952	512	6.168294
35926295552	35926120960	174592	512	5.705696
111214967296	111214710272	257024	512	2.415642
68809940992	68809700352	240640	512	6.533322
80003135488	80002910208	225280	512	4.778918
92232251904	92232041472	210432	512	4.890966
151002663424	151002433536	229888	512	2.040287
101172666880	101172447744	219136	512	6.490189
68659462144	68659317760	144384	512	6.045779
5218075648	5217936896	138752	512	8.715111
63992794112	63992559104	235008	512	4.823317
127443301888	127443064832	237056	512	5.039361
130593742336	130593499136	243200	512	4.771199
95845097984	95844843008	254976	512	5.603377
87403840000	87403666432	173568	512	5.806813
147217595392	147217398784	196608	512	3.721614
120723770880	120723609600	161280	512	6.512490
41897071616	41896873472	198144	512	5.780367
71557950464	71557741056	209408	512	6.328406
10776410112	10776147968	262144	512	6.810422
84859007488	84858814976	192512	512	7.239299
91606464512	91606332928	131584	512	8.430325
153227176448	153226931712	244736	512	13.450061
29892027904	29891824128	203776	512	5.793285
148091430912	148091191296	239616	512	2.018923
127062405120	127062184448	220672	512	4.480162
68610898944	68610718208	180736	512	5.907176
28031526912	28031341056	185856	512	7.871279
103276991488	103276788224	203264	512	5.739583
106917731328	106917496832	234496	512	5.816347
33950023680	33949842432	181248	512	7.858193
159958507008	159958266880	240128	512	10.110480
26300461568	26300212736	248832	512	6.251881
156298910720	156298703872	206848	512	12.140520
105480476672	105480328704	147968	512	5.902617
6698575360	6698437120	138240	512	8.853617
14363993088	14363847680	145408	512	6.953879
102620425728	102620255744	169984	512	7.348802
121588016128	121587770880	245248	512	3.483048
36592468480	36592293888	174592	512	7.489093
108470757376	108470568448	188928	512	6.998901
114711081984	114710925312	156672	512	7.519148
89501843968	89501601280	242688	512	6.105544
32895971840	32895720960	250880	512	4.971545
64471613952	64471464448	149504	512	7.802706
42567216640	42567016960	199680	512	7.586947
153264592384	153264418304	174080	512	4.096799
93978351104	93978212864	138240	512	8.115807
95696580096	95696389120	190976	512	6.361156
33320573440	33320372224	201216	512	5.706621
63203458048	63203254784	203264	512	6.613902
115003878400	115003616256	262144	512	2.145186
81009184256	81008969216	215040	512	6.797772
122425547776	122425354240	193536	512	6.479299
152930972672	152930741760	230912	512	3.761755
38852827136	38852564992	262144	512	3.895534
92990029824	92989774848	254976	512	5.674260
126559301632	126559092224	209408	512	4.842212
57290605056	57290445312	159744	512	5.843429
15242949632	15242778624	171008	512	8.135735
130120321024	130120109056	211968	512	3.820575
20720637952	20720486912	151040	512	8.447169
89986384384	89986231296	153088	512	7.360033
147077834240	147077681152	153088	512	6.773060
66508014080	66507764224	249856	512	4.543906
69300302336	69300121088	181248	512	7.673543
129280300544	129280056832	243712	512	3.866793
67456117760	67455877120	240640	512	6.515917
159916036096	159915896832	139264	512	3.994616
13597164032	13596961280	202752	512	7.595079
155585035776	155584833024	202752	512	2.993829
31852168192	31851963904	204288	512	6.875076
59426664448	59426488832	175616	512	7.283242
55788725248	55788476928	248320	512	5.711351
100083554304	100083361280	193024	512	6.836218
47256350720	47256142848	207872	512	5.532910
89404622336	89404362240	260096	512	3.815016
132932655104	132932436480	218624	512	5.336463
142258210816	142257962496	248320	512	12.345532
68114476544	68114322944	153600	512	8.172378
110831881728	110831718400	163328	512	5.588671
47221498368	47221350912	147456	512	8.380492
104339425792	104339286528	139264	512	7.451337
111983305216	111983100416	204800	512	6.480524
96369101312	96368921088	180224	512	7.238399
128884112896	128883914752	198144	512	6.073636
76376555008	76376395264	159744	512	7.964884
62761322496	62761190400	132096	512	8.677474
86085859328	86085646336	212992	512	5.070519
143456218624	143456077312	141312	512	5.430687
56682776576	56682564096	212480	512	6.478442
30204174848	30203944448	230400	512	7.196985
122273618944	122273456128	162816	512	0.414827
32358765056	32358624256	140800	512	8.181170
11705967616	11705768960	198656	512	7.671698
106538463232	106538323968	139264	512	0.412192
156211098112	156210904576	193536	512	4.786289
7568550400	7568320512	229888	512	6.711820
19125924864	19125773824	151040	512	0.407742
46071246848	46071092736	154112	512	6.065360
129996438528	129996231680	206848	512	5.727843
50265633792	50265455104	178688	512	7.319022
32301348864	32301114880	233984	512	4.493998
132713530368	132713354240	176128	512	4.875002
30882380288	30882144256	236032	512	5.366375
49138307584	49138156544	151040	512	6.074420
65170968064	65170750464	217600	512	6.967520
7675161600	7674923008	238592	512	7.164971
47895603712	47895421440	182272	512	5.987483
125480461312	125480281088	180224	512	6.730874
95036750336	95036615680	134656	512	8.259854
100744054784	100743812608	242176	512	6.032146
122179833344	122179623936	209408	512	5.985702
10563979776	10563812864	166912	512	8.384281
48752777216	48752628224	148992	512	6.676560
37723076608	37722855936	220672	512	4.763639
12373181952	12372962816	219136	512	5.586416
129538736640	129538591744	144896	512	7.361730
83493194240	83493031936	162304	512	7.865011
76643932672	76643726336	206336	512	6.374722
128219492864	128219248128	244736	512	3.337872
40703782400	40703635456	146944	512	8.049363
39762324992	39762117120	207872	512	6.761786
147494219776	147493987328	232448	512	4.449323
24688791552	24688604160	187392	512	5.650935
42581470720	42581265920	204800	512	7.436053
49603134976	49602948096	186880	512	5.367453
53172164608	53171964928	199680	512	5.596872
46345880064	46345669120	210944	512	7.273299
30284644352	30284423168	221184	512	6.784347
126878642688	126878510592	132096	512	5.371997
37045630464	37045488640	141824	512	8.212721
75021363200	75021146112	217088	512	4.376383
50470938624	50470710272	228352	512	6.261369
79154385408	79154177536	207872	512	7.050302
113783137792	113782915584	222208	512	6.064415
39454491136	39454252032	239104	512	6.967733
14829191680	14828932608	259072	512	4.823567
76553463296	76553278976	184320	512	7.481904
26746194432	26745982976	211456	512	6.949018
2565680640	2565502464	178176	512	8.076724
27067396096	27067181056	215040	512	7.352809
151370361856	151370136576	225280	512	3.941919
34087674368	34087531520	142848	512	8.644201
119818382848	119818184704	198144	512	4.649402
91771211776	91770951168	260608	512	4.023456
132248872448	132248640000	232448	512	5.200018
58533800960	58533621248	179712	512	7.762946
73558917632	73558716928	200704	512	5.365696
127123908096	127123742208	165888	512	6.889659
40141820928	40141582336	238592	512	5.201845
82790697472	82790473728	223744	512	6.477533
120275601920	120275382784	219136	512	5.928722
121017011712	121016785920	225792	512	5.697999
40644170752	40644024832	145920	512	8.574696
5297519616	5297342976	176640	512	8.193616
159937217536	159937062912	154624	512	2.676952
115452340224	115452128768	211456	512	4.345834
140952668160	140952419328	248832	512	2.232986
135347601920	135347399168	202752	512	5.782687
148905112064	148904941056	171008	512	5.163402
142551095296	142550940672	154624	512	6.031646
19608096768	19607909376	187392	512	7.880485
75086682624	75086479360	203264	512	7.153202
142176900096	142176729600	170496	512	6.432150
1893857792	1893637632	220160	512	7.355095
2140826624	2140571136	255488	512	0.415281
32506578944	32506368000	210944	512	0.439772
54669036032	54668851200	184832	512	7.679407
32009940992	32009762304	178688	512	7.915005
55119330304	55119105536	224768	512	5.180311
42680666112	42680407552	258560	512	4.841698
93050819072	93050571264	247808	512	3.241722
10476960256	10476767232	193024	512	7.833914
1723612672	1723354112	258560	512	6.864524
49220368896	49220120576	248320	512	6.570182
5612539392	5612278784	260608	512	6.147675
52742117376	52741951488	165888	512	8.094867
131010737152	131010478592	258560	512	2.759744
62501650944	62501438976	211968	512	5.284162
61603061248	61602804736	256512	512	6.200829
107567671296	107567410688	260608	512	3.586695
37729598976	37729340928	258048	512	3.988087
11427757056	11427573760	183296	512	8.011694
59891155456	59891019264	136192	512	0.607069
68505086976	68504839168	247808	512	0.506076
78583781888	78583624192	157696	512	6.200161
52324502016	52324306944	195072	512	7.468339
128524974080	128524778496	195584	512	4.482311
85845148672	85844988416	160256	512	7.953529
43454876672	43454623232	253440	512	6.553163
137497226240	137497078272	147968	512	6.487740
157878125056	157877920256	204800	512	4.080518
17266216960	17266054656	162304	512	8.533375
57098145792	57097960960	184832	512	5.331110
1216364544	1216157696	206848	512	7.709255
100024418304	100024221184	197120	512	5.135132
141284158976	141284003840	155136	512	6.047442
20203292160	20203046400	245760	512	6.417509
151945816064	151945674240	141824	512	4.178384
65512894976	65512690688	204288	512	6.562560
10556973056	10556801536	171520	512	8.301119
124151452160	124151244288	207872	512	6.035755
138488546304	138488297984	248320	512	2.596533
70418339328	70418079232	260096	512	6.135579
688727552	688482816	244736	512	6.947890
88593149952	88592915456	234496	512	4.364257
157436220416	157436055552	164864	512	5.442217
1666526720	1666392064	134656	512	8.834994
118558080512	118557936128	144384	512	6.977315
80510575104	80510347776	227328	512	6.638564
41293616640	41293429248	187392	512	7.871777
21463415296	21463160832	254464	512	6.702168
87762168832	87762002432	166400	512	0.424909
49927571456	49927351808	219648	512	5.396056
127822687744	127822470656	217088	512	2.819695
120636086784	120635828736	258048	512	4.984341
120114990080	120114778112	211968	512	6.070284
61259456512	61259212800	243712	512	6.536441
156038379520	156038223872	155648	512	3.097161
73768643584	73768464384	179200	512	7.612589
30671323136	30671139840	183296	512	8.045513
143405059584	143404858368	201216	512	2.732063
148149924864	148149757440	167424	512	4.557418
124226769408	124226588160	181248	512	4.901922
35696920064	35696676352	243712	512	4.275057
40824098304	40823842304	256000	512	4.966681
61926114816	61925961216	153600	512	8.269094
65165552640	65165386240	166400	512	7.946615
33790484992	33790321152	163840	512	8.197945
63460220928	63460042240	178688	512	7.703262
54499682816	54499535872	146944	512	8.369095
147344333312	147344166912	166400	512	4.584832
7624462336	7624223744	238592	512	7.046834
71257851904	71257718272	133632	512	8.604276
158689231360	158689051136	180224	512	3.432494
43931400704	43931185664	215040	512	7.282969
148405998080	148405759488	238592	512	2.501353
102687089152	102686936064	153088	512	5.806112
143832034816	143831879168	155648	512	5.945140
61425070080	61424856576	213504	512	6.978626
93518857728	93518660608	197120	512	5.454220
38513487872	38513349120	138752	512	8.615061
131541044224	131540807680	236544	512	3.251239
13753374208	13753179136	195072	512	5.583593
160022867456	160022721024	146432	512	3.768067
9445429760	9445174784	254976	512	6.259808
26941185536	26940992000	193536	512	7.880556
150030463488	150030272000	191488	512	3.831701
41482693120	41482442752	250368	512	4.998296
80992634880	80992494080	140800	512	8.266306
74277561344	74277370880	190464	512	7.350638
22243008512	22242771968	236544	512	7.104673
28193479168	28193330176	148992	512	8.180859
13260255232	13260033024	222208	512	6.902823
151100071424	151099810816	260608	512	3.251962
20899644416	20899412480	231936	512	6.528746
147699129856	147698993664	136192	512	5.196031
142008986624	142008847872	138752	512	6.604561
22481455616	22481282048	173568	512	8.213888
24536299520	24536090112	209408	512	7.450458
135038604288	135038358528	245760	512	3.442895
102148332544	102148147200	185344	512	7.035193
35343379456	35343153664	225792	512	5.299836
63503655424	63503452672	202752	512	7.235050
107361123840	107360876032	247808	512	3.878011
89114000896	89113867776	133120	512	6.605099
151231217152	151231030784	186368	512	3.717497
88638914048	88638670336	243712	512	4.140833
10997373952	10997198336	175616	512	6.337305
45605286912	45605141504	145408	512	6.222808
29590291968	29590072320	219648	512	4.989145
127608745984	127608510464	235520	512	5.086799
85123264000	85123071488	192512	512	7.179939
98951036416	98950780928	255488	512	5.716868
112116408832	112116180992	227840	512	4.143884
100352742400	100352532992	209408	512	5.799640
87536873984	87536673792	200192	512	6.177786
59979455488	59979222528	232960	512	6.805987
8650706944	8650463744	243200	512	7.135989
41117534720	41117335552	199168	512	5.205019
33326950912	33326719488	231424	512	5.161675
1339846144	1339603456	242688	512	4.677612
43819225600	43819057664	167936	512	5.823992
57231947264	57231710208	237056	512	6.671045
6222697984	6222510080	187904	512	6.259439
7617991168	7617805312	185856	512	7.837980
67917284864	67917120000	164864	512	7.962734
8694502400	8694277632	224768	512	7.405795
137426638336	137426404352	233984	512	3.151128
152791552	152565248	226304	512	6.826658
123538780160	123538643456	136704	512	7.214790
120537736704	120537541632	195072	512	4.620784
48141830144	48141690368	139776	512	8.583531
107402581504	107402446336	135168	512	6.357394
25673026560	25672779776	246784	512	6.866117
31152974336	31152793088	181248	512	8.078568
151354469888	151354269696	200192	512	5.119586
60389069824	60388863488	206336	512	7.286850
78285831168	78285696000	135168	512	7.909936
24115610624	24115395072	215552	512	5.690861
138567698432	138567512064	186368	512	3.487848
5049345536	5049134080	211456	512	7.656904
20975157248	20974930432	226816	512	7.173627
73151483904	73151284224	199680	512	7.174799
94543647744	94543386624	261120	512	5.499598
154057960448	154057777152	183296	512	5.616504
131656857088	131656694784	162304	512	6.971375
11983278080	11983111680	166400	512	8.349662
74552022528	74551826432	196096	512	5.460087
91126228480	91126074880	153600	512	7.864463
114842501120	114842265088	236032	512	2.848997
16261702144	16261553152	148992	512	8.524682
94656440832	94656286208	154624	512	7.904992
68848063488	68847907328	156160	512	7.534146
85197389312	85197170688	218624	512	5.929478
84925712896	84925533184	179712	512	5.635797
121767719424	121767549440	169984	512	5.268854
137757234176	137757010944	223232	512	5.019812
95480541184	95480397824	143360	512	8.057466
103778477056	103778316800	160256	512	5.094507
79081311232	79081167872	143360	512	7.743285
61938935808	61938679296	256512	512	5.531214
96916715008	96916541440	173568	512	7.468107
59795223040	59794968576	254464	512	6.342825
132032698880	132032460288	238592	512	8.317692
98140639232	98140481024	158208	512	5.307948
19372871168	19372660224	210944	512	7.435267
2828087808	2827854336	233472	512	5.362427
124551347712	124551121408	226304	512	5.636090
17823975936	17823753728	222208	512	3.311830
125209754112	125209596928	157184	512	7.309297
90269075456	90268814848	260608	512	4.026591
123873751552	123873612288	139264	512	5.352211
101593512448	101593291776	220672	512	4.493032
3119265792	3119089152	176640	512	8.238543
34153467904	34153230336	237568	512	6.202280
129940438016	129940296192	141824	512	7.496473
100724014080	100723829248	184832	512	6.406810
30535969792	30535799296	170496	512	6.362377
47406935040	47406737920	197120	512	6.944045
80054204416	80054069248	135168	512	6.152342
47791214592	47791066624	147968	512	8.539857
63832748544	63832577024	171520	512	5.463905
105793427968	105793255424	172544	512	7.272734
98647296000	98647143936	152064	512	7.780218
73770342912	73770199552	143360	512	8.287325
122364161024	122363948544	212480	512	5.000123
118232489472	118232293376	196096	512	3.715706
82300185600	82299960320	225280	512	6.658306
103411512832	103411309568	203264	512	5.739860
102043023872	102042828288	195584	512	6.979638
158156805120	158156635648	169472	512	4.298925
149413897216	149413640192	257024	512	11.466069
51454592512	51454363136	229376	512	6.841984
100194736640	100194584064	152576	512	7.864110
84718362112	84718105600	256512	512	5.846835
16466152960	16466004480	148480	512	8.531501
159726307840	159726052864	254976	512	9.486817
99481341440	99481093120	248320	512	4.036508
60256098816	60255870464	228352	512	6.111868
54063647744	54063453184	194560	512	7.496472
100481064960	100480883712	181248	512	7.145576
140504856064	140504602624	253440	512	7.313027
61632564224	61632315904	248320	512	4.595705
114789441024	114789274624	166400	512	7.166497
171756544	171584512	172032	512	8.165483
102680760832	102680561152	199680	512	4.797049
153694146560	153693928448	218112	512	4.194678
70315697152	70315469824	227328	512	5.899643
115316697600	115316437504	260096	512	4.943927
894779392	894527488	251904	512	5.026699
103389030400	103388859904	170496	512	7.172425
90867227648	90867080192	147456	512	8.113812
149470214656	149469998592	216064	512	4.929953
22805513216	22805332992	180224	512	7.553798
96111719424	96111580672	138752	512	6.441096
38304770048	38304546816	223232	512	5.319580
58376060928	58375856640	204288	512	6.592523
58116585984	58116436992	148992	512	7.843806
87719080448	87718925312	155136	512	5.552684
71822125056	71821901312	223744	512	6.831256
21677561856	21677304832	257024	512	4.944731
99643146752	99642956800	189952	512	7.081360
114678793216	114678540800	252416	512	2.371199
66255108608	66254925824	182784	512	7.619574
139925906432	139925761536	144896	512	5.321621
79006294016	79006088192	205824	512	5.129945
41939798528	41939597312	201216	512	5.850274
155183530496	155183397888	132608	512	6.576562
75060110336	75059947008	163328	512	7.911787
33415409664	33415180800	228864	512	5.333500
109927867392	109927701504	165888	512	5.589026
117039348736	117039111680	237056	512	3.778650
154957682688	154957469184	213504	512	3.779883
20287157248	20286996480	160768	512	6.546005
44989739008	44989560320	178688	512	6.047278
155644840448	155644704768	135680	512	6.394862
33093705216	33093508096	197120	512	5.800029
56067722240	56067556352	165888	512	6.131570
118146977792	118146836480	141312	512	7.787676
5202864640	5202609664	254976	512	4.977743
86595729408	86595582464	146944	512	7.434102
38602085888	38601940480	145408	512	6.797528
137130525696	137130307584	218112	512	5.303826
108515876352	108515642368	233984	512	3.958875
54303630848	54303403520	227328	512	6.237492
83895546880	83895414784	132096	512	0.348357
69466467328	69466288640	178688	512	0.427748
97155688448	97155451904	236544	512	4.255736
38547179008	38546971136	207872	512	7.487890
86217246208	86217087488	158720	512	7.928418
144105571840	144105383936	187904	512	5.002524
37044978176	37044813312	164864	512	7.702671
84440791552	84440538112	253440	512	6.075966
96589261824	96589003264	258560	512	3.818875
129794241536	129794094592	146944	512	7.364106
47876452864	47876271104	181760	512	7.749825
82965791232	82965656576	134656	512	0.408707
23228089344	23227887616	201728	512	5.410415
34959029760	34958809600	220160	512	5.534595
43140224000	43140034048	189952	512	7.163582
148652744192	148652598784	145408	512	5.128610
158534201856	158534049792	152064	512	4.990919
37863468032	37863290880	177152	512	8.042717
67254626816	67254404608	222208	512	5.135197
135932456448	135932268032	188416	512	4.329988
102477681152	102477538816	142336	512	6.085684
106132050944	106131868160	182784	512	5.326272
22238188544	22238009344	179200	512	8.086486
21450772480	21450607616	164864	512	6.465844
146066670592	146066464768	205824	512	2.379676
33347874816	33347736576	138240	512	8.718401
135655764480	135655538688	225792	512	3.373223
156048606720	156048368128	238592	512	1.563928
55177333760	55177090560	243200	512	5.865823
45927014400	45926806528	207872	512	7.308432
82691236352	82691104256	132096	512	6.670840
95116816384	95116635648	180736	512	6.613233
13455566336	13455408640	157696	512	8.509410
38995502080	38995340800	161280	512	8.313564
111575549440	111575356416	193024	512	4.128378
66984250368	66984096256	154112	512	7.648818
68928951296	68928708608	242688	512	4.700169
19723254272	19723090944	163328	512	7.999852
38607437312	38607258112	179200	512	0.420735
156357884928	156357692416	192512	512	4.518801
23926453760	23926315520	138240	512	8.371840
65459733504	65459487232	246272	512	6.421004
19099863552	19099608576	254976	512	4.927265
61521789440	61521591808	197632	512	6.794448
76835719680	76835579904	139776	512	6.148414
143454511616	143454330368	181248	512	4.298457
77398878208	77398687744	190464	512	7.377539
16142440448	16142239232	201216	512	5.324813
51264745984	51264597504	148480	512	8.347031
38417904640	38417642496	262144	512	3.886954
36255341056	36255191552	149504	512	8.446051
62176470016	62176232960	237056	512	4.033683
140619443712	140619246080	197632	512	3.854488
146222823424	146222562816	260608	512	2.305401
129299726336	129299560960	165376	512	7.003518
78247666176	78247459840	206336	512	6.216239
146446728704	146446540800	187904	512	5.553053
42727026688	42726817792	208896	512	5.033007
124143056896	124142918144	138752	512	5.892897
22801937408	22801795584	141824	512	8.312488
98284445696	98284292608	153088	512	6.003485
56064506880	56064366592	140288	512	8.429646
125696361984	125696127488	234496	512	3.356538
119444191744	119443983872	207872	512	4.416444
128927668224	128927411712	256512	512	12.758840
36857543680	36857326080	217600	512	4.780858
15306917376	15306694144	223232	512	5.463571
59128779264	59128604672	174592	512	6.114093
78857125888	78856987648	138240	512	7.858791
57936997888	57936785408	212480	512	4.699975
142624930304	142624793600	136704	512	7.340051
82983051264	82982845440	205824	512	6.897887
21706776064	21706552832	223232	512	7.208382
114521461760	114521304576	157184	512	6.740221
46970937344	46970797568	139776	512	8.120423
51521085440	51520882176	203264	512	7.349687
63417643008	63417490944	152064	512	7.717954
43049274880	43049058816	216064	512	5.414945
116934818816	116934685184	133632	512	6.234024
115091419648	115091219968	199680	512	6.571691
16575419392	16575200256	219136	512	7.492576
54027107328	54026948608	158720	512	0.459278
109874711040	109874560000	151040	512	6.023042
53259729408	53259501056	228352	512	4.434819
34065017856	34064822784	195072	512	5.964094
98996411392	98996261376	150016	512	7.818368
92245371392	92245146624	224768	512	4.594958
89957905408	89957714944	190464	512	7.079752
46957492224	46957248000	244224	512	4.189772
125364211712	125363988992	222720	512	5.618131
34788687872	34788430848	257024	512	3.988242
66307629568	66307379712	249856	512	6.360031
63125853696	63125716992	136704	512	6.748256
81640978432	81640832000	146432	512	7.617779
35506530304	35506381312	148992	512	8.030380
117691474944	117691297280	177664	512	5.138805
8054818816	8054651392	167424	512	8.255029
129101255680	129101038592	217088	512	4.587618
159540028416	159539832832	195584	512	4.166782
24011003904	24010866688	137216	512	8.706355
158770310656	158770072576	238080	512	3.331705
19423371776	19423167488	204288	512	5.992140
85164848128	85164680192	167936	512	7.676941
92060000768	92059839488	161280	512	0.418423
37529298944	37529048064	250880	512	5.924103
97112811008	97112668672	142336	512	6.373944
73087965184	73087736320	228864	512	4.988059
146432630272	146432478720	151552	512	4.863024
58074993664	58074755584	238080	512	6.700179
77232454144	77232260608	193536	512	4.900774
25683717632	25683567616	150016	512	6.728531
59309485568	59309344256	141312	512	6.711582
148053922816	148053690368	232448	512	2.221167
101574640640	101574380032	260608	512	3.601383
58052614144	58052387840	226304	512	6.847943
135897772032	135897609728	162304	512	6.011780
144772179968	144772044288	135680	512	7.206137
27529887744	27529643008	244736	512	6.818091
52121564672	52121337344	227328	512	5.125558
127379703296	127379454976	248320	512	3.702195
51570208768	51569965568	243200	512	5.828706
71844114944	71843936256	178688	512	5.961403
113021118464	113020931584	186880	512	6.824976
63583891456	63583721472	169984	512	6.071614
23604055040	23603861504	193536	512	7.704065
113224422400	113224196096	226304	512	4.101062
68895157248	68895020032	137216	512	8.403552
116549660160	116549438976	221184	512	4.998978
117242550784	117242399232	151552	512	5.188694
33127943168	33127784448	158720	512	8.383124
55657939968	55657697792	242176	512	6.490487
98815647744	98815474176	173568	512	5.527181
139179531264	139179381248	150016	512	7.128198
138792449536	138792310272	139264	512	5.534508
64010817536	64010676224	141312	512	6.637481
4388996096	4388805632	190464	512	7.489608
102191624192	102191403520	220672	512	4.176439
24468968960	24468768256	200704	512	5.834635
42718440960	42718179840	261120	512	3.886821
117536340992	117536167424	173568	512	5.201348
156038806016	156038670848	135168	512	5.683048
97606092800	97605848064	244736	512	3.082312
67003056640	67002816000	240640	512	3.953943
105683789824	105683633664	156160	512	7.498615
9478174208	9477986304	187904	512	7.437977
22903917568	22903744000	173568	512	0.470519
80583518208	80583274496	243712	512	4.419589
86433236480	86433066496	169984	512	7.616424
92633376256	92633226240	150016	512	7.889780
141829965312	141829814784	150528	512	5.012622
150295372288	150295199744	172544	512	6.186766
90430339072	90430090240	248832	512	6.062669
40599988736	40599804416	184320	512	7.906062
27642720768	27642512384	208384	512	7.619087
71475080704	71474890752	189952	512	7.497263
33626201600	33626038272	163328	512	8.227038
20832878592	20832685056	193536	512	7.892793
155533619712	155533370880	248832	512	2.533532
56727318528	56727119872	198656	512	5.457279
42531362816	42531155456	207360	512	5.612382
104546200064	104545990144	209920	512	6.444572
27520091136	27519917056	174080	512	6.309432
11146232832	11146001920	230912	512	4.967139
87495353856	87495201280	152576	512	7.885892
72331544576	72331409408	135168	512	8.559161
94572456960	94572309504	147456	512	7.435949
137179613696	137179424768	188928	512	4.210091
140112168448	140112006144	162304	512	4.661335
101101599232	101101465600	133632	512	7.742356
64676521472	64676319744	201728	512	6.602773
50629166592	50628930560	236032	512	6.973076
66429819392	66429681152	138240	512	8.498423
78450581504	78450343936	237568	512	5.499178
157251433472	157251194880	238592	512	3.296709
106274624512	106274481664	142848	512	7.374886
41578979840	41578735104	244736	512	6.044922
81934006272	81933788672	217600	512	6.783476
41747993600	41747833344	160256	512	8.343510
1998607872	1998403584	204288	512	7.198246
95510428672	95510176768	251904	512	3.031626
42306167808	42305930240	237568	512	5.106121
158988405248	158988144128	261120	512	11.276173
113588595712	113588404736	190976	512	4.972829
79457643520	79457451008	192512	512	6.576534
108662702592	108662502912	199680	512	6.699972
146986971648	146986790912	180736	512	5.710348
72842515968	72842379776	136192	512	6.728155
141834841600	141834611200	230400	512	12.883429
67180033536	67179897344	136192	512	6.248180
51722235392	51722021376	214016	512	7.151009
61412618752	61412415488	203264	512	5.449626
62802076160	62801939968	136192	512	8.068202
4510800896	4510589952	210944	512	7.477741
139296070656	139295938560	132096	512	6.862211
44500181504	44500018688	162816	512	5.837527
64554511360	64554306048	205312	512	5.427890
119622899200	119622704640	194560	512	6.497280
10247520256	10247290880	229376	512	7.210982
34245723648	34245544448	179200	512	0.440451
23704283136	23704075264	207872	512	5.281970
93531636736	93531385344	251392	512	5.964296
52315518464	52315373056	145408	512	8.397909
74410155520	74410002432	153088	512	7.591131
31215343616	31215166976	176640	512	7.595757
18156430336	18156279296	151040	512	8.487515
564690944	564515840	175104	512	6.030019
23271884800	23271635456	249344	512	6.192544
92875095040	92874950144	144896	512	5.778740
52224038912	52223848960	189952	512	5.216492
13203577856	13203357184	220672	512	7.489604
151924254208	151924016128	238080	512	11.870917
29099528704	29099383808	144896	512	8.248887
25037463552	25037326336	137216	512	7.051066
63347584512	63347401216	183296	512	5.794412
1394120704	1393968128	152576	512	8.517008
116615069184	116614859776	209408	512	6.318879
89369607168	89369449984	157184	512	7.758854
149744726528	149744499712	226816	512	2.835515
75016813568	75016657408	156160	512	7.530578
102227229696	102226989568	240128	512	6.050051
5492132352	5491980288	152064	512	8.548079
11234880000	11234627072	252928	512	6.801437
51418797568	51418647040	150528	512	8.302925
119306578944	119306440192	138752	512	7.827650
132932005376	132931851264	154112	512	7.079453
106152301568	106152137728	163840	512	5.732585
119502569984	119502401536	168448	512	7.037781
15940956672	15940755968	200704	512	7.236768
107190535168	107190338560	196608	512	5.035160
92640326656	92640072704	253952	512	5.741833
36673593856	36673351168	242688	512	4.989533
134613993984	134613797888	196096	512	5.964798
92764007424	92763827200	180224	512	5.638220
75543152128	75542989312	162816	512	7.905085
62174065664	62173921280	144384	512	7.888874
1521350144	1521191936	158208	512	6.319454
79680940544	79680801792	138752	512	6.075347
49875766272	49875580416	185856	512	5.903456
45046701056	45046533120	167936	512	8.037406
108665812480	108665562624	249856	512	3.620624
57823648256	57823412736	235520	512	6.714956
105994806784	105994583040	223744	512	4.388502
109734622720	109734407680	215040	512	4.383764
157048244224	157048001536	242688	512	2.796199
120586862080	120586620928	241152	512	4.201270
59543581184	59543401984	179200	512	7.759297
50556167168	50555979776	187392	512	7.694639
152568098816	152567929856	168960	512	3.199559
55662630400	55662441472	188928	512	7.550183
113048457728	113048242176	215552	512	6.199702
125326304256	125326054912	249344	512	3.202021
136330308096	136330115584	192512	512	3.406763
2657779712	2657537536	242176	512	7.119991
81010550272	81010315264	235008	512	4.616736
89840736256	89840565248	171008	512	6.902405
57523976192	57523760640	215552	512	4.603877
130522258944	130522087424	171520	512	6.025898
100964552192	100964413952	138240	512	6.401313
66103132672	66102885376	247296	512	4.613287
120288778240	120288639488	138752	512	7.801129
116479209472	116479068672	140800	512	5.983166
89470724096	89470502912	221184	512	6.637035
149775244288	149774994944	249344	512	12.823203
4733561856	4733303808	258048	512	6.684756
68281366016	68281182720	183296	512	7.632123
109432141312	109431887360	253952	512	3.538066
82320485376	82320275968	209408	512	6.940971
85757056000	85756843008	212992	512	4.986163
55761800704	55761600512	200192	512	7.370103
138683381760	138683243008	138752	512	6.780513
134908046848	134907887104	159744	512	6.886315
81835216896	81835050496	166400	512	7.155262
159485533184	159485308928	224256	512	11.908591
4020694528	4020525056	169472	512	8.249506
72855831552	72855696896	134656	512	0.427125
147404627968	147404475904	152064	512	6.589020
47543032832	47542875648	157184	512	8.334803
42681357824	42681108992	248832	512	5.011477
33932045824	33931880448	165376	512	7.637717
62038024704	62037822464	202240	512	7.262510
132789071360	132788908032	163328	512	6.860235
148425576960	148425430016	146944	512	4.813610
47388060672	47387906048	154624	512	7.840803
102089078784	102088860160	218624	512	4.677205
6458250752	6458106880	143872	512	8.759987
29402178048	29402018816	159232	512	0.342473
39386758144	39386623488	134656	512	8.781937
95927992832	95927758336	234496	512	4.442032
59125764096	59125632512	131584	512	6.884033
50963441152	50963254784	186368	512	5.757119
16241270784	16241132544	138240	512	6.910537
23666540032	23666388992	151040	512	8.516466
79199698432	79199539200	159232	512	7.886282
81186724864	81186462720	262144	512	5.802420
110860220416	110860022272	198144	512	5.727540
119909486080	119909353984	132096	512	7.321404
43409825792	43409565696	260096	512	5.671044
27067328000	27067171328	156672	512	8.407887
31975638016	31975421440	216576	512	5.447775
146375217664	146375007232	210432	512	3.280837
23450825728	23450621952	203776	512	7.670580
99702866944	99702701568	165376	512	7.479664
118646628864	118646403072	225792	512	3.892785
58338208256	58338051584	156672	512	0.429093
131648322560	131648167424	155136	512	5.363201
139104810496	139104621568	188928	512	5.965290
105462535168	105462276608	258560	512	3.675846
88079881728	88079746560	135168	512	7.783464
72254035968	72253889024	146944	512	8.306557
10207713792	10207452672	261120	512	6.154435
130869131776	130868914688	217088	512	5.590943
110171337728	110171159552	178176	512	4.539365
70378768384	70378557440	210944	512	7.028691
64150311424	64150159360	152064	512	6.423585
128984928768	128984795648	133120	512	7.820564
105506055680	105505868288	187392	512	6.823588
155275536896	155275287040	249856	512	12.267760
16414981632	16414824448	157184	512	8.114077
159686737920	159686566400	171520	512	2.792550
46152616960	46152420864	196096	512	7.524055
24812240896	24812076032	164864	512	6.530008
101325168128	101324990976	177152	512	5.554652
67817619456	67817385472	233984	512	4.115868
90788209664	90787973120	236544	512	5.260716
56550910464	56550659072	251392	512	6.426882
11891953664	11891707904	245760	512	6.840197
117626319872	117626098688	221184	512	4.315659
75864191488	75863981056	210432	512	6.359063
123902969856	123902821888	147968	512	5.771733
12556883456	12556749824	133632	512	8.580259
157098105344	157097938432	166912	512	2.565601
138724790784	138724640256	150528	512	7.124536
87361288704	87361138176	150528	512	7.396687
114993410048	114993275392	134656	512	7.520540
104015696896	104015462400	234496	512	5.945482
2804286464	2804065792	220672	512	7.252405
130884787712	130884627456	160256	512	6.852484
148096892416	148096740864	151552	512	4.717339
39846863872	39846669312	194560	512	5.854424
133296327680	133296135680	192000	512	3.450230
5459195392	5458985472	209920	512	7.533525
13942390272	13942174208	216064	512	0.472000
21119075328	21118864384	210944	512	0.422896
23907345920	23907118080	227840	512	7.291108
140371656704	140371454976	201728	512	3.530030
89023779328	89023547904	231424	512	6.215386
95355902464	95355716608	185856	512	6.519218
75564594176	75564363776	230400	512	4.805010
132313194496	132313026560	167936	512	4.963234
150204578304	150204349440	228864	512	4.109819
111393751552	111393600000	151552	512	5.241921
109946533376	109946301952	231424	512	5.840285
159018078720	159017937408	141312	512	6.148281
149659260416	149659018240	242176	512	1.923583
53641616896	53641476096	140800	512	8.506451
65761331712	65761198080	133632	512	8.573617
39212832768	39212678144	154624	512	8.323818
134236701696	134236529152	172544	512	6.649218
123738541568	123738354688	186880	512	6.558656
89714865152	89714633728	231424	512	4.591478
76259398144	76259156992	241152	512	3.825187
112780076544	112779892736	183808	512	4.359176
2366927360	2366736896	190464	512	7.831420
71211012096	71210847744	164352	512	7.985427
101976301056	101976130048	171008	512	5.006194
44860439552	44860261888	177664	512	7.954299
109233915904	109233730560	185344	512	6.873601
56030707200	56030479360	227840	512	6.154297
145407442432	145407203328	239104	512	12.405716
129388373504	129388186112	187392	512	4.443381
148916564480	148916360192	204288	512	5.190440
97802617344	97802425856	191488	512	7.055074
93586641408	93586425344	216064	512	6.522207
114714001920	114713756672	245248	512	5.505491
141144092672	141143944704	147968	512	6.281269
105953384448	105953164288	220160	512	4.489135
132787730944	132787595776	135168	512	7.575394
51707925504	51707672576	252928	512	6.384485
34299732480	34299551232	181248	512	6.202714
37655470592	37655255040	215552	512	5.597369
72005211648	72005052416	159232	512	7.947895
153274111488	153273868288	243200	512	2.001912
95038834176	95038628864	205312	512	6.862093
157796679680	157796470272	209408	512	12.024610
23379174400	23378982912	191488	512	7.897608
11275775488	11275526144	249344	512	7.023463
20006100480	20005847552	252928	512	6.310653
148872622592	148872387072	235520	512	2.112254
10148259328	10148127232	132096	512	8.570765
50743490560	50743318016	172544	512	7.959127
93177694720	93177468928	225792	512	6.324490
92628981248	92628786176	195072	512	6.971807
120115010048	120114864640	145408	512	7.633588
15473080320	15472903680	176640	512	7.771560
4594370560	4594213376	157184	512	6.781502
45387836928	45387585024	251904	512	5.753936
134499558400	134499424768	133632	512	7.034821
106387556352	106387393024	163328	512	5.616695
119216225280	119216014848	210432	512	4.278279
37438683648	37438506496	177152	512	6.258472
48708141056	48707880960	260096	512	3.842728
64068021760	64067855872	165888	512	5.639545
73718342144	73718185984	156160	512	8.047992
144084695040	144084561408	133632	512	5.481959
133674807296	133674642432	164864	512	6.780476
101507384832	101507168256	216576	512	6.529587
86943513600	86943354880	158720	512	5.452154
154917554688	154917399040	155648	512	6.047455
134723572736	134723430912	141824	512	7.466515
24238142464	24237925376	217088	512	5.549388
150440101888	150439852032	249856	512	3.943347
41430380544	41430237184	143360	512	8.508067
90020350464	90020125696	224768	512	5.598303
10029478912	10029278720	200192	512	5.899769
123314924032	123314722816	201216	512	6.181318
32030149120	32029888000	261120	512	6.646532
117780583424	117780399616	183808	512	5.103557
52749772288	52749573120	199168	512	5.646856
147698843136	147698666496	176640	512	5.693899
52767578112	52767429120	148992	512	8.461124
48359395840	48359213056	182784	512	7.761057
90937323008	90937076736	246272	512	3.301159
27733623808	27733415936	207872	512	5.695454
54170089472	54169857024	232448	512	4.887679
9949389824	9949134848	254976	512	6.195407
21045291008	21045047808	243200	512	6.996108
148539686912	148539489280	197632	512	3.671279
151216270336	151216119296	151040	512	6.550803
119151306752	119151136256	170496	512	7.071915
48401053184	48400830464	222720	512	7.216140
72602742272	72602564096	178176	512	7.046638
6553277440	6553077248	200192	512	5.488393
46317986304	46317762048	224256	512	6.963246
68712674816	68712456704	218112	512	5.194330
59415154688	59414972416	182272	512	5.369600
133204094464	133203944448	150016	512	5.411242
15910989312	15910802432	186880	512	5.760136
150447557632	150447296000	261632	512	12.466380
59783054848	59782812160	242688	512	6.645964
153385098240	153384933888	164352	512	6.169722
97693477888	97693255168	222720	512	4.449307
126850651136	126850396160	254976	512	2.860125
123876831232	123876569600	261632	512	1.867390
134309297664	134309152768	144896	512	7.278619
8889294848	8889061888	232960	512	7.299937
154867224576	154866993664	230912	512	11.167427
159825734656	159825594368	140288	512	3.306727
65173369856	65173114368	255488	512	6.244107
89907291648	89907041280	250368	512	6.042605
10786086400	10785863680	222720	512	7.497133
46417165312	46416991744	173568	512	8.070252
72946064896	72945928704	136192	512	8.485230
96607264768	96607088128	176640	512	7.327739
8244765184	8244633600	131584	512	8.573308
94248173568	94248040960	132608	512	8.380951
144947362304	144947149824	212480	512	5.004813
152980942336	152980766208	176128	512	2.942253
152468871168	152468618752	252416	512	11.297574
109530314752	109530134528	180224	512	7.175300
34040293888	34040038912	254976	512	6.695315
89459789312	89459639296	150016	512	5.610722
149802426880	149802202112	224768	512	4.238051
129544331776	129544112640	219136	512	5.446213
24596696576	24596530688	165888	512	8.321811
15009194496	15008932352	262144	512	4.799492
59757297152	59757084160	212992	512	7.156324
103499472896	103499322368	150528	512	0.417977
139416503296	139416263680	239616	512	4.258349
49748208128	49748056064	152064	512	8.469633
93575131136	93574881792	249344	512	5.818407
43335062016	43334923264	138752	512	8.695785
135493177344	135492930560	246784	512	2.941918
14794524160	14794278400	245760	512	5.071827
29118198784	29117963264	235520	512	6.447499
51238827520	51238611456	216064	512	5.206072
23089835520	23089615360	220160	512	5.492110
149653058560	149652875264	183296	512	3.716696
34362428416	34362223616	204800	512	6.836038
64656543744	64656390656	153088	512	7.749609
143279554048	143279361024	193024	512	4.843178
132476999680	132476740608	259072	512	2.594710
149813212672	149813023744	188928	512	3.529280
107804072960	107803828224	244736	512	3.746405
111750956032	111750758912	197120	512	4.057387
32359558656	32359314432	244224	512	4.268904
69884679680	69884457984	221696	512	6.009362
105427131392	105426869760	261632	512	3.528315
106722106368	106721971200	135168	512	6.262136
67461985792	67461815296	170496	512	7.870094
120747821056	120747616768	204288	512	5.239755
151494389248	151494152192	237056	512	12.907474
77751289856	77751118848	171008	512	7.752014
113740952576	113740749824	202752	512	4.712005
112891211264	112891041280	169984	512	7.198273
11374818816	11374615552	203264	512	7.239544
90164381696	90164176384	205312	512	6.769578
143479604224	143479362048	242176	512	2.637933
15770961408	15770810880	150528	512	6.773052
60459667456	60459474432	193024	512	6.872171
26077059584	26076918784	140800	512	8.339373
37649590272	37649399296	190976	512	0.440639
105168221184	105168041472	179712	512	6.899420
125783620608	125783380992	239616	512	2.177733
1288348160	1288207360	140800	512	8.377210
128256663552	128256451584	211968	512	5.790195
143028122624	143027963904	158720	512	6.726453
37942590976	37942347264	243712	512	6.910951
2143435776	2143197696	238080	512	7.046670
73477499392	73477291520	207872	512	7.021668
43023271936	43023020032	251904	512	4.799580
39485911552	39485672448	239104	512	6.960163
59185588224	59185384448	203776	512	6.645869
47320745984	47320535040	210944	512	5.600452
123154804736	123154575872	228864	512	5.489579
129960040960	129959782912	258048	512	2.625545
141286476288	141286275584	200704	512	4.548327
71700347392	71700093440	253952	512	4.473707
30925482496	30925228032	254464	512	6.844429
124709524992	124709322240	202752	512	6.134219
853777920	853646336	131584	512	8.593830
72342306816	72342067712	239104	512	4.741444
61599496192	61599266304	229888	512	6.723333
128513263104	128513026560	236544	512	3.511763
24025310720	24025150464	160256	512	6.531678
117819496448	117819297792	198656	512	4.787157
108633029120	108632840704	188416	512	5.196221
134488991744	134488730624	261120	512	12.442150
132038836736	132038649344	187392	512	3.737178
159945720832	159945555456	165376	512	2.227109
116214697984	116214536192	161792	512	6.637332
33803058688	33802880512	178176	512	7.967857
42662932992	42662686208	246784	512	6.821980
115240567808	115240395776	172032	512	7.131312
67490936832	67490753024	183808	512	5.874988
4843350016	4843198464	151552	512	8.613459
11248612352	11248372736	239616	512	7.053521
122192156672	122191904768	251904	512	3.892427
50284721152	50284565504	155648	512	7.782173
96887596544	96887382016	214528	512	6.645286
64511158784	64510960128	198656	512	7.282377
129671577600	129671402496	175104	512	4.780775
43973346304	43973104640	241664	512	5.072599
152099829248	152099692032	137216	512	6.943166
55889507328	55889350144	157184	512	8.112362
70486612480	70486375936	236544	512	5.717523
62364362752	62364151296	211456	512	4.597863
119824341504	119824126976	214528	512	4.191791
150572412928	150572265472	147456	512	5.092865
149863688192	149863481344	206848	512	3.374802
128251256320	128251026432	229888	512	3.487072
126272115200	126271897600	217600	512	5.736244
100607401984	100607199744	202240	512	5.054408
21282826240	21282575872	250368	512	6.964788
50509031424	50508833280	198144	512	6.920778
85941468160	85941289984	178176	512	7.445774
26402022400	26401799168	223232	512	7.229802
14002142720	14002006016	136704	512	8.521458
137860711936	137860562432	149504	512	7.113968
155538029568	155537768448	261120	512	11.466812
118275922944	118275679744	243200	512	3.547805
119236003328	119235841536	161792	512	6.509548
48914520064	48914273280	246784	512	5.925228
56153763328	56153526784	236544	512	4.916692
82264983552	82264819200	164352	512	7.201184
138861363712	138861136384	227328	512	2.233022
32641809408	32641547776	261632	512	6.444824
140964295680	140964157952	137728	512	0.412376
77373736448	77373586432	150016	512	8.150640
100153389568	100153155584	233984	512	3.385158
115795342336	115795115520	226816	512	5.738326
149797628928	149797369856	259072	512	12.528877
47797417984	47797185024	232960	512	6.268982
1631024128	1630808576	215552	512	7.421838
116866129920	116865955840	174080	512	6.985942
10473822720	10473583104	239616	512	7.028167
102722952704	102722768384	184320	512	6.227984
25207540224	25207335936	204288	512	7.486714
26123141120	26123003904	137216	512	0.427163
90115185152	90114940416	244736	512	4.081989
120342156800	120341989376	167424	512	5.238852
139411280896	139411047424	233472	512	2.633534
20961686016	20961538048	147968	512	8.511787
16188313088	16188138496	174592	512	8.075604
94325768704	94325553664	215040	512	6.491382
42451431936	42451228160	203776	512	7.575957
121989322752	121989082112	240640	512	3.864872
13069284352	13069090304	194048	512	7.405955
34106655744	34106426880	228864	512	4.599312
150074713088	150074564096	148992	512	6.490699
40245170688	40244986368	184320	512	5.480360
112220261888	112220057600	204288	512	6.448672
107067315712	107067073536	242176	512	4.020209
136469219328	136468986880	232448	512	3.782726
131967451136	131967307264	143872	512	7.460614
121216883712	121216645632	238080	512	2.522480
19149200896	19149045248	155648	512	8.615354
111926640640	111926415872	224768	512	5.080990
52580728832	52580577280	151552	512	8.301016
150546955776	150546758656	197120	512	5.475986
35767539712	35767405568	134144	512	8.738350
119146433024	119146273792	159232	512	7.352382
139100345344	139100105216	240128	512	4.581658
30249997312	30249751552	245760	512	6.258204
66923374080	66923163648	210432	512	5.317430
104108517888	104108318720	199168	512	6.571105
58083851264	58083671040	180224	512	7.756193
71978875904	71978721792	154112	512	5.813805
7258441728	7258287616	154112	512	8.609208
139349900288	139349654016	246272	512	4.624936
87337957376	87337821184	136192	512	7.755520
12472825856	12472608768	217088	512	5.782809
24002223104	24001961984	261120	512	4.802783
155359584768	155359382528	202240	512	2.723410
4755867136	4755726848	140288	512	8.709572
118769854464	118769648640	205824	512	3.428371
61822846464	61822675968	170496	512	6.079595
122730249216	122730017792	231424	512	4.488944
73572042752	73571817472	225280	512	4.920194
47742823424	47742671360	152064	512	6.649269
52573520384	52573343232	177152	512	7.831600
113723435008	113723200000	235008	512	3.928372
108657696256	108657534464	161792	512	7.526750
98698625536	98698404864	220672	512	5.497601
21072113664	21071930368	183296	512	8.010790
141585188864	141584943104	245760	512	12.410878
39853680640	39853435392	245248	512	4.943031
69394656256	69394473984	182272	512	7.655648
47227663360	47227442688	220672	512	7.068465
10682924032	10682758656	165376	512	7.944733
61519045632	61518799872	245760	512	3.959911
56329923072	56329723392	199680	512	5.531747
149633886720	149633694720	192000	512	3.426760
132382639104	132382480896	158208	512	4.591231
111909204992	111909008896	196096	512	5.820831
107772877824	107772702208	175616	512	7.245978
56425198592	56424937472	261120	512	3.633676
160038223360	160037967360	256000	512	10.694770
124552632320	124552372224	260096	512	2.934652
3196928000	3196785664	142336	512	8.358564
129988129280	129987931648	197632	512	4.189232
46902849024	46902618112	230912	512	7.054306
65086607360	65086398464	208896	512	6.449676
33713731584	33713598976	132608	512	8.305658
9013199360	9013032960	166400	512	8.235967
48282128384	48281883136	245248	512	5.923365
140894059008	140893853184	205824	512	3.664774
67402556416	67402377216	179200	512	7.068492
54514780160	54514580480	199680	512	4.974863
80700941312	80700740096	201216	512	7.133770
107759335936	107759183360	152576	512	7.792590
38287081984	38286897664	184320	512	0.430112
90314170368	90313971200	199168	512	6.860254
144614575616	144614443520	132096	512	7.488880
108150974976	108150761984	212992	512	6.244479
3549025792	3548845568	180224	512	8.028156
89759034368	89758836224	198144	512	6.919859
26006399488	26006198272	201216	512	7.738454
101288570880	101288412672	158208	512	5.286342
133485034496	133484834816	199680	512	4.193148
147676482048	147676253184	228864	512	2.334646
93996497408	93996317696	179712	512	4.859646
95447967744	95447816192	151552	512	7.878709
57111582208	57111437312	144896	512	7.974588
27649907712	27649714688	193024	512	7.889694
67352878592	67352648192	230400	512	6.735510
32788919808	32788694016	225792	512	6.419975
31274656256	31274477568	178688	512	6.211761
70412067328	70411812864	254464	512	4.477584
106673329152	106673073152	256000	512	3.715355
48379679744	48379528192	151552	512	8.320009
1046340096	1046136320	203776	512	5.438968
47379766272	47379582464	183808	512	5.485806
118034996736	118034839040	157696	512	5.354928
20675553280	20675329024	224256	512	6.674434
136743450624	136743197696	252928	512	4.241032
116990552576	116990407168	145408	512	7.676250
26903747584	26903516672	230912	512	5.405901
159591894528	159591680512	214016	512	12.265161
22798622208	22798395392	226816	512	4.873259
27021306368	27021134848	171520	512	7.711162
132242877952	132242632704	245248	512	3.107684
66216274432	66216120832	153600	512	8.156893
108847282688	108847123456	159232	512	7.497972
120788131328	120787967488	163840	512	7.229946
24240493056	24240258560	234496	512	7.000192
27819685888	27819479040	206848	512	7.651871
84380198912	84379985408	213504	512	6.736644
111940331008	111940175360	155648	512	7.585524
151094455296	151094224384	230912	512	2.393219
1650628608	1650483712	144896	512	8.616043
65939319296	65939159040	160256	512	5.757420
104941887488	104941708288	179200	512	5.407246
41203685376	41203549184	136192	512	6.902619
35312676352	35312414208	262144	512	6.412341
50724282368	50724119040	163328	512	7.636895
78583582208	78583446016	136192	512	8.325143
22314669568	22314423808	245760	512	4.460971
18420372992	18420174848	198144	512	6.108255
37274929664	37274673664	256000	512	4.029638
24784064512	24783874048	190464	512	7.899789
80452250112	80452051456	198656	512	6.407208
50550379008	50550131200	247808	512	6.590069
132594083328	132593874944	208384	512	4.027978
159837357568	159837113856	243712	512	9.981437
90269167616	90269008896	158720	512	7.861416
64596787200	64596604928	182272	512	7.636737
14655059456	14654875136	184320	512	8.091297
93943762944	93943564800	198144	512	5.084346
7635364352	7635205632	158720	512	6.597908
106985006080	106984841216	164864	512	4.949803
67850729984	67850512896	217088	512	7.029207
150308432896	150308215808	217088	512	4.379671
27280766976	27280535040	231936	512	7.049776
82230819328	82230590976	228352	512	5.699539
112227684864	112227477504	207360	512	3.736323
141616102400	141615899648	202752	512	5.547809
36925200384	36925051904	148480	512	8.430152
40135427072	40135283200	143872	512	8.650671
140505037824	140504848896	188928	512	5.714311
68360667136	68360480256	186880	512	7.548309
99814845440	99814642176	203264	512	4.196679
65259667456	65259462144	205312	512	7.199206
121262381568	121262187008	194560	512	6.473938
36581897728	36581694464	203264	512	7.614810
149163922432	149163755520	166912	512	3.512535
78838272512	78838088192	184320	512	4.953853
33333193728	33332937728	256000	512	4.737877
31328567808	31328414720	153088	512	8.518186
100413853696	100413649920	203776	512	6.763753
62704309760	62704065536	244224	512	6.470737
59111780352	59111635456	144896	512	8.402797
40193630208	40193430016	200192	512	7.634923
82636570112	82636355584	214528	512	4.240724
72712629760	72712473600	156160	512	8.133138
123343628800	123343473152	155648	512	6.633358
40591593472	40591346688	246784	512	6.837315
91138515456	91138282496	232960	512	5.435296
106054424576	106054210560	214016	512	6.250107
143041254912	143041064960	189952	512	5.857965
129655141888	129654948352	193536	512	6.093476
19493713408	19493552640	160768	512	8.029613
100425070592	100424881152	189440	512	7.125362
2390431232	2390281728	149504	512	8.569654
16923717120	16923511808	205312	512	7.576616
144995418112	144995257344	160768	512	4.069184
6566464000	6566218240	245760	512	6.433671
50585159680	50584961024	198656	512	5.694017
67703732736	67703548928	183808	512	7.618968
152542936576	152542800896	135680	512	6.787614
58172895232	58172741120	154112	512	5.944692
9395777024	9395538432	238592	512	7.218826
142201444864	142201284096	160768	512	6.618453
130218233344	130217984512	248832	512	4.900154
32927901696	32927693312	208384	512	7.467478
67017124352	67016953344	171008	512	6.037715
157856476160	157856306176	169984	512	3.750449
149706256896	149706116608	140288	512	4.457700
150074963456	150074783232	180224	512	3.835106
40935765504	40935605248	160256	512	7.781849
83096318976	83096075264	243712	512	6.257574
44321736704	44321501696	235008	512	17.239854
34631529984	34631297024	232960	512	6.999657
89758849024	89758610944	238080	512	4.268868
75006258688	75006106112	152576	512	5.848147
56028599296	56028425728	173568	512	7.307810
3360459264	3360321536	137728	512	8.862584
47173151744	47172975616	176128	512	5.606784
115722369536	115722177536	192000	512	5.840475
110331965952	110331715584	250368	512	2.606681
61684068352	61683879936	188416	512	7.621641
75779372032	75779234304	137728	512	0.463604
42276846592	42276714496	132096	512	8.366795
90004284416	90004048384	236032	512	3.523254
28922727424	28922570752	156672	512	6.590065
120730775552	120730619392	156160	512	6.622066
103606865920	103606729216	136704	512	7.488587
78369229312	78369065472	163840	512	6.031265
86740425216	86740219392	205824	512	6.035714
86479060992	86478928384	132608	512	8.389126
133508339712	133508101120	238592	512	3.154829
73874842112	73874644992	197120	512	5.469040
108824558592	108824320512	238080	512	4.072807
37297062400	37296831488	230912	512	6.292576
150289478656	150289270272	208384	512	3.337132
71838494208	71838256640	237568	512	6.617992
56043098624	56042944512	154112	512	5.951426
134347413504	134347191808	221696	512	2.549096
122733085184	122732874752	210432	512	6.112809
34692066816	34691879936	186880	512	7.801136
12630047232	12629797376	249856	512	6.754559
100134281728	100134144000	137728	512	7.635762
129085949440	129085803520	145920	512	6.768239
25351168512	25350959104	209408	512	6.991516
50178323968	50178159616	164352	512	0.409670
73042632704	73042489344	143360	512	0.477402
93425605632	93425426944	178688	512	4.934648
136952678912	136952472576	206336	512	5.678524
82323547648	82323354624	193024	512	5.481882
135123914752	135123774976	139776	512	5.053431
113310148096	113309937152	210944	512	5.449268
102967591936	102967381504	210432	512	4.727757
52708837888	52708601344	236544	512	4.829152
108835394560	108835234816	159744	512	7.572277
53195162112	53195018240	143872	512	8.447025
30306210304	30305955840	254464	512	6.654794
41019047936	41018850304	197632	512	5.815948
57020320768	57020084224	236544	512	4.935143
150894490112	150894348800	141312	512	6.168554
98816127488	98815886848	240640	512	4.055911
65466485248	65466245120	240128	512	4.744768
56813327872	56813188096	139776	512	7.179524
84918760960	84918524928	236032	512	4.444628
79132821504	79132620800	200704	512	7.182646
105522251776	105522118144	133632	512	0.614032
91652748800	91652583424	165376	512	7.654416
69454884352	69454685696	198656	512	6.494552
60491870208	60491701248	168960	512	7.420968
15443925504	15443751424	174080	512	7.816566
9395046400	9394831872	214528	512	7.606254
54002776576	54002583040	193536	512	5.715314
79052205056	79052028416	176640	512	6.931365
108479847936	108479585792	262144	512	5.360713
47526637056	47526447616	189440	512	7.820712
59147868160	59147615232	252928	512	6.383157
59004320768	59004063744	257024	512	3.724714
122680186368	122680016384	169984	512	6.945610
48657286656	48657033216	253440	512	6.654118
98347362816	98347215360	147456	512	6.240613
48604601856	48604420608	181248	512	7.904701
37618041344	37617850368	190976	512	7.693989
26784551936	26784374784	177152	512	7.526210
10193129472	10192956928	172544	512	7.844262
102014096384	102013852672	243712	512	4.897239
71449854464	71449626624	227840	512	4.987356
24249947136	24249691648	255488	512	6.613379
52394977280	52394747904	229376	512	6.099768
48473792000	48473576448	215552	512	6.551429
134924841984	134924660224	181760	512	6.319691
35949757952	35949498880	259072	512	3.932880
59455927296	59455707648	219648	512	5.149390
98396208128	98395948544	259584	512	3.801485
104370076160	104369859584	216576	512	6.267835
86316781056	86316559872	221184	512	4.579086
121310360576	121310184448	176128	512	6.964408
97506700288	97506552832	147456	512	6.093005
74095391744	74095157760	233984	512	6.531549
132820936704	132820762624	174080	512	4.247057
138331351040	138331218944	132096	512	7.530965
90630885888	90630712320	173568	512	5.785087
116589462016	116589325824	136192	512	6.239873
101338314240	101338163712	150528	512	7.886077
65805111296	65804860928	250368	512	6.327038
22754519552	22754279424	240128	512	18.194809
43189576192	43189358592	217600	512	6.507706
56258729984	56258546176	183808	512	7.083920
99511519744	99511348224	171520	512	7.472979
32933622784	32933374976	247808	512	6.822748
87084824064	87084575232	248832	512	4.020064
121010474496	121010299904	174592	512	6.906922
30021449728	30021259264	190464	512	7.275924
57972519936	57972289536	230400	512	4.966174
42374512128	42374380544	131584	512	8.734794
96562697728	96562541056	156672	512	7.755019
81825528320	81825320448	207872	512	4.407859
32879388160	32879168000	220160	512	7.203777
32955931136	32955769856	161280	512	0.448609
48910701056	48910538752	162304	512	0.439384
86666595840	86666338304	257536	512	0.456214
119331941376	119331691520	249856	512	5.118635
86188902400	86188663296	239104	512	5.423526
148719927808	148719703040	224768	512	2.452882
56243705856	56243465216	240640	512	5.874739
17782965760	17782744064	221696	512	5.703270
12085078528	12084942848	135680	512	6.736258
123234387456	123234142208	245248	512	3.494757
20860597248	20860407296	189952	512	6.144979
6173053440	6172885504	167936	512	8.290625
1345781760	1345635840	145920	512	8.346108
82206612480	82206356480	256000	512	4.107420
115079406080	115079267328	138752	512	7.935259
20880863744	20880611328	252416	512	6.874034
97880943104	97880771072	172032	512	7.353581
31225742848	31225582592	160256	512	8.021797
148070843904	148070594048	249856	512	3.519272
57565529600	57565283840	245760	512	6.293128
22047032832	22046786560	246272	512	5.208839
47304705024	47304453632	251392	512	6.727847
76533111808	76532947968	163840	512	7.906032
91199884800	91199703552	181248	512	7.403759
56854255104	56854115840	139264	512	8.069177
51397792768	51397622784	169984	512	0.460263
106159646208	106159470592	175616	512	7.277501
111526873088	111526650880	222208	512	6.033006
107210914304	107210768384	145920	512	7.872460
23392098816	23391888384	210432	512	5.829287
26483155968	26482970112	185856	512	8.037983
79700801536	79700662272	139264	512	0.497028
151972925952	151972757504	168448	512	6.027554
2661044736	2660901376	143360	512	8.780574
49262433280	49262204928	228352	512	6.902910
67236723200	67236495872	227328	512	6.807108
9780714496	9780475392	239104	512	5.276837
126749146624	126749014016	132608	512	7.859037
103951432192	103951227904	204288	512	3.940435
44425285120	44425027584	257536	512	6.570913
159854451200	159854191616	259584	512	9.307268
42411899904	42411688448	211456	512	5.670914
16660754944	16660608512	146432	512	8.322836
8483043328	8482781696	261632	512	6.127813
11463552000	11463420416	131584	512	8.864773
51885617152	51885467136	150016	512	8.358812
31498017792	31497798656	219136	512	5.426995
146183115776	146182973440	142336	512	6.929089
85910581760	85910431232	150528	512	8.037519
126619858432	126619615232	243200	512	3.363400
88384125952	88383933440	192512	512	5.360597
89912812544	89912617984	194560	512	7.149916
73523063296	73522845696	217600	512	6.864460
99086208512	99085946368	262144	512	3.739974
150842912256	150842681856	230400	512	4.553712
24504322048	24504134144	187904	512	7.820533
140815153152	140814918656	234496	512	2.618532
49022589952	49022351360	238592	512	6.739900
104006448128	104006213632	234496	512	5.965502
100092116480	100091960320	156160	512	7.565899
62917293568	62917059584	233984	512	6.687772
22874020864	22873814528	206336	512	7.531418
52134891008	52134653440	237568	512	6.666251
101089404928	101089273344	131584	512	7.756582
76118632960	76118383616	249344	512	4.443251
19772420096	19772221952	198144	512	7.692560
158740880384	158740738560	141824	512	3.663600
150917727744	150917580288	147456	512	5.953585
30833766400	30833584640	181760	512	6.149786
102208821248	102208575488	245760	512	4.891534
20043201536	20042959872	241664	512	6.885117
18672236544	18672001024	235520	512	7.257337
104335789056	104335593984	195072	512	5.968522
38126244864	38125992960	251904	512	4.946513
156963639296	156963462656	176640	512	3.233790
153209969664	153209802240	167424	512	3.269133
71959459840	71959268864	190976	512	4.990839
59298120192	59297871360	248832	512	6.373660
85558515712	85558273536	242176	512	6.174815
46914139648	46913902080	237568	512	6.074430
155687393792	155687191040	202752	512	12.346498
123389289472	123389151232	138240	512	12.670970
107683500544	107683292160	208384	512	5.618235
10932191232	10931974656	216576	512	5.613454
112621940224	112621808640	131584	512	7.531450
125951736320	125951521280	215040	512	4.697780
68914225152	68913986048	239104	512	4.799431
83160219648	83160081920	137728	512	8.298889
131963426816	131963285504	141312	512	7.509036
131128787968	131128537600	250368	512	12.946038
103988937216	103988701184	236032	512	3.100403
83383669760	83383505408	164352	512	7.737554
139900294144	139900160000	134144	512	7.388203
60636061696	60635916288	145408	512	6.593827
70055327744	70055095296	232448	512	6.690712
137638984192	137638786048	198144	512	11.664454
109923631616	109923489792	141824	512	7.867326
151544909824	151544714752	195072	512	2.230108
124859957760	124859697664	260096	512	2.963025
80683185152	80683044352	140800	512	6.573331
52350027264	52349829120	198144	512	7.424106
73104356352	73104185856	170496	512	7.685369
39736884736	39736663040	221696	512	7.263379
64311377920	64311221248	156672	512	0.425251
98748390400	98748186112	204288	512	5.135512
20753492480	20753257984	234496	512	7.030488
22493081088	22492931072	150016	512	0.378587
61578527232	61578380288	146944	512	8.301177
70520088064	70519894528	193536	512	6.692538
53590365696	53590206976	158720	512	8.175319
18689323520	18689115648	207872	512	7.721821
127022740992	127022596608	144384	512	6.777564
103223190016	103222992384	197632	512	4.818809
19454186496	19453948416	238080	512	7.239149
63335614464	63335447552	166912	512	7.921035
75667021312	75666839552	181760	512	7.546555
122112766976	122112516608	250368	512	5.134018
21248280064	21248037888	242176	512	5.073996
95849468416	95849277952	190464	512	5.321602
129371724288	129371563008	161280	512	5.134256
98276120576	98275867648	252928	512	5.546232
76893399552	76893194752	204800	512	7.112831
110734659584	110734479360	180224	512	5.200848
109130844160	109130598400	245760	512	2.823700
47664967680	47664729088	238592	512	6.723897
41911550976	41911392768	158208	512	8.317576
128910107136	128909937664	169472	512	6.775591
32633448960	32633241600	207360	512	5.630917
139078810112	139078571008	239104	512	4.624107
90492702720	90492567552	135168	512	8.238281
19298314240	19298124288	189952	512	7.814378
37525479424	37525271040	208384	512	6.792630
127818832384	127818675200	157184	512	4.612948
86399913984	86399745536	168448	512	5.210438
106698481664	106698337280	144384	512	7.944891
31424514560	31424363520	151040	512	6.193811
63117077504	63116921344	156160	512	6.313743
156396200448	156396040192	160256	512	4.677217
18777517056	18777320448	196608	512	7.361147
135975413760	135975214080	199680	512	3.893183
102278984192	102278845952	138240	512	6.318824
135799072768	135798929920	142848	512	7.421596
84790471680	84790224384	247296	512	5.279280
93926217728	93925962240	255488	512	3.892455
144305023488	144304888320	135168	512	7.359260
17708614656	17708465664	148992	512	8.697840
9179954688	9179755520	199168	512	7.334484
127991012352	127990791680	220672	512	4.525649
150905993216	150905812480	180736	512	4.805254
40500482048	40500270080	211968	512	7.320432
22832981504	22832765952	215552	512	5.613871
83501920768	83501662720	258048	512	4.194638
148174452736	148174276608	176128	512	4.304734
86753890816	86753658368	232448	512	3.610668
90570203136	90570004992	198144	512	4.492814
20866235904	20866096640	139264	512	8.734090
19432721408	19432566784	154624	512	8.562352
135223199232	135222955008	244224	512	4.614551
87880264704	87880084480	180224	512	6.723470
90628979712	90628820992	158720	512	7.847211
18242122240	18241974272	147968	512	8.695592
20986752512	20986603520	148992	512	0.444490
86402657792	86402463744	194048	512	4.437494
120199007744	120198789632	218112	512	5.772340
33471532544	33471342592	189952	512	7.215247
158420478464	158420237824	240640	512	12.550314
63552020992	63551879680	141312	512	8.474448
57908163584	57907943936	219648	512	6.305566
37382732800	37382551040	181760	512	7.864176
2335128064	2334968320	159744	512	8.267812
152790321664	152790135808	185856	512	5.194856
107084549120	107084353536	195584	512	6.686055
41141075456	41140918784	156672	512	6.070050
67158383616	67158182912	200704	512	6.601751
94511015424	94510786048	229376	512	6.198694
119002667008	119002488320	178688	512	5.023360
9700258304	9700111872	146432	512	6.550989
10226340352	10226206208	134144	512	7.007226
43504587776	43504413696	174080	512	6.275161
7480268800	7480067072	201728	512	7.782792
131693493248	131693308416	184832	512	6.322433
143580003328	143579748352	254976	512	2.309993
105284016128	105283832832	183296	512	7.072873
56758168576	56758001664	166912	512	6.134198
123319351296	123319177728	173568	512	6.845879
90824120832	90823917568	203264	512	5.196645
102822071808	102821913088	158720	512	7.461581
46064972288	46064734720	237568	512	4.300937
96894584832	96894440448	144384	512	6.329463
117332765184	117332622848	142336	512	5.994413
72562112000	72561978368	133632	512	8.091495
61642526208	61642341888	184320	512	5.806141
126583147520	126582885376	262144	512	3.319798
151973096960	151972860928	236032	512	2.241162
133782508544	133782368256	140288	512	7.468641
48338107392	48337936384	171008	512	7.984201
80169771520	80169606144	165376	512	5.978933
95560459776	95560204288	255488	512	3.993150
122969048064	122968836608	211456	512	4.134189
39304895488	39304664576	230912	512	6.279411
142355778560	142355628032	150528	512	6.731632
69655547904	69655315456	232448	512	4.055947
32115705856	32115457024	248832	512	4.153905
3267195392	3267061248	134144	512	8.783737
85722696192	85722447360	248832	512	4.244849
133643603968	133643403264	200704	512	4.117064
156444262400	156444107776	154624	512	4.261314
57202948608	57202772992	175616	512	7.858907
85295258624	85295026688	231936	512	4.701884
13436396032	13436203520	192512	512	7.946405
15184784384	15184561664	222720	512	5.051598
18567312896	18567055872	257024	512	6.212948
17157554176	17157422080	132096	512	8.839958
132159522816	132159281664	241152	512	4.829957
99627919872	99627695104	224768	512	3.618115
5215553024	5215403520	149504	512	8.547261
140604094464	140603850240	244224	512	2.548534
133921210368	133920962560	247808	512	2.874657
26810096640	26809903104	193536	512	5.965830
12660295680	12660148736	146944	512	8.570504
85408482304	85408274432	207872	512	6.189811
114834598912	114834353664	245248	512	4.368000
119361872384	119361711616	160768	512	7.239572
51282214400	51282062336	152064	512	8.259320
18602607616	18602420224	187392	512	7.823476
76084784640	76084649472	135168	512	0.427542
149837355520	149837195264	160256	512	3.891752
25385502720	25385305088	197632	512	7.192688
3845051904	3844836864	215040	512	5.783642
10989985792	10989773312	212480	512	7.489852
33090340352	33090116096	224256	512	0.476177
48397608448	48397424128	184320	512	5.936951
22819503104	22819310592	192512	512	5.521347
44958705664	44958457344	248320	512	5.823592
108845417984	108845163520	254464	512	5.246031
55120647680	55120501760	145920	512	8.424993
135542633984	135542481408	152576	512	7.047656
13953286656	13953142784	143872	512	8.742427
136612428288	136612275200	153088	512	4.527666
44898761728	44898515968	245760	512	6.800062
100460020736	100459761152	259584	512	3.612663
52880109568	52879915520	194048	512	7.404715
70106579456	70106365440	214016	512	4.444367
37135619072	37135364096	254976	512	4.764246
95053874176	95053721600	152576	512	7.840449
120618496512	120618326528	169984	512	7.073047
153375628288	153375419392	208896	512	3.555256
11742215680	11742010368	205312	512	7.773651
105443473408	105443215872	257536	512	3.693705
139434272768	139434038272	234496	512	12.739154
20855532032	20855361536	170496	512	8.235804
51497254400	51496992768	261632	512	6.245347
110971666432	110971452416	214016	512	4.443271
47806697472	47806538240	159232	512	7.753508
32520850432	32520588800	261632	512	4.811864
157510504448	157510310400	194048	512	2.967388
106830371840	106830185472	186368	512	5.263612
6926412800	6926174208	238592	512	7.025424
117104402432	117104148480	253952	512	5.364931
76962248192	76962081792	166400	512	7.854861
125339494912	125339288064	206848	512	4.259017
113571527680	113571283968	243712	512	3.759317
70389155840	70388976128	179712	512	7.671746
140698628096	140698416128	211968	512	2.384065
38346836992	38346659840	177152	512	6.235884
159238537216	159238330368	206848	512	2.048637
150440657920	150440455168	202752	512	3.169320
123935955968	123935724032	231936	512	5.574972
105853592064	105853330944	261120	512	3.342754
17539126784	17538966016	160768	512	8.484979
142736864256	142736638976	225280	512	4.859005
15520013312	15519754240	259072	512	6.596515
83319704576	83319474688	229888	512	4.747157
56890556416	56890418176	138240	512	8.075078
89595238400	89595089920	148480	512	7.936383
123052421120	123052226048	195072	512	5.550014
22877931520	22877684736	246784	512	6.776517
80494558720	80494386688	172032	512	7.732921
1765019136	1764882944	136192	512	8.487741
2526042112	2525837824	204288	512	5.402756
33492146176	33491932672	213504	512	6.648511
56949345792	56949181440	164352	512	7.991807
67591919616	67591698432	221184	512	4.440675
159961453056	159961265152	187904	512	3.031307
70782237696	70782074880	162816	512	7.990728
156168778752	156168631296	147456	512	3.384658
19588650496	19588476416	174080	512	8.064019
157250462208	157250283520	178688	512	5.291170
121531085824	121530826752	259072	512	2.999716
63085947904	63085793792	154112	512	8.177213
69516895744	69516736512	159232	512	8.057181
129216733696	129216524288	209408	512	4.009632
51286523392	51286382080	141312	512	8.473008
92417497088	92417279488	217600	512	4.691714
1246981120	1246772224	208896	512	7.717703
3083859968	3083677696	182272	512	0.465148
154092829696	154092594176	235520	512	3.611638
103868749312	103868510720	238592	512	5.880473
155753579520	155753354752	224768	512	2.006754
116733182464	116732922368	260096	512	2.170835
126970334720	126970153472	181248	512	6.491914
28371872256	28371621376	250880	512	6.181712
135794601472	135794361344	240128	512	3.146764
70131645952	70131430912	215040	512	7.010932
137669309440	137669166592	142848	512	6.656828
65148391424	65148235776	155648	512	6.349385
38626053632	38625897472	156160	512	7.866900
27795541504	27795332096	209408	512	5.730286
10781789184	10781636608	152576	512	8.648668
68776282112	68776033792	248320	512	4.569682
76891832320	76891695616	136704	512	8.465169
132456665088	132456519680	145408	512	7.322248
19470465024	19470221824	243200	512	6.436852
140492617216	140492449280	167936	512	4.674871
41490408960	41490194432	214528	512	5.603407
9237833728	9237646336	187392	512	7.543572
24113264640	24113079296	185344	512	0.442243
122377344512	122377135104	209408	512	5.094451
19292315648	19292155392	160256	512	8.073482
111673594368	111673357824	236544	512	5.692238
82953694208	82953550848	143360	512	8.177499
17406962176	17406818816	143360	512	8.613560
103632653312	103632515072	138240	512	7.433553
116428288000	116428092928	195072	512	6.652971
120133898752	120133749248	149504	512	7.534062
34090750464	34090616832	133632	512	7.008467
102766235136	102766054400	180736	512	7.143412
43519492608	43519266816	225792	512	7.171386
65127755264	65127518720	236544	512	4.057651
113039543808	113039330304	213504	512	6.177028
92856541696	92856351744	189952	512	4.654796
88478868992	88478637568	231424	512	5.477341
154125777408	154125602304	175104	512	4.734880
46006688768	46006535680	153088	512	6.561292
74412509184	74412311552	197632	512	4.820074
118031785472	118031541248	244224	512	3.427211
107056446464	107056185856	260608	512	5.397073
9393061376	9392814080	247296	512	7.074864
26928702464	26928464896	237568	512	7.086440
12407228928	12407063040	165888	512	6.489545
37008289792	37008157696	132096	512	8.747289
150551786496	150551650816	135680	512	5.466592
15060046336	15059835392	210944	512	5.701294
147887286784	147887126016	160768	512	4.734005
45985397248	45985181696	215552	512	7.345053
150402891264	150402646528	244736	512	2.327254
100373263360	100373112832	150528	512	6.137913
5435579904	5435318784	261120	512	4.801206
125074682880	125074531840	151040	512	5.380139
76097870336	76097656832	213504	512	6.920213
30939539968	30939319296	220672	512	6.763181
40608580608	40608343040	237568	512	5.181705
34721604608	34721372160	232448	512	5.281919
152752474624	152752268800	205824	512	3.136788
77969224704	77969033728	190976	512	7.225573
142629772800	142629518848	253952	512	2.328762
71437272576	71437041152	231424	512	6.699770
71242337792	71242082816	254976	512	4.462527
97040633856	97040407552	226304	512	5.456962
27359726080	27359513600	212480	512	5.737615
21154651648	21154471424	180224	512	7.572547
86120604672	86120342528	262144	512	5.697955
78732066816	78731838464	228352	512	4.842921
17633872896	17633727488	145408	512	8.505603
131933644800	131933401600	243200	512	3.206028
115111235584	115110976000	259584	512	4.982755
46507934720	46507705856	228864	512	6.263260
24642183168	24641966592	216576	512	6.825132
110230340608	110230150656	189952	512	4.967585
2742644224	2742493696	150528	512	8.257442
14261754368	14261492736	261632	512	6.116111
57078712320	57078515712	196608	512	5.076522
17812149760	17811964416	185344	512	7.578976
121954123776	121953895424	228352	512	5.649564
137146139648	137145911808	227840	512	3.098864
62710580224	62710330368	249856	512	4.529380
76440443392	76440181760	261632	512	3.323167
53048304640	53048171008	133632	512	8.215202
63966233088	63966072832	160256	512	0.449808
110430016000	110429869568	146432	512	0.429909
103018689024	103018499072	189952	512	5.003189
130102484480	130102323712	160768	512	5.209056
129037071360	129036848128	223232	512	5.449633
84810667008	84810485760	181248	512	6.827946
37269961728	37269828608	133120	512	6.548356
79503755776	79503544320	211456	512	5.181489
82672237056	82672050176	186880	512	5.614445
47078328832	47078072832	256000	512	6.589719
29958577152	29958321152	256000	512	6.805559
157233596416	157233409024	187392	512	3.627968
93378327040	93378112000	215040	512	6.503523
145817351168	145817209344	141824	512	6.462349
2305977856	2305780224	197632	512	5.555138
138340547584	138340294656	252928	512	2.440743
156947381760	156947172352	209408	512	2.149510
70568448000	70568315392	132608	512	8.570312
27637945344	27637691904	253440	512	5.041741
147542974976	147542796800	178176	512	5.798382
158023482880	158023280128	202752	512	4.144882
1801658880	1801396736	262144	512	4.345612
126509779968	126509586944	193024	512	6.191487
43440536576	43440278528	258048	512	4.660430
60596432896	60596204544	228352	512	6.881402
87495820800	87495650816	169984	512	7.525900
67391691264	67391510016	181248	512	7.072897
11040991744	11040859136	132608	512	7.196762
150110558208	150110370816	187392	512	2.821368
6618332160	6618182144	150016	512	8.538477
139384207872	139383957504	250368	512	3.919983
84404661248	84404434432	226816	512	3.997001
86954791424	86954547712	243712	512	5.155319
69267130368	69266894336	236032	512	3.904517
131234885120	131234713600	171520	512	6.651381
127687655424	127687474176	181248	512	3.919745
13879270912	13879102464	168448	512	8.194344
90990855680	90990657536	198144	512	4.489095
147841774592	147841536000	238592	512	12.135310
41334835200	41334675456	159744	512	7.764617
86343909376	86343653376	256000	512	5.693752
53132736512	53132535808	200704	512	7.264466
32144773120	32144549888	223232	512	7.105956
110293623808	110293429760	194048	512	6.664163
78069912576	78069766656	145920	512	5.831653
76540968448	76540824064	144384	512	8.237250
40143937024	40143778816	158208	512	8.362953
26142766080	26142579200	186880	512	7.880489
70624173056	70624039936	133120	512	6.782800
108575946240	108575752192	194048	512	4.194015
10401439744	10401233408	206336	512	7.175441
150408795648	150408625152	170496	512	4.426737
111946160128	111945909760	250368	512	5.384452
42241516032	42241265152	250880	512	5.884805
15945733120	15945593856	139264	512	8.420009
145689455616	145689277952	177664	512	6.057736
47062951424	47062813696	137728	512	8.693959
144956211712	144955995136	216576	512	2.248387
145430453760	145430202880	250880	512	3.980009
36009899520	36009658368	241152	512	6.824489
116421241344	116421020672	220672	512	4.279298
106130044416	106129788928	255488	512	3.723663
63914719744	63914537472	182272	512	7.638910
151357780480	151357648384	132096	512	7.115756
96797622272	96797483520	138752	512	8.137884
158747851776	158747714048	137728	512	3.846168
3997329920	3997103104	226816	512	7.239513
100357112832	100356967936	144896	512	7.451147
118158551040	118158363648	187392	512	4.883817
117696059392	117695901184	158208	512	7.375907
76217199616	76217043456	156160	512	7.530608
118545188864	118545007616	181248	512	6.745055
79489648128	79489511424	136704	512	8.447191
99416876544	99416657920	218624	512	5.548611
89034572800	89034439680	133120	512	6.043947
36532363264	36532219904	143360	512	8.606423
87196513792	87196363264	150528	512	6.283874
153664177664	153663956480	221184	512	4.423676
80868683264	80868491264	192000	512	4.790467
144501737984	144501543936	194048	512	3.777918
120136292864	120136031232	261632	512	4.946305
55864384512	55864186368	198144	512	7.316956
136238074880	136237841920	232960	512	4.896947
120352041472	120351805440	236032	512	5.408559
98999996928	98999755776	241152	512	4.029370
44723520512	44723338240	182272	512	7.237660
79290531328	79290372608	158720	512	7.988686
39134764032	39134593024	171008	512	7.524816
54810876928	54810625024	251904	512	4.531506
104295153664	104294947328	206336	512	6.384462
116157260288	116157127680	132608	512	7.995638
38755287552	38755125760	161792	512	8.132561
143342107648	143341911040	196608	512	3.921251
31630561280	31630388736	172544	512	5.741027
108685736448	108685549056	187392	512	6.704129
131572111872	131571869696	242176	512	3.931853
76544544256	76544305152	239104	512	4.613369
53976166912	53975923200	243712	512	6.443920
36446184960	36445960192	224768	512	7.111013
121739896320	121739714048	182272	512	5.852931
129613550592	129613401600	148992	512	7.324091
52353640448	52353448960	191488	512	7.627509
156758771200	156758624256	146944	512	3.419952
98348664320	98348518400	145920	512	7.985612
73989524480	73989302272	222208	512	6.016969
45772616192	45772436480	179712	512	6.156409
10398676992	10398428672	248320	512	6.368563
131461134848	131460968960	165888	512	5.136478
113491712000	113491483136	228864	512	4.955509
138769862656	138769622528	240128	512	2.965987
26803453440	26803284992	168448	512	8.200471
29929325056	29929180672	144384	512	8.776668
13699823616	13699621888	201728	512	7.821820
148765368320	148765223936	144384	512	4.300871
60051159040	60050956800	202240	512	6.675843
119550000128	119549755392	244736	512	3.440333
15701675008	15701500928	174080	512	7.769227
30820640256	30820453376	186880	512	7.916217
85081900544	85081648640	251904	512	4.308125
58620946944	58620709376	237568	512	4.808605
82321986560	82321808896	177664	512	7.570771
17804205056	17804066304	138752	512	8.442942
44918613504	44918394880	218624	512	7.286383
140969528320	140969372160	156160	512	6.648855
155902651904	155902405632	246272	512	11.984663
158439000064	158438837248	162816	512	3.990041
135563762176	135563627008	135168	512	5.244437
85442888192	85442724864	163328	512	6.051862
143995100160	143994949632	150528	512	4.417115
112804210688	112804048896	161792	512	7.411142
124799730176	124799564800	165376	512	6.160172
137458371072	137458209280	161792	512	4.939568
47904153088	47903968768	184320	512	5.946458
58236033536	58235865600	167936	512	7.907094
151306649088	151306437632	211456	512	12.762997
126475109888	126474925568	184320	512	6.588604
83192123904	83191873536	250368	512	4.214395
28434407424	28434193408	214016	512	5.571591
57016511488	57016336896	174592	512	7.861071
159302637056	159302505472	131584	512	3.673267
151945042432	151944792576	249856	512	2.100795
8007211520	8007009280	202240	512	7.279039
91431759360	91431540736	218624	512	4.992121
43829705216	43829536768	168448	512	7.618101
87009555968	87009340416	215552	512	6.740651
101420058112	101419893248	164864	512	7.466037
137937740800	137937495552	245248	512	3.450738
99833155584	99832959488	196096	512	6.959979
24235148800	24234968064	180736	512	7.967817
151325378048	151325243392	134656	512	5.266481
56934395392	56934238720	156672	512	6.318034
42534230528	42533983232	247296	512	6.719260
157502564864	157502387200	177664	512	3.494963
40115018240	40114873856	144384	512	8.512948
121810659840	121810412544	247296	512	5.060310
49030379520	49030155776	223744	512	7.010217
685596672	685357568	239104	512	5.271629
32406741504	32406514176	227328	512	7.075112
42116569600	42116412928	156672	512	6.530847
66424055808	66423897088	158720	512	0.503741
75288766976	75288631296	135680	512	0.483911
71449230336	71449076736	153600	512	0.434278
43423137280	43422957568	179712	512	7.355538
96001273344	96001057792	215552	512	4.698493
159688820736	159688658432	162304	512	3.155184
135988742656	135988524544	218112	512	5.131630
14590612992	14590394368	218624	512	5.550270
30156695040	30156530176	164864	512	8.340106
2279397376	2279176192	221184	512	6.933105
106095152128	106094960640	191488	512	6.028416
80215064576	80214889984	174592	512	5.842270
98422706688	98422535680	171008	512	7.324458
28265070080	28264856576	213504	512	5.609780
146806104576	146805866496	238080	512	4.325101
29043654144	29043442688	211456	512	5.733271
150779424768	150779290112	134656	512	6.495273
51878548992	51878376960	172032	512	6.114350
122904513536	122904254976	258560	512	3.168344
73081925632	73081694720	230912	512	6.739260
153181495808	153181275136	220672	512	2.296846
68943519744	68943258624	261120	512	4.350314
46745561088	46745404928	156160	512	7.821777
343479808	343344640	135168	512	6.768580
115620538880	115620339712	199168	512	4.612620
127286009856	127285758976	250880	512	4.747642
30797142016	30796917760	224256	512	7.193231
80385109504	80384890880	218624	512	6.705409
4059144704	4058910208	234496	512	7.320853
25392738816	25392564736	174080	512	0.448521
119111956992	119111723008	233984	512	3.780574
144533903872	144533651968	251904	512	2.877716
74677161984	74676934144	227840	512	4.843964
57938475008	57938280448	194560	512	5.107218
157386224128	157386005504	218624	512	2.150576
100590541312	100590404608	136704	512	6.475190
75082346496	75082134528	211968	512	6.831491
130029523456	130029308928	214528	512	2.908081
111218588672	111218378240	210432	512	5.454906
19238628864	19238460416	168448	512	7.908075
7107298304	7107078656	219648	512	7.365115
69754060288	69753925632	134656	512	8.574707
148288944640	148288701952	242688	512	2.366031
10516681728	10516433408	248320	512	6.865845
104890878976	104890726400	152576	512	5.960795
105087746048	105087495168	250880	512	3.799971
78199958528	78199742464	216064	512	4.969660
109622873600	109622726656	146944	512	5.477653
92467652608	92467477504	175104	512	5.027536
70951228416	70951025664	202752	512	4.694157
57406722048	57406557696	164352	512	6.272980
3716054016	3715894272	159744	512	8.068892
80202839552	80202651136	188416	512	5.504231
5211150848	5210997760	153088	512	8.494060
158927554560	158927303680	250880	512	10.873487
39906893312	39906705920	187392	512	7.897163
134697908224	134697682944	225280	512	5.270534
54465615360	54465479680	135680	512	8.574249
36161590272	36161343488	246784	512	4.210064
104912122368	104911989760	132608	512	6.470360
150150057472	150149869568	187904	512	5.739692
111372772352	111372589568	182784	512	4.417018
17726231552	17726047744	183808	512	8.105738
63909435904	63909277184	158720	512	8.094472
134364534784	134364295680	239104	512	2.042509
57920964096	57920768000	196096	512	6.853116
130314708992	130314482176	226816	512	5.182363
32070227456	32070059520	167936	512	8.298909
80584397824	80584247296	150528	512	8.030093
86694378496	86694169600	208896	512	6.744013
117448691200	117448545280	145920	512	7.778510
79266506240	79266314240	192000	512	6.518947
130289722368	130289505792	216576	512	3.725124
140526396928	140526144000	252928	512	3.882819
158417209344	158416973312	236032	512	12.699156
122784376832	122784243200	133632	512	7.937761
130555504640	130555296256	208384	512	5.824581
58926432768	58926201856	230912	512	6.819528
84795864064	84795726848	137216	512	6.099769
60057362432	60057206272	156160	512	7.772476
129121148416	129120990208	158208	512	4.562603
46604571136	46604395520	175616	512	7.862273
102688658944	102688515072	143872	512	7.801624
94078363648	94078201856	161792	512	7.765316
68122405376	68122175488	229888	512	6.714656
56135087616	56134837760	249856	512	6.484126
55421716992	55421559296	157696	512	8.116456
62382720512	62382538240	182272	512	5.248860
136744757248	136744563200	194048	512	5.821397
48895855616	48895630336	225280	512	7.149929
124058219008	124058007552	211456	512	4.321775
106661934592	106661683200	251392	512	5.592433
3853441536	3853227008	214528	512	7.576579
9984439808	9984305664	134144	512	7.066811
40809491968	40809284608	207360	512	0.474275
84281801728	84281662464	139264	512	6.549574
49915747840	49915554304	193536	512	7.572929
27787146240	27787005952	140288	512	6.889015
1144634368	1144456704	177664	512	8.098556
88086008832	88085867520	141312	512	7.554962
26362861568	26362698240	163328	512	6.487293
4725515776	4725369856	145920	512	6.839590
118458793472	118458638336	155136	512	5.673204
24148745728	24148587520	158208	512	8.451456
85728232448	85728075776	156672	512	6.110679
115866184704	115866001408	183296	512	4.283980
120498459648	120498287104	172544	512	5.174894
99322437120	99322213376	223744	512	4.620777
65945510400	65945304064	206336	512	6.486366
107045782528	107045628416	154112	512	7.674718
32246709760	32246577664	132096	512	8.799787
69895786496	69895547392	239104	512	5.612745
34171975168	34171760640	214528	512	7.274832
40199843840	40199621632	222208	512	0.420374
123059821056	123059624448	196608	512	5.482592
141478794752	141478557184	237568	512	2.764755
153503079424	153502865920	213504	512	12.740509
38672846848	38672688640	158208	512	7.819580
96047418368	96047280640	137728	512	6.372908
100297526784	100297275904	250880	512	5.613216
127152485888	127152249856	236032	512	5.148660
115970007552	115969750016	257536	512	3.232325
27686793216	27686542848	250368	512	6.180377
6316219392	6316037632	181760	512	7.658510
86301869056	86301684736	184320	512	7.232029
116595058688	116594899456	159232	512	7.465547
71417792000	71417618944	173056	512	7.825605
83586153472	83585959424	194048	512	7.160885
38686369280	38686147584	221696	512	10.162248
53092426240	53092268032	158208	512	8.119177
118391124480	118390922752	201728	512	6.261051
26884354048	26884165632	188416	512	7.938541
132174313984	132174064640	249344	512	2.794792
16284119040	16283962368	156672	512	8.546341
61848883200	61848645632	237568	512	6.625064
93533525504	93533326848	198656	512	7.072757
63665955328	63665784832	170496	512	7.313879
39419490816	39419303936	186880	512	7.742799
41801671168	41801488384	182784	512	5.515218
83525300736	83525044224	256512	512	4.111721
106957315584	106957168128	147456	512	7.255642
105054184960	105054034432	150528	512	7.139534
