base_offset	offset	absdelta	probe_length	millis
110001193472	110000888832	304640	512	0.764958
56667172352	56666655232	517120	512	9.198318
129003010560	129002664448	346112	512	11.959797
41107995136	41107668480	326656	512	2.566316
72577304576	72576933376	371200	512	11.975716
30602843648	30602550272	293376	512	6.019303
72843852800	72843518976	333824	512	2.975858
24966598656	24966095360	503296	512	2.332839
63075600384	63075148800	451584	512	11.834966
47128279040	47127892480	386560	512	4.333135
13065426944	13065009664	417280	512	3.140805
82783247872	82782956032	291840	512	3.339123
83915743232	83915426816	316416	512	2.949972
150729683968	150729378816	305152	512	11.172545
16272731648	16272364544	367104	512	5.100844
95077967872	95077455360	512512	512	9.460114
65995125760	65994602496	523264	512	10.476368
2410874880	2410399744	475136	512	12.666751
26935598592	26935251456	347136	512	3.496956
100423878656	100423467520	411136	512	11.787364
89711640576	89711322624	317952	512	2.852330
80391960576	80391686144	274432	512	5.610088
95912420864	95911899648	521216	512	7.500725
110990779392	110990496768	282624	512	2.876107
102079390720	102079002112	388608	512	12.225737
36198268928	36197878272	390656	512	12.304720
141347129856	141346731520	398336	512	9.451693
95827376128	95827084800	291328	512	4.862642
129033364480	129032989696	374784	512	10.963542
85474877440	85474545152	332288	512	2.715399
99683821056	99683417088	403968	512	11.934681
88065959936	88065621504	338432	512	3.927522
68918533120	68918223360	309760	512	3.450701
137783991296	137783727616	263680	512	2.152070
133724953088	133724513280	439808	512	19.943801
44099939840	44099483136	456704	512	10.816407
139913088512	139912600576	487936	512	6.955789
134053007360	134052528640	478720	512	5.917499
18786077184	18785800192	276992	512	5.787667
71285092352	71284675584	416768	512	12.582053
92100254208	92099836416	417792	512	10.197745
152987557376	152987201536	355840	512	7.550152
93503304192	93502832640	471552	512	10.807246
14093060608	14092678144	382464	512	2.712970
157742333952	157742070784	263168	512	11.802265
124398724608	124398273024	451584	512	9.380428
58070258688	58069987840	270848	512	6.053977
69714067456	69713549312	518144	512	10.611664
81075551744	81075232256	319488	512	12.974212
137891759616	137891484672	274944	512	3.653402
73412128256	73411634176	494080	512	9.163805
154432400384	154431937536	462848	512	4.727475
111481624064	111481136640	487424	512	9.296904
28689457664	28689075712	381952	512	2.665074
135704830976	135704313344	517632	512	4.699279
1486369792	1485989376	380416	512	4.927011
83164915712	83164507648	408064	512	12.088056
139357222400	139356809216	413184	512	9.409052
27480109568	27479603200	506368	512	10.474820
103530353664	103530049536	304128	512	2.376287
140112204288	140111698432	505856	512	4.268679
22478496256	22478095360	400896	512	2.585251
51554294272	51553801728	492544	512	9.721003
154843778560	154843512320	266240	512	1.967359
24632645632	24632224768	420864	512	12.119348
76524669440	76524291072	378368	512	1.905092
80010230784	80009721856	508928	512	11.959382
123618828800	123618398208	430592	512	9.886390
139358778880	139358330368	448512	512	8.590593
131902081536	131901703680	377856	512	9.153114
72419440128	72419113984	326144	512	4.885932
70134910976	70134474240	436736	512	12.158127
111371021824	111370662912	358912	512	10.804069
80432538624	80432107008	431616	512	10.249837
106359974400	106359472640	501760	512	8.988415
90608907776	90608589824	317952	512	12.651536
108604956160	108604508672	447488	512	10.612886
55287158784	55286846976	311808	512	5.333839
36791285760	36791004160	281600	512	4.458849
68569323008	68568954880	368128	512	4.115750
86307686400	86307333632	352768	512	3.675617
71189177344	71188734464	442880	512	12.066646
63001993216	63001508352	484864	512	9.620202
36539027456	36538537472	489984	512	11.944301
95221280256	95220909568	370688	512	3.366087
102898273280	102897807872	465408	512	8.161096
127262760960	127262271488	489472	512	8.386814
145705985024	145705530880	454144	512	7.489854
125504809472	125504538112	271360	512	2.698965
47375461376	47375180800	280576	512	5.151658
82057812992	82057485312	327680	512	12.604770
115527864320	115527571968	292352	512	12.412227
1385619968	1385138688	481280	512	2.984940
71282344960	71282030592	314368	512	5.136918
33889095168	33888669696	425472	512	11.605548
123883730432	123883298816	431616	512	10.172594
3520811520	3520434688	376832	512	4.707674
86248675328	86248206848	468480	512	11.109991
154583194624	154582772224	422400	512	5.919193
159687005696	159686494720	510976	512	10.285141
4811660288	4811275264	385024	512	3.056756
138154648576	138154134528	514048	512	6.859543
6376129536	6375647232	482304	512	12.251774
100020449280	100020148224	301056	512	4.752756
30887436288	30887029248	407040	512	4.298374
89182431744	89182079488	352256	512	1.874523
156994077696	156993701376	376320	512	5.397224
156937060864	156936570368	490496	512	12.928121
5957230080	5956884992	345088	512	3.504358
2224581120	2224172032	409088	512	2.613292
35803053568	35802654720	398848	512	2.203680
95750655488	95750330368	325120	512	4.341968
139822126080	139821633024	493056	512	6.368307
107797422592	107797098496	324096	512	1.905820
85094002688	85093551104	451584	512	11.444248
132490736640	132490243584	493056	512	7.616656
147260228608	147259868160	360448	512	9.743819
80129357312	80128964608	392704	512	3.399681
106321657344	106321351680	305664	512	2.587840
30761997312	30761494528	502784	512	10.484321
124157586944	124157214208	372736	512	11.335099
156768666112	156768281088	385024	512	10.772504
127492834304	127492448256	386048	512	10.651466
67555494912	67554976256	518656	512	10.528219
107331694592	107331394048	300544	512	3.162354
100768949760	100768615936	333824	512	2.260659
136285201408	136284868096	333312	512	11.364497
28262948352	28262507008	441344	512	3.444064
11746602496	11746294272	308224	512	4.264794
65860625920	65860354048	271872	512	5.915070
1622744576	1622302208	442368	512	3.584826
111146772992	111146337280	435712	512	10.500725
127302763520	127302335488	428032	512	11.367274
62959697408	62959333888	363520	512	2.382885
121089871872	121089389056	482816	512	9.036210
149369835520	149369563136	272384	512	12.115654
20715516928	20715217408	299520	512	5.194834
84342091776	84341581824	509952	512	10.017106
55196130304	55195772928	357376	512	12.634702
82654408192	82653900800	507392	512	8.441588
135405976576	135405496832	479744	512	5.733180
21820505088	21820154368	350720	512	2.431487
108658672128	108658180608	491520	512	9.643645
116347454976	116347066880	388096	512	1.941103
25917726208	25917379584	346624	512	3.237938
155212603392	155212291072	312320	512	7.929031
100840923648	100840660992	262656	512	5.363020
67142596608	67142125568	471040	512	11.485131
50345474560	50345017856	456704	512	12.055713
90068737536	90068311040	426496	512	11.736708
57315850752	57315491840	358912	512	12.657350
1890157568	1889761792	395776	512	4.365674
132918210560	132917761024	449536	512	8.576571
70324106752	70323641856	464896	512	9.773732
28328979456	28328690176	289280	512	4.475949
63119919104	63119461376	457728	512	11.737662
144073654272	144073165312	488960	512	6.441681
159222040576	159221580800	459776	512	2.499933
41005717504	41005369344	348160	512	4.903703
15542076928	15541649920	427008	512	1.913892
75900323840	75899846656	477184	512	11.087571
134707819520	134707375104	444416	512	8.968630
32921034240	32920728064	306176	512	4.081165
81306361344	81305893888	467456	512	11.281846
10621864448	10621549056	315392	512	3.310751
11928852480	11928532992	319488	512	3.774918
155053366784	155052908032	458752	512	4.695752
82181099520	82180749824	349696	512	2.151991
109250610688	109250312192	298496	512	2.503913
62889031168	62888650240	380928	512	2.093620
67030595072	67030281216	313856	512	3.335947
113693006336	113692506112	500224	512	9.013065
19708288000	19707828736	459264	512	2.372968
115781193216	115780793856	399360	512	11.335013
149580072960	149579644416	428544	512	5.538280
34020548096	34020252672	295424	512	5.814777
54410963456	54410656768	306688	512	5.138682
41395174912	41394768384	406528	512	13.875033
67345797632	67345486336	311296	512	3.396789
18547366912	18546942464	424448	512	12.373925
120929448448	120929182208	266240	512	2.969494
62507272192	62506967040	305152	512	5.401839
54613923840	54613535744	388096	512	1.952191
92374275072	92373879296	395776	512	12.376668
17554609152	17554238464	370688	512	2.271555
91201883136	91201494016	389120	512	12.480952
17540183552	17539884544	299008	512	6.210122
3162145792	3161642496	503296	512	12.214215
8344407552	8344016896	390656	512	2.700940
18388953600	18388654080	299520	512	4.122123
4310576640	4310238208	338432	512	3.807507
40897474048	40896955392	518656	512	9.709669
111014036480	111013677056	359424	512	10.792036
142581432832	142581103104	329728	512	9.654644
3644497920	3644220928	276992	512	6.523358
24585523712	24585180672	343040	512	5.317937
44540547584	44540238848	308736	512	4.536748
8135864832	8135351296	513536	512	2.876817
41827969536	41827559424	410112	512	11.927634
32624291840	32624020480	271360	512	6.267275
52026832896	52026428928	403968	512	12.727876
89725213696	89724854784	358912	512	12.852873
8208264704	8207757312	507392	512	10.392653
141462824448	141462356480	467968	512	7.522165
3938302464	3938019328	283136	512	3.918549
153888456704	153888033792	422912	512	5.172535
54551309312	54550968832	340480	512	3.714311
14723847680	14723537920	309760	512	5.206665
92704773120	92704268800	504320	512	8.070894
103632985088	103632640000	345088	512	11.319978
43357430784	43357095424	335360	512	5.337587
8940978176	8940624384	353792	512	2.604273
116191832064	116191388160	443904	512	8.208139
11413131776	11412710912	420864	512	2.174717
157167956992	157167433216	523776	512	2.440741
69735130112	69734628352	501760	512	10.907045
120076867072	120076600320	266752	512	12.802972
128103522816	128103102464	420352	512	9.744095
158409457152	158409041920	415232	512	3.771100
75031183360	75030659072	524288	512	8.487937
22841654784	22841387008	267776	512	6.452089
83074608128	83074100736	507392	512	10.311620
49258193408	49257758208	435200	512	3.168425
140923483648	140923028992	454656	512	7.883578
112608869888	112608522240	347648	512	11.095465
26364243968	26363922432	321536	512	3.719805
48734412800	48734058496	354304	512	12.913499
4360668672	4360343552	325120	512	3.947746
759453696	759044608	409088	512	2.614733
69479074816	69478785536	289280	512	4.496394
21558654464	21558318080	336384	512	5.464469
64315920384	64315620352	300032	512	3.591886
83211537408	83211184128	353280	512	12.107040
81269146112	81268703232	442880	512	9.965149
68844201984	68843787264	414720	512	10.976989
82521707008	82521295872	411136	512	2.951760
154143496192	154143020544	475648	512	12.584896
143549534720	143549243904	290816	512	1.624944
60754153984	60753794560	359424	512	4.269720
53427908096	53427609088	299008	512	3.761400
65611005952	65610722304	283648	512	5.714646
57528416768	57527895552	521216	512	9.070179
19511546880	19511212544	334336	512	2.981129
578651136	578262016	389120	512	1.893063
139087265792	139086799360	466432	512	7.840623
77008485376	77007973376	512000	512	10.400564
88492151296	88491647488	503808	512	8.105924
158929769472	158929448448	321024	512	8.219006
152097036800	152096635904	400896	512	8.409552
108877887488	108877592064	295424	512	4.360918
131187705856	131187198976	506880	512	5.703685
1384815616	1384294400	521216	512	11.591858
116878871552	116878358016	513536	512	6.342110
27446775296	27446477824	297472	512	5.272384
18795616256	18795108864	507392	512	10.697245
69686230528	69685863936	366592	512	12.030695
89733560832	89733117952	442880	512	11.079043
38707035648	38706615296	420352	512	12.940898
37092237312	37091830272	407040	512	2.672898
49692301824	49692018688	283136	512	5.983096
84105658368	84105304576	353792	512	2.221917
2521990656	2521556992	433664	512	12.170062
19614295040	19613925376	369664	512	3.299436
149777453056	149777018368	434688	512	7.233725
14702738944	14702460416	278528	512	5.822929
138436675584	138436304384	371200	512	10.607663
77130047488	77129618944	428544	512	12.018117
95870549504	95870219776	329728	512	2.911894
49428264960	49427752448	512512	512	11.071586
106182321152	106181924864	396288	512	15.376324
145044289024	145043935232	353792	512	10.718276
146484028928	146483634176	394752	512	7.135043
69562812928	69562380800	432128	512	12.227086
115007232000	115006951936	280064	512	12.734041
25059894784	25059454464	440320	512	1.888603
97078093824	97077825024	268800	512	3.633429
130195469824	130195136512	333312	512	10.478586
40736843264	40736526848	316416	512	3.638491
82209869312	82209410048	459264	512	5.022612
68304503808	68304125952	377856	512	2.074623
56886623232	56886243840	379392	512	12.109972
82514898432	82514621440	276992	512	5.615000
94184640512	94184198144	442368	512	9.380128
158763268096	158762906112	361984	512	5.959196
96691248128	96690907136	340992	512	4.017999
75699343360	75699017728	325632	512	2.953965
147149859840	147149436416	423424	512	7.888190
144349816320	144349431808	384512	512	9.458998
12439057408	12438674944	382464	512	4.511177
37244423168	37244060160	363008	512	3.008914
146058347008	146057911808	435200	512	5.791636
126765002240	126764655104	347136	512	2.616906
120383309312	120383035392	273920	512	12.614755
130543853568	130543561728	291840	512	1.901547
40216121344	40215742976	378368	512	12.613536
68612960256	68612546560	413696	512	12.537014
129049891328	129049449984	441344	512	9.240602
123936214528	123935808512	406016	512	10.789771
6591101440	6590814720	286720	512	5.576434
138002483712	138002128384	355328	512	11.041683
147189741056	147189347840	393216	512	7.209451
74840053248	74839706624	346624	512	12.510181
19442178560	19441854976	323584	512	5.857223
43658198528	43657732608	465920	512	12.114991
26069644800	26069219840	424960	512	12.080699
139358500352	139358224384	275968	512	2.024640
5044819456	5044297728	521728	512	11.862975
40993541120	40993155072	386048	512	2.430536
140799389184	140798951424	437760	512	7.899225
48948121600	48947631616	489984	512	10.063948
60719303680	60718914048	389632	512	11.965734
57219208192	57218928640	279552	512	5.948574
84572553216	84572219904	333312	512	2.534439
53376295936	53375799296	496640	512	11.097073
36487641600	36487287808	353792	512	3.011085
140858651648	140858342400	309248	512	10.326249
3651971584	3651696128	275456	512	6.652450
26304205312	26303745536	459776	512	11.373323
145587446272	145587130880	315392	512	11.407410
121970511360	121970133504	377856	512	11.271456
69622623744	69622195200	428544	512	2.914756
142743902720	142743490560	412160	512	9.073357
42022380032	42021941760	438272	512	2.048931
118466953728	118466567168	386560	512	11.280092
85631340032	85630908416	431616	512	11.835855
92453116416	92452729344	387072	512	2.924953
142068071936	142067578368	493568	512	6.344833
20828688384	20828189184	499200	512	12.016687
105961260032	105960942592	317440	512	4.103130
68398986240	68398700544	285696	512	3.924229
127868006912	127867624448	382464	512	11.068957
41843086848	41842731008	355840	512	1.939473
116012684800	116012172800	512000	512	6.546292
105580021760	105579618816	402944	512	9.861538
44764004352	44763604992	399360	512	2.677583
66448340480	66447827456	513024	512	10.678367
133407916032	133407522816	393216	512	10.062837
130591011840	130590502400	509440	512	7.178586
143599527936	143599080448	447488	512	8.075877
122825101312	122824753152	348160	512	2.524350
137107727360	137107209728	517632	512	6.775932
46365243904	46364867584	376320	512	2.423938
46560446464	46560150528	295936	512	3.951062
24381359104	24381071872	287232	512	6.275398
50853396992	50853003264	393728	512	3.791868
14788327936	14788029952	297984	512	5.948722
55192904192	55192532480	371712	512	12.366436
66861871104	66861507584	363520	512	4.168067
118482950656	118482503168	447488	512	9.825034
19005142016	19004834816	307200	512	3.446618
152460260864	152459947008	313856	512	9.091039
34235627008	34235280384	346624	512	4.924833
43837327872	43836877824	450048	512	1.769671
50964899328	50964593152	306176	512	5.288493
90987619328	90987333120	286208	512	2.304375
108697064960	108696663552	401408	512	11.259725
52246270976	52245968896	302080	512	3.577704
153929839616	153929381888	457728	512	6.672216
111225408000	111224954880	453120	512	8.242497
90431090688	90430661120	429568	512	11.689766
118355769344	118355469312	300032	512	2.106983
49744345600	49744074240	271360	512	6.337623
13416016384	13415694336	322048	512	5.862568
93931627008	93931295232	331776	512	2.196437
145090860032	145090384896	475136	512	6.869255
133700212736	133699778048	434688	512	8.967401
140002911232	140002460160	451072	512	3.907415
111284145664	111283741696	403968	512	1.879944
969370624	968903168	467456	512	12.804203
98025304576	98024978944	325632	512	2.451764
39053072384	39052723712	348672	512	3.236718
138175935488	138175519232	416256	512	9.445313
36800658432	36800348160	310272	512	3.941594
121288598528	121288098304	500224	512	8.659659
65302914560	65302605824	308736	512	2.437790
139724469248	139724198912	270336	512	11.648216
53390517760	53390219776	297984	512	5.551993
141231058944	141230590976	467968	512	7.069244
43852827648	43852462592	365056	512	3.488748
101535910912	101535518208	392704	512	2.799633
77988775936	77988443136	332800	512	2.627600
125497054720	125496531456	523264	512	5.830814
35903826944	35903539200	287744	512	6.110218
79908584960	79908293632	291328	512	5.420396
72243610624	72243295232	315392	512	5.104853
132046435328	132046129152	306176	512	11.277519
62195958784	62195587072	371712	512	12.138020
3291318784	3290795520	523264	512	2.206205
135089175040	135088895488	279552	512	1.962405
85363985920	85363613184	372736	512	12.818073
52351465472	52350946816	518656	512	10.832898
148172959744	148172493824	465920	512	7.120209
41319287296	41318767616	519680	512	11.441675
58538803200	58538308608	494592	512	9.671455
117920564224	117920195584	368640	512	10.330296
121755110912	121754827264	283648	512	2.553171
66918421504	66918138880	282624	512	5.694067
103314164224	103313852928	311296	512	2.456631
85307009536	85306531328	478208	512	10.666516
140273427968	140273026560	401408	512	7.332108
122527012352	122526494720	517632	512	5.656593
54573076480	54572566528	509952	512	10.699420
21397096960	21396741120	355840	512	2.316471
128051820544	128051360768	459776	512	9.209482
8812687872	8812215808	472064	512	3.101643
146539507200	146539038208	468992	512	7.011164
52203102720	52202805760	296960	512	2.868893
5968315392	5967823872	491520	512	12.069284
79168931840	79168622592	309248	512	4.890141
17472947712	17472595968	351744	512	3.544831
76986397696	76985933312	464384	512	11.358055
4825630720	4825364480	266240	512	6.772067
33526994944	33526670336	324608	512	3.522161
125410105344	125409783296	322048	512	12.259613
124600590336	124600091648	498688	512	7.785020
113754695168	113754222080	473088	512	9.653862
31698067456	31697648640	418816	512	12.917016
156429304320	156428891648	412672	512	6.945872
106701039104	106700737536	301568	512	4.444258
81464761856	81464272896	488960	512	8.861697
154215784960	154215290368	494592	512	2.921972
123456841728	123456446976	394752	512	10.726182
89596306432	89596008448	297984	512	4.798262
383610880	383264256	346624	512	4.524927
120823528960	120823206912	322048	512	12.697773
37220943360	37220642816	300544	512	4.147598
106159414272	106158892544	521728	512	9.006293
135811291648	135810819072	472576	512	7.583884
44131987968	44131529728	458240	512	12.109240
83834027008	83833602048	424960	512	1.075167
49438141952	49437792256	349696	512	4.734893
125110050304	125109675520	374784	512	10.943493
8633491968	8633210880	281088	512	4.745797
42223414784	42223138304	276480	512	4.528446
124043688448	124043349504	338944	512	12.423136
95768902656	95768423424	479232	512	10.486669
120026098176	120025619968	478208	512	8.912845
93066287104	93066005504	281600	512	2.423736
116332183040	116331660288	522752	512	8.086906
139517047808	139516622336	425472	512	8.276049
79009540608	79009113600	427008	512	2.501082
63958449152	63958107648	341504	512	2.798608
70115630592	70115222016	408576	512	1.751046
98622727168	98622218752	508416	512	9.262906
116377200128	116376777728	422400	512	8.856264
22214793728	22214435840	357888	512	3.337720
64309966336	64309542912	423424	512	14.160134
115175206400	115174707200	499200	512	6.738920
80446315008	80445817344	497664	512	8.696059
61674631168	61674267648	363520	512	4.389743
94475978240	94475640832	337408	512	4.074456
23453323776	23452893696	430080	512	3.853809
33403250688	33402958848	291840	512	4.261850
64506675712	64506284032	391680	512	1.867437
154066743808	154066428928	314880	512	10.461287
24873873408	24873539072	334336	512	4.547753
71993790464	71993297408	493056	512	11.080835
67303230464	67302755840	474624	512	11.394428
41687668224	41687149056	519168	512	11.175537
36031014400	36030508544	505856	512	2.089684
136443097600	136442618880	478720	512	7.433770
159520255488	159519872512	382976	512	3.996005
65838093312	65837765632	327680	512	3.084641
77858657792	77858334720	323072	512	12.819255
104828709888	104828296704	413184	512	9.512468
96068742144	96068461056	281088	512	2.357386
138669050368	138668621824	428544	512	8.818616
8030633984	8030160384	473600	512	11.455761
49029120	48700416	328704	512	3.928525
110507598336	110507135488	462848	512	8.000677
144070220800	144069759488	461312	512	6.768856
107813495296	107813029376	465920	512	9.743381
138500476416	138500087296	389120	512	9.837165
129516466688	129516028928	437760	512	9.070399
69691164160	69690704896	459264	512	9.966059
144884170752	144883706368	464384	512	5.818154
9356399616	9356034560	365056	512	5.135403
31776955392	31776455168	500224	512	11.770027
19089000960	19088546304	454656	512	12.564353
48103011840	48102510592	501248	512	1.921672
33769592320	33769302528	289792	512	4.162850
153772178944	153771757568	421376	512	7.776303
89582364672	89581884416	480256	512	10.296833
89004549632	89004071424	478208	512	10.330950
37840613376	37840286720	326656	512	5.273954
2353150976	2352786944	364032	512	3.042401
104468995584	104468688384	307200	512	4.068851
61610233344	61609936384	296960	512	5.443096
1709171712	1708663296	508416	512	12.123219
79699841536	79699479552	361984	512	4.040311
22849433088	22848941568	491520	512	11.895406
59701064192	59700549632	514560	512	10.642671
43995500544	43995156992	343552	512	3.261588
140393947136	140393499648	447488	512	7.632611
54420281344	54420000768	280576	512	5.761289
31126302208	31125924352	377856	512	2.977268
148619179520	148618658816	520704	512	2.317476
46385678848	46385156096	522752	512	10.919727
50160794624	50160301056	493568	512	11.743116
81786438656	81785995264	443392	512	11.397574
146773850112	146773433856	416256	512	4.675017
30301203456	30300846080	357376	512	4.869847
107280865280	107280358400	506880	512	8.864731
87620538880	87620056576	482304	512	5.247475
115330306048	115329848320	457728	512	9.637573
96656033792	96655655424	378368	512	11.020460
99277672448	99277318144	354304	512	12.967219
138401201152	138400805888	395264	512	8.104687
106426106880	106425692672	414208	512	9.510708
72828419584	72828063232	356352	512	4.196914
112795344384	112794883072	461312	512	8.021614
112368975360	112368497152	478208	512	9.499351
36533874688	36533424128	450560	512	12.645363
108912258048	108911934976	323072	512	11.902670
74966116352	74965648896	467456	512	11.286783
133045582336	133045212160	370176	512	10.872768
134821615104	134821147648	467456	512	6.169925
150594344448	150593901056	443392	512	6.918804
109187288064	109187013120	274944	512	5.035351
12604575232	12604209152	366080	512	4.150257
55570273792	55569906176	367616	512	12.409979
97762908160	97762551808	356352	512	11.406229
14085752832	14085444096	308736	512	5.777514
33757928960	33757429760	499200	512	11.573969
108053647360	108053201408	445952	512	8.706912
103224185344	103223697408	487936	512	9.317443
15607610880	15607139328	471552	512	12.752115
84521903616	84521626624	276992	512	3.650806
27422646784	27422305792	340992	512	3.588448
78622713856	78622367232	346624	512	4.128752
147213102080	147212699648	402432	512	8.958986
23322806272	23322417152	389120	512	4.317184
112307883520	112307534848	348672	512	12.446404
23391548928	23391058944	489984	512	12.231855
106648131072	106647865344	265728	512	2.295189
31498781184	31498307584	473600	512	11.991628
87978652672	87978151424	501248	512	10.196786
31037611520	31037185536	425984	512	1.901794
158349219840	158348864000	355840	512	8.195104
65193588736	65193156096	432640	512	12.193041
95269597696	95269158912	438784	512	12.805766
43686166528	43685716992	449536	512	12.413704
64091993088	64091680768	312320	512	3.401793
32674563584	32674132992	430592	512	3.614057
94311377920	94310922752	455168	512	12.445349
15945554432	15945223168	331264	512	3.016641
93763906048	93763475968	430080	512	11.230793
1858465280	1858096640	368640	512	3.079716
113896685056	113896363008	322048	512	1.961955
151680462336	151680095744	366592	512	7.196573
65822234624	65821754880	479744	512	13.081535
24650567168	24650287616	279552	512	3.780056
159512832512	159512367616	464896	512	11.609378
75941878784	75941422080	456704	512	11.500335
36458061824	36457698304	363520	512	4.562935
159482268160	159481809408	458752	512	12.281913
30462365184	30461972480	392704	512	2.696308
142488421376	142488049152	372224	512	10.151514
118851879424	118851372544	506880	512	8.250499
9046081024	9045797888	283136	512	6.261794
88813923328	88813523968	399360	512	2.667069
33035871744	33035463680	408064	512	11.989214
49396825600	49396538368	287232	512	5.041427
118853577728	118853267968	309760	512	12.968085
41639134208	41638746624	387584	512	2.447932
16350240768	16349774336	466432	512	12.827054
136174006784	136173613568	393216	512	8.156629
6812373504	6811933184	440320	512	2.704995
4842722816	4842333184	389632	512	4.754854
53918798848	53918481408	317440	512	2.413737
56455127040	56454794752	332288	512	3.395280
42277663744	42277217792	445952	512	11.180466
112323133952	112322826240	307712	512	4.134790
96363610624	96363223552	387072	512	12.403062
3650136064	3649866752	269312	512	4.956102
77124447744	77124089344	358400	512	2.301781
80610838016	80610533376	304640	512	4.943390
145983178752	145982732288	446464	512	7.688925
57262475776	57262107648	368128	512	12.404919
93051314688	93050972160	342528	512	12.074123
51861947392	51861533184	414208	512	3.228124
30372055040	30371658752	396288	512	2.464789
112483583488	112483185152	398336	512	11.313085
133329030656	133328599552	431104	512	9.261596
149230812160	149230405632	406528	512	8.816793
68644340224	68644069888	270336	512	3.130698
23267908096	23267645440	262656	512	5.960837
66960307712	66959913984	393728	512	11.552211
107332455936	107332141568	314368	512	12.131729
68621678080	68621184000	494080	512	9.158677
22050580480	22050062848	517632	512	11.701297
90979390976	90978995712	395264	512	10.743122
102635862016	102635428864	433152	512	10.928685
70868919296	70868604928	314368	512	3.351061
141723692544	141723414016	278528	512	11.376301
110889512960	110889176064	336896	512	12.725525
74249477120	74249075200	401920	512	12.575384
68563511808	68563224576	287232	512	5.639341
105032470528	105032105472	365056	512	10.823994
150998434304	150998051840	382464	512	8.277951
135082826240	135082310656	515584	512	6.850806
73471945216	73471629824	315392	512	4.957357
35510372864	35510088192	284672	512	5.212754
95797424128	95797121024	303104	512	3.036392
135616466944	135616053248	413696	512	9.786591
128054567936	128054267904	300032	512	1.993236
112664591872	112664258560	333312	512	12.813134
15635527168	15635133952	393216	512	2.888514
99289604608	99289081856	522752	512	9.402609
147117381120	147117106688	274432	512	12.312788
82294516736	82294235648	281088	512	3.735320
112643282432	112642990080	292352	512	2.639629
85946125312	85945643520	481792	512	12.396463
4330676736	4330406400	270336	512	6.703668
95914086912	95913663488	423424	512	9.942313
101801250304	101800823808	426496	512	9.583816
4525772288	4525448704	323584	512	5.624999
67039225856	67038773248	452608	512	2.430937
104763273728	104762874368	399360	512	11.643496
16848699904	16848395264	304640	512	3.530802
58982386688	58981912576	474112	512	10.112513
80760104960	80759775232	329728	512	2.689087
3848924160	3848420352	503808	512	2.891438
117555908096	117555425280	482816	512	5.455502
106643194368	106642883072	311296	512	12.219862
80602022400	80601564672	457728	512	11.220499
135996342272	135995965952	376320	512	10.206368
55994479616	55994140160	339456	512	3.732538
89091830272	89091438592	391680	512	12.443523
141547394048	141546916864	477184	512	10.324991
34584128512	34583685632	442880	512	13.019452
123317973504	123317672960	300544	512	1.944275
110056848384	110056362496	485888	512	9.417781
105364135936	105363715584	420352	512	9.334894
94382608896	94382134272	474624	512	8.628284
29002009600	29001742848	266752	512	4.863842
16318357504	16317861888	495616	512	12.363999
3281610240	3281159168	451072	512	12.817694
107237642752	107237138944	503808	512	9.478133
88591252992	88590981120	271872	512	5.281706
33758010368	33757687296	323072	512	5.326303
9617384448	9616913408	471040	512	3.412243
25916574720	25916273664	301056	512	5.889563
127222630912	127222282752	348160	512	14.511073
101286359552	101286096896	262656	512	2.645435
16332012544	16331630080	382464	512	4.872600
11432418816	11432125952	292864	512	6.123039
118151212544	118150815232	397312	512	10.974254
154395214336	154394736128	478208	512	12.427609
153262059008	153261710336	348672	512	9.938357
79554030592	79553519616	510976	512	12.110550
122869485056	122869163520	321536	512	11.216240
92611357184	92611010048	347136	512	1.930071
58833910272	58833507840	402432	512	12.735930
137546338816	137546004992	333824	512	11.613044
47692531200	47692115968	415232	512	12.851577
97182060032	97181633024	427008	512	11.278776
157541269504	157540824064	445440	512	3.357093
117743054848	117742736384	318464	512	11.668198
76928759808	76928441856	317952	512	4.892490
18039245312	18038888960	356352	512	2.513196
158439374336	158438994432	379904	512	8.054715
110641703424	110641206784	496640	512	9.095808
25434391040	25434066432	324608	512	5.432250
142462672896	142462372352	300544	512	12.180400
51818468864	51818099712	369152	512	2.307842
134233619456	134233110528	508928	512	7.308634
127535425536	127535088640	336896	512	10.383843
74762464768	74762173952	290816	512	5.382672
91351001088	91350686208	314880	512	12.721645
12596660224	12596141568	518656	512	10.564503
10031007232	10030619136	388096	512	2.751013
59703810048	59703449600	360448	512	4.261533
142686032384	142685651456	380928	512	7.999049
20439944192	20439516672	427520	512	12.324783
126966783488	126966273024	510464	512	7.462368
120887310848	120886899200	411648	512	8.692149
15413483008	15413013504	469504	512	11.488802
119222094848	119221826560	268288	512	3.444762
47823793664	47823318528	475136	512	10.327125
60223296512	60222819840	476672	512	11.620276
31850173440	31849822720	350720	512	3.823153
28875506688	28875039232	467456	512	11.189837
1084602880	1084289024	313856	512	5.129444
33579395584	33579068928	326656	512	5.456799
34275486720	34275036160	450560	512	12.660396
12451681792	12451410944	270848	512	4.905399
46163951104	46163497472	453632	512	12.135169
51882670080	51882283520	386560	512	2.164831
38296870400	38296592384	278016	512	6.137893
158040556032	158040058368	497664	512	9.844294
39634533376	39634130944	402432	512	3.906895
134596354048	134595926016	428032	512	9.154367
121915017216	121914497024	520192	512	8.079543
32383763968	32383369216	394752	512	4.036612
97061908992	97061584896	324096	512	4.396791
8208916992	8208433664	483328	512	12.553506
60699749376	60699324928	424448	512	11.668051
89444615168	89444096512	518656	512	7.740472
8184832	7801856	382976	512	3.024290
23485013504	23484558848	454656	512	11.467280
145197853184	145197436928	416256	512	8.149975
123969952768	123969443840	508928	512	7.962315
123891428864	123891079680	349184	512	12.155459
94851076608	94850571776	504832	512	9.904787
136483799040	136483401216	397824	512	8.014503
109682519552	109682121216	398336	512	11.698354
116556796416	116556278784	517632	512	6.213290
75495718912	75495313408	405504	512	3.082378
86537875456	86537605632	269824	512	3.613231
90482046976	90481696256	350720	512	2.150525
158274792960	158274396160	396800	512	4.529154
51713812480	51713492480	320000	512	5.152080
117727746560	117727287296	459264	512	7.825936
116018953728	116018554368	399360	512	9.535567
139353040384	139352758784	281600	512	1.880101
155185252352	155184839680	412672	512	4.487441
39450435072	39450092032	343040	512	3.396616
21924993536	21924679168	314368	512	3.851750
145319122432	145318654976	467456	512	7.075324
67510830080	67510508032	322048	512	3.200175
39727954944	39727476224	478720	512	2.831405
93225431552	93224909824	521728	512	9.401267
18387738624	18387276288	462336	512	12.448423
149086607360	149086263296	344064	512	12.377030
93128618496	93128113664	504832	512	10.159751
126986363904	126985964544	399360	512	10.295092
115945013760	115944714240	299520	512	4.274807
88065525248	88065014272	510976	512	9.646972
27122958848	27122634752	324096	512	5.647830
51382373888	51382001664	372224	512	2.198433
55300612096	55300339200	272896	512	4.232478
28320279552	28319817216	462336	512	12.672819
92771691520	92771329024	362496	512	1.928354
105334354432	105334011392	343040	512	12.609980
46323381760	46322965504	416256	512	12.827039
40873069568	40872707072	362496	512	3.097873
87232687616	87232166912	520704	512	9.797509
25953103360	25952627712	475648	512	12.446873
143096374784	143095875072	499712	512	6.155480
62609442304	62609067520	374784	512	12.101387
155470367232	155469927936	439296	512	12.284099
92878382592	92877974016	408576	512	10.437607
51987451392	51987157504	293888	512	4.702218
56849873408	56849472512	400896	512	11.740423
44104228864	44103947264	281600	512	4.131479
58529969664	58529662976	306688	512	3.610844
153960370688	153960014336	356352	512	9.144075
45753681920	45753339392	342528	512	3.334027
53453893632	53453420032	473600	512	10.150291
83700809728	83700345344	464384	512	1.875954
113592446464	113592120320	326144	512	1.826569
17751412224	17750917120	495104	512	2.979941
141660084224	141659691520	392704	512	9.094397
98233377792	98232856576	521216	512	8.957338
83451962368	83451464192	498176	512	19.784806
155402964480	155402597888	366592	512	6.049322
39225310208	39224975872	334336	512	3.521084
99227860992	99227482112	378880	512	10.809757
155665838592	155665326592	512000	512	12.187413
23629105152	23628722176	382976	512	4.669411
103717099520	103716768768	330752	512	12.863786
43050776064	43050443264	332800	512	3.311687
12306832384	12306432000	400384	512	12.782963
124066094080	124065779200	314880	512	3.610026
142249192448	142248908800	283648	512	2.975236
53969643008	53969358848	284160	512	5.736525
90222116352	90221657600	458752	512	9.189494
47523645440	47523318784	326656	512	5.369121
102990339072	102989982208	356864	512	12.571697
124811497472	124811231744	265728	512	12.492206
130329016320	130328559104	457216	512	6.844431
133984538112	133984087552	450560	512	8.552597
111145378816	111145057280	321536	512	3.737022
102302003712	102301561856	441856	512	10.699260
103109373440	103109075968	297472	512	2.776041
106826632704	106826175488	457216	512	6.596336
54473901568	54473429504	472064	512	11.620155
47533157888	47532837376	320512	512	5.452189
46845361152	46844955136	406016	512	3.970520
115155396096	115155016704	379392	512	2.120509
47375819264	47375502336	316928	512	2.611360
152297309184	152296850432	458752	512	4.085439
85782488576	85782197760	290816	512	4.238896
141556324864	141555943424	381440	512	7.988636
71024915968	71024502784	413184	512	14.353499
26180047872	26179682816	365056	512	4.957808
84164920832	84164411904	508928	512	10.047710
71049299456	71048803840	495616	512	10.990078
136528045568	136527644672	400896	512	9.863388
101569199104	101568864768	334336	512	1.986069
73596953088	73596515328	437760	512	10.458960
34195950080	34195457536	492544	512	2.274161
53709041152	53708597760	443392	512	10.793193
6047711232	6047442432	268800	512	4.955121
28500522496	28500018688	503808	512	11.656506
153387526656	153387121664	404992	512	8.235279
149618011648	149617569280	442368	512	7.796757
57260506112	57260174336	331776	512	3.158012
77657548288	77657071616	476672	512	9.198843
99617915392	99617518080	397312	512	10.363545
65147128320	65146697216	431104	512	2.895222
50432225280	50431931392	293888	512	4.147002
81360563200	81360041984	521216	512	9.945634
151338611712	151338110464	501248	512	3.597007
106581818880	106581508608	310272	512	2.218061
129821188096	129820737536	450560	512	8.759857
140430568960	140430291968	276992	512	11.400007
2454323200	2453965312	357888	512	3.427214
8717724672	8717348864	375808	512	3.941377
128443951104	128443641856	309248	512	12.557906
71066560512	71066129408	431104	512	12.226871
157285484032	157284961280	522752	512	13.627991
131104248832	131103851008	397824	512	8.567677
36961864192	36961436160	428032	512	1.897920
100102028800	100101666816	361984	512	12.447639
83987309568	83986935296	374272	512	11.588187
118349460480	118349050880	409600	512	10.591399
116359562752	116359247360	315392	512	13.570227
80970861056	80970365952	495104	512	10.478095
133777513472	133777176064	337408	512	13.487252
55499059200	55498747392	311808	512	5.320897
80078633472	80078368256	265216	512	3.032087
31289627136	31289157120	470016	512	12.242007
9598242304	9597927424	314880	512	5.961805
64362857472	64362588160	269312	512	5.942349
12538611712	12538169344	442368	512	11.985394
24705044992	24704593920	451072	512	12.629911
2249390592	2248920064	470528	512	11.496151
153079549952	153079235584	314368	512	10.449443
82539679744	82539324928	354816	512	2.069020
66950385152	66949914624	470528	512	9.966347
83008986624	83008674816	311808	512	1.948626
158917859328	158917510144	349184	512	7.098586
10651136512	10650839040	297472	512	3.653906
145237221376	145236791296	430080	512	6.002672
102544350208	102544084480	265728	512	4.089388
136922290176	136921884160	406016	512	5.949134
94263872512	94263569408	303104	512	3.024984
106722012672	106721650176	362496	512	2.783312
110821626880	110821131264	495616	512	9.087412
46222225920	46221839872	386048	512	4.317891
128854777856	128854372864	404992	512	10.508456
49462391808	49461959680	432128	512	12.521626
107856512000	107856132608	379392	512	10.401444
24107869696	24107415040	454656	512	12.805318
127518117376	127517744128	373248	512	9.317967
143759193600	143758916096	277504	512	12.789154
132250505216	132250032128	473088	512	8.420397
5205684736	5205303808	380928	512	2.815224
156692608512	156692236800	371712	512	8.302359
78656343552	78656017920	325632	512	3.416180
140780262400	140779976192	286208	512	12.550210
30250400256	30249939456	460800	512	11.376196
132885722624	132885288960	433664	512	9.434682
32418431488	32417953280	478208	512	11.833445
60364304384	60363929088	375296	512	3.973439
116440824320	116440359936	464384	512	9.818723
127702151680	127701691392	460288	512	9.133453
81165192704	81164687872	504832	512	10.288813
58366380032	58365999616	380416	512	12.163713
157454447104	157454022656	424448	512	12.741232
82495399424	82494915072	484352	512	10.770677
117196027392	117195588096	439296	512	10.025994
127295608832	127295275520	333312	512	11.937848
70882616832	70882112000	504832	512	10.825872
114518848000	114518571520	276480	512	12.823813
155731227648	155730913792	313856	512	11.985977
60535792128	60535393280	398848	512	12.821011
31406871040	31406525440	345600	512	2.141043
72046385664	72046123008	262656	512	4.301613
7659433472	7659141120	292352	512	6.397440
68988921344	68988574208	347136	512	2.679732
153336444928	153335941632	503296	512	2.650032
36707801600	36707325440	476160	512	11.944332
88474353664	88473945600	408064	512	10.453082
82032346112	82031872512	473600	512	9.239254
91403343872	91402988544	355328	512	2.104932
108047094784	108046800896	293888	512	12.702496
114165689344	114165389312	300032	512	12.385661
39996750336	39996464640	285696	512	5.162000
122986065920	122985607168	458752	512	9.185251
135993001472	135992597504	403968	512	9.439695
63443063296	63442800128	263168	512	3.385334
21188717056	21188244480	472576	512	12.225729
97584735232	97584281600	453632	512	8.912294
76072047616	76071601152	446464	512	10.255855
113794888192	113794426880	461312	512	8.013330
149185401856	149184990720	411136	512	8.678484
67732140032	67731767808	372224	512	4.016721
5828082176	5827629056	453120	512	11.790726
90428959232	90428555776	403456	512	12.195779
125023204864	125022808576	396288	512	10.733065
124558537728	124558159360	378368	512	11.153631
139451226624	139450768896	457728	512	3.838067
34849274880	34848760320	514560	512	5.779744
120302105600	120301644288	461312	512	9.550434
41497138176	41496633344	504832	512	11.751173
49715000320	49714507264	493056	512	11.779793
3585198080	3584893952	304128	512	6.117671
6002985472	6002609152	376320	512	4.967958
45314255872	45313733120	522752	512	11.243094
13172442624	13172113920	328704	512	5.728902
135844621824	135844161536	460288	512	7.928585
152333335040	152333029888	305152	512	9.385986
153507282432	153506949120	333312	512	10.418405
153885315584	153884792832	522752	512	10.874275
93027240960	93026750464	490496	512	10.049062
77014032896	77013621248	411648	512	12.323780
21842012672	21841519104	493568	512	10.702923
39277033472	39276712448	321024	512	5.503481
143793341440	143792912896	428544	512	8.174206
4896154624	4895818752	335872	512	2.913911
139341426176	139341044736	381440	512	10.370803
4265465856	4265054208	411648	512	2.313607
23736202752	23735896064	306688	512	5.103925
118603661824	118603289600	372224	512	9.772826
13312847360	13312556544	290816	512	5.566701
147457847296	147457413120	434176	512	5.863095
98490737152	98490448384	288768	512	1.939500
45750294016	45750002688	291328	512	5.980763
94820771328	94820384768	386560	512	3.080383
12119933952	12119512064	421888	512	3.043215
80915097088	80914820096	276992	512	5.707405
40374683136	40374295040	388096	512	2.620608
124505273856	124504966144	307712	512	11.256113
97565273600	97564866560	407040	512	10.075462
111625061376	111624757760	303616	512	2.389199
129265487360	129265184768	302592	512	11.405111
76113117696	76112768000	349696	512	2.441813
83919860736	83919438336	422400	512	2.491776
54984031232	54983760896	270336	512	3.405497
44053303296	44052974080	329216	512	2.371524
126975026688	126974744576	282112	512	2.189465
56506192896	56505822720	370176	512	2.304955
15535230464	15534758400	472064	512	12.267967
63809408000	63808907264	500736	512	10.902946
152487003136	152486602240	400896	512	8.375600
3749448704	3749166080	282624	512	6.329248
45196613632	45196327424	286208	512	3.277838
118449054208	118448728576	325632	512	12.746021
79862889472	79862544384	345088	512	12.305274
154824351232	154823897088	454144	512	4.832675
87074028544	87073627136	401408	512	2.570458
114626949120	114626456576	492544	512	8.785370
114681121792	114680711680	410112	512	9.195557
159164049408	159163654656	394752	512	5.401491
117527992832	117527667200	325632	512	12.736650
15511607296	15511097856	509440	512	11.625177
151103018496	151102521344	497152	512	5.502966
53218274816	53218008064	266752	512	6.148153
144843051520	144842697216	354304	512	8.826633
42209466880	42209188864	278016	512	6.316063
24831138304	24830630912	507392	512	11.897483
45528230912	45527864832	366080	512	4.674879
56226636288	56226248192	388096	512	11.981131
135537480704	135537125376	355328	512	11.077975
68259051520	68258576384	475136	512	8.893349
133484200960	133483869184	331776	512	11.874886
131935726592	131935396864	329728	512	12.083469
155348085248	155347703808	381440	512	3.362338
107862675456	107862243840	431616	512	9.051310
71661114880	71660656128	458752	512	13.474025
35509506048	35509163520	342528	512	3.995642
41692772352	41692253184	519168	512	11.184131
24490500096	24490220544	279552	512	6.237022
42679459840	42678941696	518144	512	11.472242
58889809408	58889350144	459264	512	11.889570
121826508800	121826230272	278528	512	4.270941
33486064128	33485750784	313344	512	2.806389
53007950848	53007671296	279552	512	4.146800
76918014976	76917694976	320000	512	4.859131
2212216832	2211739648	477184	512	12.790177
122742722048	122742287360	434688	512	10.090186
74801267200	74800835072	432128	512	10.585020
50122986496	50122505216	481280	512	11.625712
71683201536	71682839552	361984	512	4.195921
65096026624	65095612416	414208	512	11.200228
57315965440	57315481088	484352	512	9.905713
6452018688	6451698176	320512	512	3.872254
142805872128	142805381632	490496	512	6.429794
75502600192	75502315008	285184	512	3.759726
113317235200	113316898304	336896	512	11.360939
113105945088	113105681408	263680	512	2.258181
2045869056	2045367296	501760	512	10.919000
70125260800	70124918784	342016	512	4.596839
14520103936	14519818240	285696	512	4.376792
125153730048	125153386496	343552	512	10.157272
122752091136	122751662080	429056	512	10.233054
147217873408	147217518080	355328	512	10.268000
150754727936	150754364928	363008	512	9.378291
134235780096	134235448832	331264	512	11.861535
15594390528	15593955328	435200	512	2.237514
86893338112	86892980224	357888	512	12.862413
24177227264	24176887808	339456	512	2.627487
85189338112	85188947968	390144	512	11.192562
100084923904	100084632064	291840	512	4.693961
110371723776	110371209728	514048	512	8.676534
153123073024	153122563072	509952	512	5.027407
124837776896	124837355008	421888	512	7.874819
25526669824	25526376448	293376	512	6.197215
114256048128	114255716352	331776	512	12.860735
149877358080	149876974592	383488	512	9.493124
98510532608	98510203904	328704	512	2.757114
35201089536	35200616448	473088	512	12.217571
112811163648	112810664448	499200	512	9.036212
43366467584	43365950976	516608	512	9.700612
11947011072	11946606080	404992	512	2.236819
4939679232	4939340800	338432	512	5.368171
67570681856	67570419200	262656	512	6.115123
79340014080	79339727360	286720	512	5.484685
46241038848	46240617472	421376	512	1.898834
119827482112	119827165696	316416	512	3.467631
124684978688	124684536832	441856	512	7.243726
49686292480	49685910016	382464	512	2.312631
28691534336	28691254784	279552	512	4.457949
103974060032	103973751808	308224	512	2.960401
67850176000	67849762304	413696	512	12.522874
97355922944	97355611648	311296	512	2.455800
77114956288	77114681344	274944	512	5.702215
129361752576	129361405440	347136	512	11.414971
105191152640	105190679552	473088	512	7.955376
125303721472	125303352320	369152	512	9.416708
129557109760	129556801536	308224	512	11.227144
69846286336	69845952512	333824	512	4.748512
135175810048	135175287808	522240	512	6.925538
29485733888	29485407232	326656	512	3.842353
49281726464	49281313280	413184	512	2.052183
24659133952	24658831872	302080	512	5.120288
158959940608	158959609856	330752	512	4.439684
84048738816	84048261120	477696	512	10.942294
26356616704	26356125184	491520	512	11.881345
51907814400	51907399168	415232	512	3.447404
52707145216	52706688512	456704	512	11.731924
5389309440	5388846592	462848	512	11.459432
82598181888	82597869056	312832	512	2.921818
122563124736	122562811904	312832	512	11.488464
2828325376	2828048384	276992	512	4.612111
79471569920	79471124480	445440	512	9.902752
106327155712	106326720512	435200	512	10.880693
69194911744	69194490368	421376	512	12.406205
92218697216	92218216960	480256	512	10.277414
5019868160	5019540992	327168	512	5.767674
63299864064	63299366400	497664	512	10.961280
27717884928	27717373952	510976	512	11.694102
63908877312	63908434432	442880	512	12.010738
84485211136	84484807680	403456	512	12.419621
89681592832	89681321984	270848	512	3.802462
55933886976	55933534720	352256	512	2.732832
21155331072	21155001344	329728	512	2.820401
29261301248	29260857344	443904	512	12.960899
45463016960	45462704640	312320	512	3.618148
119033561600	119033190400	371200	512	11.373608
139842608640	139842304512	304128	512	11.793140
14814093824	14813611520	482304	512	12.101804
114996462592	114996070400	392192	512	9.669367
127623789056	127623319040	470016	512	8.522662
140397214208	140396814848	399360	512	9.031902
2006095872	2005807104	288768	512	5.601531
135419096064	135418683904	412160	512	7.878984
57655438336	57655019520	418816	512	12.674812
152514481664	152513965056	516608	512	4.897000
149114758656	149114468864	289792	512	11.626900
122820849152	122820575232	273920	512	2.609477
40109438976	40109057536	381440	512	2.519473
129354685440	129354390528	294912	512	12.774902
15451107328	15450589696	517632	512	10.584361
38250375168	38250102272	272896	512	6.201251
157031422976	157030901248	521728	512	12.769800
69572518912	69572094976	423936	512	3.045887
94849315328	94848965632	349696	512	2.052283
127912606720	127912296960	309760	512	3.575284
105142361088	105142012416	348672	512	3.144577
131879937024	131879657472	279552	512	12.078999
88876264448	88875921408	343040	512	12.052938
108718582272	108718163968	418304	512	10.862438
64201823232	64201404416	418816	512	12.450899
12512484864	12512196096	288768	512	4.661823
71387259392	71386860032	399360	512	12.832728
95951671808	95951171584	500224	512	10.039430
155504969216	155504466432	502784	512	2.263501
120932848128	120932495360	352768	512	12.145429
150353154048	150352733184	420864	512	5.757698
132442714624	132442258432	456192	512	8.869697
77954682880	77954180608	502272	512	11.919515
72792997888	72792624640	373248	512	11.962799
92053927936	92053488128	439808	512	11.152109
151189064704	151188613632	451072	512	11.820252
87081530880	87081080320	450560	512	10.924335
87727826944	87727443968	382976	512	11.046446
57115080704	57114591744	488960	512	11.116091
24981225472	24980708352	517120	512	11.440148
110330893312	110330513408	379904	512	10.275167
10586089472	10585805312	284160	512	4.723165
88016958464	88016619008	339456	512	2.152085
62934994432	62934700544	293888	512	3.712683
24341506560	24341183488	323072	512	3.911036
137564307968	137563805696	502272	512	7.202099
153710692352	153710276096	416256	512	7.259676
696308736	695838720	470016	512	12.440051
57620610048	57620166144	443904	512	12.258369
105601529344	105601245696	283648	512	3.098587
135423596032	135423236096	359936	512	9.461940
61566858240	61566566912	291328	512	2.965196
27934549504	27934035968	513536	512	10.366139
64574095872	64573648384	447488	512	11.890887
101926411776	101925946368	465408	512	10.260410
57058905600	57058459648	445952	512	10.724646
4373432832	4373131264	301568	512	6.208967
53788854272	53788351488	502784	512	8.228182
16147070464	16146568192	502272	512	10.874620
157362668032	157362225664	442368	512	4.205035
82137483264	82137116672	366592	512	2.009766
40957700096	40957218304	481792	512	11.874490
88491096064	88490591744	504320	512	8.123766
76100406784	76099961856	444928	512	2.406297
119832190976	119831844352	346624	512	12.110682
72123032064	72122614784	417280	512	12.497785
116582902784	116582398976	503808	512	8.939231
139513361408	139512876032	485376	512	6.620582
155301351424	155301075968	275456	512	12.292092
78528255488	78527782400	473088	512	1.861340
112403700224	112403297792	402432	512	9.647786
125304280064	125303813632	466432	512	6.499641
94905883136	94905567232	315904	512	2.529241
89650045440	89649756160	289280	512	2.254129
84794130432	84793765888	364544	512	11.847947
16925249024	16924959232	289792	512	6.079498
19081543168	19081041408	501760	512	11.634145
28808194048	28807902720	291328	512	6.161886
75803066880	75802644992	421888	512	12.186412
67024592896	67024081408	511488	512	1.328022
147375299072	147374957568	341504	512	10.704389
21920049152	21919537152	512000	512	11.523162
67712883200	67712537088	346112	512	4.520175
129665756160	129665377280	378880	512	10.612170
145670705664	145670183424	522240	512	12.174527
142738145280	142737684992	460288	512	5.952640
24024354304	24023922688	431616	512	3.613170
24224838144	24224389632	448512	512	2.255218
68724974080	68724551680	422400	512	12.360256
8287310336	8287011328	299008	512	3.609926
96873004032	96872554496	449536	512	11.145167
9486496256	9486005248	491008	512	1.732424
153940921344	153940584960	336384	512	9.733430
119093501440	119093177344	324096	512	11.163124
14802190848	14801889792	301056	512	4.130649
105091344896	105090936320	408576	512	11.512388
148570648064	148570350592	297472	512	11.362700
128451355648	128451049984	305664	512	11.312612
58299277824	58298996736	281088	512	5.907985
44905815040	44905319424	495616	512	11.708803
89736202752	89735734272	468480	512	10.531149
1507770880	1507493888	276992	512	4.822010
142489664000	142489241600	422400	512	8.837175
131293693952	131293171200	522752	512	3.068147
132275085312	132274595328	489984	512	8.040460
101718621184	101718220288	400896	512	11.965860
47809408512	47808912896	495616	512	9.980402
52571876864	52571485184	391680	512	3.888657
150304878592	150304615424	263168	512	13.000146
112195145216	112194827264	317952	512	2.075775
103185086976	103184815104	271872	512	4.884794
32960285696	32959888384	397312	512	2.435460
159977642496	159977165824	476672	512	3.663647
137369434112	137368980480	453632	512	6.318942
73229467648	73229028864	438784	512	10.399634
104136360960	104136050176	310784	512	12.248423
146442550272	146442174464	375808	512	9.361479
157187456512	157187139584	316928	512	9.618255
96197427200	96196922368	504832	512	9.613983
84578448896	84578153472	295424	512	2.362372
2427303936	2426785280	518656	512	2.656151
60887964672	60887500288	464384	512	10.295528
133721610240	133721238016	372224	512	1.278050
87765656064	87765140480	515584	512	9.906413
64140480000	64140066816	413184	512	12.537558
380384256	379980288	403968	512	12.750501
110284589568	110284254720	334848	512	3.456931
107872093696	107871614976	478720	512	7.830669
121763339776	121762853888	485888	512	8.866751
78349010432	78348578304	432128	512	11.961973
59478070784	59477775360	295424	512	3.675211
8506057728	8505576960	480768	512	11.260815
122599228928	122598722560	506368	512	8.414523
42841321472	42840872448	449024	512	3.302901
40588311552	40587893760	417792	512	2.086834
67486628864	67486337024	291840	512	5.546560
137800321024	137799943680	377344	512	8.657914
157432395264	157432037888	357376	512	8.155545
34277644800	34277173248	471552	512	12.268149
131281677824	131281339904	337920	512	10.393592
150971761664	150971368448	393216	512	9.201717
73928422400	73927970816	451584	512	11.572675
155936854528	155936495104	359424	512	6.000400
108232202240	108231681024	521216	512	6.655858
73258014720	73257559040	455680	512	2.178282
6020647424	6020276224	371200	512	3.261272
30004790272	30004283392	506880	512	1.101667
137550388224	137550038528	349696	512	11.255182
101176846336	101176379392	466944	512	10.180866
51959962624	51959551488	411136	512	2.137746
131680620544	131680329216	291328	512	12.865694
4089264640	4088884224	380416	512	4.758517
107649855488	107649527296	328192	512	1.853104
99220661760	99220188160	473600	512	8.459005
150304158720	150303888896	269824	512	12.731148
93764424192	93763909120	515072	512	9.422746
89928085504	89927751168	334336	512	4.032855
107449772544	107449443840	328704	512	1.812818
42191696896	42191352320	344576	512	5.158031
14311506432	14310982144	524288	512	2.042050
92152400896	92152013824	387072	512	12.557890
94783965184	94783693824	271360	512	2.563394
137851939840	137851654144	285696	512	3.608525
135803956224	135803514880	441344	512	8.431165
9677930496	9677541888	388608	512	3.679938
46972861952	46972396544	465408	512	10.589266
90250648576	90250260480	388096	512	12.521153
129217794048	129217495552	298496	512	12.871970
42933358080	42932986880	371200	512	3.392813
25958838272	25958418432	419840	512	4.049508
120279525376	120279102464	422912	512	10.491451
123314228736	123313837568	391168	512	10.887215
66269582848	66269084160	498688	512	10.942146
33731287552	33730989568	297984	512	5.857432
117039148032	117038856704	291328	512	4.226149
102035366912	102034877952	488960	512	10.000077
51209172992	51208893440	279552	512	4.101614
119751162880	119750768128	394752	512	9.164350
95017388544	95016969216	419328	512	11.698676
158534439936	158533945344	494592	512	10.028350
75853885952	75853483520	402432	512	11.278744
91532122624	91531772928	349696	512	11.742164
141294805504	141294490112	315392	512	10.151086
101932842496	101932533248	309248	512	4.276073
102219212288	102218705920	506368	512	9.740699
78743736320	78743409152	327168	512	4.686760
146345431552	146345157120	274432	512	11.329932
71125279232	71124920320	358912	512	12.245939
32408982528	32408489472	493056	512	11.617388
113060585472	113060226048	359424	512	12.242900
156219120640	156218659840	460800	512	3.607841
131423501824	131423087104	414720	512	8.071652
88364309504	88363914240	395264	512	3.035356
133422664192	133422316032	348160	512	9.804758
57396772864	57396390400	382464	512	1.952758
10193409024	10193031680	377344	512	2.109192
128085613568	128085105152	508416	512	7.551560
113429130240	113428803584	326656	512	3.617977
105115983360	105115649024	334336	512	3.756801
115943719936	115943438848	281088	512	2.927741
93598299648	93597828096	471552	512	10.454723
20940786176	20940459520	326656	512	2.922132
110970164224	110969683456	480768	512	9.324051
65706069504	65705650176	419328	512	11.088293
28475968000	28475650560	317440	512	3.879821
19949043712	19948530688	513024	512	10.651182
124751168512	124750708224	460288	512	8.773194
40713596928	40713295872	301056	512	3.207839
120070878720	120070406656	472064	512	6.973955
113099394560	113099131904	262656	512	2.321089
101253918208	101253611520	306688	512	12.655977
61447285760	61446801920	483840	512	2.144552
101684166144	101683852800	313344	512	2.670177
143988619264	143988224000	395264	512	7.558594
156657758720	156657443840	314880	512	10.172772
39615726080	39615381504	344576	512	4.974704
58841595392	58841329152	266240	512	4.280174
69421316608	69420898304	418304	512	12.454249
110030810624	110030294016	516608	512	8.676677
19168711168	19168401920	309248	512	4.174006
33173698048	33173201920	496128	512	11.843196
11328157184	11327660544	496640	512	12.330056
53101954560	53101533184	421376	512	3.088147
1166064128	1165784064	280064	512	4.569447
51942910464	51942400512	509952	512	11.081209
2875501568	2875101184	400384	512	2.801817
59261826560	59261371904	454656	512	11.763495
96683973632	96683684352	289280	512	3.333115
72882935296	72882463232	472064	512	11.557491
67367082496	67366657536	424960	512	10.979441
90058817024	90058429952	387072	512	12.520438
120357918720	120357549056	369664	512	11.517426
70132907008	70132622336	284672	512	3.900423
147024487424	147024146944	340480	512	8.992488
55136174592	55135792128	382464	512	2.360481
71890881536	71890458624	422912	512	12.531749
37535423488	37534919168	504320	512	9.959108
73886500352	73886190080	310272	512	5.025725
40566545920	40566071808	474112	512	11.962597
11166579712	11166228480	351232	512	2.622058
105293092352	105292714496	377856	512	12.124826
125911474176	125910974464	499712	512	5.517779
34092495872	34092194816	301056	512	5.870186
89335825408	89335376896	448512	512	11.295846
149294696448	149294235136	461312	512	4.339072
105308124672	105307708928	415744	512	10.927652
51583771136	51583350784	420352	512	11.246974
105252087296	105251731968	355328	512	12.660607
94248670208	94248406016	264192	512	5.615603
128969712640	128969358336	354304	512	11.777329
134970559488	134970087424	472064	512	6.077191
86909763584	86909396992	366592	512	3.342645
43706726912	43706383872	343040	512	3.190038
139680353280	139680005632	347648	512	10.494438
128064327168	128063838720	488448	512	8.492559
149954582016	149954199040	382976	512	7.122710
146465478656	146465140736	337920	512	10.378127
85129965056	85129667584	297472	512	5.007451
50241915392	50241413120	502272	512	9.772381
87168189440	87167882240	307200	512	12.821276
78061539840	78061259264	280576	512	2.667191
50426005504	50425637888	367616	512	2.859134
118715777024	118715361792	415232	512	10.354069
127020985344	127020682752	302592	512	11.378380
96748708864	96748241920	466944	512	10.339430
9194176000	9193715712	460288	512	11.733636
125213634048	125213242880	391168	512	10.861335
78559489024	78559087104	401920	512	12.557993
93238030336	93237625344	404992	512	12.293582
155205946368	155205469696	476672	512	12.448655
86874134016	86873670656	463360	512	12.395448
152805443584	152805067264	376320	512	8.476035
59588260864	59587870720	390144	512	3.861951
30708388352	30707938816	449536	512	11.589054
156457342976	156457072128	270848	512	11.604445
40037170176	40036649984	520192	512	9.661546
73440342528	73439888384	454144	512	13.346727
57187406848	57187126272	280576	512	5.812703
26416542720	26416040960	501760	512	11.989800
18583874048	18583400960	473088	512	12.208473
125082930176	125082430464	499712	512	7.747756
159880195584	159879799296	396288	512	6.465810
7702734848	7702331904	402944	512	2.794449
24610836480	24610568704	267776	512	4.816751
41774799872	41774371840	428032	512	1.893308
12891349504	12890913792	435712	512	12.856556
75819685888	75819286528	399360	512	1.987054
13597962752	13597632000	330752	512	5.364226
145070172160	145069769216	402944	512	8.925569
27144892416	27144460800	431616	512	2.101219
34635652608	34635258880	393728	512	2.306662
155852057600	155851757056	300544	512	1.292507
117027007488	117026549760	457728	512	9.621659
6216209920	6215793152	416768	512	2.519371
106960199680	106959780864	418816	512	9.380522
152723144704	152722671616	473088	512	3.337344
90603530752	90603037184	493568	512	8.365407
158053758976	158053465600	293376	512	8.701831
81098251264	81097875968	375296	512	3.745476
13628902400	13628414464	487936	512	11.993059
18898321920	18898040832	281088	512	6.513621
149814456832	149813969920	486912	512	12.653907
15110254592	15109957632	296960	512	6.261344
36415837184	36415460352	376832	512	12.628088
158869558272	158869049856	508416	512	7.995020
102643524608	102643149824	374784	512	11.863134
19635019264	19634672128	347136	512	5.349302
85459407872	85458972160	435712	512	11.811444
38684876288	38684584960	291328	512	3.274112
71052014080	71051499520	514560	512	10.534075
144316023808	144315596288	427520	512	8.655964
100381748736	100381314048	434688	512	11.240753
47600198144	47599880704	317440	512	4.355607
69002786816	69002373120	413696	512	3.191665
83175605760	83175297024	308736	512	4.822601
17181573120	17181297664	275456	512	6.298358
35238322176	35237833728	488448	512	10.314920
42337220608	42336852480	368128	512	2.733358
60218630144	60218343936	286208	512	4.013867
61468175872	61467791360	384512	512	3.976370
23964243456	23963799552	443904	512	11.678653
50374570496	50374291456	279040	512	6.194973
117066298368	117065906176	392192	512	9.660235
4567512064	4567242240	269824	512	6.697861
30182959104	30182479872	479232	512	12.414616
97112613888	97112172032	441856	512	11.274564
133259919872	133259522560	397312	512	9.949996
137806877696	137806389248	488448	512	3.439653
78120858112	78120493568	364544	512	3.972166
94060589056	94060093952	495104	512	10.160806
40595425280	40594959360	465920	512	12.399222
133343489024	133343071232	417792	512	9.654588
147766146560	147765751808	394752	512	9.230162
110290974208	110290632704	341504	512	3.261396
17803634688	17803266560	368128	512	2.296646
157934592000	157934238720	353280	512	4.483922
136856130048	136855789568	340480	512	11.189750
128416617984	128416211456	406528	512	10.108916
103572922880	103572524032	398848	512	11.336119
145165691904	145165365248	326656	512	11.413995
88654243840	88653746688	497152	512	6.487225
143566516224	143566185984	330240	512	9.651604
46049981952	46049522176	459776	512	10.676109
27897795072	27897292288	502784	512	10.522865
152271599616	152271226880	372736	512	8.578715
19989594624	19989318656	275968	512	4.065620
35590234624	35589913088	321536	512	3.589389
141114617856	141114096640	521216	512	5.530039
117140636160	117140242944	393216	512	11.442227
148821904896	148821497856	407040	512	8.817102
118616393728	118616114176	279552	512	2.663290
20213246464	20212963840	282624	512	5.733379
109511222784	109510893568	329216	512	2.088486
294769664	294405120	364544	512	5.170778
67813525504	67813159424	366080	512	12.266731
76254002176	76253526016	476160	512	9.533919
112730767872	112730422784	345088	512	12.509342
143249592832	143249282048	310784	512	11.561322
61878116864	61877765120	351744	512	4.581676
30389020672	30388541952	478720	512	12.413483
152372140032	152371667456	472576	512	4.419789
123749952000	123749672448	279552	512	2.679193
6890492928	6890092032	400896	512	4.286827
132106087424	132105764352	323072	512	12.240109
82437310464	82436826624	483840	512	9.046196
2611854336	2611420160	434176	512	1.924121
115696673280	115696390144	283136	512	12.685378
2446117888	2445682176	435712	512	2.219374
132474499584	132474220544	279040	512	2.089708
115487721472	115487438336	283136	512	2.591083
37939988480	37939563008	425472	512	3.737628
91681735680	91681411072	324608	512	2.487913
21224461312	21224176128	285184	512	6.248609
65104309760	65103795200	514560	512	7.172839
42768819712	42768483328	336384	512	3.301270
10823030272	10822614528	415744	512	2.553114
3396317184	3395914240	402944	512	2.747521
138315656192	138315149824	506368	512	7.040910
125227687936	125227378176	309760	512	3.243826
7358464000	7357984256	479744	512	12.348353
36371179008	36370775040	403968	512	2.721683
66014913536	66014491648	421888	512	12.394354
83385995776	83385616384	379392	512	3.372291
133392918016	133392499712	418304	512	9.406981
70229242880	70228790784	452096	512	11.789890
38348764672	38348339712	424960	512	1.954449
124149235200	124148919808	315392	512	3.354243
78932870144	78932474368	395776	512	12.681921
34897722880	34897274880	448000	512	12.445915
26481254400	26480837120	417280	512	2.331618
148973339648	148973058048	281600	512	11.868639
67644898304	67644453888	444416	512	11.987285
13860700160	13860274688	425472	512	3.749459
150474826752	150474525696	301056	512	11.286009
105160270336	105159828480	441856	512	10.354939
37173545984	37173210624	335360	512	3.311596
78398601728	78398316032	285696	512	3.491785
159587271168	159586900480	370688	512	6.310431
34991020544	34990715392	305152	512	4.090943
133580560384	133580066816	493568	512	3.624072
124558675968	124558220800	455168	512	9.286355
131590380032	131589983232	396800	512	8.580357
32932645888	32932217856	428032	512	1.898399
27009170432	27008872960	297472	512	3.401665
108289605120	108289294848	310272	512	4.288991
135899941888	135899529728	412160	512	9.577844
5636126720	5635807744	318976	512	3.259656
104614820352	104614385664	434688	512	10.487872
122220111360	122219833344	278016	512	3.165880
43923314176	43922995200	318976	512	5.439232
2134285312	2134011904	273408	512	6.404291
73941118976	73940705280	413696	512	12.339764
94683604992	94683083264	521728	512	9.263377
10010319360	10010038784	280576	512	6.299035
55579408896	55578954240	454656	512	10.491083
98404106752	98403707904	398848	512	11.987341
44557829120	44557409792	419328	512	12.801764
119511939072	119511609344	329728	512	3.146687
28947870208	28947367936	502272	512	11.715481
99582938112	99582515712	422400	512	9.686573
22711678976	22711414272	264704	512	4.885473
40983965184	40983596544	368640	512	4.527725
83857916928	83857598976	317952	512	4.780972
31660871680	31660354560	517120	512	9.698689
50686084608	50685730816	353792	512	3.609331
132475518464	132475089408	429056	512	9.279436
67050098176	67049770496	327680	512	4.897141
26264022016	26263699456	322560	512	2.963729
64241126912	64240670208	456704	512	10.274747
125106923520	125106509824	413696	512	11.710303
23375819776	23375386112	433664	512	1.971055
30637319168	30636923392	395776	512	2.696826
152458382848	152458038272	344576	512	7.992733
118805138432	118804783616	354816	512	12.060114
9914692096	9914417152	274944	512	5.886062
39600739328	39600362496	376832	512	2.582421
110677158400	110676716032	442368	512	8.514624
36190341632	36190055936	285696	512	5.187960
61817423872	61817146368	277504	512	5.838803
89997123072	89996825088	297984	512	2.020680
60619316736	60618926080	390656	512	2.062491
61364625408	61364125184	500224	512	12.671980
57086999040	57086524416	474624	512	10.095978
109875568640	109875114496	454144	512	10.429887
54486322176	54485969408	352768	512	2.770622
74194595840	74194087936	507904	512	8.821651
53425112064	53424607232	504832	512	11.070764
20971363840	20970878464	485376	512	2.640624
138495562240	138495200768	361472	512	10.525592
15091694080	15091222016	472064	512	12.728792
60260558848	60260156928	401920	512	11.669334
142406366208	142405942272	423936	512	6.597611
156091487232	156091168256	318976	512	10.067327
71601085440	71600659456	425984	512	12.377219
61784171520	61783710720	460800	512	10.404134
157657793536	157657490944	302592	512	10.031732
117636435456	117635915776	519680	512	8.662145
137627473920	137627203072	270848	512	1.925825
141969562624	141969242624	320000	512	11.363568
63000382464	63000097280	285184	512	2.975228
51383443456	51382971392	472064	512	2.126212
14544719360	14544287232	432128	512	12.956030
103098780672	103098374144	406528	512	9.701902
28226859008	28226454016	404992	512	2.303772
74879577600	74879237632	339968	512	4.444669
33351122432	33350833664	288768	512	6.104835
42062976512	42062617088	359424	512	3.658095
132578741248	132578440704	300544	512	12.863217
69343908864	69343621120	287744	512	0.443834
26331432960	26331036672	396288	512	4.215607
30613395968	30612922368	473600	512	12.177806
67328205312	67327937536	267776	512	4.246024
68203353088	68202874368	478720	512	9.498291
89679981056	89679716864	264192	512	3.911433
153497286144	153496766464	519680	512	10.909004
25394049024	25393578496	470528	512	11.188985
136150748672	136150327296	421376	512	8.964406
40662238720	40661920768	317952	512	2.701097
9219124224	9218724352	399872	512	14.589574
57418070528	57417654272	416256	512	12.749092
34573050368	34572639744	410624	512	11.905924
32111483904	32111155712	328192	512	2.522824
43432909824	43432501248	408576	512	2.030195
127393790976	127393390080	400896	512	10.571159
126496402944	126495923200	479744	512	8.248553
76887034368	76886575616	458752	512	11.446439
76320982528	76320535040	447488	512	11.656760
98323453952	98323128320	325632	512	12.148272
59029165056	59028766208	398848	512	3.528935
61605982720	61605501952	480768	512	11.286818
36246226944	36245939200	287744	512	5.990215
55584082944	55583728640	354304	512	12.741061
127943881728	127943549952	331776	512	12.027166
39187428352	39187132928	295424	512	5.837743
62041024000	62040538112	485888	512	11.208018
40038194176	40037673984	520192	512	9.656027
13568494592	13568052224	442368	512	12.767254
112621252608	112620792832	459776	512	8.123880
42065213952	42064926208	287744	512	5.145102
118437004288	118436673024	331264	512	10.986581
76933283840	76932913152	370688	512	3.823219
89120392704	89120041472	351232	512	3.965767
139339663872	139339149824	514048	512	6.861305
41796888064	41796543488	344576	512	2.147026
119256943616	119256663552	280064	512	12.438073
41180967936	41180702720	265216	512	6.315375
33401222144	33400812544	409600	512	3.986553
94369226752	94368896000	330752	512	2.856292
137619501568	137619036160	465408	512	7.771095
141698112512	141697616384	496128	512	4.184289
123797829120	123797558784	270336	512	2.700966
135322351104	135321896960	454144	512	8.714864
126187098112	126186662912	435200	512	9.401165
21792406528	21791985152	421376	512	4.034030
84361286144	84360764416	521728	512	9.825505
66589533184	66589179904	353280	512	12.537936
7879305216	7878951424	353792	512	3.327002
6585849856	6585513984	335872	512	4.666191
132654769664	132654359552	410112	512	6.409247
159753923584	159753599488	324096	512	9.006438
152136571392	152136187392	384000	512	6.443147
36303924224	36303651328	272896	512	6.413506
83058906624	83058413568	493056	512	10.621729
110525934592	110525535232	399360	512	9.740764
104777393664	104776964608	429056	512	10.625710
72871868928	72871473152	395776	512	12.902364
18818399744	18818121728	278016	512	4.480576
113137584128	113137235456	348672	512	12.820434
136902323200	136901934080	389120	512	6.496883
12440412672	12440068608	344064	512	5.156199
109877698560	109877244416	454144	512	12.249539
87864605696	87864137728	467968	512	10.626406
112880732672	112880304128	428544	512	10.662886
133571658240	133571245056	413184	512	9.516581
49078983680	49078585344	398336	512	2.334632
33985710592	33985445376	265216	512	6.350653
138221740544	138221422080	318464	512	11.760740
38987652608	38987148800	503808	512	11.399796
49795600384	49795325440	274944	512	5.302656
156238958592	156238661120	297472	512	10.243175
77787460608	77787107328	353280	512	2.206679
157999919616	157999400960	518656	512	11.979682
95148539392	95148161024	378368	512	1.704812
71828393984	71828058112	335872	512	2.905694
134617407488	134617103360	304128	512	3.238194
30970732032	30970242048	489984	512	1.423638
44183455232	44183107072	348160	512	3.200606
145677995008	145677713408	281600	512	10.899458
130759582720	130759248896	333824	512	11.744419
29472474624	29472023552	451072	512	12.872276
122202114048	122201634816	479232	512	6.757492
29085711872	29085413376	298496	512	3.424766
141319488000	141319011840	476160	512	7.310238
95939143168	95938709504	433664	512	11.455289
123688600064	123688188928	411136	512	8.694092
100718840832	100718421504	419328	512	9.808786
57753876992	57753506816	370176	512	2.266513
53601533952	53601193472	340480	512	4.771655
154697463296	154697155072	308224	512	9.896917
113724461568	113724177408	284160	512	2.815707
146046945792	146046634496	311296	512	11.215891
101663945728	101663479296	466432	512	10.559463
103501202432	103500737536	464896	512	12.049099
83338425344	83337976320	449024	512	11.302293
85818660352	85818329088	331264	512	3.240859
108424880128	108424430080	450048	512	1.200820
141066447872	141066058240	389632	512	9.694144
35249818624	35249526272	292352	512	3.246639
114164406784	114163942912	463872	512	7.947038
148172630016	148172304896	325120	512	11.113332
79040629760	79040251904	377856	512	11.498450
33266212864	33265841664	371200	512	12.693059
71723898368	71723419136	479232	512	9.459735
17545259008	17544873472	385536	512	3.006470
64575621120	64575290880	330240	512	9.544140
111272438784	111272114688	324096	512	3.706761
80675008000	80674597376	410624	512	10.748234
26884087808	26883815424	272384	512	4.715676
130498575360	130498294784	280576	512	2.751787
137417151488	137416835584	315904	512	2.788206
133744975360	133744554496	420864	512	7.653482
39196611584	39196332544	279040	512	6.055452
5476313088	5475920384	392704	512	4.446944
79899709952	79899331072	378880	512	1.918569
12165916672	12165635072	281600	512	6.188047
68279844864	68279405568	439296	512	11.873640
109769322496	109768886272	436224	512	10.457405
142005914624	142005499904	414720	512	6.882758
159339064320	159338777088	287232	512	10.286460
70886573568	70886050304	523264	512	10.461653
152718807040	152718493184	313856	512	9.120080
20011384320	20011058688	325632	512	3.697360
38985222656	38984752128	470528	512	12.030830
71300572672	71300271104	301568	512	5.280359
3464677888	3464226816	451072	512	11.855324
26034539520	26034133504	406016	512	12.444052
118432784384	118432443904	340480	512	10.687575
132722482688	132722151424	331264	512	12.018159
6926278144	6925921792	356352	512	5.069698
64202027008	64201731584	295424	512	5.501640
49730039808	49729717248	322560	512	3.640587
75224551936	75224037376	514560	512	8.695280
45789145600	45788820480	325120	512	3.594174
90674229248	90673940480	288768	512	5.198399
122534525440	122534206976	318464	512	11.341925
40813829632	40813339136	490496	512	11.956839
150927945728	150927556608	389120	512	6.910412
40722761728	40722473984	287744	512	5.998617
133697035264	133696674304	360960	512	10.930330
65940308480	65939885568	422912	512	10.993677
85951262720	85950942720	320000	512	2.792494
103616068608	103615742976	325632	512	11.928893
101053200896	101052848640	352256	512	12.683679
137260433920	137259958272	475648	512	6.132115
1258039808	1257758720	281088	512	4.724779
16944621056	16944186368	434688	512	12.920038
141234843648	141234519040	324608	512	12.964670
146120686080	146120397312	288768	512	12.204029
141794786304	141794349568	436736	512	7.962659
149765942272	149765425152	517120	512	5.672618
103040950272	103040508416	441856	512	12.128582
119330786304	119330367488	418816	512	10.325994
11130128384	11129702400	425984	512	2.983140
148699507200	148699164672	342528	512	9.999625
74287032320	74286688768	343552	512	2.583482
109753096192	109752721920	374272	512	11.863792
90816130560	90815848960	281600	512	5.342250
157163512832	157163043840	468992	512	5.110070
97569852416	97569396224	456192	512	8.858075
40997010432	40996560384	450048	512	3.066566
6287961600	6287663104	298496	512	6.238052
49033180160	49032775680	404480	512	1.927129
153807505408	153807086592	418816	512	7.375002
141590346752	141590060544	286208	512	12.547387
111491581440	111491072000	509440	512	8.816508
111309758464	111309445632	312832	512	2.170557
65095007232	65094743040	264192	512	3.357328
114981893120	114981584896	308224	512	3.815706
63703595520	63703172096	423424	512	12.352707
100508640256	100508281856	358400	512	11.329459
97661422592	97661135360	287232	512	5.033297
28606915584	28606628864	286720	512	5.446061
53129717248	53129251328	465920	512	11.617016
72004911616	72004600320	311296	512	3.362840
104459269120	104458878976	390144	512	2.229562
136037396480	136036879360	517120	512	2.481022
147231148544	147230872064	276480	512	3.196532
147113703936	147113237504	466432	512	6.612551
17976120832	17975646720	474112	512	12.680739
146328728576	146328221696	506880	512	3.635969
123849157120	123848875520	281600	512	12.397872
26548161536	26547698176	463360	512	11.315482
143500251648	143499941888	309760	512	2.259595
16773681664	16773391872	289792	512	6.379866
126338277888	126337764864	513024	512	7.399273
157710824960	157710490112	334848	512	7.027925
83387049984	83386595840	454144	512	11.198675
78012033536	78011611136	422400	512	11.901547
157053662208	157053313024	349184	512	8.419381
33314486784	33313979392	507392	512	11.364847
10354152960	10353867776	285184	512	6.445380
71527307776	71527025152	282624	512	2.858486
50361089536	50360611328	478208	512	2.351621
66732234752	66731745792	488960	512	11.110648
14503476736	14502986752	489984	512	11.018473
64182109696	64181814272	295424	512	5.489054
77928260608	77927853056	407552	512	12.495304
139974307840	139973864448	443392	512	7.772605
148186972160	148186524672	447488	512	7.651901
121851062784	121850568192	494592	512	8.320113
18276221440	18275788288	433152	512	12.145502
113704992768	113704719872	272896	512	3.071031
111673186816	111672735744	451072	512	10.129985
123337647616	123337127936	519680	512	7.716317
4461779456	4461323264	456192	512	12.665407
107627235840	107626832896	402944	512	11.198670
31689469952	31689066496	403456	512	2.140526
129835163136	129834891776	271360	512	4.049973
45869935616	45869426176	509440	512	9.646540
61181128192	61180655104	473088	512	11.430301
101368618496	101368282112	336384	512	3.695837
28838653440	28838345728	307712	512	5.047735
103699174912	103698810880	364032	512	3.103327
137032846336	137032461312	385024	512	9.944660
5568177664	5567894016	283648	512	6.496408
18199590912	18199192064	398848	512	2.846862
3328178688	3327733760	444928	512	12.867415
25439281664	25438847488	434176	512	12.861689
93665969664	93665560576	409088	512	12.111177
157369252864	157368937472	315392	512	10.122875
112604051456	112603658752	392704	512	9.889778
10602926592	10602536448	390144	512	2.980352
159148269568	159147918336	351232	512	7.077877
157410318336	157409835008	483328	512	3.863484
82640793600	82640291840	501760	512	8.498868
47497550848	47497132544	418304	512	1.969531
147480974848	147480699904	274944	512	12.576415
21039534080	21039122432	411648	512	2.382043
62635106304	62634694144	412160	512	12.586773
94669512704	94669093888	418816	512	2.446168
7314866688	7314523136	343552	512	4.573868
55310090240	55309695488	394752	512	2.027505
109637995520	109637577216	418304	512	9.408094
127475039232	127474614272	424960	512	9.622915
103504783872	103504455680	328192	512	2.149175
28015495168	28015029760	465408	512	12.340613
61382323712	61381901824	421888	512	12.383859
38682546688	38682076672	470016	512	12.450531
1390217728	1389826048	391680	512	4.448151
77839428608	77839034368	394240	512	11.114287
59669023744	59668568064	455680	512	11.737038
128604717568	128604262400	455168	512	6.851095
92897895424	92897589760	305664	512	1.896911
4662175744	4661699072	476672	512	11.363952
75138892800	75138602496	290304	512	5.432640
72267754496	72267472384	282112	512	3.978527
85621880832	85621385216	495616	512	8.277331
157847199232	157846847488	351744	512	8.943750
65695634432	65695282176	352256	512	12.539740
135129329152	135128820736	508416	512	4.941720
152193771008	152193431552	339456	512	8.154886
96884592128	96884146688	445440	512	11.174077
155491270144	155490989568	280576	512	11.283598
106556557824	106556177920	379904	512	11.779083
99122318336	99121794048	524288	512	9.377656
140890314240	140889916928	397312	512	9.447532
140539232256	140538731008	501248	512	6.159148
49368203264	49367749632	453632	512	10.883667
84819143680	84818715136	428544	512	10.282238
104792397824	104792026112	371712	512	11.942029
46244847104	46244454912	392192	512	2.398817
142946717696	142946217472	500224	512	6.138852
142951933440	142951586816	346624	512	10.520490
56348349440	56348079616	269824	512	4.317455
5916013568	5915635200	378368	512	4.672292
50480920576	50480498688	421888	512	2.169134
61874755584	61874443776	311808	512	3.531730
56839457280	56839070720	386560	512	12.038034
94502962176	94502599680	362496	512	12.697758
127486523904	127486011392	512512	512	7.423507
21777106432	21776619520	486912	512	12.257658
146487441920	146487079936	361984	512	6.458172
3694423552	3693915136	508416	512	10.749242
84581774848	84581362176	412672	512	10.729724
132377349120	132376836608	512512	512	5.143034
8081170944	8080680960	489984	512	12.093824
70883192832	70882738176	454656	512	11.789373
104499522560	104499236352	286208	512	3.523756
60681128960	60680839168	289792	512	2.989074
8813749248	8813338112	411136	512	2.329569
136405994496	136405628416	366080	512	10.474796
151951972864	151951545856	427008	512	4.963554
73866454016	73865947136	506880	512	10.519130
15217082368	15216793600	288768	512	5.611019
32789004800	32788598784	406016	512	2.683103
101445673472	101445328896	344576	512	11.700292
58471872000	58471592448	279552	512	4.130755
148555781120	148555493888	287232	512	12.259324
59895968256	59895492096	476160	512	11.382027
102672688128	102672223744	464384	512	9.807031
1102160384	1101733888	426496	512	2.970877
140242010624	140241572352	438272	512	7.902955
37184387584	37184040448	347136	512	3.314369
71639351296	71638925312	425984	512	12.323323
150834612224	150834156032	456192	512	7.433950
116906281472	116905767936	513536	512	6.310614
103510481920	103510167552	314368	512	2.412555
66674611200	66674217472	393728	512	3.611290
15267350528	15266949120	401408	512	4.143409
8669121536	8668707328	414208	512	4.374841
9927038976	9926759936	279040	512	5.796881
126594228736	126593828864	399872	512	10.608484
58517143552	58516717056	426496	512	12.993168
26204416000	26203980288	435712	512	1.951879
121983241728	121982967808	273920	512	2.616363
1613113856	1612767744	346112	512	5.159979
17808257536	17807955968	301568	512	3.577808
85990849536	85990501888	347648	512	12.237512
59157650432	59157187072	463360	512	11.866304
92313349120	92313083904	265216	512	2.836019
107760246272	107759924736	321536	512	2.262662
112798845440	112798399488	445952	512	12.052694
16357860864	16357505536	355328	512	4.325689
129862321664	129861869056	452608	512	6.949589
92349654016	92349134848	519168	512	9.856069
91025814016	91025443840	370176	512	3.574252
27987683328	27987176448	506880	512	2.272228
61842422272	61842137600	284672	512	5.714874
58173661696	58173258240	403456	512	11.656195
110360637952	110360223744	414208	512	9.324756
97185120768	97184825344	295424	512	12.157791
39670908928	39670589440	319488	512	5.554750
96159562240	96159293440	268800	512	3.695287
6356085760	6355736064	349696	512	2.639276
134179510272	134179232256	278016	512	2.606956
29332025344	29331566592	458752	512	11.388990
41020730368	41020451328	279040	512	6.155702
80577323008	80576983040	339968	512	4.320744
28600190464	28599833600	356864	512	4.073934
124359430144	124358958080	472064	512	6.359724
76329981440	76329645568	335872	512	2.719204
141947309568	141947022848	286720	512	2.905022
38587649536	38587347456	302080	512	5.856765
101470300672	101469776384	524288	512	7.152650
150339419136	150339077632	341504	512	10.031805
107968665088	107968180224	484864	512	9.358616
45005295616	45005018112	277504	512	6.050555
87849573888	87849188352	385536	512	12.284035
11696765440	11696437248	328192	512	3.641709
56490046976	56489603584	443392	512	11.967982
117408131584	117407684096	447488	512	8.132221
1300564992	1300214272	350720	512	4.471304
109010104320	109009644544	459776	512	10.360882
104026050560	104025724928	325632	512	2.152659
61101112832	61100793344	319488	512	4.172158
126778208768	126777755648	453120	512	9.320862
54255108608	54254732800	375808	512	4.113559
77072851968	77072425472	426496	512	1.339072
114787986432	114787534848	451584	512	9.736407
66313671168	66313339392	331776	512	2.997987
36123028480	36122525696	502784	512	11.762480
48702787584	48702402048	385536	512	12.307156
104552297472	104551945216	352256	512	12.699575
64836611072	64836329472	281600	512	5.738775
39577538560	39577059328	479232	512	10.444545
132558853632	132558486528	367104	512	11.114744
137479361536	137479046144	315392	512	11.880329
159849734144	159849267712	466432	512	9.738858
67448434176	67448094720	339456	512	2.882005
93446452736	93446049280	403456	512	10.525383
41058201088	41057695232	505856	512	11.692229
96640076800	96639682048	394752	512	10.638909
89250457088	89250080256	376832	512	1.873022
135627665408	135627269120	396288	512	10.234378
76717867520	76717435904	431616	512	12.000226
151111127552	151110765568	361984	512	8.958876
89576011264	89575517696	493568	512	11.789113
157342688256	157342309888	378368	512	3.521879
109875482624	109875095040	387584	512	11.939872
80058241536	80057972224	269312	512	4.741947
13255991296	13255530496	460800	512	11.657601
119639478272	119639095296	382976	512	11.452405
39103763968	39103488512	275456	512	3.611003
79492770816	79492358656	412160	512	3.036729
14253483008	14253172224	310784	512	5.233056
50393298432	50392856064	442368	512	12.643968
107328854016	107328332288	521728	512	4.893275
114304245248	114303816192	429056	512	10.652302
28432760832	28432290816	470016	512	6.799524
147783054848	147782727680	327168	512	11.092683
38652793344	38652421120	372224	512	12.705171
126053509632	126053024768	484864	512	8.117794
64065247232	64064932352	314880	512	2.280781
152441007616	152440543744	463872	512	3.662092
28951905280	28951521280	384000	512	4.428640
145443237888	145442888192	349696	512	10.443914
48826689536	48826286080	403456	512	2.302612
81407631360	81407140352	491008	512	10.570513
35970937344	35970478080	459264	512	10.884671
123774971904	123774653440	318464	512	3.508513
115012825600	115012319744	505856	512	6.553496
109356878848	109356436480	442368	512	10.669442
128701257728	128700758528	499200	512	8.196776
119640156160	119639862784	293376	512	2.365722
147616314368	147615790080	524288	512	5.468418
111321821696	111321340416	481280	512	9.427944
38799652864	38799247360	405504	512	2.325717
146298944000	146298637312	306688	512	2.005411
15618248704	15617758208	490496	512	12.463441
32103748096	32103238144	509952	512	9.873955
32213135360	32212793344	342016	512	3.258140
130916673024	130916281856	391168	512	10.268120
150361442304	150361135104	307200	512	9.749387
40438024704	40437595648	429056	512	2.176028
36654285824	36653944320	341504	512	2.245099
111824497664	111824049152	448512	512	10.177351
97597765120	97597496320	268800	512	2.498096
12423322624	12423050240	272384	512	4.616621
82750345216	82749907968	437248	512	11.531147
118857394688	118857014272	380416	512	11.258189
131201998848	131201590272	408576	512	9.820467
79315003392	79314537984	465408	512	11.320802
93886068224	93885799936	268288	512	5.518948
72535867904	72535385600	482304	512	11.235107
104518844928	104518348800	496128	512	7.350755
3940568064	3940050944	517120	512	10.593014
90871748096	90871225344	522752	512	9.372775
16833696768	16833303552	393216	512	12.952807
127296560640	127296257536	303104	512	3.423016
106692094464	106691766272	328192	512	2.127211
76155940352	76155492864	447488	512	11.644976
108470820864	108470543360	277504	512	5.016046
42534335488	42533949440	386048	512	2.405426
157950902784	157950577152	325632	512	9.807998
28214935552	28214468096	467456	512	12.332140
106778674176	106778376192	297984	512	12.581973
63307195392	63306810880	384512	512	1.984210
133902078976	133901798912	280064	512	11.904630
19612904448	19612419072	485376	512	12.535291
11513758208	11513400832	357376	512	3.492392
144775785472	144775453696	331776	512	10.969983
100753620992	100753266688	354304	512	12.930184
117635781120	117635378176	402944	512	11.252960
40525797888	40525441024	356864	512	2.904277
118640496128	118640104960	391168	512	11.196323
60312781824	60312330752	451072	512	11.871672
15462551552	15462168576	382976	512	2.002852
16925379584	16924919296	460288	512	12.488742
113517234688	113516770304	464384	512	9.824464
18958508544	18958036992	471552	512	3.412643
51704850944	51704391680	459264	512	11.951775
56984475136	56984167424	307712	512	3.607893
137056042496	137055720448	322048	512	10.382472
39147772416	39147454976	317440	512	3.656941
120100624896	120100354048	270848	512	4.691656
21334333952	21333878784	455168	512	12.771253
54208278016	54207756288	521728	512	10.495443
41099962880	41099679232	283648	512	4.348440
125913761280	125913255424	505856	512	5.339363
7216297984	7216016384	281600	512	6.509973
72003278336	72002838016	440320	512	12.071571
77282284544	77281881088	403456	512	11.229928
97355344896	97354934272	410624	512	2.086137
48045092864	48044750336	342528	512	3.914177
149561055232	149560551424	503808	512	2.913048
137503750144	137503303168	446976	512	6.445964
125471861248	125471580672	280576	512	12.067051
90680147968	90679869952	278016	512	5.216537
148169773568	148169421824	351744	512	10.422563
51607344640	51606897664	446976	512	11.928943
22565962240	22565552128	410112	512	12.348390
12934269440	12933885952	383488	512	3.033031
138531014144	138530603520	410624	512	9.230674
46950067200	46949630976	436224	512	11.164497
148944949760	148944510976	438784	512	7.918314
44355292672	44354863616	429056	512	12.630977
90264744960	90264294400	450560	512	11.254260
16869776896	16869459968	316928	512	3.277888
138369826304	138369426432	399872	512	9.549168
13935553536	13935106048	447488	512	2.050368
44423732224	44423358976	373248	512	2.772927
9854879744	9854365184	514560	512	12.052897
108915048960	108914723328	325632	512	2.523737
78036722176	78036381184	340992	512	12.384959
2512502272	2512028672	473600	512	11.459743
37265877504	37265602048	275456	512	5.424480
39745019904	39744508928	510976	512	11.608241
153619272192	153618868224	403968	512	4.030856
2674726912	2674335232	391680	512	4.722349
98326464512	98326045696	418816	512	9.794468
22053697536	22053233152	464384	512	11.270657
133783493632	133783086592	407040	512	9.895848
10402483200	10402192384	290816	512	3.763501
45249781248	45249458688	322560	512	5.179858
90488358912	90488009216	349696	512	13.060340
114529648640	114529265664	382976	512	9.934946
136205621760	136205155840	465920	512	8.134953
22723087872	22722806784	281088	512	6.403598
29509636608	29509305344	331264	512	3.741001
45843176448	45842811392	365056	512	12.737972
133372142080	133371716608	425472	512	9.280916
133344344064	133344016896	327168	512	11.993998
107108546048	107108235776	310272	512	4.041701
106276393472	106276008448	385024	512	10.284388
93617676800	93617211904	464896	512	9.079052
139013929472	139013566464	363008	512	9.108225
26692350976	26691900416	450560	512	12.861827
56655389184	56654912512	476672	512	10.034684
53751249920	53750896128	353792	512	2.696663
21383362560	21382942208	420352	512	2.845595
6903523840	6903000576	523264	512	2.191326
62644841472	62644430848	410624	512	3.272291
80653168640	80652648960	519680	512	8.161507
132178980352	132178709504	270848	512	2.277706
84137490944	84137192960	297984	512	3.236180
91408240128	91407890432	349696	512	2.219043
107640970240	107640631808	338432	512	12.646805
70330973184	70330502144	471040	512	11.470067
42982351872	42981888000	463872	512	12.169474
121418123776	121417665024	458752	512	7.358323
127261574144	127261074944	499200	512	8.202777
78135469568	78135201792	267776	512	5.861205
142300964864	142300697600	267264	512	1.969662
45825097728	45824589824	507904	512	9.667427
145700119552	145699741184	378368	512	9.644294
125051062272	125050714112	348160	512	11.874169
4191634432	4191370240	264192	512	6.071826
71637487616	71637219840	267776	512	5.985876
16911121408	16910849536	271872	512	6.378318
11889935360	11889451520	483840	512	9.246983
122679360512	122679003136	357376	512	11.656959
27422521344	27422225408	295936	512	4.343419
129662169088	129661825536	343552	512	11.516261
19109362176	19108917248	444928	512	12.756358
98870832128	98870515200	316928	512	12.376686
19090799104	19090305536	493568	512	11.855769
108660603904	108660240896	363008	512	12.447363
145707173888	145706909184	264704	512	12.912980
44949869568	44949562880	306688	512	2.854727
102428071424	102427571200	500224	512	9.819146
98574270976	98573775872	495104	512	9.984736
44221772288	44221404160	368128	512	4.628776
23047182336	23046691840	490496	512	10.770707
98122845184	98122496512	348672	512	11.601230
143104467456	143103957504	509952	512	5.865412
156821558272	156821162496	395776	512	6.862847
52706341888	52705964544	377344	512	3.900350
112115358208	112115023872	334336	512	12.801212
110551211008	110550901248	309760	512	2.299068
76480400896	76480020480	380416	512	12.991475
10075712000	10075188224	523776	512	11.899779
102672572928	102672215040	357888	512	12.258299
116599164416	116598713856	450560	512	10.183929
101749146624	101748661760	484864	512	9.796013
98937567744	98937260544	307200	512	4.561484
63555847168	63555394048	453120	512	11.774244
117175425536	117174983680	441856	512	10.018158
56321708544	56321227776	480768	512	11.253692
101049958912	101049673728	285184	512	3.052075
82481807360	82481285632	521728	512	10.076723
152683298816	152682851840	446976	512	6.236171
159841475072	159841074688	400384	512	12.660589
33682342912	33681984000	358912	512	1.864068
52008825856	52008361472	464384	512	10.314823
66070527488	66070028288	499200	512	10.926735
140044794880	140044387328	407552	512	9.186493
77979508736	77979210240	298496	512	5.077302
130659779072	130659333120	445952	512	7.125549
33238595584	33238096384	499200	512	10.090800
94262588928	94262184960	403968	512	2.721946
101317080576	101316811264	269312	512	5.371960
36814916096	36814417408	498688	512	10.017401
23688751616	23688270848	480768	512	12.298692
94781705216	94781282304	422912	512	9.922876
43846329344	43845895680	433664	512	11.451299
89607662592	89607269376	393216	512	10.823500
34847815168	34847470080	345088	512	3.955884
148983880192	148983514624	365568	512	9.275709
66787945472	66787513344	432128	512	10.792094
84376159744	84375734784	424960	512	11.764858
129818196480	129817677824	518656	512	6.957922
113641717760	113641321984	395776	512	9.826361
127430807040	127430379008	428032	512	9.967639
35786422784	35786058752	364032	512	2.831246
3839678976	3839301120	377856	512	3.160200
154756923904	154756639744	284160	512	9.077034
127800814080	127800491008	323072	512	12.250271
158448248832	158447743488	505344	512	2.167353
157040800256	157040450560	349696	512	8.989797
26614750208	26614424064	326144	512	3.644960
119209278976	119208866304	412672	512	12.313802
76474797568	76474309120	488448	512	9.300286
87332053504	87331587072	466432	512	9.008073
141200543744	141200251904	291840	512	12.380849
71233064448	71232598016	466432	512	11.551046
123966812160	123966334464	477696	512	8.745262
18447511040	18447012352	498688	512	2.993691
73600130560	73599785472	345088	512	12.528960
13463320064	13462801920	518144	512	11.994260
25062672896	25062168064	504832	512	11.949731
152737567232	152737087488	479744	512	4.213173
14146667520	14146279936	387584	512	3.018927
29011301888	29010963456	338432	512	3.624863
152312569344	152312096768	472576	512	12.736405
62379036672	62378725888	310784	512	4.209519
77883139584	77882686976	452608	512	9.748996
57632616960	57632264704	352256	512	2.759280
72881523200	72881240576	282624	512	5.716571
54057732096	54057314304	417792	512	3.365178
81604067328	81603625984	441344	512	11.510842
73952101888	73951639552	462336	512	11.393664
119635300864	119634809856	491008	512	8.825055
155504318976	155504009728	309248	512	10.329408
32558912000	32558525440	386560	512	3.074193
80137008128	80136700416	307712	512	3.312772
72782623232	72782278144	345088	512	3.202616
116256367616	116255955968	411648	512	11.029236
97804402688	97804081152	321536	512	2.501615
100664351232	100664036864	314368	512	4.162562
159712488448	159712087040	401408	512	3.442096
148731889664	148731525632	364032	512	9.362637
28682413568	28682004480	409088	512	2.194256
48254221312	48253706240	515072	512	9.535473
3920084480	3919653888	430592	512	12.227793
111887263232	111886932992	330240	512	11.568889
136415200768	136414779904	420864	512	9.007156
105827595776	105827176960	418816	512	13.026327
68964690944	68964225024	465920	512	11.566652
23640644608	23640301568	343040	512	3.575020
69580726272	69580206080	520192	512	10.515650
5664795136	5664344064	451072	512	3.413554
6469743104	6469334528	408576	512	4.456284
19326668288	19326363648	304640	512	4.042500
3573355008	3572876800	478208	512	12.287094
142738184192	142737670656	513536	512	4.517064
15026139648	15025848320	291328	512	6.080196
8781477888	8780968448	509440	512	11.772134
112715464704	112715138048	326656	512	3.636566
30743092736	30742715392	377344	512	3.679099
33824115200	33823837184	278016	512	6.289511
68755946496	68755480576	465920	512	11.543257
45022660096	45022167552	492544	512	11.455460
82202795520	82202328064	467456	512	10.915577
25888538112	25888136704	401408	512	4.118582
52856461312	52856123392	337920	512	1.952099
74280215552	74279862784	352768	512	2.375551
151441029120	151440735744	293376	512	9.837375
38177810944	38177509376	301568	512	3.063907
85287276032	85286986240	289792	512	5.341185
15893536256	15893071360	464896	512	11.591852
138504915968	138504503808	412160	512	9.250825
126844735488	126844462592	272896	512	4.183262
53041938432	53041453568	484864	512	9.903829
26110283776	26109947392	336384	512	5.262929
70541760512	70541298176	462336	512	2.270471
72696212992	72695733248	479744	512	11.223842
25322047488	25321615872	431616	512	3.855961
85800598528	85800335360	263168	512	3.107737
137675103744	137674626048	477696	512	5.362329
2135590912	2135161344	429568	512	2.001380
139209214976	139208790016	424960	512	9.173684
24084357632	24084079616	278016	512	4.694888
14313692672	14313202176	490496	512	11.911997
120376457728	120376039424	418304	512	10.347557
81508804608	81508306432	498176	512	10.627432
93114351616	93114070016	281600	512	5.304663
111642949632	111642547200	402432	512	1.904428
41279448576	41279101440	347136	512	3.328888
20738588160	20738167296	420864	512	2.010287
29876574208	29876135424	438784	512	12.746671
71324937216	71324559360	377856	512	2.462580
41617697280	41617317376	379904	512	12.543804
54013636096	54013277696	358400	512	2.639300
147333319168	147332930560	388608	512	9.347215
23087355904	23086907392	448512	512	12.650692
154610215424	154609796608	418816	512	4.275448
106409924608	106409451520	473088	512	9.614710
800855552	800429568	425984	512	12.301391
82507070976	82506684928	386048	512	12.769648
110537687552	110537322496	365056	512	10.554577
82676128256	82675854336	273920	512	3.895205
71932337152	71932015616	321536	512	1.980233
152578997248	152578512384	484864	512	2.922686
134341669888	134341287424	382464	512	8.776800
63031014912	63030696448	318464	512	4.010939
11744860672	11744489984	370688	512	5.094058
62486812160	62486296064	516096	512	10.619049
28735553024	28735049216	503808	512	11.617679
117535591424	117535083520	507904	512	8.437214
40878289408	40877814784	474624	512	12.361544
108094384128	108094003200	380928	512	12.101737
25146680320	25146180608	499712	512	10.583980
144057481728	144056999424	482304	512	6.634794
98078163968	98077760000	403968	512	11.570296
108567639040	108567264768	374272	512	10.576616
152316649984	152316246528	403456	512	5.840796
150082454528	150082181120	273408	512	2.774973
10815966720	10815644160	322560	512	5.850024
19403315712	19402917888	397824	512	4.676452
10098850304	10098471936	378368	512	3.151074
90520651264	90520343040	308224	512	4.586013
30722986496	30722722816	263680	512	4.146376
99348846592	99348362240	484352	512	9.742721
132705249792	132704792576	457216	512	8.838225
54680519168	54680031232	487936	512	2.097557
36219965440	36219443712	521728	512	11.095956
55823953920	55823680000	273920	512	5.150772
67129701888	67129290752	411136	512	12.612727
138814092800	138813771264	321536	512	11.701914
19171977216	19171634176	343040	512	3.726329
38210609664	38210155520	454144	512	11.000474
78390073856	78389670400	403456	512	2.973027
127588287488	127587791360	496128	512	8.278334
84122376704	84121960960	415744	512	11.977626
89501126144	89500723712	402432	512	12.255362
131387185152	131386849280	335872	512	11.752556
37066165248	37065775104	390144	512	12.374960
109851591680	109851080704	510976	512	9.216197
72063791616	72063508480	283136	512	3.976381
95187996160	95187623936	372224	512	12.694809
69831224832	69830926848	297984	512	5.451454
147947677696	147947278848	398848	512	8.239055
98736902144	98736512000	390144	512	12.168506
128008183808	128007900160	283648	512	2.657442
139423271424	139422887424	384000	512	7.892568
81515382272	81514876928	505344	512	1.102046
82565351424	82564987392	364032	512	1.903123
64579906048	64579542016	364032	512	2.387349
152902090240	152901803520	286720	512	11.780667
113169169408	113168698880	470528	512	9.702449
151840848384	151840479744	368640	512	9.325429
156315364864	156314979840	385024	512	7.859128
80837864448	80837431296	433152	512	10.233043
105601641472	105601184256	457216	512	10.418139
33262879744	33262444032	435712	512	2.080038
124704246272	124703735808	510464	512	7.808004
157499659264	157499196928	462336	512	5.316510
10132100608	10131732480	368128	512	5.088329
45870754304	45870417408	336896	512	2.250191
60932866560	60932487680	378880	512	12.151471
50837665280	50837389312	275968	512	6.019019
34341296640	34340798976	497664	512	10.109048
51065227264	51064729600	497664	512	11.241124
151498420736	151498003456	417280	512	7.194986
37497868288	37497567744	300544	512	3.123761
82172418048	82172063232	354816	512	2.092388
95733874176	95733578752	295424	512	2.074731
87474740224	87474475520	264704	512	3.737125
104446649344	104446212096	437248	512	1.120244
144310824448	144310459904	364544	512	10.385372
43819937792	43819650048	287744	512	3.424927
34760826368	34760479232	347136	512	3.331155
61520392704	61519936000	456704	512	12.257193
3872136704	3871838208	298496	512	6.190365
119084358144	119083982848	375296	512	9.673732
5802228736	5801924096	304640	512	6.154931
78364506112	78363983360	522752	512	9.914344
29089220608	29088900608	320000	512	2.990884
23744830976	23744501248	329728	512	2.802003
144308466176	144308165632	300544	512	2.723511
64285637120	64285230592	406528	512	11.400676
115403983360	115403652096	331264	512	12.860130
24916605440	24916291072	314368	512	3.148240
74610344448	74609976832	367616	512	12.027016
68221547520	68221145088	402432	512	11.256652
48425870848	48425375232	495616	512	2.426759
145820250624	145819757056	493568	512	2.032278
18383481344	18383073792	407552	512	4.066747
145116448256	145116167168	281088	512	11.241870
30954748928	30954296832	452096	512	11.529631
79664841216	79664465920	375296	512	11.537275
70297882112	70297559552	322560	512	1.957510
66469475328	66469006848	468480	512	11.525693
60710185984	60709819904	366080	512	12.461877
100869803008	100869286400	516608	512	9.127560
159583578624	159583172096	406528	512	4.833223
84866963968	84866621440	342528	512	4.310327
27444491776	27444222976	268800	512	5.765336
114817667072	114817372160	294912	512	4.123561
39233339392	39233039360	300032	512	5.952944
25639418368	25639089664	328704	512	5.412643
137356736512	137356280320	456192	512	4.406364
82330373120	82330105856	267264	512	5.784163
96114740736	96114442752	297984	512	4.912205
97562055680	97561595904	459776	512	8.760198
27542492160	27542055936	436224	512	12.821923
133418279424	133417812480	466944	512	6.349317
8084830208	8084529152	301056	512	5.998086
36736165888	36735659520	506368	512	11.685847
78566722048	78566218240	503808	512	10.247524
149940883968	149940613120	270848	512	12.142107
60189440512	60189097472	343040	512	4.747628
35165156352	35164785664	370688	512	4.652440
21266012160	21265582592	429568	512	3.612730
68781587456	68781220352	367104	512	2.303799
1456420352	1456095232	325120	512	5.801165
149256804864	149256457728	347136	512	9.853739
31648079872	31647702016	377856	512	12.620587
78015151616	78014886912	264704	512	4.024429
83614804480	83614393344	411136	512	10.675641
75236768256	75236299776	468480	512	9.770470
58843562496	58843050496	512000	512	10.681140
106807417856	106806898176	519680	512	6.759929
123224103424	123223731200	372224	512	9.817343
10807939584	10807565312	374272	512	4.984200
116418256384	116417915904	340480	512	12.637763
9424810496	9424431104	379392	512	2.125528
123183817216	123183314432	502784	512	4.284481
128756655616	128756164608	491008	512	7.947418
42027185152	42026764800	420352	512	2.331974
54737133568	54736863744	269824	512	5.181705
17247093760	17246651392	442368	512	2.092987
101232841216	101232515072	326144	512	2.166240
71236805120	71236413440	391680	512	2.288330
116931840512	116931355648	484864	512	9.355548
4120411648	4120056832	354816	512	3.571203
63888930816	63888623616	307200	512	3.474656
42802416128	42802129408	286720	512	4.206860
90896010240	90895607296	402944	512	11.913935
28053885952	28053612544	273408	512	6.497276
118946403840	118946069504	334336	512	12.466197
32408366080	32408096768	269312	512	4.526001
3545131008	3544681472	449536	512	3.469542
59901829632	59901468672	360960	512	2.377562
61244337664	61244027392	310272	512	5.328482
127956870656	127956498432	372224	512	1.634655
99168377856	99168113664	264192	512	3.486830
37006871040	37006350848	520192	512	11.393197
132942930432	132942532608	397824	512	9.992898
111502760448	111502262784	497664	512	9.081605
148729162752	148728889344	273408	512	2.795894
105998281216	105997759488	521728	512	8.994165
89988516864	89988148224	368640	512	11.407598
140834932736	140834648064	284672	512	2.935156
101863535616	101863026688	508928	512	9.665363
94183671296	94183405056	266240	512	4.372581
85265396224	85265009664	386560	512	12.768127
40105324544	40104903168	421376	512	3.578718
76796507648	76796158464	349184	512	4.260381
1140750848	1140307968	442880	512	12.863331
16438218752	16437866496	352256	512	3.225839
5898940928	5898655232	285696	512	6.270941
132943852032	132943370240	481792	512	5.977151
4125771776	4125343232	428544	512	2.328638
45909174272	45908743680	430592	512	12.563235
93523799040	93523496448	302592	512	3.129109
107412645376	107412229632	415744	512	11.356939
26034540032	26034152960	387072	512	12.766679
73197419008	73196896256	522752	512	8.522652
108415959040	108415453184	505856	512	7.090678
131760206848	131759761408	445440	512	7.158627
85738835968	85738484224	351744	512	3.935367
92140692992	92140293120	399872	512	12.316832
5284687360	5284283904	403456	512	15.669186
22977436672	22976964096	472576	512	12.603669
49194797568	49194442752	354816	512	4.631047
141060131328	141059644416	486912	512	7.021546
147934974976	147934684160	290816	512	6.205014
44219530752	44219131904	398848	512	2.290786
19745930752	19745501696	429056	512	12.271015
74920626176	74920332800	293376	512	3.508193
57391305728	57390974976	330752	512	3.004871
147205609472	147205221376	388096	512	9.326801
128749562368	128749217280	345088	512	11.703361
80636329984	80635954176	375808	512	11.552983
46871309824	46870883840	425984	512	3.604377
137983298560	137982824960	473600	512	7.954778
81169437184	81169170432	266752	512	3.963737
105906655232	105906149888	505344	512	7.112655
155608375808	155608029184	346624	512	9.112931
68758010368	68757715968	294400	512	5.502788
78456943104	78456584704	358400	512	11.935849
85450759168	85450438656	320512	512	2.971487
123172605440	123172086272	519168	512	7.717236
122059244032	122058836480	407552	512	8.783917
33033284608	33032763392	521216	512	9.627169
42910670848	42910291456	379392	512	12.562000
85153183232	85152731648	451584	512	11.209296
19496272896	19495819776	453120	512	11.802468
4496006656	4495611392	395264	512	4.362070
76992896512	76992575488	321024	512	4.810364
96910972416	96910534144	438272	512	11.365980
43950890496	43950427648	462848	512	2.823214
138783992832	138783587328	405504	512	9.427916
24264659968	24264350720	309248	512	5.740960
26805767680	26805254144	513536	512	11.523998
6114505216	6114034688	470528	512	11.499979
108063928832	108063474176	454656	512	8.459125
122888553472	122888176128	377344	512	9.675458
130342920704	130342474240	446464	512	7.115677
87699119616	87698610688	508928	512	8.079903
38863294976	38862851072	443904	512	1.893065
109479276032	109478980608	295424	512	12.655106
44917616128	44917214208	401920	512	4.013205
82397980160	82397632512	347648	512	2.242482
108686682624	108686407680	274944	512	4.767454
60098392576	60097903104	489472	512	11.083460
145395594240	145395313152	281088	512	10.971306
10127386112	10127103488	282624	512	4.685766
13368114176	13367608832	505344	512	11.650531
8303661056	8303324160	336896	512	5.353920
88306316288	88305806336	509952	512	7.981744
134410838016	134410360832	477184	512	8.126750
26197789184	26197408256	380928	512	2.944509
53585389056	53584993792	395264	512	3.795025
27022257152	27021922304	334848	512	4.508248
68091941888	68091502080	439808	512	12.045376
132563619328	132563160576	458752	512	8.823374
17466455552	17466020864	434688	512	2.214742
130854428672	130854115328	313344	512	12.500390
91342585856	91342251520	334336	512	2.462328
97845390848	97844881408	509440	512	9.712142
147189383168	147189026304	356864	512	8.425682
27266468864	27266122240	346624	512	3.262261
9911870976	9911545856	325120	512	4.919639
20632995328	20632560640	434688	512	3.895433
91220321280	91219995648	325632	512	2.670888
27943620608	27943284224	336384	512	2.660561
116936648192	116936334848	313344	512	3.919662
101579037184	101578638336	398848	512	11.682302
18311888896	18311514624	374272	512	2.186141
83744018432	83743703040	315392	512	2.909467
19698491392	19698028544	462848	512	11.615736
66043102208	66042668032	434176	512	12.220734
138454177280	138453773312	403968	512	9.769825
84907198464	84906750464	448000	512	11.289092
20107358720	20106945024	413696	512	4.352223
92578802176	92578490368	311808	512	4.682480
153742894592	153742578176	316416	512	9.020388
40425855488	40425351168	504320	512	11.522223
2972474880	2972145664	329216	512	4.858760
159072339968	159071883264	456704	512	10.181232
141297741312	141297334784	406528	512	7.206371
125556712960	125556326912	386048	512	10.490220
120028980224	120028475904	504320	512	8.417577
109055205888	109054827520	378368	512	2.439589
2395279872	2394965504	314368	512	5.948175
25125702144	25125314048	388096	512	12.819233
109752435712	109752119296	316416	512	3.874008
37920731648	37920229376	502272	512	11.759641
33046400512	33045935104	465408	512	12.143537
23611173376	23610760704	412672	512	15.356197
129515346944	129515024384	322560	512	12.062349
105206889984	105206422016	467968	512	8.088926
52045111808	52044612608	499200	512	10.918134
44693250560	44692758528	492032	512	11.807661
12217470976	12217177088	293888	512	4.531701
129671799296	129671359488	439808	512	8.968311
101113319936	101112871424	448512	512	10.953111
141553627648	141553230848	396800	512	7.477309
150606838784	150606576128	262656	512	12.445491
81558700544	81558251008	449536	512	2.037000
82268289536	82267811840	477696	512	8.354036
126983486976	126983064576	422400	512	9.725523
82849677312	82849284608	392704	512	12.919490
94742599680	94742199296	400384	512	12.274400
135553375232	135553018368	356864	512	9.566339
123000054272	122999715840	338432	512	12.168639
109447929856	109447474688	455168	512	8.417767
4563487232	4563163648	323584	512	5.763510
85143459840	85143078912	380928	512	12.717617
95036964864	95036524032	440832	512	11.301593
116946630656	116946279936	350720	512	12.406737
130165289984	130164775424	514560	512	7.064293
128228077056	128227625472	451584	512	9.335715
41788012544	41787643904	368640	512	12.805572
96736299520	96735793152	506368	512	11.696331
52334336512	52333985280	351232	512	4.628715
71208508416	71208168448	339968	512	2.789498
96957360128	96956942848	417280	512	13.231956
120116687872	120116388352	299520	512	2.239092
47227172352	47226782208	390144	512	2.173829
2127234048	2126894080	339968	512	5.316709
70302798848	70302442496	356352	512	12.317819
136183806464	136183520256	286208	512	11.502199
52699172352	52698770432	401920	512	12.814750
150482028032	150481673216	354816	512	9.623860
36523186176	36522835456	350720	512	3.225215
45924866048	45924496896	369152	512	2.586884
70949576192	70949156352	419840	512	1.493809
130982748160	130982463488	284672	512	11.927510
150969840640	150969539072	301568	512	11.842223
141588656128	141588337664	318464	512	10.023925
128255724032	128255247872	476160	512	8.365501
56739173888	56738880000	293888	512	5.529756
107180141568	107179768320	373248	512	10.592850
103464305152	103464007168	297984	512	2.777728
136293010432	136292668928	341504	512	11.166969
131553821696	131553537024	284672	512	1.928846
74742610944	74742144000	466944	512	11.243328
18392476672	18392005120	471552	512	2.963993
13578455552	13578144768	310784	512	5.649986
113915530240	113915109888	420352	512	10.866196
60523062784	60522710016	352768	512	4.375650
70726537216	70726057984	479232	512	9.494817
149542494208	149542076928	417280	512	7.701671
57939545088	57939204096	340992	512	1.861809
119610583552	119610125312	458240	512	9.626445
24970628608	24970144256	484352	512	12.020056
90939174912	90938875392	299520	512	1.989175
41702238208	41701766656	471552	512	12.282080
109213197824	109212907520	290304	512	2.678900
93824747008	93824358400	388608	512	1.422097
5129386496	5129001984	384512	512	1.985990
141394557952	141394105344	452608	512	7.511859
4270218752	4269942784	275968	512	6.434303
26736080384	26735592960	487424	512	1.470800
97156447744	97156004864	442880	512	1.627025
42341025792	42340709376	316416	512	3.665502
59151789568	59151342080	447488	512	12.121386
142297817600	142297397760	419840	512	6.734650
67098835456	67098329088	506368	512	10.792451
116185116672	116184758272	358400	512	11.964877
47187965440	47187521024	444416	512	11.054720
12893668864	12893188096	480768	512	2.762846
158035996672	158035518976	477696	512	10.622409
54116880384	54116401152	479232	512	10.000016
80758446592	80758147072	299520	512	3.282746
14211260928	14210951168	309760	512	3.418626
116357971968	116357582848	389120	512	11.272432
157584919040	157584468480	450560	512	2.383723
88450946560	88450638336	308224	512	2.835034
119174240768	119173907968	332800	512	12.431455
19697601024	19697327616	273408	512	5.888963
81133223424	81132918784	304640	512	3.362992
118625709056	118625206272	502784	512	8.571012
118726814208	118726362112	452096	512	7.482768
98994121728	98993695744	425984	512	11.098328
140402232320	140401764352	467968	512	6.971190
92222004224	92221612544	391680	512	12.160214
18979656704	18979350016	306688	512	6.118872
124937906176	124937420288	485888	512	8.118725
73089569280	73089252352	316928	512	5.080999
20354720768	20354319872	400896	512	4.557668
140191045120	140190722560	322560	512	11.535863
87847951872	87847597056	354816	512	12.933266
116104958464	116104548864	409600	512	11.099585
136995416064	136994983424	432640	512	8.680849
123784737792	123784335872	401920	512	10.587630
111269547520	111269219840	327680	512	3.623516
101679205376	101678689280	516096	512	9.524838
15320900608	15320381440	519168	512	12.005942
47946222080	47945776640	445440	512	3.251382
126177637888	126177200128	437760	512	9.318800
91539324416	91538917376	407040	512	10.422682
125993768960	125993337856	431104	512	9.883703
40969443840	40968956928	486912	512	11.749893
153357326336	153357002752	323584	512	8.699966
4597435392	4596926464	508928	512	12.104354
110117472256	110117008896	463360	512	9.857778
94981637120	94981209088	428032	512	20.886878
34324427776	34324146688	281088	512	6.244757
148486836736	148486507008	329728	512	8.962211
88019021824	88018503680	518144	512	9.389961
135317898752	135317598208	300544	512	3.345903
141459581440	141459107328	474112	512	7.347148
148764455424	148764160000	295424	512	10.092042
24749306368	24748940800	365568	512	4.741214
24872837632	24872437248	400384	512	3.248653
158943500288	158943221248	279040	512	9.803800
120613267968	120612829184	438784	512	10.083419
81132752384	81132320768	431616	512	11.970864
105196943360	105196576768	366592	512	10.775908
64670105600	64669589504	516096	512	8.948333
82781731840	82781331968	399872	512	12.273792
126073225728	126072869376	356352	512	9.826513
18222852096	18222358016	494080	512	12.388136
27977155072	27976855040	300032	512	4.072337
49311623168	49311281152	342016	512	5.113144
129413837312	129413534720	302592	512	2.096581
125895069696	125894647296	422400	512	9.723825
128725245440	128724926464	318976	512	3.033438
32771878400	32771580416	297984	512	4.894975
85771426304	85771122176	304128	512	2.128862
21067739648	21067292672	446976	512	3.614773
127185719808	127185375744	344064	512	10.151712
9002741248	9002440704	300544	512	3.617911
31222766080	31222372864	393216	512	12.675628
133450984960	133450515968	468992	512	4.362890
105830809600	105830533120	276480	512	4.795110
89216656896	89216273920	382976	512	11.035239
104983737856	104983396864	340992	512	3.323568
97392501760	97391980544	521216	512	5.450506
6546237440	6545957376	280064	512	3.999280
32682194944	32681879552	315392	512	5.633800
20093266432	20092825088	441344	512	2.141878
48932492288	48932117504	374784	512	3.136046
103292594688	103292076032	518656	512	8.989149
104977851392	104977327616	523776	512	8.449789
57828931584	57828465664	465920	512	11.803543
25217997824	25217542656	455168	512	12.556174
90253313024	90252943360	369664	512	12.919819
25203747328	25203361792	385536	512	4.361425
116587806720	116587490816	315904	512	3.903697
158967397888	158967127040	270848	512	8.826670
137527998464	137527476736	521728	512	2.314247
56911038464	56910580224	458240	512	11.678435
110774607872	110774321152	286720	512	2.787165
123712206848	123711696896	509952	512	4.093061
20165846528	20165494784	351744	512	5.385385
22943170560	22942658560	512000	512	11.855328
91788737024	91788326400	410624	512	12.031909
150879120896	150878702080	418816	512	5.897665
50511662592	50511376384	286208	512	3.274326
141537579520	141537262080	317440	512	11.362246
16917646848	16917189120	457728	512	12.507023
78914485248	78914192384	292864	512	5.364276
62680436224	62680079360	356864	512	4.301713
74770832384	74770531840	300544	512	3.429545
9110264832	9109802496	462336	512	12.887776
50649326592	50649031168	295424	512	4.112891
16321529856	16321194496	335360	512	3.860750
26042302976	26041808384	494592	512	10.696570
138598327296	138597871616	455680	512	8.467183
94098335232	94097875968	459264	512	10.886975
78849063936	78848678912	385024	512	11.358667
29816676352	29816269312	407040	512	2.655297
122352182272	122351841792	340480	512	12.098481
64730890240	64730465792	424448	512	12.320493
102142544384	102142136832	407552	512	11.474499
121537418752	121537084416	334336	512	10.848557
50564947456	50564536320	411136	512	3.592464
75610797056	75610443264	353792	512	12.342323
157806399488	157806094336	305152	512	8.198761
154231818240	154231379456	438784	512	6.482136
111094567424	111094260224	307200	512	2.216135
129925251584	129924839424	412160	512	9.899367
145312591872	145312088576	503296	512	6.011630
25400119808	25399758848	360960	512	3.046670
69482298880	69481844224	454656	512	10.034756
34025351680	34024850432	501248	512	11.780775
62313966080	62313455616	510464	512	10.672394
11253216768	11252822016	394752	512	2.896509
14546125824	14545763328	362496	512	4.865587
90245646848	90245256192	390656	512	12.498507
76212166144	76211806720	359424	512	4.075078
121398301696	121397858816	442880	512	7.697735
21394162688	21393837568	325120	512	4.722650
39718077440	39717701120	376320	512	2.796663
124823685632	124823340544	345088	512	10.150579
62051585024	62051177984	407040	512	12.704153
16391863808	16391488512	375296	512	3.987429
136658597888	136658238464	359424	512	10.985959
37272293376	37271923712	369664	512	12.770710
66748480512	66748030464	450048	512	10.399131
55180071424	55179787776	283648	512	3.154522
142588970496	142588466688	503808	512	6.528686
42775957504	42775492096	465408	512	12.121878
48393692672	48393349120	343552	512	5.051139
71993679360	71993202688	476672	512	11.358311
74209905664	74209456640	449024	512	10.177120
143362509312	143362105856	403456	512	8.912264
97686399488	97686017536	381952	512	12.018298
64435127296	64434796032	331264	512	3.031037
102113144320	102112784896	359424	512	12.520025
95348775936	95348429312	346624	512	11.825083
8049600512	8049133056	467456	512	11.511779
59707032576	59706628096	404480	512	12.732545
128076703744	128076305408	398336	512	10.326983
120974444544	120973984768	459776	512	9.565936
124281101824	124280601088	500736	512	7.718566
106090544128	106090208256	335872	512	11.571874
98707634688	98707298304	336384	512	11.892460
29479898624	29479385600	513024	512	11.820739
98270277120	98269892608	384512	512	11.987121
141430009344	141429719552	289792	512	10.989968
116255451136	116255113216	337920	512	12.804235
100687867392	100687590400	276992	512	2.281626
26243151872	26242869760	282112	512	4.610611
56994740736	56994311168	429568	512	12.441876
91093978624	91093674496	304128	512	2.893171
119814415872	119814106624	309248	512	3.802957
123697363456	123697005568	357888	512	11.998838
157810614272	157810219520	394752	512	4.609203
127089397248	127089129984	267264	512	2.779993
68705769472	68705390080	379392	512	2.084473
112842790912	112842409472	381440	512	11.699690
96645144576	96644794880	349696	512	11.750765
24606631424	24606238720	392704	512	4.508487
23388652544	23388130816	521728	512	13.452964
29095218688	29094832128	386560	512	12.835091
115229497344	115229171200	326144	512	1.852529
150597917184	150597467648	449536	512	6.738270
76272003584	76271498240	505344	512	8.896553
25639861248	25639455744	405504	512	2.278883
104287848960	104287360000	488960	512	9.131160
150148703744	150148363264	340480	512	10.704626
33410189312	33409825792	363520	512	4.816315
96614729216	96614389248	339968	512	2.021583
28118857216	28118511104	346112	512	3.534629
122725960704	122725469696	491008	512	6.393708
100015308800	100014917120	391680	512	2.848887
113080281088	113079795712	485376	512	9.326197
2054298112	2053842944	455168	512	11.745714
71864282112	71864003584	278528	512	5.832678
98762846720	98762355712	491008	512	10.058108
152467416064	152466935296	480768	512	3.071755
95830235136	95829780480	454656	512	10.699262
6256575488	6256183808	391680	512	4.739407
24833252864	24832820736	432128	512	3.833637
137401506304	137401016320	489984	512	7.538240
12105986048	12105607680	378368	512	3.929959
102430692864	102430223872	468992	512	10.563083
123935351296	123934971904	379392	512	11.458393
119649585664	119649302016	283648	512	4.409415
121817408000	121816887296	520704	512	7.730757
5762826752	5762544640	282112	512	6.547200
130262392832	130261896704	496128	512	7.885807
128559632896	128559213568	419328	512	9.801697
28083072512	28082550784	521728	512	11.634706
30588659712	30588271616	388096	512	2.573339
3869693952	3869272064	421888	512	2.422585
130099311616	130098906624	404992	512	11.904164
88562397696	88561984000	413696	512	11.935676
18580596224	18580301824	294400	512	5.997432
77413812736	77413492224	320512	512	3.038911
55798943744	55798670336	273408	512	5.182748
153854226432	153853866496	359936	512	7.459119
83230638080	83230210048	428032	512	10.325817
148562867200	148562379776	487424	512	5.587729
30424278016	30423827456	450560	512	3.570274
110108305408	110107910656	394752	512	11.419207
14846152704	14845855744	296960	512	6.254193
17688532992	17688233984	299008	512	4.106996
123016016896	123015702528	314368	512	11.521372
22196033536	22195746304	287232	512	6.102713
49703844864	49703517696	327168	512	3.332531
11356435968	11355991552	444416	512	11.963858
135183178752	135182888448	290304	512	12.952620
15039005184	15038671872	333312	512	5.329176
38499205632	38498785280	420352	512	12.902884
100480445952	100480013824	432128	512	10.947564
70752198144	70751787008	411136	512	12.622895
138031973888	138031670784	303104	512	12.441229
74183057408	74182578688	478720	512	9.533135
6335372800	6334947840	424960	512	3.020221
58710284288	58709836800	447488	512	12.145602
13644342272	13643981824	360448	512	5.251734
84808751104	84808347648	403456	512	10.862901
114666801152	114666344448	456704	512	7.896960
33123920896	33123488256	432640	512	12.932596
2969451520	2969175552	275968	512	5.868545
56886650880	56886292480	358400	512	12.627379
110944349184	110943920640	428544	512	1.312877
120416394240	120416126464	267776	512	12.798078
12661550080	12661073920	476160	512	2.878406
109695431680	109695054848	376832	512	12.188971
135041559040	135041185792	373248	512	10.582858
151791534592	151791024640	509952	512	2.454758
25823991296	25823522304	468992	512	11.173576
69501810688	69501320192	490496	512	9.222613
146053185536	146052730368	455168	512	6.948319
40703067136	40702792704	274432	512	3.616587
28785793536	28785506304	287232	512	6.282381
68618466816	68618126848	339968	512	3.344497
132046704640	132046391296	313344	512	11.093143
95381978624	95381466624	512000	512	9.823206
61801747968	61801391104	356864	512	2.514529
15019159040	15018676736	482304	512	12.081398
24415697408	24415192576	504832	512	10.513816
155068404224	155068066816	337408	512	8.808339
91053911040	91053462016	449024	512	11.276802
13638213120	13637788160	424960	512	3.751841
8192876032	8192468992	407040	512	2.580961
112587235328	112586927616	307712	512	2.822389
40300837888	40300372992	464896	512	12.124305
72469809152	72469345280	463872	512	11.615311
75098569216	75098122752	446464	512	11.679976
135027230720	135026906112	324608	512	12.062868
69740062208	69739624960	437248	512	12.123183
124514053120	124513552896	500224	512	5.526299
1061179392	1060655616	523776	512	10.381524
48156231680	48155941376	290304	512	5.780044
88404216320	88403817472	398848	512	12.031045
89969953280	89969517568	435712	512	11.239464
128860569600	128860158976	410624	512	10.343789
149389566464	149389067776	498688	512	3.475098
92861359616	92860976640	382976	512	1.748157
10787635200	10787331584	303616	512	4.366589
73657772544	73657501696	270848	512	5.775880
269227520	268767744	459776	512	1.859892
58957413376	58957122560	290816	512	5.712792
113617481728	113617083904	397824	512	9.734574
117092600832	117092202496	398336	512	11.327507
99264291328	99263955456	335872	512	2.569644
56772602368	56772316160	286208	512	4.024032
118422911488	118422552576	358912	512	10.199198
98882037760	98881735168	302592	512	12.767279
101195401728	101194979328	422400	512	11.240261
93357667328	93357264896	402432	512	11.946228
108987039232	108986557952	481280	512	9.864936
3654385152	3654107136	278016	512	4.779150
8993270272	8992779776	490496	512	1.752801
157254080000	157253801984	278016	512	11.348697
60100344832	60099939840	404992	512	12.713161
89435950592	89435462144	488448	512	8.500157
10614817792	10614376448	441344	512	2.145982
149793870336	149793530368	339968	512	10.092071
94755295744	94754871296	424448	512	9.907421
7299200512	7298757632	442880	512	2.638794
40169125376	40168686080	439296	512	3.487197
155263436800	155263078400	358400	512	8.758055
80009445888	80009004544	441344	512	11.555319
120484059136	120483623424	435712	512	10.150613
101475303936	101474787840	516096	512	5.568606
104128312832	104127946240	366592	512	10.760614
127008516608	127008028160	488448	512	7.992232
93427692544	93427323904	368640	512	13.219471
39127877632	39127434240	443392	512	11.214504
25904275456	25903879168	396288	512	2.420196
11925614080	11925277696	336384	512	3.489614
159119305216	159119030784	274432	512	1.440090
71146563584	71146179072	384512	512	11.695610
141535216128	141534865920	350208	512	10.439637
32238045696	32237765120	280576	512	4.477509
110177548288	110177099776	448512	512	8.361801
84520190464	84519686656	503808	512	10.170558
78141062144	78140539392	522752	512	10.179839
100802412544	100801928192	484352	512	12.070858
135327088640	135326821376	267264	512	2.405366
17975915520	17975606784	308736	512	6.093391
98245087744	98244795904	291840	512	2.876096
83916353536	83915897344	456192	512	5.748534
145485259264	145484970496	288768	512	2.530785
72274362368	72274004992	357376	512	4.329635
48171180032	48170703872	476160	512	12.046405
117367461888	117367101440	360448	512	11.911452
27698068992	27697654272	414720	512	2.965443
73399969280	73399549440	419840	512	10.866340
142782334976	142781882368	452608	512	7.538659
66947111424	66946751488	359936	512	2.455621
36963791360	36963376640	414720	512	2.143086
5267547648	5267149312	398336	512	4.609481
62331374080	62330856448	517632	512	10.591124
59016607232	59016249856	357376	512	12.673933
35106414592	35105960960	453632	512	12.354231
17022311936	17021856256	455680	512	3.658360
70371755008	70371445760	309248	512	5.261805
4214049792	4213533184	516608	512	10.613197
128944588800	128944287232	301568	512	11.434985
132676202496	132675838976	363520	512	9.598565
36814322176	36813936640	385536	512	13.454891
61772601856	61772125696	476160	512	10.039486
135225616896	135225232384	384512	512	10.329397
20730862592	20730446336	416256	512	2.102549
71709083648	71708567040	516608	512	10.602980
41009373696	41009103872	269824	512	6.279827
153322456064	153321982464	473600	512	3.606743
15323078656	15322694144	384512	512	4.856719
118674533888	118674191872	342016	512	12.166754
56847041536	56846587392	454144	512	10.573780
35916118016	35915648000	470016	512	10.653808
9121456128	9121023488	432640	512	2.249493
18527825920	18527407104	418816	512	3.113775
92508200960	92507794432	406528	512	10.448992
66768610816	66768335360	275456	512	4.966100
71853168640	71852837888	330752	512	4.763328
45081455104	45080936960	518144	512	11.334489
44265182208	44264890880	291328	512	3.137312
30688488960	30688173056	315904	512	5.792029
27807541248	27807167488	373760	512	2.835063
34917170688	34916891648	279040	512	6.152778
660046848	659775488	271360	512	4.717266
82551582208	82551089152	493056	512	10.372974
66330178560	66329846272	332288	512	1.897211
55865650176	55865260544	389632	512	3.678246
101786487808	101786107392	380416	512	12.038722
138129762304	138129446400	315904	512	12.103399
37064071168	37063700480	370688	512	12.730966
118533452288	118532962816	489472	512	8.644063
83257920512	83257531904	388608	512	3.402621
32474037248	32473696256	340992	512	3.396760
156055090688	156054569472	521216	512	8.854212
101155001344	101154520576	480768	512	12.064751
53090560000	53090099712	460288	512	11.675842
86836660736	86836190208	470528	512	12.594080
100585385472	100584962048	423424	512	11.449457
88983113216	88982848512	264704	512	3.719098
58877352960	58876987392	365568	512	2.365646
36899164160	36898821120	343040	512	3.176422
138701602816	138701230592	372224	512	8.825854
32546865152	32546466816	398336	512	12.158042
58864716288	58864316928	399360	512	3.490950
17755402240	17754885632	516608	512	12.030908
60223261184	60222991360	269824	512	4.331117
18316717568	18316327424	390144	512	3.676050
32116092928	32115760640	332288	512	4.212618
73010473472	73010105344	368128	512	2.694276
144749948416	144749537792	410624	512	9.116140
79606830080	79606556672	273408	512	5.597753
76542964224	76542636032	328192	512	2.918900
1232076288	1231752704	323584	512	5.823522
131198553088	131198118912	434176	512	9.345526
109694342144	109693999616	342528	512	3.577953
129897614336	129897325056	289280	512	2.466361
96455010816	96454725632	285184	512	2.244652
146183176704	146182672384	504320	512	3.713885
14566247936	14565879808	368128	512	2.948116
125840859136	125840480256	378880	512	11.134566
146853285888	146853000704	285184	512	12.000822
135705211904	135704688640	523264	512	4.486841
82387787776	82387404288	383488	512	12.587429
131883888128	131883520512	367616	512	9.462422
84490162176	84489805824	356352	512	4.034407
126392286720	126391763456	523264	512	3.036929
144379809280	144379520000	289280	512	2.857786
16308442112	16308022272	419840	512	2.496256
15287724032	15287323648	400384	512	2.406883
11037524480	11037249536	274944	512	6.603037
104362234880	104361722368	512512	512	9.165192
154645885952	154645449728	436224	512	12.328919
41944472576	41944153600	318976	512	3.783748
18432957952	18432491520	466432	512	12.816244
29466128896	29465829888	299008	512	6.083653
87776046592	87775596032	450560	512	13.028886
94885152768	94884745216	407552	512	11.696387
69913695744	69913351168	344576	512	12.567957
60608064512	60607727104	337408	512	3.075698
9404506624	9404142080	364544	512	3.366884
78094642688	78094337536	305152	512	5.154229
116221707776	116221373440	334336	512	11.280292
24313093632	24312696320	397312	512	2.649760
116154142208	116153801216	340992	512	3.021515
37298465792	37298159104	306688	512	2.963491
106554682880	106554212864	470016	512	9.701283
53396507136	53395994624	512512	512	12.718613
81816303104	81815889408	413696	512	10.648871
96755885568	96755571200	314368	512	2.626875
106327372288	106326851584	520704	512	8.995779
79196508160	79196054528	453632	512	1.925282
122900755456	122900271616	483840	512	8.902167
75770517504	75770157056	360448	512	3.535282
51657985536	51657596416	389120	512	1.924704
90689670656	90689156096	514560	512	9.522080
156960361984	156960039936	322048	512	9.420705
54638871552	54638524928	346624	512	2.882541
155972002816	155971633664	369152	512	8.379038
151336544256	151336208384	335872	512	10.325273
25831891456	25831536640	354816	512	4.047027
121806268416	121805831680	436736	512	9.736921
1340077056	1339582464	494592	512	11.025287
158093670912	158093328384	342528	512	9.296303
35193466368	35192983552	482816	512	2.735503
46463936512	46463665664	270848	512	6.380085
28126912000	28126638080	273920	512	4.708110
25127166976	25126729216	437760	512	11.729990
58490156032	58489809408	346624	512	4.659307
101242339328	101241934336	404992	512	10.087086
63418073088	63417678848	394240	512	11.615668
35374066176	35373544448	521728	512	11.122080
110872588800	110872217088	371712	512	10.448729
25041113600	25040764928	348672	512	5.239943
65907620864	65907255808	365056	512	12.350935
58187491328	58187125248	366080	512	2.367823
152561699840	152561239552	460288	512	5.802693
151450328064	151450062336	265728	512	3.123312
147840127488	147839777792	349696	512	8.231602
130597191680	130596926464	265216	512	4.309402
159644360192	159643846656	513536	512	11.695688
109941228032	109940909056	318976	512	2.047335
128829849600	128829468160	381440	512	11.113407
151250711040	151250328064	382976	512	8.282427
135668681216	135668248064	433152	512	8.984326
145662631936	145662351872	280064	512	10.925625
80975809024	80975448064	360960	512	2.008495
4506680320	4506321408	358912	512	3.248890
29451284480	29450770432	514048	512	11.805914
49338161152	49337717760	443392	512	3.207019
70722194432	70721741312	453120	512	10.115313
62387462656	62386974208	488448	512	9.539834
70235352576	70235087872	264704	512	6.035769
102800877568	102800429056	448512	512	10.592363
84830439424	84830011392	428032	512	10.372032
60583247872	60582968320	279552	512	16.875932
56125892096	56125387264	504832	512	11.099066
136042443776	136042115072	328704	512	10.174964
138995612672	138995293696	318976	512	10.489562
67466860032	67466439680	420352	512	3.042216
72767289344	72766940160	349184	512	12.444154
33188468736	33187959296	509440	512	11.479557
109565782528	109565493760	288768	512	2.733363
116491020288	116490732032	288256	512	2.488636
22253970432	22253484544	485888	512	12.291632
121543972352	121543473152	499200	512	4.404517
28071227904	28070725632	502272	512	11.972451
54187954688	54187513856	440832	512	12.034622
113953646592	113953222656	423936	512	10.771409
124957699072	124957368320	330752	512	10.613102
141102912512	141102445056	467456	512	7.071131
37975594496	37975077376	517120	512	9.729763
99577513472	99577056256	457216	512	10.382989
57739124224	57738824704	299520	512	4.567478
45094555648	45094076416	479232	512	12.032027
136593978368	136593559552	418816	512	9.035464
37690564096	37690075648	488448	512	12.009769
157383362560	157383056384	306176	512	10.439317
51270624256	51270184448	439808	512	12.299733
57481169408	57480859648	309760	512	2.589607
6925742080	6925322752	419328	512	3.966188
62863059968	62862544384	515584	512	10.591106
52646924800	52646412288	512512	512	9.275498
44354730496	44354376192	354304	512	2.857145
99428842496	99428560896	281600	512	3.957501
23915636736	23915200512	436224	512	1.993183
108207405568	108207068672	336896	512	11.564955
154886988800	154886535168	453632	512	5.611023
113302536192	113302033920	502272	512	6.891890
138238222336	138237860352	361984	512	9.123531
13132684288	13132214272	470016	512	12.313631
25794234368	25793856000	378368	512	3.660103
88868142592	88867815424	327168	512	12.405263
38827569152	38827111424	457728	512	3.180059
58030544384	58030254592	289792	512	5.546825
50760394240	50759970304	423936	512	12.676324
152282682368	152282237952	444416	512	6.316030
152291260928	152290767360	493568	512	4.776136
155399178752	155398825984	352768	512	8.961934
115197312000	115196820992	491008	512	6.939924
19220006400	19219512832	493568	512	12.412725
9108200448	9107698176	502272	512	2.958890
5608060928	5607631360	429568	512	12.239560
49235954688	49235603456	351232	512	2.913515
54161018880	54160642048	376832	512	2.154671
70033914368	70033528320	386048	512	3.780212
16187784704	16187362816	421888	512	14.894646
27304506880	27304207872	299008	512	5.918407
132586599424	132586079744	519680	512	6.784292
133240582144	133240142848	439296	512	8.911195
53462769664	53462406656	363008	512	12.532533
88098289664	88097790976	498688	512	8.191067
37742621184	37742190592	430592	512	11.949813
56239448064	56239015424	432640	512	11.050822
89979025920	89978740736	285184	512	5.073482
132281619456	132281161728	457728	512	8.781017
41787164672	41786759680	404992	512	12.021838
64034990080	64034722304	267776	512	5.133115
130327571456	130327088128	483328	512	6.020953
53552957952	53552616960	340992	512	2.827752
54524770304	54524426240	344064	512	3.606748
147800689664	147800187392	502272	512	5.151017
156655680000	156655345152	334848	512	9.539185
129235409408	129234966016	443392	512	9.159228
93870547456	93870135808	411648	512	11.878114
137081309184	137080927744	381440	512	8.518989
57182740480	57182343168	397312	512	3.554563
94824408064	94824135680	272384	512	5.453538
15941969408	15941459968	509440	512	10.732508
150490922496	150490459136	463360	512	4.339082
66526494720	66526184960	309760	512	3.433496
67956655616	67956269568	386048	512	1.957326
104937570816	104937293824	276992	512	3.235454
38357191680	38356673024	518656	512	11.465795
133889317376	133888950272	367104	512	9.269805
5472305664	5472013312	292352	512	6.128113
44593608704	44593336832	271872	512	6.136753
21961717248	21961269248	448000	512	3.301481
35109907968	35109568000	339968	512	5.059167
102423287808	102423001600	286208	512	3.263064
69632755712	69632491520	264192	512	4.344775
34082191360	34081775104	416256	512	4.034675
79532890624	79532497920	392704	512	12.737950
51861988864	51861719552	269312	512	5.988265
150840365568	150839947776	417792	512	8.489203
129525773312	129525317632	455680	512	8.625990
27990581248	27990154752	426496	512	13.029274
13330583040	13330308096	274944	512	4.565208
11619841024	11619337216	503808	512	10.800950
120201775104	120201438208	336896	512	2.937447
11868798976	11868455936	343040	512	2.777854
119113101312	119112634880	466432	512	9.427193
124093460992	124093169152	291840	512	2.397488
103000954880	103000468480	486400	512	9.360803
153408084480	153407778304	306176	512	13.019580
42556591104	42556238848	352256	512	4.816437
27943380992	27942909952	471040	512	11.169883
118335758336	118335477248	281088	512	4.334625
118000192512	117999843328	349184	512	3.138638
85438661120	85438302720	358400	512	2.159747
4506080768	4505793024	287744	512	4.426405
15097537024	15097127936	409088	512	15.585204
150206814208	150206310400	503808	512	5.100711
127341154304	127340636160	518144	512	3.210711
122555064320	122554766336	297984	512	11.925216
16905878528	16905368576	509952	512	2.276134
83872144896	83871733760	411136	512	12.263636
25709983744	25709513216	470528	512	12.522942
156555387392	156555113984	273408	512	2.165612
51823628800	51823143424	485376	512	11.227521
96954604544	96954108928	495616	512	9.808757
114803284480	114802774016	510464	512	6.607727
28881100288	28880722944	377344	512	1.904681
57423749120	57423249408	499712	512	11.176253
26776270336	26775873024	397312	512	12.589387
46728254464	46727845888	408576	512	11.815298
143622935040	143622554624	380416	512	9.945721
56961705984	56961251840	454144	512	13.570397
40971716608	40971436032	280576	512	4.319645
41258289152	41257959936	329216	512	3.660408
92772131328	92771684864	446464	512	11.333515
50080376832	50079994880	381952	512	2.379705
32270094848	32269786112	308736	512	3.966034
87596537344	87596232704	304640	512	3.089997
114138532352	114138185728	346624	512	11.119015
151123616768	151123170816	445952	512	4.501579
58637064192	58636549120	515072	512	10.615463
24178753024	24178254336	498688	512	10.650191
16512699392	16512193024	506368	512	2.838209
35942578176	35942291456	286720	512	5.136586
73239344640	73239068672	275968	512	5.694227
115814342656	115813922304	420352	512	10.523953
159504492544	159504189440	303104	512	7.452059
7252805120	7252344320	460800	512	12.937133
67566693888	67566413312	280576	512	4.001664
88005900800	88005537280	363520	512	12.767039
1573600256	1573305856	294400	512	5.489075
14886677504	14886200832	476672	512	12.686407
151115595776	151115296768	299008	512	10.909276
108977737216	108977375232	361984	512	3.138574
151457286656	151456905216	381440	512	8.921284
42983550464	42983051776	498688	512	11.528301
59258850304	59258485760	364544	512	2.370577
83028933632	83028616704	316928	512	12.984990
13079073280	13078738432	334848	512	2.967157
109670623232	109670195200	428032	512	12.774136
92352450560	92352072704	377856	512	12.738629
16087966208	16087573504	392704	512	2.935707
124546921472	124546603008	318464	512	3.341162
94924921856	94924624384	297472	512	2.972815
113662209536	113661836800	372736	512	10.394898
111885328896	111884838912	489984	512	7.238193
26156682752	26156186624	496128	512	11.811896
144682993664	144682722816	270848	512	11.592550
136698004992	136697492480	512512	512	6.500491
54250486784	54250106368	380416	512	2.250598
80385385472	80384877568	507904	512	11.986642
157104041984	157103529984	512000	512	9.259303
26985272832	26984966656	306176	512	3.397502
52254511104	52254021632	489472	512	11.153851
120636641280	120636255232	386048	512	11.307301
118181736448	118181468672	267776	512	2.911240
43493499392	43493058560	440832	512	12.549314
43751767552	43751441408	326144	512	5.462002
134985086976	134984792576	294400	512	11.476045
7878674944	7878318080	356864	512	3.245399
28640830976	28640404992	425984	512	2.736423
90039878656	90039432192	446464	512	11.320769
100981357056	100980959744	397312	512	2.705940
159072738304	159072318976	419328	512	2.423547
34484487168	34484193280	293888	512	4.227256
114455168000	114454676992	491008	512	8.823311
144588248064	144587783680	464384	512	7.615277
40871791104	40871304192	486912	512	12.055794
144794819072	144794479616	339456	512	10.746357
123276402176	123275909632	492544	512	8.730211
68830078976	68829680640	398336	512	11.372701
142328901632	142328439296	462336	512	7.696672
4274670080	4274336256	333824	512	3.624486
81443622912	81443271168	351744	512	12.119775
88552207360	88551844352	363008	512	3.719184
119658409984	119658032128	377856	512	11.334600
129494734336	129494294016	440320	512	9.011706
107872918528	107872553984	364544	512	10.831999
34997328896	34996938752	390144	512	4.351694
131706095616	131705829376	266240	512	2.415479
98804692992	98804394496	298496	512	2.758162
105535734272	105535302144	432128	512	6.945910
45068033024	45067519488	513536	512	11.424988
104980192256	104979769344	422912	512	10.818439
128712889856	128712424448	465408	512	8.646279
31519433216	31519108096	325120	512	5.328809
145663366656	145662994432	372224	512	6.123537
27945404416	27945049088	355328	512	4.154946
66424278016	66423959040	318976	512	5.022097
155882601472	155882131968	469504	512	2.557211
119330343424	119329820160	523264	512	7.850574
113025003008	113024643072	359936	512	12.227981
80679779328	80679363584	415744	512	1.302982
3015953920	3015448576	505344	512	10.808251
116690941440	116690466304	475136	512	9.183276
146899438592	146899101696	336896	512	9.116240
149518124544	149517729280	395264	512	8.392267
36791138816	36790804992	333824	512	3.569961
25622830080	25622306816	523264	512	10.115889
122783180288	122782729728	450560	512	9.715203
86212889088	86212467712	421376	512	10.481094
74432282624	74431901696	380928	512	2.385340
22519380992	22518943232	437760	512	1.967208
120499058688	120498717696	340992	512	12.202417
859792896	859396608	396288	512	12.895664
5424053760	5423636480	417280	512	2.220580
34824877568	34824364032	513536	512	9.779850
91042800640	91042498048	302592	512	4.954414
60688759808	60688407552	352256	512	12.792332
89255482880	89255006720	476160	512	6.947274
661399552	661008896	390656	512	2.649416
129804273664	129803774464	499200	512	13.891211
90341370880	90341048832	322048	512	2.488944
123700447232	123700119552	327680	512	1.739631
47772161024	47771666432	494592	512	11.745081
157739345920	157738906112	439808	512	6.079503
129342567424	129342097920	469504	512	8.276533
103273206784	103272808960	397824	512	9.918553
148902558208	148902224384	333824	512	8.854187
39918583808	39918164992	418816	512	2.045393
36333303808	36333000192	303616	512	4.087381
117441550336	117441224192	326144	512	1.866657
66067208704	66066743296	465408	512	2.193669
97217917440	97217579520	337920	512	12.051434
6430675968	6430295040	380928	512	4.636945
35415095296	35414818304	276992	512	6.308348
135477842944	135477445120	397824	512	11.960685
149249629184	149249268224	360960	512	9.442046
28460542464	28460201472	340992	512	5.198022
98010189824	98009907200	282624	512	3.347458
14293763584	14293337088	426496	512	1.936196
104238333952	104237943808	390144	512	11.524774
93839071232	93838723584	347648	512	2.459575
88584814592	88584438784	375808	512	12.487767
75310019072	75309566464	452608	512	2.281655
33987117056	33986790912	326144	512	3.455054
25134702592	25134399488	303104	512	3.344344
152568286208	152567958528	327680	512	8.527548
137265182208	137264673280	508928	512	7.021826
128806835712	128806501888	333824	512	10.507555
31908069888	31907699712	370176	512	12.738855
133031440384	133031139328	301056	512	12.679527
142790686208	142790319616	366592	512	10.012344
50248419328	50247973376	445952	512	11.022337
62403149312	62402697216	452096	512	10.357538
43810680320	43810219520	460800	512	12.442670
117250256384	117249936896	319488	512	11.698226
80592605696	80592304640	301056	512	5.046568
87863301120	87862983168	317952	512	4.359891
28602467840	28602152960	314880	512	4.905731
134375317504	134375047168	270336	512	12.225308
148955731968	148955274752	457216	512	7.374211
139344192000	139343797248	394752	512	10.038272
53736306176	53736016384	289792	512	5.570726
119835610112	119835096064	514048	512	8.083709
12519109632	12518818304	291328	512	4.569332
62938933760	62938481664	452096	512	2.509443
158932099584	158931682304	417280	512	2.759796
83234992128	83234696192	295936	512	2.345931
41584995328	41584634880	360448	512	12.983901
133581212672	133580819968	392704	512	8.448479
14419314176	14418845184	468992	512	12.782161
146725989888	146725684736	305152	512	11.397006
119233313792	119233009152	304640	512	2.410940
112210044928	112209664512	380416	512	11.754978
14717936128	14717458944	477184	512	2.030967
69870593536	69870281728	311808	512	3.998621
48954083328	48953796096	287232	512	3.216970
31036677120	31036230144	446976	512	12.655311
51525696000	51525220864	475136	512	11.613838
34105341952	34104862208	479744	512	13.895259
115015412224	115015071232	340992	512	11.098577
41509628416	41509133312	495104	512	11.835265
109315607040	109315243520	363520	512	3.145817
29565420032	29564971520	448512	512	11.513621
152109484032	152108985344	498688	512	5.445650
145354232320	145353937408	294912	512	11.750839
45236720640	45236413440	307200	512	3.671405
138158319104	138157936640	382464	512	12.179106
66806619648	66806350336	269312	512	4.189778
31908524544	31908120576	403968	512	13.800560
65732089856	65731619840	470016	512	9.972187
12321825792	12321380864	444928	512	2.609888
75759030272	75758559232	471040	512	11.237305
61564546560	61564216832	329728	512	2.135937
43196150784	43195660288	490496	512	10.264799
85149367296	85148960768	406528	512	12.150945
87092221952	87091870720	351232	512	12.984991
134096732672	134096233472	499200	512	7.530741
87249710080	87249438720	271360	512	5.363382
89969249280	89968948736	300544	512	2.964878
124052872192	124052536320	335872	512	12.424906
71985958400	71985538048	420352	512	10.870000
126205041664	126204672512	369152	512	12.864959
91144476672	91144186368	290304	512	3.995687
55368128512	55367802880	325632	512	2.229096
66318906880	66318387200	519680	512	10.553121
120993080320	120992787968	292352	512	2.272717
137089539072	137089262080	276992	512	1.986000
114640482304	114640128000	354304	512	2.708615
138772870656	138772434944	435712	512	8.925946
114634213376	114633877504	335872	512	12.497762
89887979520	89887684608	294912	512	3.308767
17222565376	17222111232	454144	512	12.569122
149725966336	149725633024	333312	512	10.924014
18206606336	18206204416	401920	512	2.751398
82073808896	82073302528	506368	512	10.366509
20412000256	20411604480	395776	512	4.646673
92393120768	92392744960	375808	512	3.443614
65454553600	65454161920	391680	512	3.616982
145872158720	145871868928	289792	512	11.847356
27149847040	27149503488	343552	512	5.364025
73928380928	73927916032	464896	512	11.323735
131926821376	131926352384	468992	512	8.528341
141402860032	141402396160	463872	512	7.163131
137074083840	137073623040	460800	512	6.060088
35142834176	35142331392	502784	512	11.451538
137208582656	137208309248	273408	512	11.940238
144779324416	144779049472	274944	512	3.274091
109226900480	109226382336	518144	512	8.591368
19277051904	19276661248	390656	512	13.010556
153416324608	153415831040	493568	512	3.813460
70836054528	70835773952	280576	512	5.766120
12288715776	12288429568	286208	512	6.452737
126334063104	126333770752	292352	512	12.988086
29991817728	29991311360	506368	512	11.959512
125742292992	125741911552	381440	512	10.775683
158978233344	158977911296	322048	512	6.630152
143142700032	143142328320	371712	512	6.445349
65331561984	65331086336	475648	512	9.800312
140966703104	140966353920	349184	512	10.428926
77403305984	77403040256	265728	512	5.901798
67855192576	67854923776	268800	512	5.928685
45872961024	45872657920	303104	512	5.547278
154408319488	154407972352	347136	512	9.988723
106122113536	106121701888	411648	512	11.413715
142927861760	142927583744	278016	512	12.495577
111257329152	111257044992	284160	512	4.624790
48907418624	48907010048	408576	512	11.730697
105873532928	105873133056	399872	512	11.336220
85702203392	85701771264	432128	512	11.630748
32128483328	32128032256	451072	512	11.110939
145534515200	145534211584	303616	512	10.237268
61152228864	61151835648	393216	512	3.651643
41725571072	41725200384	370688	512	4.657143
134405258240	134404945920	312320	512	12.363713
58547932672	58547474432	458240	512	10.477865
33707982336	33707556864	425472	512	11.587776
68304430080	68303909888	520192	512	10.529615
25750122496	25749697024	425472	512	3.883663
21486976512	21486595584	380928	512	4.456777
25454510080	25454112256	397824	512	2.408586
63803392	63283712	519680	512	11.946968
48142344192	48141915136	429056	512	12.601557
29881509376	29881142784	366592	512	4.748174
81704811520	81704468480	343040	512	4.382924
9153491968	9153221120	270848	512	6.727750
94692132864	94691776000	356864	512	12.780023
19761170944	19760722432	448512	512	11.933843
78713647104	78713352704	294400	512	5.346716
45387084800	45386754048	330752	512	2.270953
94727661568	94727289344	372224	512	3.097084
138524615680	138524218880	396800	512	9.651766
99210214912	99209799680	415232	512	1.962800
116568288256	116567817728	470528	512	7.527159
32346743808	32346235392	508416	512	9.868699
47029623296	47029248000	375296	512	2.473650
45852657152	45852180992	476160	512	10.366009
76434955776	76434495488	460288	512	9.948739
91604948992	91604545024	403968	512	12.178702
68870744576	68870458368	286208	512	2.823616
40457463808	40457084928	378880	512	12.568566
88143440384	88143107584	332800	512	4.317198
29335537152	29335182336	354816	512	2.299805
140923154944	140922731520	423424	512	8.779605
21790343680	21790056448	287232	512	6.278483
109904039936	109903525888	514048	512	8.708500
93834685952	93834161664	524288	512	5.619682
10178696192	10178399744	296448	512	5.483216
17408751104	17408385536	365568	512	3.012747
112713289216	112712907264	381952	512	11.695544
39712828928	39712538624	290304	512	4.294381
140611128832	140610797568	331264	512	1.934763
87855645696	87855130624	515072	512	9.520890
136003528192	136003035136	493056	512	3.278935
54980012544	54979672576	339968	512	1.918638
120596218880	120595790336	428544	512	10.302230
29436668928	29436162048	506880	512	11.611817
155871246336	155870759424	486912	512	2.741848
124630294016	124629980160	313856	512	12.486774
95230128640	95229637632	491008	512	10.277081
62888119296	62887615488	503808	512	10.823606
50851750400	50851354112	396288	512	1.986088
2708826624	2708450816	375808	512	3.920570
72739060224	72738640384	419840	512	12.418053
68240975360	68240566784	408576	512	11.123161
27446806528	27446289920	516608	512	10.251049
93210546688	93210251264	295424	512	4.832942
10969373696	10968863744	509952	512	11.767077
153994631680	153994116096	515584	512	11.119396
146092697088	146092341760	355328	512	8.500177
8214909440	8214540800	368640	512	5.096831
41903494656	41903224320	270336	512	6.309616
75146430464	75146097152	333312	512	4.611968
156696960512	156696620544	339968	512	8.775616
150985985024	150985488384	496640	512	4.660581
3265374720	3264855552	519168	512	11.571725
49659989504	49659570176	419328	512	12.776587
75004587520	75004085760	501760	512	8.947239
4359266304	4358947328	318976	512	5.877895
123367045120	123366672384	372736	512	9.801632
158650895872	158650614784	281088	512	9.194497
109550991360	109550510592	480768	512	9.470898
103120047104	103119523328	523776	512	8.937953
57553371136	57552852480	518656	512	10.573053
37465335808	37464858624	477184	512	12.159022
148095400960	148095090688	310272	512	10.967088
155134267904	155133778944	488960	512	2.666836
138798153728	138797687808	465920	512	5.984228
98962996224	98962481664	514560	512	9.563447
56257665536	56257380864	284672	512	3.111173
123423707648	123423198720	508928	512	8.343353
117316696576	117316187648	508928	512	8.752555
99390220288	99389793792	426496	512	11.114670
46219399680	46219093504	306176	512	3.945974
77153823744	77153338368	485376	512	10.927507
110869147136	110868728832	418304	512	9.157190
92437843456	92437335040	508416	512	9.676668
97481417216	97481141760	275456	512	5.298266
5242281984	5241830912	451072	512	12.772937
30351866880	30351377920	488960	512	13.718044
47709212160	47708812800	399360	512	3.814586
28561812480	28561455104	357376	512	5.084737
147226070016	147225761792	308224	512	2.299291
23406584832	23406224384	360448	512	3.262868
144748832768	144748569600	263168	512	3.900586
101787676672	101787223552	453120	512	10.503511
88830407168	88830055936	351232	512	1.911994
133638800384	133638341120	459264	512	6.865744
4253710848	4253315584	395264	512	2.593459
84160089600	84159755776	333824	512	4.291291
89111630336	89111148544	481792	512	10.613191
14902795776	14902502400	293376	512	6.295280
117328643584	117328339968	303616	512	2.133020
54680568832	54680144384	424448	512	3.269237
19335260672	19334790144	470528	512	12.282031
107016491008	107016071168	419840	512	11.231155
118071962624	118071548416	414208	512	8.583346
66004874240	66004377600	496640	512	10.990043
135240317952	135239967232	350720	512	11.179447
135479787008	135479308288	478720	512	8.137856
139082615808	139082118144	497664	512	6.906470
135383490048	135383038464	451584	512	8.519838
127999576064	127999290368	285696	512	11.862640
16344892416	16344521728	370688	512	3.207470
58168845312	58168389120	456192	512	10.518345
122104528896	122104206336	322560	512	12.764522
44257914368	44257606144	308224	512	2.782069
32033629184	32033106432	522752	512	11.324035
12103333376	12102880768	452608	512	11.912692
137252478464	137252075008	403456	512	9.825738
148141698560	148141378048	320512	512	11.294330
156844703232	156844259840	443392	512	5.218987
86223577600	86223187968	389632	512	12.690657
146043425792	146042959872	465920	512	6.618159
68058170880	68057685504	485376	512	11.183488
122561892352	122561465856	426496	512	6.470402
19051177984	19050877952	300032	512	5.405300
141563912704	141563632640	280064	512	11.276526
48050386944	48050074624	312320	512	4.518061
125879073792	125878699008	374784	512	10.902961
93292078592	93291600896	477696	512	10.708050
146106166272	146105763328	402944	512	8.949271
100315071488	100314582528	488960	512	9.686873
53377745408	53377293824	451584	512	12.046224
86510468608	86510167552	301056	512	3.102932
90080153088	90079809536	343552	512	2.271826
154814416896	154814023680	393216	512	6.943237
146664743424	146664315904	427520	512	8.213469
156662272000	156661945344	326656	512	9.774310
72994884096	72994487808	396288	512	2.043321
125919626752	125919176704	450048	512	7.016143
34511763968	34511428096	335872	512	5.278288
51603889152	51603432960	456192	512	11.780252
38260662272	38260199424	462848	512	12.192567
6984531456	6984100352	431104	512	4.055994
113063234560	113062895104	339456	512	12.698595
112239755264	112239294464	460800	512	8.052806
25518321664	25517876736	444928	512	3.592666
44170964992	44170465280	499712	512	11.295955
45174380544	45174039552	340992	512	3.880487
121472032256	121471528448	503808	512	8.401570
118341580800	118341073920	506880	512	8.241111
19029163008	19028736000	427008	512	12.284572
52982513152	52982009344	503808	512	11.056291
128998790656	128998434816	355840	512	11.743329
87601781248	87601493504	287744	512	5.213371
65267146752	65266770944	375808	512	2.075769
22397598720	22397130752	467968	512	2.977891
125111117824	125110806016	311808	512	12.562949
149531948544	149531472896	475648	512	5.983158
4100431360	4099920384	510976	512	12.110449
133008078336	133007812608	265728	512	2.438557
14205735424	14205330432	404992	512	4.487096
41298521088	41298204160	316928	512	5.654541
16546371072	16546030080	340992	512	3.736509
137269618688	137269164544	454144	512	8.447411
122866439680	122866165760	273920	512	12.592702
85010340352	85009840128	500224	512	8.624255
45974742528	45974320640	421888	512	13.025269
133908115968	133907836416	279552	512	11.907538
14483600384	14483254784	345600	512	2.739215
94329528832	94329257472	271360	512	5.302405
158535667712	158535273472	394240	512	5.780106
8249595904	8249296896	299008	512	5.416161
76756659200	76756137472	521728	512	10.261721
19851174912	19850856448	318464	512	5.926886
82995786752	82995496448	290304	512	5.152507
85290333696	85290050048	283648	512	3.687335
96174783488	96174342656	440832	512	1.939557
25895419392	25895138304	281088	512	4.509174
10592080384	10591806464	273920	512	4.866727
12418633216	12418367488	265728	512	6.554884
38780151296	38779883520	267776	512	6.473663
7048598528	7048274944	323584	512	4.963057
42188917248	42188408320	508928	512	11.651677
147535232512	147534954496	278016	512	2.863363
154800777728	154800480768	296960	512	10.732739
139141251584	139140773376	478208	512	5.526408
88756664832	88756160512	504320	512	10.249249
107165485568	107165000704	484864	512	7.612600
122121291776	122120861696	430080	512	10.178095
109292275712	109291760128	515584	512	6.832528
80118834176	80118541824	292352	512	3.569850
118043569664	118043307008	262656	512	4.702203
158224645632	158224207360	438272	512	5.363635
99123841536	99123504128	337408	512	3.950923
28807301120	28806871040	430080	512	2.079947
88169466880	88169035264	431616	512	11.690768
42985852416	42985367552	484864	512	11.831389
207143936	206642688	501248	512	11.923697
94644864000	94644569088	294912	512	4.975664
40310563840	40310194688	369152	512	4.478143
54892738560	54892398080	340480	512	3.012755
93476386816	93475872256	514560	512	9.945416
13958748672	13958435328	313344	512	4.211219
138119820288	138119451136	369152	512	8.986159
49039227904	49038927872	300032	512	5.640302
20604880384	20604468736	411648	512	2.403829
75365992960	75365606400	386560	512	12.814884
146718989824	146718655488	334336	512	10.526472
146123380736	146123115008	265728	512	12.900311
95549713920	95549228032	485888	512	12.112454
28744307712	28744022528	285184	512	4.389332
137539379712	137539082752	296960	512	12.609689
2326859264	2326589952	269312	512	4.709829
110112886272	110112377344	508928	512	8.815943
95010387968	95010083840	304128	512	3.018555
156750888960	156750599168	289792	512	8.818350
101899869696	101899525120	344576	512	2.052088
148447840256	148447327744	512512	512	3.030582
67914765312	67914419712	345600	512	4.510571
100796249600	100795772928	476672	512	10.378324
52345022464	52344498176	524288	512	10.675355
61036362752	61036094464	268288	512	4.360983
134840175104	134839733248	441856	512	9.029231
6035908608	6035410944	497664	512	14.092575
48629631488	48629315584	315904	512	5.541283
29375580160	29375115776	464384	512	12.319836
70395353600	70394990080	363520	512	2.380643
16549875712	16549490688	385024	512	3.032163
77018138112	77017729536	408576	512	12.442973
64954667008	64954320896	346112	512	4.523409
30885954048	30885548032	406016	512	4.259155
117295895552	117295592960	302592	512	4.144029
94648204288	94647894016	310272	512	4.688800
115136139264	115135798784	340480	512	2.997725
1660830720	1660360704	470016	512	12.426818
117717389824	117716975104	414720	512	10.615569
2765761536	2765445632	315904	512	3.288291
97089374720	97088894976	479744	512	10.460562
33277386752	33276928512	458240	512	2.927927
114452375552	114451884032	491520	512	8.824978
2298254336	2297926656	327680	512	3.023459
58873740288	58873336320	403968	512	12.689490
93835032064	93834629120	402944	512	1.093005
40585328640	40584893952	434688	512	3.591338
139404080640	139403702784	377856	512	9.650400
47587821568	47587414528	407040	512	11.830153
89426544128	89426075648	468480	512	8.977659
128059056128	128058779136	276992	512	2.543053
127017325056	127016956928	368128	512	11.109326
68207611904	68207220224	391680	512	11.488170
111050624512	111050331136	293376	512	3.241855
42022134784	42021821440	313344	512	2.831413
154822658048	154822195712	462336	512	4.560718
18439450112	18438928896	521216	512	11.924702
120273915904	120273611264	304640	512	2.143262
91113578496	91113132544	445952	512	11.035163
2098378240	2098078208	300032	512	5.962538
26128115712	26127811072	304640	512	5.753004
55891241984	55890838528	403456	512	12.758473
154958435840	154958121984	313856	512	9.703860
58272587264	58272148480	438784	512	12.277750
148437768704	148437339648	429056	512	7.376908
93708468224	93707976192	492032	512	10.395722
51938772480	51938429440	343040	512	4.766208
36184571904	36184185344	386560	512	12.439086
142150600192	142150327296	272896	512	11.489795
28751384064	28751043584	340480	512	5.425231
16212643328	16212207616	435712	512	12.885486
44899220480	44898912768	307712	512	5.670095
75131268096	75130875392	392704	512	12.737908
62104999424	62104625152	374272	512	2.199276
118530641920	118530149376	492544	512	8.559863
32093057024	32092691968	365056	512	3.506761
94575807488	94575510528	296960	512	3.695194
40619833344	40619467776	365568	512	4.792029
13909388288	13908972032	416256	512	4.317908
80576691712	80576361472	330240	512	4.427383
20879975424	20879694336	281088	512	6.361892
139924328960	139923983360	345600	512	10.861959
86470279680	86469777920	501760	512	10.204240
14753785344	14753418752	366592	512	2.372534
113516115456	113515607040	508416	512	8.827226
108326004736	108325525504	479232	512	9.483707
95115358208	95114970624	387584	512	10.801420
135973570560	135973063680	506880	512	6.614446
58798793216	58798305792	487424	512	9.825214
33159517696	33159243264	274432	512	4.573707
81125095424	81124594688	500736	512	10.602918
126381736448	126381345280	391168	512	10.408143
34060543488	34060161536	381952	512	2.694360
139455773696	139455354368	419328	512	6.739242
153189865984	153189516800	349184	512	9.356395
58319091200	58318646272	444928	512	12.195728
66935555584	66935199232	356352	512	2.550218
112715906560	112715615232	291328	512	4.436906
59261253120	59260763136	489984	512	11.070429
90831463424	90831024640	438784	512	11.569971
135066492416	135066049536	442880	512	8.767603
42612340736	42611892736	448000	512	3.374265
89910987776	89910556160	431616	512	11.648143
62503857152	62503582720	274432	512	4.103760
110480896000	110480483840	412160	512	10.964035
153326136320	153325739008	397312	512	7.833431
126869887488	126869417984	469504	512	6.456140
141772090368	141771712512	377856	512	10.021344
64737475072	64737047040	428032	512	12.297774
61436877312	61436443136	434176	512	12.373392
110072668672	110072163840	504832	512	8.938142
42285065728	42284676608	389120	512	3.009061
72774630912	72774107136	523776	512	8.448509
22087491584	22087031296	460288	512	11.363388
132989198848	132988759552	439296	512	7.017979
58078550528	58078078976	471552	512	11.706495
153879239680	153878770176	469504	512	3.459966
106175078912	106174701056	377856	512	12.074503
76574014976	76573708800	306176	512	3.328529
39949608960	39949213184	395776	512	2.426200
25212621824	25212323840	297984	512	5.901845
108301663232	108301181952	481280	512	9.856569
122927829504	122927560704	268800	512	2.921991
85446495744	85446169600	326144	512	4.632648
126712612352	126712177152	435200	512	7.484596
1367707136	1367428096	279040	512	6.364754
108607004672	108606644736	359936	512	12.528644
141626011136	141625585152	425984	512	8.691023
59855360000	59854969856	390144	512	11.924861
27156724736	27156265472	459264	512	3.382779
12076197888	12075716608	481280	512	1.947015
91423778816	91423312896	465920	512	10.990396
42611766272	42611440128	326144	512	5.475318
125444514304	125444114432	399872	512	8.487909
37229078528	37228806144	272384	512	4.614983
22575610880	22575263232	347648	512	2.445353
33730548224	33730141184	407040	512	2.048351
81907368448	81907104256	264192	512	5.865272
88405860864	88405570048	290816	512	3.147519
43806869504	43806502912	366592	512	2.969231
8483867136	8483463680	403456	512	12.783524
133578300416	133577953280	347136	512	11.652937
103400977920	103400671232	306688	512	2.307935
140165582336	140165289984	292352	512	1.546407
49931147776	49930799104	348672	512	3.192973
78055370240	78054950400	419840	512	10.506810
145687675904	145687192064	483840	512	6.624512
10704440832	10704019968	420864	512	3.946142
107198776320	107198501376	274944	512	5.039102
24560991232	24560477184	514048	512	2.474571
125240764928	125240302592	462336	512	8.687191
59536484352	59536092672	391680	512	2.081563
113360332800	113359855616	477184	512	9.507970
75440964096	75440693760	270336	512	3.151968
140840372736	140840098816	273920	512	11.487142
151741225472	151740857856	367616	512	9.438541
24098440192	24098107392	332800	512	3.674930
77727588352	77727080960	507392	512	10.533512
8568660992	8568184320	476672	512	12.312632
113938556416	113938173952	382464	512	11.680374
22978681856	22978282496	399360	512	2.611896
20768315904	20767974912	340992	512	3.358394
155089074176	155088626176	448000	512	11.823634
93228289024	93227820544	468480	512	8.958072
31067761664	31067446272	315392	512	3.820692
120860404736	120860077568	327168	512	12.554591
85938086912	85937736192	350720	512	2.166982
110669638656	110669242368	396288	512	9.765289
108883293184	108882915840	377344	512	11.832350
138443634688	138443266048	368640	512	10.696292
97493707776	97493358080	349696	512	12.750271
35110446080	35109984768	461312	512	12.204871
29212211200	29211856896	354304	512	3.165926
248962560	248595968	366592	512	3.297473
16171027456	16170681344	346112	512	2.697537
159925097984	159924664320	433664	512	2.131618
118657684480	118657404928	279552	512	4.494415
11390155776	11389801472	354304	512	2.582462
99878355968	99877983232	372736	512	3.193296
142096638464	142096161280	477184	512	6.779067
28764637696	28764189184	448512	512	3.567193
81533253120	81532889088	364032	512	2.166865
40758966272	40758503936	462336	512	12.154192
45334652928	45334290432	362496	512	4.739738
22457457152	22456956928	500224	512	12.029602
17710262272	17709834240	428032	512	2.345914
37424374784	37423988736	386048	512	4.423825
120421541376	120421025280	516096	512	5.676100
2062337024	2062000128	336896	512	4.669631
55801262592	55800944128	318464	512	2.424279
108265998848	108265560576	438272	512	10.801233
43472051712	43471737344	314368	512	3.720613
11777730048	11777346560	383488	512	4.849652
76806985728	76806525952	459776	512	11.423626
105546647552	105546257920	389632	512	10.150885
92101603328	92101156864	446464	512	9.507039
73930342912	73929931264	411648	512	12.381250
99577755136	99577262592	492544	512	9.611500
17461461504	17461188096	273408	512	4.622982
78986066944	78985646080	420864	512	11.954391
27672918016	27672464384	453632	512	11.530419
93521456640	93521007616	449024	512	11.265782
149747594240	149747210240	384000	512	9.452211
63607316480	63606916096	400384	512	2.191340
109616227840	109615816192	411648	512	9.567851
99992313856	99991820800	493056	512	6.119843
87818395648	87818034688	360960	512	12.776079
93643496960	93643078144	418816	512	10.153618
93423538176	93423089664	448512	512	9.469474
30057925120	30057529856	395264	512	12.521836
116462429696	116462061568	368128	512	2.691094
23015699968	23015191552	508416	512	10.432991
62896927232	62896460288	466944	512	2.244879
58343133184	58342813184	320000	512	2.346206
105341494272	105341056000	438272	512	10.423449
148420519424	148420210688	308736	512	2.268846
110992551424	110992183296	368128	512	12.036069
10027200000	10026900480	299520	512	5.989088
12062112768	12061770240	342528	512	4.500205
99907105280	99906596864	508416	512	9.251222
43056570880	43056123392	447488	512	12.664216
107104568320	107104070656	497664	512	9.164965
130901929472	130901423104	506368	512	7.297805
129776440832	129776087552	353280	512	2.144118
147082563584	147082220032	343552	512	10.645343
36839306752	36838883840	422912	512	11.651686
155594340864	155594033664	307200	512	10.413086
20202353664	20201953280	400384	512	3.483871
102353697280	102353345024	352256	512	11.513688
122128474112	122128103424	370688	512	11.638622
61038517760	61038215168	302592	512	5.547772
144801827328	144801406976	420352	512	8.404721
67536108032	67535602176	505856	512	10.834796
81466917888	81466544640	373248	512	2.308601
124883213824	124882689536	524288	512	7.611187
76837092352	76836645888	446464	512	10.238403
17454896640	17454452736	443904	512	3.427968
84099768832	84099436544	332288	512	2.707201
82378839040	82378488320	350720	512	2.156080
131309667840	131309157376	510464	512	7.467084
72939022848	72938692096	330752	512	3.009792
153311705088	153311424512	280576	512	11.460970
154185655808	154185316864	338944	512	10.259064
97091062272	97090547200	515072	512	9.759014
55226120192	55225790464	329728	512	4.820169
57326504448	57325990912	513536	512	10.661978
100918702592	100918312960	389632	512	10.549136
148404635136	148404273152	361984	512	11.902941
18792349696	18791876096	473600	512	11.349606
129904980992	129904704000	276992	512	12.194678
82479232512	82478827008	405504	512	3.043281
52792835584	52792359424	476160	512	13.362104
128891372032	128891101184	270848	512	2.410278
50493502976	50492981760	521216	512	9.411367
76790731776	76790444032	287744	512	5.448412
25389575680	25389208576	367104	512	3.865608
57662512128	57662102016	410112	512	12.852220
34889217024	34888855040	361984	512	4.656977
120908098048	120907766784	331264	512	1.644632
11234334720	11234005504	329216	512	5.488034
160040726528	160040458240	268288	512	8.903804
52211288576	52210802176	486400	512	9.817357
78106418176	78105980416	437760	512	11.865502
87789517312	87789122048	395264	512	12.324746
135419919872	135419648512	271360	512	12.163141
89481173504	89480769536	403968	512	2.875044
43891426816	43890917376	509440	512	11.443929
140080953344	140080485888	467456	512	7.071470
123015185408	123014864384	321024	512	1.941116
81149109248	81148700160	409088	512	5.809934
55151749632	55151302144	447488	512	10.675484
94225378816	94224931840	446976	512	9.322467
18994832896	18994513408	319488	512	3.235154
144211961344	144211557376	403968	512	8.865686
154941458432	154941173760	284672	512	10.693622
149040913920	149040547328	366592	512	7.714732
20706885632	20706455552	430080	512	11.951596
43718517760	43718228480	289280	512	4.195112
111871286784	111870970368	316416	512	3.882014
8083531264	8083141120	390144	512	4.504020
72642835456	72642543104	292352	512	3.748480
75171616768	75171124736	492032	512	10.794607
97383296512	97382852608	443904	512	9.226353
44699273728	44698854400	419328	512	3.750633
72017510400	72017178112	332288	512	4.769763
31530960896	31530571776	389120	512	2.350720
158922545152	158922238464	306688	512	8.769146
126518281728	126517925376	356352	512	11.390427
51504563712	51504242688	321024	512	5.137203
157755347456	157754940416	407040	512	6.491363
32807205888	32806744064	461824	512	10.845909
90068425728	90068061184	364544	512	3.655929
88150459904	88150038016	421888	512	2.479903
21919495168	21919048192	446976	512	12.656878
159171753984	159171336192	417792	512	11.867598
49908664832	49908187648	477184	512	11.734720
135845101568	135844696064	405504	512	9.408272
157451825152	157451546112	279040	512	9.237005
101826817536	101826347520	470016	512	8.469980
1905505280	1905041408	463872	512	12.556963
105725334528	105724898816	435712	512	8.959411
130660165120	130659834368	330752	512	10.612680
36363263488	36362743808	519680	512	9.700024
94591440384	94590950912	489472	512	8.287281
5347827712	5347412992	414720	512	12.549389
90993112064	90992609792	502272	512	10.192577
5891704832	5891236352	468480	512	11.490558
122164417024	122164092928	324096	512	12.490104
122304873984	122304368640	505344	512	8.002848
131409378304	131408944128	434176	512	9.157594
119622331392	119621981696	349696	512	12.045523
81904657920	81904264192	393728	512	12.590893
16444548608	16444199936	348672	512	3.277629
44623724032	44623434240	289792	512	4.268298
30081263616	30080806400	457216	512	12.453279
70783645184	70783175680	469504	512	13.316543
74453278720	74452778496	500224	512	1.368031
52933106176	52932611072	495104	512	11.030317
29941554688	29941254144	300544	512	4.261801
90788494848	90788042240	452608	512	9.364745
117632160256	117631822336	337920	512	12.740476
69601038336	69600741888	296448	512	5.446423
48017402880	48016966144	436736	512	12.766076
67443810304	67443434496	375808	512	2.150469
87882153472	87881865216	288256	512	2.268342
150479633920	150479251456	382464	512	8.739318
52655699456	52655195136	504320	512	10.826190
63693240832	63692968960	271872	512	5.939566
137821881344	137821497856	383488	512	8.464265
2336744960	2336352768	392192	512	2.638664
158598125568	158597719552	406016	512	6.545327
40160030720	40159726080	304640	512	5.849011
104427864576	104427600896	263680	512	3.337465
73774106624	73773748224	358400	512	2.281206
15031022592	15030586368	436224	512	12.936060
1228676608	1228300288	376320	512	4.972989
133371198464	133370844672	353792	512	11.092825
148174914048	148174600192	313856	512	11.464092
65804118528	65803621888	496640	512	1.653206
137790375424	137789987328	388096	512	8.271573
21206814208	21206519808	294400	512	4.152034
50916849152	50916557312	291840	512	2.944475
33039603712	33039245824	357888	512	12.985802
28732253696	28731749376	504320	512	11.666987
73786570752	73786059776	510976	512	8.766244
91976647680	91976192000	455680	512	11.132235
131554918400	131554603008	315392	512	12.258888
59994997248	59994633728	363520	512	4.360617
87729405440	87729024000	381440	512	12.861336
86515796992	86515483136	313856	512	2.703064
97313120768	97312719360	401408	512	11.661204
139414222336	139413698560	523776	512	5.437386
33221688320	33221226496	461824	512	1.483394
113577831936	113577408512	423424	512	10.774955
134814055936	134813538304	517632	512	4.681774
153182520320	153182158336	361984	512	8.949851
108080944128	108080420352	523776	512	8.946759
62904559616	62904135168	424448	512	14.134763
131365483008	131365178880	304128	512	3.212278
128536914432	128536610304	304128	512	12.988866
91591083520	91590746112	337408	512	2.444802
138359790592	138359310336	480256	512	7.361544
82615787520	82615470080	317440	512	1.830924
141379341312	141378957824	383488	512	9.505856
54318264832	54317935616	329216	512	2.153860
99934849536	99934356992	492544	512	9.646620
142252697600	142252369920	327680	512	1.708495
107633460736	107633091072	369664	512	2.639654
18201073152	18200804352	268800	512	4.901168
16098594816	16098100224	494592	512	12.401955
148229425664	148228925440	500224	512	5.195221
125771487744	125771190784	296960	512	11.609111
67219485696	67219033600	452096	512	2.434691
9082482688	9082095616	387072	512	4.554081
90591126528	90590653440	473088	512	8.842173
43927938560	43927479808	458752	512	12.290580
87405751296	87405364224	387072	512	12.524296
129447594496	129447259648	334848	512	11.918605
106866309632	106866029568	280064	512	3.152548
14015024640	14014660608	364032	512	4.167960
42476633088	42476133376	499712	512	10.073580
82894921216	82894419968	501248	512	10.407684
85927004160	85926526464	477696	512	10.677442
66384457216	66384017920	439296	512	11.970276
117289363456	117289064448	299008	512	2.480206
8956881920	8956486656	395264	512	12.849238
30854032896	30853720576	312320	512	5.843493
74939033600	74938710016	323584	512	4.761483
2024975360	2024502784	472576	512	2.064289
97429934592	97429623808	310784	512	4.510918
67094310912	67093969408	341504	512	2.788054
104288999936	104288688128	311808	512	2.224199
138581649920	138581252096	397824	512	9.949987
71985754624	71985473024	281600	512	2.877259
134318656000	134318321152	334848	512	2.269575
99617695744	99617389568	306176	512	12.611053
84663894016	84663393280	500736	512	10.480412
6691081216	6690741248	339968	512	5.299862
157717134848	157716808704	326144	512	9.758116
37080133120	37079794176	338944	512	2.345640
96793752064	96793330688	421376	512	11.384642
34820029952	34819641856	388096	512	12.391519
26460580352	26460232704	347648	512	3.465383
51780144640	51779832832	311808	512	4.297155
2578832384	2578509312	323072	512	5.611935
63947827712	63947369472	458240	512	11.717176
105081319936	105080887296	432640	512	10.926077
60212102656	60211582976	519680	512	10.830690
116376870400	116376500736	369664	512	10.289820
17146408960	17146088448	320512	512	5.542747
138379833856	138379482624	351232	512	10.828361
149575809536	149575469056	340480	512	6.803885
75331992576	75331529728	462848	512	11.363519
4224618496	4224216064	402432	512	2.496228
108011916288	108011517952	398336	512	11.365148
87882688000	87882226688	461312	512	9.140245
126640394752	126640020992	373760	512	11.285833
28209621504	28209279488	342016	512	3.410000
61372211200	61371866624	344576	512	4.550041
64274779136	64274256384	522752	512	8.782479
26747863552	26747597824	265728	512	5.794546
153463266304	153462831104	435200	512	6.596364
63809498112	63809144320	353792	512	4.362330
123812203008	123811907584	295424	512	3.952100
155194747904	155194445312	302592	512	10.066196
4353361920	4352909824	452096	512	1.947420
86203658752	86203330560	328192	512	12.672582
7182820352	7182484992	335360	512	5.575786
44169719808	44169333760	386048	512	2.249607
88593575424	88593149952	425472	512	11.340202
110170755584	110170455552	300032	512	12.329667
51495818752	51495535616	283136	512	4.076178
98390182912	98389895680	287232	512	5.013599
5400996864	5400477696	519168	512	10.552419
27251796992	27251494912	302080	512	5.172401
9529868800	9529435648	433152	512	3.722530
146413117952	146412817408	300544	512	2.511263
70971540480	70971167232	373248	512	2.214483
106014965248	106014466560	498688	512	9.054443
157834864128	157834439168	424960	512	6.563697
18383335936	18382877184	458752	512	3.173113
5676840448	5676427264	413184	512	2.281388
74253216768	74252819456	397312	512	12.655112
104655013376	104654721536	291840	512	12.755676
103311415808	103311145472	270336	512	3.383952
137294922240	137294643712	278528	512	12.874374
11761635328	11761210368	424960	512	2.402414
75987959296	75987500032	459264	512	13.216795
65457470976	65457047040	423936	512	12.354825
92980307968	92979912704	395264	512	12.102161
144588378112	144588025856	352256	512	10.725907
80166014976	80165579264	435712	512	11.665760
51989527040	51989099520	427520	512	11.122011
68851975680	68851572224	403456	512	11.228271
3725224448	3724751360	473088	512	11.409657
103332977152	103332592128	385024	512	2.657420
148005474304	148005160448	313856	512	2.182546
74670505472	74670170112	335360	512	2.743931
88509520896	88509092864	428032	512	11.684121
92576423936	92576083456	340480	512	2.397586
118830046720	118829668864	377856	512	6.439503
144104591360	144104236544	354816	512	8.672295
16126953472	16126441984	511488	512	10.708988
138626481664	138626147840	333824	512	11.621545
14278280704	14277758976	521728	512	10.520696
120815172096	120814677504	494592	512	8.736228
52866984960	52866621952	363008	512	2.387979
102484506112	102484107264	398848	512	11.325885
73929443840	73928928768	515072	512	10.365762
13210934784	13210540032	394752	512	2.867569
93750750208	93750472192	278016	512	5.175194
154304767488	154304330240	437248	512	7.388880
122531914752	122531523072	391680	512	9.265878
4622875648	4622525952	349696	512	5.383007
103409370112	103408950784	419328	512	10.920417
8748462592	8748112896	349696	512	2.660810
9838197248	9837750784	446464	512	2.026924
117747676160	117747152896	523264	512	4.283933
113233368576	113233072128	296448	512	4.297945
41900873216	41900572160	301056	512	3.925053
101305092096	101304774144	317952	512	2.616192
11654276608	11653983232	293376	512	6.053781
43625693696	43625358848	334848	512	2.392702
98062390272	98061935616	454656	512	10.492188
117562454016	117562020864	433152	512	8.550956
5045112832	5044765696	347136	512	5.465133
8685217280	8684780544	436736	512	2.149154
40493173248	40492723200	450048	512	12.420694
147847770624	147847339520	431104	512	3.636692
142056584192	142056128000	456192	512	7.862983
138270925824	138270422528	503296	512	2.931357
34888539136	34888218624	320512	512	5.459858
84905472	84429312	476160	512	12.776606
46369804288	46369413632	390656	512	3.953102
100822424576	100821988352	436224	512	10.948859
150347212288	150346720768	491520	512	3.699905
128227664384	128227195392	468992	512	8.948793
143941371904	143941057024	314880	512	11.437792
93498469888	93498070528	399360	512	12.319524
149277100544	149276628992	471552	512	6.060052
63012663296	63012350976	312320	512	4.190102
155253118976	155252727296	391680	512	7.628942
59999655936	59999361536	294400	512	3.874749
113173997056	113173703680	293376	512	2.613947
104991315968	104991015424	300544	512	2.440386
87254344192	87253820416	523776	512	9.362539
97036614656	97036197888	416768	512	11.858164
129429667328	129429153280	514048	512	5.157978
154550753280	154550286336	466944	512	3.804049
5979563520	5979213312	350208	512	3.517646
88450341376	88450066944	274432	512	3.579210
150948900352	150948519936	380416	512	9.558155
28869014528	28868564480	450048	512	11.444328
27325104640	27324676096	428544	512	1.863621
118998839808	118998415360	424448	512	11.965309
97520408064	97519959040	449024	512	10.582853
84781803520	84781519872	283648	512	2.619389
5306554880	5306157056	397824	512	4.619057
64370312192	64369805312	506880	512	10.764916
86692731392	86692240384	491008	512	10.017308
85018260992	85017867776	393216	512	11.125583
18719410688	18718989312	421376	512	4.207523
58548506112	58548083712	422400	512	11.235613
73196598784	73196191744	407040	512	11.135338
125278354432	125278066688	287744	512	11.848924
134956790272	134956387840	402432	512	8.162546
88600752640	88600285696	466944	512	10.551875
23501114880	23500621824	493056	512	10.727372
134867229696	134866837504	392192	512	10.306429
3789166080	3788662784	503296	512	11.874258
68680363520	68679952384	411136	512	3.284732
43058084864	43057565696	519168	512	2.121889
121337574912	121337227776	347136	512	2.620620
89684734464	89684369920	364544	512	3.666962
85958051328	85957764608	286720	512	5.285376
108993054208	108992667136	387072	512	11.975308
75592133120	75591686144	446976	512	2.320027
154252773376	154252492800	280576	512	10.288886
92912465408	92911944704	520704	512	11.623386
96062588928	96062065664	523264	512	7.438263
80388757504	80388426240	331264	512	2.635036
22923278336	22922863104	415232	512	2.359590
134336757760	134336398848	358912	512	9.650513
57872401920	57872097280	304640	512	3.666086
50027388416	50026961920	426496	512	11.414034
138321641472	138321233408	408064	512	9.656256
118416049152	118415559680	489472	512	6.459602
52185840128	52185420800	419328	512	11.288324
94130912768	94130409984	502784	512	9.652427
19546194944	19545902592	292352	512	6.077262
128453230592	128452809216	421376	512	6.051335
158871267840	158870760960	506880	512	7.992217
87710259200	87709928448	330752	512	2.969305
141847109632	141846747136	362496	512	8.572772
7425422848	7425105408	317440	512	5.906294
62694085120	62693616128	468992	512	11.506215
66027408384	66027072000	336384	512	4.695799
21393863680	21393474560	389120	512	12.781898
96023250432	96022907904	342528	512	1.862882
103274108416	103273638400	470016	512	6.274962
19114219520	19113797632	421888	512	2.032058
95392646144	95392372224	273920	512	3.655159
140222304256	140221906432	397824	512	9.086888
140383801344	140383390208	411136	512	8.712837
45911784960	45911296512	488448	512	11.508556
36362316800	36361873408	443392	512	12.740968
71786058240	71785541632	516608	512	10.625939
5118477824	5118152192	325632	512	3.129297
108584787456	108584480768	306688	512	12.354397
18854120960	18853715456	405504	512	2.293532
11974077952	11973740032	337920	512	3.739941
159393403904	159392896512	507392	512	8.034602
99840366080	99839932416	433664	512	11.353324
84281027072	84280571904	455168	512	2.037066
122365805568	122365386752	418816	512	8.478120
61154131456	61153796608	334848	512	2.928896
111537998336	111537619968	378368	512	10.209352
128969317888	128968954880	363008	512	11.532609
110363022336	110362623488	398848	512	9.683010
57910107648	57909743104	364544	512	12.522218
143810762240	143810327040	435200	512	6.240639
55532531200	55532106752	424448	512	3.281801
94854495232	94854184448	310784	512	4.652455
68477008384	68476510208	498176	512	10.994377
92595427840	92594921984	505856	512	9.827744
129790842368	129790432768	409600	512	10.046832
21770223616	21769904640	318976	512	3.972802
130881728000	130881221120	506880	512	7.520138
157270317568	157269825536	492032	512	2.641900
10469840384	10469358080	482304	512	2.950241
23070014464	23069689856	324608	512	3.676822
80190766592	80190343680	422912	512	11.826413
97189040640	97188613632	427008	512	11.729698
90225357312	90224943616	413696	512	10.216936
13543231488	13542871040	360448	512	4.275443
1586168832	1585889792	279040	512	4.001177
153094775808	153094432768	343040	512	8.034143
67637773824	67637407232	366592	512	4.132074
124879282176	124878822400	459776	512	9.189227
135582918144	135582547968	370176	512	9.239879
23879061504	23878788608	272896	512	4.733272
128094573568	128094067712	505856	512	7.589776
20270802944	20270410752	392192	512	2.562113
131620651008	131620184064	466944	512	8.604183
89521141248	89520629760	511488	512	10.045490
57983491072	57983151616	339456	512	4.638856
56978909696	56978456064	453632	512	12.006635
61838874112	61838533632	340480	512	4.611289
12854227968	12853791232	436736	512	12.861279
72115026944	72114601984	424960	512	3.050711
72354333696	72354050048	283648	512	2.813736
111918629376	111918344192	285184	512	12.738625
84816104448	84815761920	342528	512	12.354033
67414931456	67414530560	400896	512	11.479414
100646828544	100646521344	307200	512	2.570100
36540721664	36540256768	464896	512	2.989093
96346603008	96346339840	263168	512	3.833102
102492998656	102492697600	301056	512	2.436419
38699403264	38699107328	295936	512	4.004155
1208994304	1208474624	519680	512	11.963868
49258915840	49258554880	360960	512	2.726436
69760350208	69760061440	288768	512	3.843092
41871192064	41870909952	282112	512	6.070927
112296453120	112295971328	481792	512	9.464905
147710086656	147709810688	275968	512	10.813979
123839946752	123839549440	397312	512	9.071294
101618086400	101617787904	298496	512	12.856672
81105057792	81104673792	384000	512	3.548003
33416539136	33416235520	303616	512	5.851661
22896836608	22896439808	396800	512	2.380110
159228300288	159227791360	508928	512	2.549625
27621139968	27620749824	390144	512	4.569226
5462336512	5461860352	476160	512	12.347130
86192011776	86191692288	319488	512	12.884955
52411817984	52411526656	291328	512	4.820547
113989299200	113988896768	402432	512	9.618566
18356352000	18356049408	302592	512	5.795324
79903231488	79902769664	461824	512	11.263235
35733491200	35733026816	464384	512	10.806717
145179479040	145179026432	452608	512	7.931663
123134574080	123134104064	470016	512	8.930088
68358715904	68358385152	330752	512	3.047140
146395993600	146395719168	274432	512	3.279795
113149183488	113148871168	312320	512	2.185854
140730467328	140729979392	487936	512	4.520220
155606966784	155606613504	353280	512	8.892253
126171280896	126171001856	279040	512	4.029244
421526016	421249536	276480	512	4.663937
98872844288	98872324608	519680	512	5.469949
53135065600	53134635008	430592	512	12.218848
31490961920	31490451456	510464	512	2.032832
40686593536	40686085632	507904	512	9.864563
93844027392	93843691008	336384	512	12.098136
77041818112	77041353728	464384	512	9.847556
39748527104	39748180992	346112	512	5.127671
63118175232	63117790208	385024	512	2.019253
63013349376	63012855296	494080	512	9.415564
61389377024	61389020672	356352	512	2.528959
16116134400	16115791360	343040	512	2.777902
139838884864	139838551552	333312	512	10.915317
146777436672	146776934400	502272	512	3.523264
68358240768	68357969920	270848	512	5.819466
58512857600	58512585728	271872	512	6.110400
16589243904	16588727296	516608	512	12.030317
34840819200	34840425984	393216	512	2.927876
41623797760	41623295488	502272	512	2.164228
83761576448	83761148416	428032	512	11.687537
11686156288	11685843456	312832	512	5.709553
34194183168	34193720832	462336	512	12.243798
95850840064	95850543104	296960	512	4.793701
34745259008	34744939520	319488	512	5.574364
128792896512	128792486912	409600	512	8.200198
72239303168	72238955008	348160	512	2.688803
104933537792	104933063680	474112	512	10.052842
124953642496	124953270272	372224	512	1.689322
71725181440	71724866048	315392	512	3.904707
129184643584	129184165888	477696	512	8.279428
13680700416	13680288768	411648	512	2.590312
127929512960	127929024512	488448	512	8.101786
115962087936	115961762816	325120	512	12.737494
33942537216	33942047232	489984	512	10.235860
86972127232	86971723264	403968	512	10.516892
50879027712	50878589952	437760	512	12.322861
6789939712	6789598720	340992	512	2.799714
1389585920	1389168128	417792	512	4.003007
75876097024	75875613184	483840	512	10.951943
63052569088	63052052992	516096	512	10.617751
113463038976	113462775296	263680	512	2.192795
65845724160	65845298688	425472	512	12.339135
113176034304	113175612416	421888	512	10.837161
149271753728	149271390720	363008	512	9.360699
50381217792	50380828672	389120	512	2.463231
37054290432	37054007296	283136	512	5.237391
29510333440	29509819904	513536	512	11.772075
874464768	874192384	272384	512	4.653934
65938630144	65938142208	487936	512	9.553748
131425839616	131425422848	416768	512	8.000955
102378653184	102378386432	266752	512	2.564460
54138335744	54137926656	409088	512	11.518095
62806287360	62805957632	329728	512	3.739014
76413088256	76412753408	334848	512	4.529485
156969013760	156968513024	500736	512	3.258936
72962299904	72962018816	281088	512	3.974054
108472261632	108471789056	472576	512	10.056573
54154679296	54154215424	463872	512	11.497480
88763946496	88763484160	462336	512	12.805256
141305378816	141304933376	445440	512	4.114458
14966976000	14966682624	293376	512	5.516036
95854661632	95854349824	311808	512	2.653149
30538994688	30538680320	314368	512	5.604758
140743405568	140742994944	410624	512	9.107288
119384193536	119383844352	349184	512	12.044961
42669606400	42669301760	304640	512	4.062195
109015895040	109015542272	352768	512	12.692455
111722979840	111722507776	472064	512	7.777630
63834791424	63834511360	280064	512	3.071537
125395072512	125394728448	344064	512	11.694145
89391947264	89391599616	347648	512	1.965725
39947922944	39947523072	399872	512	4.173483
155735317504	155734937088	380416	512	7.990050
49234935296	49234603008	332288	512	5.010727
56321346048	56321013760	332288	512	4.738299
126613566464	126613077504	488960	512	8.454226
157916517376	157916227584	289792	512	8.822514
102475456512	102475023872	432640	512	10.576604
17654902272	17654432768	469504	512	2.977175
153995572224	153995192832	379392	512	6.743283
7339828736	7339394560	434176	512	1.925887
50257722368	50257306624	415744	512	11.634615
29439798272	29439398400	399872	512	2.364814
16463744000	16463247360	496640	512	11.777788
30261800960	30261478400	322560	512	4.757626
120151814656	120151500288	314368	512	3.629995
154472981504	154472694272	287232	512	11.027513
72932580864	72932231680	349184	512	2.679072
141886288896	141885777920	510976	512	6.299281
36335378432	36334954496	423936	512	2.024786
47121224704	47120930304	294400	512	5.906841
66288003072	66287508992	494080	512	10.992882
60179542528	60179164672	377856	512	2.322889
6430828544	6430313984	514560	512	11.654238
109789126144	109788670976	455168	512	5.988707
53522443776	53522003968	439808	512	12.069282
30970350080	30970000896	349184	512	2.505381
77047147008	77046659072	487936	512	9.283640
22043714048	22043305984	408064	512	2.468823
100934183936	100933702144	481792	512	10.261540
88362236416	88361910784	325632	512	4.488619
100164576256	100164068352	507904	512	7.533513
112015212544	112014763008	449536	512	10.206551
87738131456	87737610240	521216	512	7.716337
140173280256	140172939264	340992	512	11.058116
51382647296	51382170624	476672	512	11.343801
610187264	609707520	479744	512	11.277763
87072052736	87071592960	459776	512	10.714859
101195679744	101195252224	427520	512	11.054891
136360585216	136360159232	425984	512	9.174950
93138503680	93138233344	270336	512	3.821671
53080817664	53080486912	330752	512	2.987641
158741816832	158741329920	486912	512	10.319182
144485240320	144484850176	390144	512	9.282608
149317579264	149317070336	508928	512	10.879688
135934559232	135934262272	296960	512	12.614115
58031619072	58031328768	290304	512	3.807671
145904209920	145903809536	400384	512	8.548890
41162503680	41162192896	310784	512	2.872037
53459960320	53459437056	523264	512	9.050854
56356023296	56355629056	394240	512	1.991095
152197310976	152196951552	359424	512	7.394803
150914707968	150914212864	495104	512	12.510014
8299428352	8298910208	518144	512	11.617118
116806718976	116806280704	438272	512	10.442951
66860793344	66860494336	299008	512	3.611974
105039390720	105039081984	308736	512	12.301747
37624605184	37624291840	313344	512	5.542262
27221359104	27221035008	324096	512	4.720197
60445477888	60444962816	515072	512	10.911451
61654734848	61654426624	308224	512	5.413354
157351531520	157351195648	335872	512	5.232329
55183062528	55182715904	346624	512	12.859711
123890127872	123889611776	516096	512	8.127004
88834212352	88833948160	264192	512	4.588496
102033160192	102032804352	355840	512	3.549814
57492278272	57492001280	276992	512	3.342761
21722027008	21721562112	464896	512	12.480858
1504814592	1504343040	471552	512	3.401584
47676618240	47676212224	406016	512	1.863862
80937270272	80936860672	409600	512	3.089505
79142145536	79141881344	264192	512	5.925062
129104994816	129104555520	439296	512	7.337300
104986209280	104985690112	519168	512	8.572282
21802149376	21801633792	515584	512	11.819462
65137639936	65137169408	470528	512	11.487540
128584554496	128584223744	330752	512	12.051480
33114275328	33113939968	335360	512	3.322066
7680436224	7680071680	364544	512	3.372321
104812457472	104812126720	330752	512	12.903055
68544366592	68543925760	440832	512	12.037238
144181708800	144181297664	411136	512	9.127097
130038064128	130037549568	514560	512	3.247971
102437893632	102437492736	400896	512	2.605513
139149881344	139149603328	278016	512	11.779411
143822981632	143822464512	517120	512	3.549777
77155252736	77154779136	473600	512	11.187667
36526331392	36526009856	321536	512	3.777015
48734196224	48733927424	268800	512	3.607694
11878213632	11877920256	293376	512	3.800953
151021021696	151020616192	405504	512	7.590906
4632547328	4632160256	387072	512	3.754080
33839164928	33838719488	445440	512	3.417677
54573768192	54573471744	296448	512	5.467742
118912406016	118912062464	343552	512	10.613572
90213351936	90212983296	368640	512	2.087792
121039348736	121038901248	447488	512	9.662101
128236572160	128236275200	296960	512	3.576287
61811037184	61810586112	451072	512	2.487238
49026011136	49025713152	297984	512	3.829917
13847606272	13847298048	308224	512	3.997714
120486237696	120485910016	327680	512	12.531930
126302457856	126301959168	498688	512	8.206361
34808043008	34807571968	471040	512	10.638089
134289062912	134288741376	321536	512	11.987835
106423155200	106422733824	421376	512	9.295356
115853616640	115853228544	388096	512	9.760641
106522776576	106522380800	395776	512	11.776491
113577377280	113576856064	521216	512	8.571368
76072252928	76071903744	349184	512	9.906845
76022428672	76022014464	414208	512	1.646312
97226240	96858624	367616	512	2.278318
39767218688	39766934528	284160	512	5.194907
143986494464	143986088960	405504	512	5.402773
1233124352	1232776192	348160	512	3.631903
51487358976	51487071744	287232	512	4.024757
120766705152	120766275072	430080	512	10.269842
149404883968	149404523008	360960	512	9.446904
77229972992	77229488640	484352	512	10.956435
112153439232	112152988672	450560	512	10.140542
93412113408	93411646976	466432	512	10.566768
81152074752	81151694848	379904	512	3.427361
16128883200	16128420864	462336	512	11.628997
30221103616	30220606976	496640	512	12.094326
88274502656	88274075648	427008	512	9.943460
134044280320	134043917312	363008	512	9.362522
116249497088	116249050624	446464	512	10.245951
70025859584	70025401344	458240	512	2.361198
122981197312	122980721664	475648	512	6.986388
68490256896	68489912832	344064	512	2.734480
60918742016	60918273024	468992	512	10.229909
104259226112	104258726400	499712	512	8.997761
89953116672	89952603648	513024	512	9.576180
144966998016	144966642176	355840	512	8.777825
43333796864	43333365248	431616	512	3.610132
71052270592	71051748352	522240	512	10.439846
136269772288	136269330432	441856	512	8.422450
121631565312	121631135232	430080	512	10.222481
69327701504	69327334400	367104	512	4.142122
88342210560	88341914112	296448	512	3.264999
7980188672	7979894784	293888	512	5.483237
5533306880	5532837376	469504	512	3.443513
95488712704	95488272896	439808	512	11.030662
97858702336	97858191872	510464	512	4.441264
5043645440	5043148800	496640	512	12.297862
6377902080	6377395712	506368	512	2.494549
120268354560	120268066304	288256	512	2.480733
118528052224	118527772160	280064	512	3.031575
72943266816	72942840832	425984	512	12.329383
3987024896	3986713600	311296	512	4.016629
151603905024	151603434496	470528	512	6.261028
40250565632	40250272768	292864	512	3.236685
96263529984	96263152128	377856	512	11.058005
100545389056	100544947712	441344	512	9.213995
92273560064	92273064960	495104	512	8.306126
144065091072	144064640512	450560	512	7.570212
25102137856	25101753344	384512	512	3.490832
35396292608	35395887104	405504	512	2.293142
57427446272	57427052544	393728	512	2.024091
72806490112	72805966336	523776	512	8.420289
32030124032	32029776384	347648	512	5.070311
37716367360	37715869184	498176	512	13.569259
79456740352	79456278016	462336	512	9.517095
51547169792	51546886144	283648	512	3.136391
117851049984	117850749952	300032	512	2.223085
82520389632	82520030720	358912	512	2.149681
35035748352	35035277312	471040	512	10.647834
117098365952	117098079232	286720	512	2.756107
26038013952	26037607936	406016	512	12.476693
21852795904	21852512768	283136	512	5.526410
76536579584	76536258048	321536	512	3.031810
46330001920	46329567232	434688	512	12.485814
107090774528	107090338816	435712	512	10.496863
126776657920	126776223744	434176	512	9.801797
83475262464	83474822144	440320	512	11.705701
56381295616	56380928512	367104	512	2.508079
58054942208	58054651392	290816	512	3.825163
55983298048	55982978048	320000	512	5.178530
5682785280	5682449920	335360	512	5.412827
24302712320	24302201856	510464	512	11.550504
64142223872	64141957632	266240	512	4.305170
142541733376	142541365248	368128	512	8.434681
39393895936	39393463296	432640	512	3.387210
100177230336	100176857600	372736	512	11.002419
158847971328	158847576064	395264	512	12.815228
45502651904	45502173184	478720	512	11.735385
100991515136	100991012352	502784	512	9.377760
129236088832	129235708928	379904	512	10.798143
139638173696	139637725696	448000	512	8.047807
46181726208	46181302784	423424	512	3.709035
143472027136	143471579136	448000	512	8.075959
108998987776	108998685184	302592	512	4.454459
55931988480	55931531264	457216	512	11.946363
75846454272	75845957632	496640	512	9.109949
119435717632	119435286528	431104	512	10.215616
56380645376	56380340224	305152	512	3.691237
95050234880	95049778688	456192	512	1.396244
89929693696	89929224704	468992	512	1.156228
47931509760	47931154944	354816	512	2.857571
75089807872	75089388544	419328	512	12.135901
46597171712	46596826112	345600	512	2.981128
151723286528	151722912768	373760	512	9.183802
132063266304	132062883328	382976	512	8.996044
17806945792	17806528512	417280	512	3.128709
143370604544	143370183168	421376	512	8.426497
53914025984	53913521152	504832	512	9.403890
33166202880	33165786624	416256	512	2.054784
65197394432	65197064192	330240	512	4.717643
63903673856	63903351296	322560	512	3.166745
108326214144	108325842432	371712	512	11.995895
68770374656	68770017280	357376	512	4.298718
101379342848	101379020288	322560	512	2.256732
31576647680	31576172032	475648	512	2.857112
3356700160	3356299776	400384	512	4.593276
111410588160	111410218496	369664	512	11.985040
10135269888	10134842368	427520	512	2.348964
118424713728	118424325632	388096	512	9.322629
64244988928	64244497408	491520	512	9.465075
56293263872	56292777984	485888	512	11.198315
35350174720	35349759488	415232	512	3.653983
112956769792	112956413952	355840	512	10.879976
12142576128	12142159360	416768	512	2.112124
26661085696	26660608512	477184	512	3.092066
18995887616	18995437568	450048	512	11.867339
50492017664	50491737600	280064	512	3.405346
122712687104	122712216576	470528	512	6.985779
60060464128	60059957248	506880	512	9.399407
123179899392	123179466752	432640	512	8.070079
84521355776	84520899584	456192	512	11.107305
73448806912	73448383488	423424	512	2.819995
44923494400	44923148800	345600	512	3.777169
44840570880	44840174080	396800	512	4.017386
18915329024	18914806272	522752	512	11.809107
135778889216	135778580992	308224	512	12.483820
64741754368	64741466112	288256	512	5.617637
110507229184	110506854400	374784	512	10.362477
152164931072	152164548608	382464	512	8.260992
41273203200	41272782848	420352	512	2.071576
79241339904	79240840704	499200	512	8.610635
136072808960	136072409088	399872	512	9.866389
36899061760	36898600448	461312	512	2.871596
84249083904	84248816128	267776	512	5.774060
132398234624	132397879808	354816	512	11.457032
54944058368	54943685632	372736	512	3.005877
148199335424	148199068672	266752	512	12.294081
104824520704	104824113152	407552	512	11.157685
44620615168	44620333056	282112	512	4.379726
119522879488	119522552320	327168	512	12.590362
152299111424	152298754560	356864	512	9.125885
135597103104	135596623360	479744	512	6.256186
82578471424	82578157568	313856	512	2.948552
61093346816	61092920320	426496	512	11.129072
56164867072	56164365312	501760	512	11.128158
372591104	372206080	385024	512	3.338299
81435786752	81435304960	481792	512	9.084543
15451409920	15450968064	441856	512	11.955428
122579774976	122579302912	472064	512	9.200213
135819752960	135819464704	288256	512	12.599421
137135086592	137134791168	295424	512	12.685403
77240808960	77240535040	273920	512	3.058012
43669665792	43669365248	300544	512	5.749756
105643244544	105642760192	484352	512	9.771299
158074917888	158074606592	311296	512	10.292403
127550265344	127549915648	349696	512	2.532916
57041739264	57041456640	282624	512	5.764337
88538380800	88537900032	480768	512	10.653490
126501135872	126500704768	431104	512	9.417596
30574924800	30574485504	439296	512	12.777551
108181552128	108181101568	450560	512	10.124382
105101619712	105101308416	311296	512	2.490842
93297520640	93297225728	294912	512	3.305076
98264664064	98264350720	313344	512	2.451295
136509297152	136508984320	312832	512	12.157906
143130674176	143130272768	401408	512	7.351296
105261929472	105261470208	459264	512	12.147109
100453529600	100453131264	398336	512	11.684765
89505268736	89504842240	426496	512	11.739183
3861966848	3861445120	521728	512	11.947093
20927631872	20927330304	301568	512	3.357500
101984067584	101983734272	333312	512	11.978358
140348009984	140347578368	431616	512	8.547485
156796638208	156796325888	312320	512	10.239221
14530038272	14529659392	378880	512	4.564615
92191227904	92190945792	282112	512	5.366370
59362914816	59362423296	491520	512	11.263617
132607366144	132607036928	329216	512	2.570149
15191521792	15191191040	330752	512	4.810011
7238573056	7238295552	277504	512	6.571958
116479291392	116478783488	507904	512	8.406475
63252171776	63251827712	344064	512	4.551161
72661435392	72661113856	321536	512	3.184544
150272626688	150272273920	352768	512	10.347535
67434235392	67433721856	513536	512	10.663711
9236864000	9236343808	520192	512	10.528170
37605410816	37605027328	383488	512	4.239929
125223288320	125222879232	409088	512	10.053817
39647377408	39646966784	410624	512	1.994534
77419382784	77418885120	497664	512	12.438331
142401463808	142401044992	418816	512	5.031903
45361956352	45361608192	348160	512	3.221532
73701073408	73700710912	362496	512	2.194710
47546969088	47546660352	308736	512	5.675193
135306820608	135306492416	328192	512	2.610539
4638689280	4638355456	333824	512	2.952315
156656370688	156655968768	401920	512	7.302053
30141721088	30141210624	510464	512	11.568896
92649114624	92648707072	407552	512	11.853787
37245755904	37245487616	268288	512	4.642092
21063574016	21063142912	431104	512	2.191695
137611255808	137610906624	349184	512	10.899868
155440640	155144704	295936	512	16.568553
133425001984	133424556032	445952	512	6.877313
116233517056	116233166336	350720	512	10.800436
23888368128	23887986176	381952	512	2.921215
99938301952	99938013696	288256	512	4.737380
6696199168	6695692800	506368	512	12.148591
104623613952	104623288320	325632	512	1.883005
68633238528	68632858624	379904	512	11.732570
137008977408	137008690688	286720	512	12.610045
13343336960	13342854656	482304	512	2.729863
3502797312	3502409216	388096	512	2.749186
18031075328	18030700032	375296	512	2.130833
124713167872	124712844288	323584	512	12.490820
125623184384	125622777344	407040	512	8.276865
87323522048	87323212800	309248	512	12.829701
12934872576	12934602752	269824	512	4.934725
46490778624	46490478080	300544	512	4.738851
138250585600	138250141696	443904	512	4.777068
159530496512	159529982464	514048	512	2.304937
115688289280	115687799296	489984	512	7.037338
53735040000	53734527488	512512	512	10.658747
102757513728	102757150208	363520	512	12.418051
4694673408	4694161408	512000	512	10.693034
106243433472	106243152384	281088	512	2.895954
136311220224	136310883328	336896	512	9.925823
135815538176	135815077376	460800	512	7.880831
105236116992	105235781632	335360	512	3.742832
65672998400	65672535040	463360	512	11.590639
107736458240	107735995904	462336	512	10.273354
88987921408	88987545600	375808	512	12.464390
21492695040	21492415488	279552	512	6.279781
41116193280	41115910144	283136	512	5.201499
39272667648	39272401920	265728	512	6.525469
79190896128	79190624768	271360	512	5.660936
156859646464	156859139072	507392	512	9.461256
147778874880	147778578432	296448	512	11.992974
79745345536	79745040896	304640	512	3.336969
9421620736	9421307904	312832	512	5.151307
102382083584	102381686272	397312	512	10.375742
120885528064	120885122048	406016	512	8.768900
118553080320	118552731648	348672	512	2.706758
38843152896	38842883584	269312	512	4.657169
6413186048	6412679680	506368	512	2.495655
153293222912	153292840960	381952	512	8.925013
92520854528	92520553984	300544	512	3.206485
116681770496	116681464832	305664	512	3.897721
156227666432	156227193344	473088	512	4.215164
158393671168	158393283072	388096	512	4.917100
113197461504	113197006848	454656	512	9.988786
85490576384	85490253824	322560	512	2.913105
106813025280	106812694016	331264	512	11.693998
96123011584	96122553856	457728	512	10.927314
68312466432	68312015872	450560	512	11.844956
60195712000	60195227136	484864	512	11.446783
136488381952	136487875584	506368	512	4.618713
97513307648	97512816128	491520	512	9.629457
110368084992	110367763456	321536	512	1.961600
90011616768	90011315712	301056	512	1.932938
78331332608	78330956800	375808	512	3.737382
26860459008	26860066816	392192	512	4.279175
117564144640	117563652096	492544	512	6.945730
105200654336	105200196096	458240	512	8.323163
61683113472	61682616832	496640	512	13.034748
146155307520	146154984448	323072	512	10.877526
56365047296	56364573696	473600	512	11.673485
52676494336	52676028416	465920	512	11.558537
20527533056	20527155200	377856	512	4.575778
105590336512	105589888000	448512	512	10.620130
23623587840	23623291904	295936	512	6.158537
157133040128	157132683776	356352	512	8.780685
78319334400	78319020544	313856	512	4.955192
157291294208	157290886656	407552	512	6.420686
57318395392	57318009344	386048	512	12.034950
85180819456	85180525568	293888	512	2.382096
103278532096	103278194688	337408	512	11.460852
63034067456	63033572352	495104	512	9.403503
150202153984	150201769984	384000	512	8.738517
75599110656	75598800384	310272	512	3.195160
151127486464	151127005184	481280	512	3.386104
17150099456	17149748736	350720	512	5.008133
78468621312	78468168192	453120	512	9.714732
13347861504	13347422208	439296	512	3.514933
85231674368	85231157760	516608	512	10.193584
77075082752	77074813440	269312	512	3.165884
100622353408	100621858304	495104	512	9.544261
141437247488	141436927488	320000	512	9.968989
9493090816	9492746240	344576	512	5.233834
119885616640	119885201408	415232	512	8.570846
84640997376	84640716288	281088	512	5.488537
141172556800	141172046848	509952	512	6.369266
29762337280	29761815040	522240	512	2.254874
42238072832	42237776384	296448	512	3.176440
50678256640	50677757952	498688	512	9.903314
70738469376	70738083840	385536	512	11.589921
114690890752	114690594816	295936	512	12.278247
60649673728	60649203712	470016	512	11.700854
76339806720	76339412480	394240	512	12.729905
4675213824	4674708992	504832	512	1.422080
109942814208	109942459904	354304	512	3.027697
59526645760	59526200832	444928	512	12.198969
105449809920	105449547264	262656	512	3.592036
105891195904	105890689024	506880	512	5.296694
138955123200	138954655744	467456	512	7.718985
67674289664	67673774592	515072	512	10.608374
118887819776	118887551488	268288	512	15.313341
52691875840	52691450880	424960	512	12.357119
93533149184	93532743168	406016	512	12.153147
97376222720	97375770624	452096	512	9.043332
16358892544	16358449664	442880	512	11.994944
31279668224	31279246336	421888	512	3.727203
143119162880	143118828544	334336	512	9.610804
56171126784	56170706944	419840	512	3.321455
107841771520	107841344512	427008	512	9.186965
2530908672	2530639360	269312	512	5.999329
5479071232	5478787072	284160	512	6.307066
15605881856	15605562880	318976	512	5.914657
99405194240	99404809728	384512	512	12.502217
139746849280	139746456576	392704	512	9.617945
128236836864	128236416512	420352	512	9.754101
22210113536	22209668096	445440	512	1.819356
102014659584	102014312448	347136	512	13.379402
114700698624	114700267008	431616	512	8.575589
2172890112	2172508160	381952	512	3.103017
61910089216	61909782016	307200	512	3.623222
15499750400	15499401728	348672	512	3.325619
35052908032	35052619776	288256	512	3.339373
5092186624	5091722240	464384	512	3.485178
140632343552	140631882240	461312	512	7.722521
50123957760	50123536384	421376	512	12.739691
47583957504	47583569408	388096	512	12.212560
65699627008	65699189760	437248	512	10.687131
31766414848	31765998080	416768	512	3.916291
108484663296	108484196352	466944	512	10.207757
20550782976	20550412288	370688	512	2.891408
98121572352	98121106944	465408	512	8.614119
144951197696	144950730240	467456	512	7.083527
35031868928	35031350272	518656	512	9.648570
117574436352	117574167552	268800	512	3.744270
15295060480	15294610432	450048	512	3.323056
152490677248	152490161152	516096	512	3.097311
133163117568	133162639872	477696	512	6.276154
31068411904	31068034048	377856	512	2.737602
122224397312	122223972864	424448	512	8.335971
46598144512	46597680640	463872	512	11.954485
136023673856	136023165952	507904	512	4.578491
26314736128	26314399232	336896	512	2.694277
10056595456	10056175104	420352	512	2.299700
19300280320	19299936256	344064	512	5.135066
102515991552	102515611648	379904	512	2.378323
123825898496	123825457664	440832	512	9.607484
91688984064	91688643584	340480	512	3.868893
145261283328	145260963328	320000	512	9.634946
142966224896	142965704704	520192	512	3.787860
151440794112	151440464896	329216	512	8.527687
86519709184	86519229440	479744	512	10.285797
113323303424	113323010048	293376	512	2.623329
118270649344	118270344192	305152	512	11.698545
700954624	700526080	428544	512	3.817802
140194387968	140194042368	345600	512	10.905187
28763633152	28763205120	428032	512	2.139236
36146358784	36145934848	423936	512	11.616716
102273517568	102273008640	508928	512	9.695036
138683509248	138683144192	365056	512	9.000532
158929117696	158928754176	363520	512	4.872711
80804202496	80803686400	516096	512	10.021372
138327355904	138327014912	340992	512	11.482445
4915271168	4914962944	308224	512	3.452150
17735247872	17734983680	264192	512	5.010167
21126816256	21126333952	482304	512	10.927737
127028680192	127028329472	350720	512	9.969596
54317595648	54317256704	338944	512	1.960943
30623836160	30623542784	293376	512	4.370572
144299144192	144298656768	487424	512	7.008867
15682425344	15681985024	440320	512	12.074105
56899238400	56898879488	358912	512	3.286403
109310575104	109310091264	483840	512	9.808119
84708859904	84708427264	432640	512	11.606773
33703405568	33702894592	510976	512	9.818589
151480521216	151480119808	401408	512	8.366819
94859973632	94859497984	475648	512	5.457858
34720007168	34719656448	350720	512	5.076528
95402194944	95401861632	333312	512	2.422287
150398043136	150397544448	498688	512	6.197250
43857527296	43857226752	300544	512	4.867057
114994291712	114993885696	406016	512	9.307220
32979968000	32979503616	464384	512	10.803688
33941057536	33940767232	290304	512	5.075679
11389921280	11389404672	516608	512	10.572406
103400553472	103400184832	368640	512	12.005350
142691247104	142690964992	282112	512	11.212670
154677253632	154676920320	333312	512	9.551485
82013128192	82012626944	501248	512	8.565442
77643501056	77643098624	402432	512	11.003789
144497860608	144497387008	473600	512	6.955403
91990586368	91990187520	398848	512	12.320816
144560201728	144559915520	286208	512	11.052093
124710197248	124709788160	409088	512	10.406064
10691819008	10691401216	417792	512	2.101093
48988007424	48987488256	519168	512	10.946096
57586258432	57585959936	298496	512	3.621283
66769870336	66769448960	421376	512	11.019441
15769445376	15769037312	408064	512	4.028805
121360621056	121360156160	464896	512	9.081642
96024083968	96023775744	308224	512	2.740563
24821464064	24820991488	472576	512	12.510745
82547346944	82546869248	477696	512	10.578338
148411951104	148411551232	399872	512	9.009761
103867499008	103867150848	348160	512	12.779905
52125512704	52125179904	332800	512	4.897187
152320782336	152320515584	266752	512	1.485725
21173087232	21172729856	357376	512	2.278118
65240384000	65239932928	451072	512	11.869859
124433949696	124433652224	297472	512	3.524437
42147711488	42147379712	331776	512	3.385886
6990744064	6990243328	500736	512	2.954826
153858734592	153858346496	388096	512	4.592604
118612193280	118611794944	398336	512	10.987838
15503941632	15503497728	443904	512	3.417075
115896820224	115896481792	338432	512	11.138977
118544886784	118544433152	453632	512	9.550117
101871842304	101871566336	275968	512	3.493268
25217150464	25216646656	503808	512	13.484285
131889443840	131889015808	428032	512	7.649412
122344183808	122343896576	287232	512	4.067894
124834624000	124834268160	355840	512	9.814483
107964388864	107964105728	283136	512	2.833584
131361644032	131361367040	276992	512	3.901527
115777764352	115777448960	315392	512	3.911094
132116260864	132115852288	408576	512	10.060367
62341593088	62341254656	338432	512	4.677518
66425668096	66425355776	312320	512	3.382228
12830808576	12830500352	308224	512	5.239303
76618471936	76618004480	467456	512	11.242406
123928540160	123928230400	309760	512	1.962776
70159261696	70158957568	304128	512	3.604745
145577677312	145577378816	298496	512	13.690775
156933669888	156933236224	433664	512	5.561178
12554037248	12553677312	359936	512	2.458555
80335230464	80334944768	285696	512	5.488973
74624517120	74624198144	318976	512	2.029778
41715525632	41715185664	339968	512	3.368225
57420264960	57419873280	391680	512	3.844887
11532838400	11532418560	419840	512	2.476620
13868240384	13867837952	402432	512	2.346994
74205217792	74204867584	350208	512	12.451079
120868199936	120867762688	437248	512	9.957744
92834893824	92834546688	347136	512	1.986605
18502751232	18502431232	320000	512	4.073104
96839400448	96838903296	497152	512	8.059471
137109667328	137109399552	267776	512	2.253308
78175908864	78175415808	493056	512	10.454909
108733853696	108733356544	497152	512	7.314421
18320002048	18319712256	289792	512	3.820644
137303587328	137303148032	439296	512	8.525546
129939354112	129938987520	366592	512	11.124518
16611624960	16611313664	311296	512	5.193378
94997894656	94997609984	284672	512	5.187175
25872133632	25871672320	461312	512	3.059766
131854092288	131853699584	392704	512	10.278807
91289991680	91289671680	320000	512	4.354928
55179458560	55178943488	515072	512	9.235687
92052462592	92052096512	366080	512	12.716346
158923585536	158923111424	474112	512	11.694643
132797686784	132797262848	423936	512	9.383339
12786841088	12786352640	488448	512	11.130529
1654891008	1654573568	317440	512	5.696272
36656808448	36656295936	512512	512	11.283181
32101853184	32101458432	394752	512	12.271308
3809610752	3809241088	369664	512	4.820055
77699957248	77699477504	479744	512	11.024578
96679445504	96679168000	277504	512	5.332226
24895308800	24895043584	265216	512	5.897571
16097254400	16096932352	322048	512	4.117349
67201326080	67200834048	492032	512	9.427010
80431644672	80431317504	327168	512	12.681620
133342837760	133342508544	329216	512	11.923030
85029692416	85029182976	509440	512	8.393018
148669911040	148669523968	387072	512	9.368768
137730487808	137730056192	431616	512	9.077378
145338829824	145338340352	489472	512	4.136440
26961250304	26960809472	440832	512	11.736333
19088162304	19087702528	459776	512	12.447284
138490086912	138489725440	361472	512	10.616394
48004306432	48003921408	385024	512	2.556562
79635055616	79634644992	410624	512	10.705038
110209819648	110209469440	350208	512	12.475758
116767100416	116766688768	411648	512	11.039944
138697832960	138697522176	310784	512	10.715080
75576769024	75576448512	320512	512	4.839423
128737444864	128736961024	483840	512	8.151786
132818014720	132817530368	484352	512	5.993750
120835716608	120835286016	430592	512	11.864043
28666718208	28666383872	334336	512	5.239985
157038501376	157038001152	500224	512	2.295874
100853214720	100852733952	480768	512	9.897280
126478330880	126477815296	515584	512	7.819014
138424357376	138424003584	353792	512	9.384641
155499565568	155499133440	432128	512	6.338544
76472459776	76472026112	433664	512	10.510136
137397197824	137396730880	466944	512	8.115998
6790910976	6790629888	281088	512	3.979131
29448060416	29447616512	443904	512	1.809170
150272061952	150271555072	506880	512	5.947298
48197559808	48197111296	448512	512	3.241886
131010203136	131009923584	279552	512	2.242864
115908953088	115908647424	305664	512	4.113802
116904851968	116904380416	471552	512	7.492376
67244001280	67243638784	362496	512	4.082867
60595602432	60595089408	513024	512	10.952266
66085397504	66085085184	312320	512	3.377550
148066475008	148066115072	359936	512	9.464678
3849847808	3849344512	503296	512	12.251199
61635817984	61635458560	359424	512	4.269769
47572442112	47571945472	496640	512	2.358517
53101869056	53101402112	466944	512	11.582458
151239514624	151239135232	379392	512	8.365555
100572945408	100572439040	506368	512	9.703111
73335001088	73334502400	498688	512	10.618021
4609813504	4609512448	301056	512	6.180349
37432896000	37432479232	416768	512	2.109690
76289727488	76289396224	331264	512	2.823254
12089834496	12089483776	350720	512	2.607229
23802092544	23801803776	288768	512	6.066928
100511273472	100510756352	517120	512	7.291485
150207109120	150206717952	391168	512	8.507886
134605922304	134605574656	347648	512	11.239874
25468306432	25467975168	331264	512	3.552049
46512035328	46511583744	451584	512	10.886721
8652401664	8652075520	326144	512	3.990299
135312072704	135311681536	391168	512	10.344207
146787550208	146787219968	330240	512	10.967693
97120014848	97119500288	514560	512	9.433716
35143777280	35143478272	299008	512	3.992521
31430146048	31429762560	383488	512	12.466305
109232332800	109232013824	318976	512	2.021895
90930103808	90929627136	476672	512	12.083365
6519292416	6518948864	343552	512	3.751482
133296581120	133296224768	356352	512	9.604662
89642218496	89641758208	460288	512	9.166611
128729839104	128729467904	371200	512	10.892784
56999363584	56998871040	492544	512	11.334942
94912730624	94912255488	475136	512	10.252369
68343775744	68343380992	394752	512	3.652415
93385948672	93385456640	492032	512	10.011344
147676716544	147676332032	384512	512	8.739911
130619964416	130619586560	377856	512	10.632251
106211396096	106211110400	285696	512	2.796179
120389287936	120388939264	348672	512	10.448964
57588257792	57587811328	446464	512	11.924526
134889912832	134889421312	491520	512	7.565431
157074934272	157074636800	297472	512	10.247127
62411406336	62410908160	498176	512	9.337170
20205305856	20204988416	317440	512	3.265315
84446343680	84445889024	454656	512	11.386169
73535620608	73535158784	461824	512	2.064920
26096791552	26096343552	448000	512	3.304869
89009629184	89009336832	292352	512	4.946072
110008214528	110007782400	432128	512	8.840443
70122461696	70122042368	419328	512	12.589464
11480817152	11480454144	363008	512	4.901480
132570785792	132570512384	273408	512	4.201335
133916635136	133916309504	325632	512	10.514942
116249011712	116248547328	464384	512	9.799263
50224612864	50224206336	406528	512	3.963939
99992626176	99992333312	292864	512	3.675519
73525023744	73524594688	429056	512	11.990273
80531516928	80531017728	499200	512	10.666985
9593341952	9592861696	480256	512	12.580268
102723450368	102723066880	383488	512	10.342722
75878830592	75878316544	514048	512	10.362799
47841537536	47841243648	293888	512	4.920788
93206077952	93205592064	485888	512	10.172825
86873891840	86873444864	446976	512	11.005473
61490457088	61490106368	350720	512	4.574145
93537634304	93537229312	404992	512	12.154628
140107625984	140107300352	325632	512	11.162876
126072547840	126072162304	385536	512	8.966204
67115407872	67114911232	496640	512	10.944720
159256247296	159255904768	342528	512	7.384906
73536406528	73535981568	424960	512	12.175211
82960083968	82959590912	493056	512	10.377519
122800096768	122799768576	328192	512	3.076213
43897604096	43897204224	399872	512	2.195873
30569614336	30569190912	423424	512	3.689277
155266499584	155266089472	410112	512	7.004322
122738231808	122737828352	403456	512	10.981686
123876528128	123876179456	348672	512	10.487762
56271916032	56271561728	354304	512	4.322153
12570310656	12570010112	300544	512	5.363753
138746996224	138746503680	492544	512	5.627429
49992167424	49991815168	352256	512	4.876081
118052734976	118052354048	380928	512	11.284132
20366083072	20365755904	327168	512	5.779305
9035210240	9034712576	497664	512	11.961676
132595017728	132594705408	312320	512	12.523696
81437604864	81437330944	273920	512	2.864909
158828203008	158827810304	392704	512	3.650127
59074285056	59073834496	450560	512	11.864619
88952732672	88952339968	392704	512	3.093769
155016857600	155016398336	459264	512	5.447375
147856034304	147855635968	398336	512	4.818577
1576458240	1576073216	385024	512	2.011814
102333794304	102333298688	495616	512	9.573223
158855114752	158854669312	445440	512	12.426702
133776958464	133776450560	507904	512	7.318325
42323401728	42322937344	464384	512	2.799227
74949971456	74949580288	391168	512	3.416321
142801006592	142800740864	265728	512	12.863812
121516594688	121516233216	361472	512	11.659926
85985729024	85985400320	328704	512	12.705108
16398175744	16397670400	505344	512	10.810511
148511549952	148511073280	476672	512	5.112082
53400134144	53399618560	515584	512	12.655814
21922852864	21922449920	402944	512	4.112158
56537409024	56537062400	346624	512	4.513127
123600649216	123600324608	324608	512	12.691769
140053219328	140052740608	478720	512	7.240885
154564558848	154564231168	327680	512	10.014760
157177100800	157176759296	341504	512	8.721230
75014253056	75013885952	367104	512	12.075074
102536701952	102536418304	283648	512	12.926970
67526732288	67526466048	266240	512	6.023924
157943539200	157943016960	522240	512	8.857288
92636942336	92636568576	373760	512	12.503123
105219416064	105219059200	356864	512	1.704046
75692166144	75691783680	382464	512	3.632381
58143304192	58142906880	397312	512	11.867370
104359669760	104359291392	378368	512	12.154639
69903626752	69903289856	336896	512	12.668052
101589838336	101589521920	316416	512	2.398551
126499777024	126499384320	392704	512	10.440483
83633367552	83633084928	282624	512	4.391482
102861004288	102860484608	519680	512	8.574002
65495654400	65495160832	493568	512	9.422560
22466937344	22466657792	279552	512	6.419932
129530625024	129530113536	511488	512	7.130530
61003351040	61003068416	282624	512	5.778877
