base_offset	offset	absdelta	probe_length	millis
147552025600	147545150464	6875136	512	8.622241
93201347584	93196334592	5012992	512	9.551896
7550538240	7543454208	7084032	512	12.622445
25177891328	25173457408	4433920	512	10.437873
99027867136	99022910976	4956160	512	6.716435
155909134336	155900946432	8187904	512	6.053512
1536808960	1531366400	5442560	512	2.536721
2167972352	2163129344	4843008	512	8.528007
41371805696	41366042624	5763072	512	5.222776
97531655168	97523784192	7870976	512	9.786262
108881638400	108874963968	6674432	512	11.528492
132290058752	132284218880	5839872	512	8.169867
2356768768	2351634432	5134336	512	11.264461
91818083840	91809925120	8158720	512	6.975143
89668815360	89662458880	6356480	512	4.604680
3858909184	3851189248	7719936	512	10.027841
59728335360	59721037824	7297536	512	6.316539
64577163776	64572144128	5019648	512	7.711522
157943027200	157938244096	4783104	512	11.477556
136516538368	136510741504	5796864	512	11.077339
13870385664	13862295040	8090624	512	5.270349
11901252608	11894376448	6876160	512	5.872637
114266413568	114260625408	5788160	512	2.019463
119091490304	119086668288	4822016	512	5.771676
136882444800	136874898432	7546368	512	7.160262
28579204096	28574093824	5110272	512	11.031658
74062763520	74057160192	5603328	512	5.679085
63857541632	63852975616	4566016	512	4.331776
89334128640	89328693248	5435392	512	4.713612
140069428736	140061286400	8142336	512	4.759052
22955493888	22947431424	8062464	512	9.921079
23870582784	23865782784	4800000	512	6.910409
25929359360	25923111936	6247424	512	6.873910
152974165504	152966416896	7748608	512	6.938247
99237630976	99232558592	5072384	512	7.250430
29953659904	29947841536	5818368	512	8.432067
85848823296	85843265024	5558272	512	5.080970
155214456320	155206300672	8155648	512	10.624050
45998593536	45993932800	4660736	512	3.849718
93779873792	93772350976	7522816	512	2.835788
144995124224	144987398144	7726080	512	6.748216
147115843072	147110903296	4939776	512	8.197527
129556099072	129548976128	7122944	512	9.250455
146109473792	146103721984	5751808	512	10.791116
46091044864	46086780928	4263936	512	6.618304
113877184000	113870530560	6653440	512	2.676984
110298816512	110290651136	8165376	512	5.497356
63586291200	63581820416	4470784	512	11.748853
57594422784	57586634752	7788032	512	4.529878
91130745856	91125935616	4810240	512	5.977243
94862149632	94854196736	7952896	512	12.909611
120913448960	120905149952	8299008	512	3.328362
135948556800	135942809088	5747712	512	12.332996
114324304384	114316473344	7831040	512	11.222017
153198594048	153192469504	6124544	512	6.850381
132303268352	132298843136	4425216	512	9.996714
149626783232	149620481024	6302208	512	11.952048
61964224512	61956864512	7360000	512	13.056498
7038550016	7031380480	7169536	512	8.790733
57953500160	57948166144	5334016	512	8.750022
56210278912	56204726784	5552128	512	3.961529
111695738368	111688113664	7624704	512	8.535736
99575181312	99568254464	6926848	512	11.852934
115392439296	115385445376	6993920	512	4.224863
31895929856	31888204800	7725056	512	12.954484
159733668352	159729336832	4331520	512	6.198374
71489672704	71484637696	5035008	512	10.332501
70095300096	70090317824	4982272	512	11.025822
139692357120	139684091392	8265728	512	4.245146
2183558656	2177655808	5902848	512	9.917096
96606639104	96600523776	6115328	512	3.224019
134284393984	134276280832	8113152	512	14.081451
95948587008	95940986880	7600128	512	6.206849
11547388416	11539080704	8307712	512	9.767726
133706721792	133701108736	5613056	512	6.599195
5418601472	5411094528	7506944	512	11.124799
62513250816	62507751936	5498880	512	10.813200
142803285504	142796162560	7122944	512	7.122924
136519398912	136511382528	8016384	512	10.314761
139757868032	139750085120	7782912	512	7.190432
63197395456	63191336960	6058496	512	10.160711
38119430144	38112855040	6575104	512	12.807556
81658174464	81653335040	4839424	512	10.463190
2120757760	2116239360	4518400	512	10.661228
155215735296	155210487296	5248000	512	11.560671
16540922368	16534225920	6696448	512	6.266284
64873674752	64869302784	4371968	512	8.704553
24576141312	24570007040	6134272	512	3.165630
99382047232	99374752768	7294464	512	3.786633
128775799808	128768147456	7652352	512	12.180909
133022304768	133015657984	6646784	512	11.077827
41917388288	41909050368	8337920	512	5.812959
158001041920	157993267712	7774208	512	12.750836
42254035968	42249149440	4886528	512	4.854338
139663218176	139655584256	7633920	512	3.179699
153165707776	153158739456	6968320	512	10.869536
25617418240	25610435584	6982656	512	5.982406
88562019840	88554936320	7083520	512	10.247929
112241866752	112234763776	7102976	512	12.129462
24028730880	24022216704	6514176	512	2.199041
14781593088	14776772096	4820992	512	2.327805
49810187776	49804169728	6018048	512	8.705542
111472480768	111467130880	5349888	512	9.140804
114620942848	114614327808	6615040	512	7.732562
155338112000	155332857856	5254144	512	11.290947
75782215168	75776953344	5261824	512	3.085978
135606764544	135600556032	6208512	512	13.064147
61796980224	61789545472	7434752	512	3.746395
132547410432	132542896640	4513792	512	4.622265
31585836032	31580333056	5502976	512	10.926403
124028472832	124022825472	5647360	512	2.661550
77062707200	77057894912	4812288	512	5.619025
155909467648	155903033344	6434304	512	10.249283
113629494272	113623243776	6250496	512	5.336465
74137079296	74129184768	7894528	512	9.206817
3255735296	3248828928	6906368	512	2.662028
139150047744	139143063040	6984704	512	13.162059
145813484032	145805685248	7798784	512	8.001163
147927942656	147923348992	4593664	512	5.314798
8959600128	8953976832	5623296	512	8.417265
66728427008	66722360320	6066688	512	9.375765
87708442624	87702718464	5724160	512	5.082801
45865350656	45856990208	8360448	512	5.831066
134364089856	134359161856	4928000	512	4.452965
41670097408	41662190080	7907328	512	2.384671
1304339456	1299954176	4385280	512	11.580451
136835505152	136829122048	6383104	512	4.975913
44892508160	44887523840	4984320	512	9.271380
76486765568	76482483200	4282368	512	12.994707
100063379456	100055502336	7877120	512	6.719050
157842340352	157835258368	7081984	512	9.124093
147604924416	147599098880	5825536	512	5.314840
152617235968	152609691136	7544832	512	2.392587
83860764160	83852788224	7975936	512	3.665975
118483259392	118476700672	6558720	512	8.949700
45750245376	45743154688	7090688	512	11.355151
72251701248	72246425600	5275648	512	5.784274
150813106176	150808522752	4583424	512	3.265163
6607085056	6602370048	4715008	512	7.035295
140295258112	140290115072	5143040	512	5.370543
154282226176	154276461056	5765120	512	5.603047
128900498432	128894509568	5988864	512	11.958978
79391458304	79386074624	5383680	512	6.999622
102067887616	102060008960	7878656	512	6.740739
58454606336	58449885184	4721152	512	6.974415
31861947904	31853916160	8031744	512	6.582718
135659012096	135654214656	4797440	512	9.459894
50099786752	50092450816	7335936	512	11.228107
25107254272	25100621824	6632448	512	5.323804
57183670272	57176989184	6681088	512	6.961783
147971822592	147964770816	7051776	512	12.914573
90009551360	90002334208	7217152	512	5.870569
63241873920	63234798592	7075328	512	6.144925
109962033664	109956131840	5901824	512	10.486796
26499932160	26492078080	7854080	512	9.255339
108049467392	108041519104	7948288	512	12.086628
89637618176	89631535616	6082560	512	3.899410
41855237120	41849248256	5988864	512	8.642600
936993280	929886720	7106560	512	3.928264
103395427328	103390321152	5106176	512	8.248972
24199802880	24192052224	7750656	512	11.247165
23560795136	23554212864	6582272	512	10.374867
73874497024	73869393408	5103616	512	6.203232
141772601856	141765490176	7111680	512	5.249201
65283872768	65275693056	8179712	512	8.834184
96811009024	96803032576	7976448	512	13.921091
82360291328	82354481152	5810176	512	6.431011
102879643136	102873903104	5740032	512	13.138122
30565045248	30557773824	7271424	512	9.521162
139813645312	139807766528	5878784	512	5.236065
29004888064	28999692288	5195776	512	9.603479
115650684928	115645728768	4956160	512	7.711211
150505515520	150500718592	4796928	512	6.476176
3087117312	3082862592	4254720	512	4.041531
111593241088	111586015744	7225344	512	8.228104
116349625344	116344700928	4924416	512	10.225284
78536153088	78531039744	5113344	512	5.962123
64318562816	64310839296	7723520	512	7.604890
127079248384	127071379456	7868928	512	10.331355
103800313344	103794898432	5414912	512	11.676910
54409337856	54400952320	8385536	512	2.495722
146912538624	146904870400	7668224	512	12.371588
140738142720	140730852864	7289856	512	2.328431
86347587584	86340865024	6722560	512	12.504578
116169242624	116163378688	5863936	512	6.680021
42119706112	42111521792	8184320	512	8.538372
102032632320	102027504640	5127680	512	11.394678
138685833728	138681147904	4685824	512	8.456901
76709038592	76702806016	6232576	512	2.748192
9237983744	9232610816	5372928	512	2.128190
101327464448	101321592320	5872128	512	11.807524
82816096768	82808763392	7333376	512	9.356716
79812474368	79807407616	5066752	512	4.044582
54149146624	54141884928	7261696	512	5.250561
83375431680	83370332672	5099008	512	11.606927
110117497344	110111057920	6439424	512	7.559723
126322366464	126315640832	6725632	512	8.543074
153392731136	153386843648	5887488	512	5.703918
120294510080	120287343616	7166464	512	13.250651
89429283328	89422919680	6363648	512	6.239831
42324750848	42317572608	7178240	512	6.065195
45069727744	45064773120	4954624	512	9.833647
113438856192	113431074304	7781888	512	4.898177
45818622464	45811747328	6875136	512	9.143530
68541121024	68535187456	5933568	512	8.971395
30034932224	30030175744	4756480	512	12.500082
39393538048	39386560000	6978048	512	11.394147
58278676992	58270669824	8007168	512	4.415938
95127333888	95119723008	7610880	512	2.995018
156486927872	156481601024	5326848	512	10.975116
139758543872	139753755648	4788224	512	2.163384
151779014656	151773153792	5860864	512	5.894706
98678041600	98670123008	7918592	512	11.406716
41063780352	41057344512	6435840	512	4.155763
135518064640	135512625664	5438976	512	11.186195
82388254208	82383984640	4269568	512	9.817997
114014077952	114007320064	6757888	512	7.418976
54989992448	54985677312	4315136	512	2.925187
48878760960	48874123264	4637696	512	6.019331
7852341760	7844749824	7591936	512	5.015174
152234816000	152230522880	4293120	512	5.080189
97977477632	97970615808	6861824	512	7.662036
39458500608	39451888640	6611968	512	12.226061
122822856704	122815385600	7471104	512	10.670764
40917907968	40913419776	4488192	512	1.931040
128099113472	128093130752	5982720	512	2.746849
15819555328	15812355584	7199744	512	7.410944
124750715904	124742973952	7741952	512	4.854999
29592500224	29584992256	7507968	512	4.976414
64790201344	64784559104	5642240	512	8.083086
141738445824	141732143104	6302720	512	10.621044
35070713856	35065947136	4766720	512	7.242952
145393602048	145388737024	4865024	512	11.487109
126061462016	126055195648	6266368	512	3.119774
119850184192	119841905152	8279040	512	13.124726
28831300608	28824727040	6573568	512	15.071440
723687936	718706688	4981248	512	6.248033
77753235968	77745871872	7364096	512	10.309743
83516343808	83511702016	4641792	512	4.633768
98053328384	98048259072	5069312	512	4.229479
141475078144	141467058688	8019456	512	11.689465
9452496896	9447461888	5035008	512	12.099021
108827514880	108819638784	7876096	512	9.663732
154635868160	154627586560	8281600	512	5.548122
66527796224	66522302464	5493760	512	10.955140
111984676352	111977105920	7570432	512	11.500976
65083637760	65077944320	5693440	512	9.004322
94595676672	94587559936	8116736	512	10.872975
62294732800	62289169920	5562880	512	11.412814
48978471936	48971857408	6614528	512	3.980121
56992095744	56985842688	6253056	512	8.934024
134678352896	134674138624	4214272	512	5.742994
3182566400	3178238464	4327936	512	5.816327
143708398080	143702135808	6262272	512	7.915225
13082727936	13077465088	5262848	512	5.969765
133628716544	133623458304	5258240	512	9.547357
14057422336	14051407360	6014976	512	2.112054
49021349376	49014670848	6678528	512	2.792878
147134555136	147127343616	7211520	512	7.997178
120654130688	120647044096	7086592	512	9.457881
153932912640	153926842368	6070272	512	11.209622
101040845312	101033080832	7764480	512	12.160649
77416139264	77408463872	7675392	512	2.417266
139043835392	139038428672	5406720	512	12.061711
55242263040	55237474816	4788224	512	5.689084
21794926080	21789567488	5358592	512	6.871028
25264703488	25258016256	6687232	512	12.531848
8102323200	8097877504	4445696	512	11.870427
152141222912	152134957568	6265344	512	6.246766
25208783360	25201032192	7751168	512	10.499041
23841463296	23837051904	4411392	512	9.494785
3174093824	3165793792	8300032	512	9.911200
118501700608	118495361536	6339072	512	7.996141
97833520128	97826802176	6717952	512	12.608079
127017888256	127012945408	4942848	512	13.692386
104319736320	104315317760	4418560	512	10.061134
155489340416	155484297216	5043200	512	8.621694
104068443648	104061958144	6485504	512	4.749906
21060685312	21052632064	8053248	512	8.255948
31170648064	31165230080	5417984	512	7.911229
34689760256	34683287040	6473216	512	11.084605
69346207744	69339514368	6693376	512	8.536107
95538391040	95532742144	5648896	512	5.039665
102101577216	102094440448	7136768	512	7.253155
28541199360	28534600192	6599168	512	4.664261
142947793408	142940025344	7768064	512	9.188588
110897888256	110891738112	6150144	512	3.084872
139794070016	139788657664	5412352	512	3.617734
95526543872	95521222144	5321728	512	2.040073
89070076416	89064791552	5284864	512	4.751496
154225223168	154220088832	5134336	512	10.333163
95080889856	95076548096	4341760	512	2.097468
118868809728	118862071808	6737920	512	11.115879
128496747008	128489080832	7666176	512	7.882619
35063105536	35056277504	6828032	512	12.929602
21517810176	21509789696	8020480	512	10.576831
152338671104	152331985408	6685696	512	8.025751
37421169152	37414613504	6555648	512	2.096335
89288352256	89281020416	7331840	512	5.142789
98159857152	98155565056	4292096	512	6.603854
26122390528	26116930048	5460480	512	1.912017
137493301248	137487120384	6180864	512	10.851174
19142251520	19135965696	6285824	512	3.657049
48426138112	48421022208	5115904	512	6.984511
51772860416	51766096384	6764032	512	7.393713
154735718400	154729275392	6443008	512	11.750383
98531351552	98523304448	8047104	512	14.828534
51831577600	51824721920	6855680	512	5.453869
59382455296	59375757312	6697984	512	11.847926
115557068288	115549693952	7374336	512	7.620404
21020630016	21012305920	8324096	512	9.869840
48889280000	48884192768	5087232	512	7.500117
81353377792	81347952128	5425664	512	10.667361
95973254144	95968308224	4945920	512	12.869841
52649849856	52642569216	7280640	512	5.454000
25138488832	25130387968	8100864	512	2.619238
8547691520	8540910080	6781440	512	9.421018
71191621632	71184306176	7315456	512	4.208165
59223499264	59218681856	4817408	512	12.414259
84412772352	84405231104	7541248	512	4.370799
66932196864	66925463040	6733824	512	5.950322
108539926016	108533797888	6128128	512	3.580967
60536948736	60531786240	5162496	512	7.912781
115695308800	115687542784	7766016	512	8.578293
21597149184	21591832576	5316608	512	10.778227
12371276288	12365665792	5610496	512	14.676696
4022208000	4013990912	8217088	512	5.457781
28784977920	28780495360	4482560	512	12.256761
8609587712	8602962432	6625280	512	2.785564
78592197632	78586402304	5795328	512	8.039664
180395008	174638592	5756416	512	8.249364
125618403328	125612291072	6112256	512	9.666414
129406297088	129399667200	6629888	512	3.564225
80247558144	80240973824	6584320	512	8.334698
42212968960	42207028736	5940224	512	3.395946
52677279232	52672979456	4299776	512	5.678757
16290585600	16285485056	5100544	512	4.310425
47765352960	47757211136	8141824	512	11.418799
92178869760	92174001664	4868096	512	6.957480
32867081216	32859877376	7203840	512	7.372932
151033581056	151027186176	6394880	512	9.237837
298871808	292566016	6305792	512	3.295094
45969418752	45962912768	6505984	512	10.510198
64290222592	64283622912	6599680	512	7.414959
115612374016	115606021120	6352896	512	9.517539
54597762560	54592721408	5041152	512	11.994931
73176284672	73169592320	6692352	512	11.291048
120945262592	120938417152	6845440	512	2.165549
124897874944	124893131264	4743680	512	10.436329
36668712960	36664200704	4512256	512	7.000096
30470883328	30465293312	5590016	512	7.208181
38357239296	38349527552	7711744	512	11.831263
101751360512	101745303040	6057472	512	12.360909
154052847616	154048227840	4619776	512	6.393687
3586894848	3579598848	7296000	512	5.831458
145509114368	145504076800	5037568	512	7.185777
70047226368	70041225728	6000640	512	6.908058
70981943296	70976414720	5528576	512	10.313334
154982876672	154975490560	7386112	512	11.647684
93983528448	93976284672	7243776	512	8.851225
144039026688	144034681344	4345344	512	5.055468
98894524416	98887515136	7009280	512	4.709762
136784721408	136778435072	6286336	512	5.142291
134435119104	134429144064	5975040	512	12.436527
100380015616	100374305280	5710336	512	4.127114
107469576192	107464545792	5030400	512	9.998572
62250647552	62242816512	7831040	512	3.723652
72512676864	72507350528	5326336	512	4.787120
2253279744	2247737856	5541888	512	11.788844
151624463872	151616580608	7883264	512	14.252549
54182912000	54174792192	8119808	512	9.340682
126585576960	126580114432	5462528	512	10.373264
23741742592	23733545472	8197120	512	2.441952
59385916416	59378704896	7211520	512	14.538394
139516975104	139510050816	6924288	512	10.608586
91221430272	91215145472	6284800	512	6.032461
152719819264	152714628608	5190656	512	4.309311
122392533504	122385160192	7373312	512	11.033623
135115540480	135107200000	8340480	512	4.955066
37870287360	37862592512	7694848	512	12.115384
112760085504	112755143168	4942336	512	12.474358
15279661056	15271521792	8139264	512	4.456779
15129694208	15125289472	4404736	512	6.328712
79167183360	79161520640	5662720	512	12.480905
139325714432	139318228480	7485952	512	3.873390
102958980096	102953500672	5479424	512	4.514676
57356242432	57349032960	7209472	512	6.245701
147381334528	147377050624	4283904	512	15.163299
146711607808	146707143168	4464640	512	13.000862
150401634304	150394081792	7552512	512	6.020287
72953299968	72948702720	4597248	512	9.306618
13804208640	13796423168	7785472	512	13.873896
140601728000	140597426688	4301312	512	6.262802
20558273536	20552008704	6264832	512	8.873500
113275916800	113271320576	4596224	512	12.416016
141138815488	141131003904	7811584	512	3.936312
51843355648	51836459520	6896128	512	4.667213
120790523392	120784941568	5581824	512	2.281291
70009820672	70002187776	7632896	512	9.216454
118633826816	118629431296	4395520	512	11.641028
17873921536	17865832960	8088576	512	3.524008
125206510080	125200974848	5535232	512	9.722649
51089166848	51084209152	4957696	512	4.999022
127934398464	127928571392	5827072	512	6.728020
123691625984	123683846144	7779840	512	8.854269
37497334784	37491044864	6289920	512	13.913303
63356028416	63351036416	4992000	512	1.818798
67065482752	67057538048	7944704	512	3.397750
121116241408	121110107648	6133760	512	9.648594
15121044992	15113428992	7616000	512	11.698092
7529501184	7521601536	7899648	512	4.206953
139863200256	139856744448	6455808	512	10.868168
98781332480	98774217216	7115264	512	6.370838
152467518976	152462035456	5483520	512	3.154479
25936262656	25931068928	5193728	512	6.548648
34178797568	34173078528	5719040	512	4.096553
93320131584	93313306112	6825472	512	6.165107
72766828544	72758646784	8181760	512	14.303584
98827685888	98822520832	5165056	512	2.119539
72708359168	72702593024	5766144	512	5.747362
137762798080	137757632512	5165568	512	2.989950
46700994560	46693507584	7486976	512	5.659591
15746580992	15738472960	8108032	512	3.183398
47226826752	47220457472	6369280	512	10.229054
132085184512	132078952960	6231552	512	5.793284
44351489536	44344125440	7364096	512	10.689431
85860805632	85855532032	5273600	512	12.531028
60435903488	60428212736	7690752	512	12.077731
76217224704	76211231744	5992960	512	6.162321
25346246144	25338139136	8107008	512	4.271803
38880840704	38875494912	5345792	512	4.553363
144655494656	144649925120	5569536	512	4.877831
72714459648	72710238720	4220928	512	7.182180
60669492224	60664330240	5161984	512	3.141992
130748319232	130740224512	8094720	512	11.574135
123596414976	123588249600	8165376	512	7.142653
61290454528	61285181440	5273088	512	8.483302
54041209344	54033997312	7212032	512	11.634191
4984665600	4979369984	5295616	512	6.747652
117144570368	117137186304	7384064	512	4.665861
152124996096	152120139264	4856832	512	8.576961
96215388160	96209748992	5639168	512	4.076735
94159027200	94153657344	5369856	512	9.871180
47404919808	47397597696	7322112	512	10.925294
37476584960	37469123584	7461376	512	5.035116
76711538176	76706605568	4932608	512	9.578607
26695916544	26687828480	8088064	512	9.430684
56246543872	56238663680	7880192	512	12.867512
58462033920	58453763584	8270336	512	8.122040
42170720768	42165988352	4732416	512	3.826651
3036082688	3030856704	5225984	512	7.918257
54183597568	54178568704	5028864	512	10.418648
25637583360	25629612032	7971328	512	6.706294
91882606080	91877273088	5332992	512	2.738078
134098870272	134093665792	5204480	512	10.840106
46873386496	46866459648	6926848	512	3.253960
9107051520	9100847616	6203904	512	4.996937
19368636928	19362000896	6636032	512	11.807822
150556149248	150548224000	7925248	512	2.889513
148952112128	148946631680	5480448	512	5.664657
151004423680	150997228544	7195136	512	2.623114
67781037568	67776688128	4349440	512	2.914425
142831124992	142826092032	5032960	512	8.950525
126947324928	126942800896	4524032	512	4.705503
106011364864	106004580864	6784000	512	13.200754
18973679616	18966654976	7024640	512	10.249506
109542021120	109537072640	4948480	512	6.850084
22491841024	22487489024	4352000	512	3.302900
25943862784	25938991104	4871680	512	12.186503
89731394048	89725349376	6044672	512	6.380426
145833141248	145825436672	7704576	512	10.997783
20766500864	20761634816	4866048	512	12.255670
11821262336	11815446016	5816320	512	6.090544
135043197952	135037168640	6029312	512	11.814622
158331103232	158326288896	4814336	512	6.747463
145411892736	145405793792	6098944	512	5.568168
93475141120	93469684736	5456384	512	5.593827
65715398144	65708910592	6487552	512	9.896050
131547030016	131542330880	4699136	512	2.871609
16735549952	16727597056	7952896	512	5.996725
95481396224	95473769984	7626240	512	10.008165
159343629824	159335916032	7713792	512	6.333099
25752507392	25745246208	7261184	512	2.910073
10644391936	10637995008	6396928	512	3.041788
69056117248	69051754496	4362752	512	6.530677
118817594880	118812310528	5284352	512	11.055332
143803006464	143798600192	4406272	512	8.308771
83509193216	83503797248	5395968	512	8.311903
92615258112	92607107584	8150528	512	12.041703
130531270144	130523387392	7882752	512	13.440146
109451927552	109447633920	4293632	512	11.946261
40970020352	40964906496	5113856	512	5.599246
7180500480	7174323200	6177280	512	5.403648
8636912640	8630021632	6891008	512	3.092972
6506617344	6499791872	6825472	512	4.162913
144803363328	144797648384	5714944	512	10.064521
1276396032	1269268992	7127040	512	8.587857
92283544576	92276876800	6667776	512	9.956542
126715906560	126707804672	8101888	512	9.875524
64321061888	64314355200	6706688	512	8.248366
74084105728	74077530112	6575616	512	7.127404
132521937408	132514823168	7114240	512	9.541659
77918671360	77910777856	7893504	512	9.316377
19004130816	18999677952	4452864	512	12.011416
98376733184	98372046336	4686848	512	7.072075
152340834304	152332702208	8132096	512	13.518144
5282730496	5276366336	6364160	512	2.358993
144607158272	144600176640	6981632	512	10.577570
154819190272	154813633536	5556736	512	10.579291
153239919616	153234097152	5822464	512	11.208607
114320246784	114312767488	7479296	512	11.353399
113423822848	113417886720	5936128	512	9.783793
152648048640	152643155456	4893184	512	7.505914
136430660096	136422316544	8343552	512	2.347672
136148408320	136141069824	7338496	512	12.792035
56130164736	56124489216	5675520	512	12.135234
109601283072	109594098176	7184896	512	9.186079
150329626112	150322285568	7340544	512	7.336022
133255568896	133249855488	5713408	512	3.959040
87897741312	87891640320	6100992	512	5.234584
87325789184	87317780992	8008192	512	5.147239
97463224832	97456184832	7040000	512	3.991884
108125157888	108118326784	6831104	512	2.853542
110479790080	110472675328	7114752	512	12.576189
95233717760	95226321920	7395840	512	12.206969
25562758144	25555414016	7344128	512	11.753235
156658053120	156651393024	6660096	512	14.787743
104665087488	104660402176	4685312	512	12.393719
90120017920	90114636800	5381120	512	12.880620
107512997376	107508775936	4221440	512	4.201469
87536368640	87531396608	4972032	512	3.082659
85030553088	85023449088	7104000	512	5.349337
93482790912	93476600320	6190592	512	9.789503
92170865152	92164901888	5963264	512	3.275009
159971401728	159965277184	6124544	512	6.246851
155226210816	155220065280	6145536	512	3.516966
51118424064	51112892416	5531648	512	4.435563
131505816064	131501602304	4213760	512	8.560359
63680568320	63674743296	5825024	512	4.622643
75415721984	75410078208	5643776	512	5.292199
54029919744	54022157312	7762432	512	10.744927
95665476608	95658083328	7393280	512	5.565397
103239724544	103231423488	8301056	512	12.021770
83742402048	83736245760	6156288	512	10.459683
130248467968	130244071424	4396544	512	3.973950
53351316480	53344300544	7015936	512	10.472379
6945913344	6940717568	5195776	512	12.079360
118762416640	118755356672	7059968	512	10.713856
141278673920	141270755840	7918080	512	11.581411
85387918336	85380610048	7308288	512	9.871192
7073733632	7068802048	4931584	512	2.953928
71545300480	71540713984	4586496	512	12.578508
35292301824	35286524928	5776896	512	6.731048
54103176192	54094873088	8303104	512	11.177737
74644633088	74637222912	7410176	512	4.058750
94920202752	94913176576	7026176	512	2.325860
2544799232	2538273792	6525440	512	9.898111
45554787328	45548948480	5838848	512	3.602339
56553956864	56549682176	4274688	512	8.307235
128031941632	128026049024	5892608	512	10.265542
80231033856	80225162240	5871616	512	6.501228
32498985472	32490779136	8206336	512	12.620655
156488101376	156480090624	8010752	512	2.818420
142980843008	142975430656	5412352	512	5.911720
23262543872	23254632960	7910912	512	8.118706
69575559168	69568509952	7049216	512	6.414222
103323250176	103316920320	6329856	512	6.249614
109720666112	109714916864	5749248	512	9.725299
24563362816	24558944256	4418560	512	2.133450
27136671232	27130076672	6594560	512	4.745884
51975636480	51968245248	7391232	512	3.039183
78101746176	78095072256	6673920	512	3.406552
20939755008	20931875840	7879168	512	8.716407
130234911744	130228167168	6744576	512	13.238525
94736152064	94729118208	7033856	512	2.204079
103633525248	103625306112	8219136	512	4.967179
80536685056	80530810880	5874176	512	11.536537
137881088000	137873425920	7662080	512	8.528405
150841089024	150835799552	5289472	512	12.875450
46991784960	46985430016	6354944	512	8.691040
39500291072	39493859840	6431232	512	4.233049
78912146432	78906959872	5186560	512	4.637889
120717728256	120711473152	6255104	512	3.992719
112016135168	112010958336	5176832	512	6.627188
26890290688	26884639744	5650944	512	1.993327
69978415104	69971069440	7345664	512	5.497194
11083886592	11078117376	5769216	512	12.059804
12317835776	12313117696	4718080	512	7.057113
16145769984	16138140672	7629312	512	7.589005
80925854208	80919676928	6177280	512	3.809111
24241396736	24233207808	8188928	512	12.248966
114868611584	114863732224	4879360	512	11.333796
35764682752	35756346368	8336384	512	5.830594
78875274752	78869628928	5645824	512	11.822026
29106577408	29101549056	5028352	512	7.121502
97827629056	97821934592	5694464	512	4.454557
137473658880	137466116608	7542272	512	7.245197
90610526208	90604611072	5915136	512	13.261577
14998330880	14993753600	4577280	512	5.537572
123402829312	123395502592	7326720	512	8.328037
134153656320	134148245504	5410816	512	11.941511
22633052672	22626296832	6755840	512	7.377823
95651426304	95644557824	6868480	512	7.516608
91935124480	91929772032	5352448	512	3.079293
90530281472	90524374528	5906944	512	9.285416
32070377984	32062046208	8331776	512	10.434899
59913821184	59906080256	7740928	512	7.245589
87926738944	87918414336	8324608	512	8.373532
112848956928	112843825152	5131776	512	9.395204
157468574720	157462223872	6350848	512	4.665813
67805928960	67798571008	7357952	512	9.140726
50602978304	50595222528	7755776	512	9.000518
5990038528	5982857728	7180800	512	7.704707
99319536640	99314497024	5039616	512	10.758607
94137735168	94132244992	5490176	512	7.289317
137567256576	137559383552	7873024	512	2.969455
112724681216	112717050880	7630336	512	10.143712
27824319488	27819757568	4561920	512	10.936435
45806144000	45799779328	6364672	512	3.546866
107274439680	107269924864	4514816	512	3.082891
65357438976	65350532608	6906368	512	2.623483
34730856960	34726168064	4688896	512	6.370834
158884016640	158878196736	5819904	512	5.873624
152118742528	152112770560	5971968	512	7.017463
139053323264	139048805376	4517888	512	5.708516
58606800896	58601348608	5452288	512	11.677895
68660442112	68652227584	8214528	512	4.324466
126823483904	126815270400	8213504	512	13.233319
50696314880	50691230208	5084672	512	8.036085
34193344512	34186458624	6885888	512	1.913394
92263803904	92259004928	4798976	512	2.938939
66340322304	66333375488	6946816	512	8.983428
82299978752	82295664640	4314112	512	11.119416
52847334400	52842375680	4958720	512	9.376099
62139177472	62134920704	4256768	512	6.452319
138722878464	138716610560	6267904	512	5.688190
11419107328	11413066752	6040576	512	3.438021
76309715456	76301884928	7830528	512	10.515830
100565328384	100558838272	6490112	512	6.218526
56942233088	56936023040	6210048	512	6.621762
59383255552	59376629760	6625792	512	1.998946
143246579200	143239434752	7144448	512	8.331540
24906096640	24898628608	7468032	512	7.498927
82823814656	82816747520	7067136	512	6.244007
37436890112	37431179776	5710336	512	7.371366
98156505600	98149377024	7128576	512	12.826058
131614094848	131607395840	6699008	512	5.829058
127069769216	127065483264	4285952	512	12.311867
62527593984	62520073216	7520768	512	11.433679
154924234240	154916287488	7946752	512	8.870770
86138381312	86133641216	4740096	512	9.541120
56250349056	56243931648	6417408	512	5.630359
25771563008	25763535872	8027136	512	10.472633
116289616384	116284573184	5043200	512	11.475620
120472766976	120467210752	5556224	512	4.758964
144466228224	144461122048	5106176	512	2.750257
41632016384	41625017344	6999040	512	9.270885
98408084480	98400982016	7102464	512	4.428885
65927415296	65922428928	4986368	512	4.307572
9257609728	9253292032	4317696	512	2.921550
63831248896	63826647552	4601344	512	12.872236
101987829248	101982061056	5768192	512	8.223343
11596134912	11589008896	7126016	512	9.638795
115567835136	115563619840	4215296	512	9.946979
79011762176	79006570496	5191680	512	12.608389
112387674112	112382668800	5005312	512	12.362096
68417447424	68409502720	7944704	512	10.501632
158067334656	158062240256	5094400	512	6.916471
40021788672	40013509632	8279040	512	12.531459
71004402176	70999293440	5108736	512	10.692371
98241423360	98234209792	7213568	512	3.809761
133014977024	133008645632	6331392	512	9.871985
87153776128	87147876352	5899776	512	10.123907
93236308480	93230589952	5718528	512	3.413697
120370274816	120364916736	5358080	512	5.234288
87799951360	87795661312	4290048	512	9.414952
50048687104	50042341888	6345216	512	11.223598
22096165376	22089036288	7129088	512	3.052248
116955255808	116949305856	5949952	512	7.646272
76465249280	76458251264	6998016	512	4.161484
62286641664	62281319424	5322240	512	4.847094
96710631936	96705715200	4916736	512	2.372344
87072316928	87066964992	5351936	512	2.375622
137517710848	137511480320	6230528	512	6.809187
69672521728	69665332224	7189504	512	10.897721
60585329152	60577694720	7634432	512	11.874670
18515165184	18507636224	7528960	512	11.271048
81606007296	81599923200	6084096	512	2.219804
59659820032	59652297728	7522304	512	9.527536
146520111104	146513185792	6925312	512	3.474244
119548737536	119540548608	8188928	512	4.162082
75924630528	75917908480	6722048	512	2.453493
68880187904	68873702400	6485504	512	6.519378
51060729344	51053974016	6755328	512	10.750319
17819830272	17812335104	7495168	512	6.541901
143761864192	143753818112	8046080	512	9.213942
93314792448	93306617856	8174592	512	6.644073
122435791872	122428372992	7418880	512	6.123457
146804936704	146799587328	5349376	512	11.181668
158833948672	158828054016	5894656	512	6.376988
49902202880	49897968640	4234240	512	10.122944
27777157120	27772664320	4492800	512	9.417139
47188200960	47182090752	6110208	512	6.762840
125376688128	125372323840	4364288	512	14.053403
130566110208	130558700032	7410176	512	3.871492
53702368768	53695839744	6529024	512	12.484594
62748263936	62742910464	5353472	512	4.249220
11090206720	11082525184	7681536	512	10.650784
97629937152	97625046016	4891136	512	2.813883
99957574144	99952664576	4909568	512	11.353047
144279352320	144271915008	7437312	512	6.828760
71604955136	71597464576	7490560	512	11.998070
103299102720	103293873664	5229056	512	11.823866
157111774720	157103456768	8317952	512	13.421743
73581312000	73573373952	7938048	512	8.870907
35651545088	35643395584	8149504	512	2.497735
54797518848	54789192704	8326144	512	5.431460
146158848000	146150711808	8136192	512	8.616398
27060827648	27053545984	7281664	512	9.337811
20515356160	20510120960	5235200	512	4.479393
129895838208	129890012672	5825536	512	8.910622
141598497792	141593969152	4528640	512	11.101336
78616881664	78611773440	5108224	512	12.533747
123903200768	123896032768	7168000	512	2.765950
66028646912	66022497280	6149632	512	9.581568
57045009920	57039355904	5654016	512	10.726590
94073116160	94067471872	5644288	512	7.725535
105522664448	105517071360	5593088	512	8.246406
110108396032	110103521792	4874240	512	4.216798
40202339840	40194726912	7612928	512	4.661932
91471206912	91466347008	4859904	512	3.449762
62280323072	62275716608	4606464	512	6.268115
113228978176	113222489088	6489088	512	6.429700
130828533760	130822551552	5982208	512	4.209688
26764940800	26758090752	6850048	512	8.559766
7627613696	7623242752	4370944	512	2.047915
55278927872	55272227328	6700544	512	6.497491
104260030464	104255042560	4987904	512	12.709618
131450931200	131443476992	7454208	512	8.743722
42915852800	42910932480	4920320	512	2.268756
87890468352	87884925952	5542400	512	9.518318
79085811712	79080885760	4925952	512	8.420833
157259338240	157252764672	6573568	512	7.059001
19266442752	19260286976	6155776	512	7.635624
84925240320	84918130176	7110144	512	9.663879
147213277184	147207972864	5304320	512	12.482027
21294978048	21290606080	4371968	512	4.720624
115754332672	115746353152	7979520	512	11.476855
26279354368	26271980544	7373824	512	9.448234
58712051712	58705502208	6549504	512	3.474482
94026312704	94021366784	4945920	512	2.080920
92363998208	92357638144	6360064	512	4.495235
138400892416	138394658304	6234112	512	8.563943
6498696704	6490396672	8300032	512	9.897526
70494977024	70486780928	8196096	512	4.743523
43061546496	43056283136	5263360	512	5.786743
139498234368	139490446336	7788032	512	5.247203
143019697152	143012908544	6788608	512	4.783852
155843396608	155837497856	5898752	512	10.464428
121465532416	121460548608	4983808	512	6.421297
149366052352	149358178816	7873536	512	8.209180
135526523392	135520805376	5718016	512	2.032206
140229067776	140222592512	6475264	512	6.998642
91950451200	91945028096	5423104	512	4.930015
13621387264	13614601216	6786048	512	7.422725
114358237184	114352855040	5382144	512	9.955562
73968434176	73962802176	5632000	512	5.213036
132644444672	132637830144	6614528	512	12.702297
84083336192	84075108864	8227328	512	9.792049
130895864832	130890050048	5814784	512	7.752155
131362138624	131354672640	7465984	512	13.755665
34442576896	34438311936	4264960	512	11.410314
128228864	119929856	8299008	512	5.975699
145496975360	145490058240	6917120	512	5.614017
127151386624	127143440384	7946240	512	10.710751
149664900096	149658104320	6795776	512	3.556604
37054468096	37047303680	7164416	512	4.102135
15050974208	15046446592	4527616	512	9.198255
41886559744	41879585280	6974464	512	11.497865
92912605696	92906885632	5720064	512	8.247798
80573225472	80568892928	4332544	512	9.494871
41227868160	41220800512	7067648	512	8.042501
6641181184	6636466176	4715008	512	7.335358
78428465664	78423200256	5265408	512	11.185440
150913702400	150909148672	4553728	512	5.562738
147212853760	147206934016	5919744	512	4.204889
9397088256	9392087552	5000704	512	5.972516
19998208000	19992482304	5725696	512	8.284612
133567574528	133560105984	7468544	512	4.308869
31038825472	31033252864	5572608	512	9.313886
96800076800	96791818240	8258560	512	5.746576
95750893056	95744151040	6742016	512	3.502505
98150646272	98146056192	4590080	512	8.363616
88163491328	88157563392	5927936	512	4.005298
83996208640	83990206976	6001664	512	12.700604
39975019520	39970737152	4282368	512	12.515683
88214612480	88209880576	4731904	512	6.065711
50688060928	50681041920	7019008	512	6.247631
149736415744	149730027520	6388224	512	9.451240
35222016000	35215378432	6637568	512	9.957811
27123099648	27115565056	7534592	512	7.678210
254220288	249668096	4552192	512	2.142654
147076164608	147070906880	5257728	512	2.682422
141053531136	141047947776	5583360	512	9.990624
3688594944	3683822592	4772352	512	5.962680
2190940160	2184121344	6818816	512	4.273092
99818589696	99811490816	7098880	512	2.445902
50874200064	50868984832	5215232	512	9.511304
142581009408	142576141312	4868096	512	5.005198
149496770560	149490914816	5855744	512	6.006504
152998234112	152990746112	7488000	512	5.999559
115648988160	115643552768	5435392	512	5.653550
378253824	370531840	7721984	512	7.571041
19937910272	19932544000	5366272	512	7.324669
142577072128	142570613760	6458368	512	10.826624
23536750080	23530212352	6537728	512	12.923330
17896386048	17891406848	4979200	512	10.690519
25439184384	25433670656	5513728	512	10.249819
84477977088	84469741056	8236032	512	9.615107
130311262720	130303230976	8031744	512	13.215476
80251519488	80246590464	4929024	512	8.359245
101702231040	101695638016	6593024	512	5.915363
86124012032	86119676928	4335104	512	8.488664
43360431104	43354151424	6279680	512	8.126619
116998385152	116990779392	7605760	512	12.198530
28964861952	28956618240	8243712	512	11.297225
140391094784	140383592448	7502336	512	5.608851
70976535552	70971420160	5115392	512	8.768997
21006832128	21001917952	4914176	512	11.425744
143375631872	143369327616	6304256	512	2.555135
35940304896	35935249408	5055488	512	10.566270
122854278656	122849575424	4703232	512	10.997062
17740672000	17735919616	4752384	512	9.999539
73846835712	73841702400	5133312	512	5.551514
35301199360	35295913472	5285888	512	15.487180
42324264448	42319320064	4944384	512	8.615242
18561097216	18553420800	7676416	512	8.447668
123790681600	123785918464	4763136	512	8.202267
36597115904	36592822272	4293632	512	7.746422
78049910272	78044038656	5871616	512	6.486980
69550254080	69545446400	4807680	512	5.275668
89100204544	89095240192	4964352	512	4.938342
126799847936	126793935360	5912576	512	9.826098
132504948224	132497561600	7386624	512	8.329397
57163368960	57158671872	4697088	512	7.445450
87836247552	87830477312	5770240	512	2.854373
144057675776	144051431936	6243840	512	6.778514
71379899392	71374439936	5459456	512	2.202467
151004119552	150996741120	7378432	512	6.135847
37022795776	37015452160	7343616	512	6.960670
61091140608	61086083072	5057536	512	5.376023
147648025088	147643708416	4316672	512	12.673571
122469847552	122465352192	4495360	512	5.425704
77157622272	77152229376	5392896	512	11.576507
63149912064	63143200256	6711808	512	6.381697
35481987072	35474063872	7923200	512	8.823783
131382262272	131377924096	4338176	512	12.247006
83415315456	83411039744	4275712	512	5.121789
31613027328	31605982208	7045120	512	2.944540
23803565568	23795511296	8054272	512	3.446593
29539015168	29531813376	7201792	512	12.738949
102050823680	102042866176	7957504	512	5.028355
92919713280	92913885184	5828096	512	6.054158
78785247744	78780504576	4743168	512	10.554651
24757153792	24752947200	4206592	512	3.254817
119405174272	119397092864	8081408	512	11.301262
41459053056	41451633664	7419392	512	12.866497
80728135680	80721856512	6279168	512	12.927973
17546027008	17537666048	8360960	512	8.896760
31156123136	31151441920	4681216	512	8.911771
14523845632	14516188672	7656960	512	10.391556
78145702912	78141395456	4307456	512	3.115867
142070121472	142063399936	6721536	512	5.092959
5881988608	5875810304	6178304	512	7.164176
64071277568	64064835072	6442496	512	10.931613
15732815360	15725565952	7249408	512	10.484783
76026159616	76018187776	7971840	512	11.642937
11377921536	11373705728	4215808	512	7.292851
124795954688	124787951104	8003584	512	9.239360
80479320576	80472703488	6617088	512	7.514864
74765727232	74757907456	7819776	512	10.708742
153080908800	153073823744	7085056	512	4.950178
16651552256	16643374080	8178176	512	8.238842
36475122688	36468353024	6769664	512	4.032775
122554074112	122547907584	6166528	512	8.276186
89745744384	89739314688	6429696	512	9.354207
10121477632	10114478592	6999040	512	12.262226
97137436160	97129958912	7477248	512	2.063792
8456210432	8448840192	7370240	512	4.495092
96154914816	96148306944	6607872	512	8.111758
11230989824	11226621952	4367872	512	2.075366
157241356288	157236515328	4840960	512	9.153245
80164323840	80157054464	7269376	512	6.298436
44429087744	44421828608	7259136	512	8.385290
53770015744	53765504000	4511744	512	10.945065
134662311936	134655424000	6887936	512	11.802156
135831672320	135825906176	5766144	512	7.133185
112068096512	112063611904	4484608	512	4.304814
121653998592	121646403584	7595008	512	5.907437
130444142592	130438617088	5525504	512	11.186716
148728643584	148721818624	6824960	512	2.619666
51878151680	51871446528	6705152	512	4.907250
4027591168	4022854144	4737024	512	5.086382
84513740800	84508760576	4980224	512	4.634898
97988166144	97981488640	6677504	512	2.339363
20456157696	20450854912	5302784	512	3.895371
62609913344	62605029888	4883456	512	8.359530
140183650304	140178758656	4891648	512	8.642108
21721061888	21716098560	4963328	512	10.552289
69555434496	69550798336	4636160	512	8.600798
59022105600	59014300160	7805440	512	3.306347
148833295872	148827609600	5686272	512	9.318699
102551817216	102545776128	6041088	512	4.623759
58018369536	58013763584	4605952	512	9.153337
67076397056	67071250432	5146624	512	8.190556
40004064768	39997061632	7003136	512	9.275183
30396470272	30390590464	5879808	512	7.406199
144410149376	144404772352	5377024	512	7.000492
159169006592	159163809280	5197312	512	3.189306
79589901312	79584958464	4942848	512	6.561213
136687793152	136683543040	4250112	512	3.444387
155313802240	155307082752	6719488	512	9.779945
97323022336	97314900992	8121344	512	4.283790
34257684480	34250019840	7664640	512	12.641396
115420031488	115414783488	5248000	512	4.999042
112507235328	112502631936	4603392	512	10.365573
60364413952	60359113216	5300736	512	5.237750
85494236672	85487161344	7075328	512	4.701477
143306144256	143301038592	5105664	512	2.738287
93784048640	93776599040	7449600	512	4.403748
33145746944	33140327424	5419520	512	3.046669
137906813440	137899805184	7008256	512	12.432170
72458682368	72451156992	7525376	512	11.274426
93177312768	93170672640	6640128	512	4.901631
139001522176	138993274368	8247808	512	11.061570
66437826048	66430198784	7627264	512	9.378467
128096222720	128091809280	4413440	512	3.500454
144228219904	144221555712	6664192	512	12.696741
102482661888	102477232128	5429760	512	11.924832
106621979136	106617208320	4770816	512	10.135184
93183087104	93174701568	8385536	512	5.326784
89380781056	89373488640	7292416	512	11.551303
60305027584	60299640320	5387264	512	12.901292
104745739264	104739009536	6729728	512	6.864064
51037118464	51030619648	6498816	512	6.148509
104246702592	104242338816	4363776	512	6.510794
13093833216	13085549568	8283648	512	11.234948
130377864704	130372586496	5278208	512	11.280111
39402243072	39394675712	7567360	512	10.190897
20112654336	20106355200	6299136	512	3.394395
42264631808	42259130880	5500928	512	12.460477
64692477952	64687964672	4513280	512	5.538236
74950909952	74943611392	7298560	512	11.589403
124297668096	124292794368	4873728	512	12.261023
82418508288	82413047808	5460480	512	5.089267
40909963776	40905627136	4336640	512	6.854029
41505330176	41499867136	5463040	512	2.307473
105219326976	105210949120	8377856	512	10.092006
17644978688	17636783104	8195584	512	12.755407
111741671936	111736760832	4911104	512	2.188372
98479562240	98473011712	6550528	512	8.527754
48167573504	48159379456	8194048	512	10.618950
49498175488	49492695040	5480448	512	11.545791
80757844992	80751574528	6270464	512	7.780884
81100988416	81094851584	6136832	512	4.613230
56467031040	56462545408	4485632	512	8.562592
148818716160	148813371904	5344256	512	13.095236
31069115392	31060930560	8184832	512	12.305636
100917115392	100912860672	4254720	512	7.538928
131212478464	131206673408	5805056	512	2.132758
100055059456	100046977536	8081920	512	2.378970
30051471872	30044847616	6624256	512	3.675979
35924986880	35919724544	5262336	512	6.276217
29513778176	29506049024	7729152	512	4.320965
159877285888	159872080384	5205504	512	10.572127
2868668928	2862854144	5814784	512	11.330943
87168717824	87163981312	4736512	512	8.821106
111945020928	111938925568	6095360	512	4.287061
511024640	505887232	5137408	512	1.939433
146059720704	146054192640	5528064	512	13.193301
56077923328	56070757376	7165952	512	8.848607
53770919936	53765657088	5262848	512	5.985151
18828904960	18821126144	7778816	512	10.687909
17383955968	17377897472	6058496	512	10.812059
22982700032	22974573056	8126976	512	8.711280
115249209856	115244207616	5002240	512	10.620166
40214989824	40210084864	4904960	512	4.331472
41826434048	41818995200	7438848	512	9.549769
99490651136	99482998784	7652352	512	13.287384
36365367808	36359760384	5607424	512	11.026949
3908298752	3903492096	4806656	512	12.623395
117120667648	117115683840	4983808	512	12.829526
98557231616	98551456256	5775360	512	2.758811
115430960128	115424241152	6718976	512	12.296441
37782772224	37775256576	7515648	512	7.960401
12952673280	12945034752	7638528	512	11.375153
62410997760	62404275200	6722560	512	4.651844
100257567744	100252999680	4568064	512	5.917505
135713727488	135709181440	4546048	512	4.974524
69293932544	69287147520	6785024	512	8.996444
27802424832	27796223488	6201344	512	9.492864
76142941184	76135889408	7051776	512	13.522978
78150895104	78146444800	4450304	512	9.666878
136357002240	136350482944	6519296	512	12.419058
47756534784	47752159232	4375552	512	10.626089
48081988096	48075911680	6076416	512	5.711164
121549971456	121542842368	7129088	512	8.799686
5704208384	5697333760	6874624	512	7.869910
149666506752	149661165056	5341696	512	12.278881
137239566848	137233697280	5869568	512	8.821478
65574375424	65566084608	8290816	512	4.309923
68268079616	68260065792	8013824	512	11.355391
147055748096	147050941440	4806656	512	2.390876
17292599296	17286397952	6201344	512	5.008218
27844990976	27836761088	8229888	512	7.084247
72940567552	72934921728	5645824	512	8.038449
3790755840	3783758336	6997504	512	7.674395
139732909568	139725542912	7366656	512	9.128756
149409216512	149402761728	6454784	512	4.574820
43379536896	43371346432	8190464	512	12.626921
15834768384	15827015680	7752704	512	9.480983
65423725056	65418651648	5073408	512	11.212829
152960306688	152952458240	7848448	512	5.145320
136878515712	136871223296	7292416	512	2.919635
69210211840	69202975232	7236608	512	7.489512
11057405440	11049925632	7479808	512	2.798169
120409545728	120401952768	7592960	512	4.826239
103493217792	103486300672	6917120	512	12.070130
3011002368	3005651968	5350400	512	4.299260
159704712192	159698219008	6493184	512	13.312021
43030643200	43024658944	5984256	512	8.705616
15753514496	15746286592	7227904	512	10.896902
77568127488	77562068480	6059008	512	15.363054
107971231232	107965022208	6209024	512	12.810745
35411845120	35404857856	6987264	512	3.951994
150222235136	150218040320	4194816	512	8.791843
133789826048	133784231936	5594112	512	10.276309
145262055936	145255395328	6660608	512	5.443829
100813772288	100806939648	6832640	512	2.813972
86975091712	86969115648	5976064	512	8.267736
104133008384	104125218304	7790080	512	5.142129
96770440192	96762822144	7618048	512	10.120545
58468958720	58463797760	5160960	512	10.553463
126297872896	126293656064	4216832	512	2.862657
13618992640	13614571008	4421632	512	10.960921
119795154432	119789972480	5181952	512	2.335931
153541592576	153535262720	6329856	512	12.687779
35519944704	35512475648	7469056	512	8.931471
58867663872	58859690496	7973376	512	12.180200
51821959168	51814316544	7642624	512	9.134533
97683210752	97677164032	6046720	512	12.538118
19719728640	19712744960	6983680	512	12.322267
103558073344	103552178176	5895168	512	8.912312
66348739072	66342225920	6513152	512	9.373610
44756120576	44751775744	4344832	512	4.963708
63393291264	63386040832	7250432	512	7.150212
48830687744	48824078848	6608896	512	10.493012
14280200704	14274048512	6152192	512	12.071599
101297340416	101291890176	5450240	512	5.101560
11145191424	11136889856	8301568	512	6.057593
33297719808	33291767296	5952512	512	9.268532
31919075840	31912614912	6460928	512	13.574546
130328674816	130323471872	5202944	512	5.035445
112220298240	112214453760	5844480	512	11.821744
34158129152	34150107136	8022016	512	6.763648
43180870144	43173529088	7341056	512	11.595309
99856292352	99848594944	7697408	512	12.341134
96952126976	96943957504	8169472	512	9.480329
36888998912	36884406272	4592640	512	5.677100
48733231616	48728338432	4893184	512	12.057128
127887535104	127882956800	4578304	512	3.388055
99732085248	99724901888	7183360	512	6.247965
41910759936	41902610432	8149504	512	9.172812
81844764672	81837487616	7277056	512	10.621281
148991144960	148982814208	8330752	512	5.133220
85017672704	85011084288	6588416	512	8.218246
54985483776	54979341824	6141952	512	11.548627
5811068416	5804801024	6267392	512	3.912165
140404749312	140398083072	6666240	512	12.616544
130801464832	130794523136	6941696	512	3.566882
88024248832	88017519616	6729216	512	12.334611
122472862720	122467164672	5698048	512	3.966805
24413703168	24406090240	7612928	512	2.877914
24551925760	24544174080	7751680	512	4.013465
91898352640	91892209152	6143488	512	4.160918
102905070080	102899074560	5995520	512	5.820489
62876350976	62869079040	7271936	512	6.821471
55561228288	55555977728	5250560	512	8.875987
37743374336	37735287808	8086528	512	5.439842
64132351488	64125422080	6929408	512	2.207381
2850923008	2845509632	5413376	512	4.737633
90745769984	90738042368	7727616	512	12.577737
24265105920	24260640256	4465664	512	9.906852
140388606464	140384398336	4208128	512	4.642517
133848563712	133842037248	6526464	512	10.498193
87748175872	87741741056	6434816	512	5.900351
4258565120	4250537984	8027136	512	8.712289
72022603264	72015956992	6646272	512	9.467305
90397316608	90391260160	6056448	512	4.488123
86240950272	86234957824	5992448	512	5.738207
104611269632	104605441536	5828096	512	2.354776
71136468992	71130975232	5493760	512	10.422905
147676217856	147671919616	4298240	512	3.172797
131425058816	131419019776	6039040	512	2.494166
8331970048	8325419008	6551040	512	4.099103
20243645440	20238666752	4978688	512	2.048647
110143481344	110138264064	5217280	512	14.241595
18361114112	18354112512	7001600	512	3.677128
95465240064	95459597824	5642240	512	4.008558
143203311104	143198308864	5002240	512	5.373370
110777754112	110772971520	4782592	512	6.303237
40949625856	40945169920	4455936	512	7.986847
96278969856	96271248384	7721472	512	11.338460
132818628608	132812638208	5990400	512	13.292837
98978158080	98971067904	7090176	512	8.279679
150741131264	150734569472	6561792	512	12.401213
63690021888	63681656320	8365568	512	2.879153
152177145856	152169563136	7582720	512	10.733030
109362471424	109354361344	8110080	512	4.561539
37033207296	37027851776	5355520	512	4.151613
62266889216	62259545088	7344128	512	5.368667
15008012800	15002394624	5618176	512	8.811038
114301707264	114294225920	7481344	512	11.763825
25121268224	25116465152	4803072	512	2.245356
31366087168	31360871936	5215232	512	6.594104
829477376	825154048	4323328	512	5.196603
1568169472	1562408448	5761024	512	5.821824
9618822656	9613885952	4936704	512	5.148647
17857914880	17852102656	5812224	512	4.830290
86255345664	86247420416	7925248	512	6.464765
23803531264	23796879360	6651904	512	9.180088
81927193088	81921534976	5658112	512	3.060661
105967158784	105962184704	4974080	512	6.257293
143529265152	143521327616	7937536	512	4.319539
143763232768	143757109248	6123520	512	4.449949
82372920320	82365657600	7262720	512	4.766403
103190346240	103183419392	6926848	512	5.788655
148007740928	148003217920	4523008	512	14.133830
28982778368	28974505984	8272384	512	13.602899
94537424384	94532229120	5195264	512	4.202548
119454844416	119447465472	7378944	512	9.897775
132515961856	132509857792	6104064	512	9.904731
50978525696	50973521408	5004288	512	12.691207
30941982720	30933974528	8008192	512	6.188328
105071053312	105064559616	6493696	512	12.044205
156681030144	156672773632	8256512	512	9.856297
20575920128	20571441664	4478464	512	12.321871
83026754048	83019277312	7476736	512	5.886410
23236609536	23232305152	4304384	512	12.046968
1904783360	1897964032	6819328	512	8.841029
113561700352	113554972160	6728192	512	12.112255
103847427072	103839860736	7566336	512	7.143355
23834753024	23829978112	4774912	512	2.683985
47907728384	47901447168	6281216	512	11.760074
9133680128	9126088704	7591424	512	12.118451
70098662400	70090353152	8309248	512	11.488148
140756206080	140748135936	8070144	512	8.552851
44687663104	44681250304	6412800	512	2.841892
97099480064	97092510208	6969856	512	9.961088
16301335552	16295791616	5543936	512	6.385350
64969065472	64963362816	5702656	512	6.925528
53288078336	53281093632	6984704	512	2.586937
116945873408	116940846080	5027328	512	11.777047
141027207680	141019515904	7691776	512	8.114706
30114651648	30108557312	6094336	512	11.321061
2946002944	2941774336	4228608	512	13.385126
16818384384	16812524544	5859840	512	10.611445
57468447232	57462180864	6266368	512	8.730552
74845195776	74839982080	5213696	512	5.778075
117699930624	117693626368	6304256	512	3.811578
142573603840	142568428544	5175296	512	4.258186
24894439424	24888814592	5624832	512	4.729674
147623343616	147616316928	7026688	512	11.685886
57469639680	57464784384	4855296	512	5.095147
102322339840	102314877440	7462400	512	11.225257
71414517248	71408978432	5538816	512	11.819790
153083033088	153075661824	7371264	512	6.928552
51882878464	51878638592	4239872	512	8.905455
71908830208	71900663296	8166912	512	8.478297
3161584640	3155412480	6172160	512	5.456473
61070732800	61064189952	6542848	512	3.577199
60854429696	60850201088	4228608	512	9.134714
12061593088	12054010368	7582720	512	12.496478
132865568768	132857881088	7687680	512	7.936837
46624406528	46616032256	8374272	512	7.470609
47130714112	47125859328	4854784	512	2.185293
45900064768	45894583296	5481472	512	5.995236
68644234240	68638833664	5400576	512	12.657766
103492035072	103487524352	4510720	512	7.108145
29193850880	29187569152	6281728	512	6.288071
119602084352	119595863552	6220800	512	9.816180
155764715520	155756459520	8256000	512	5.537825
112617447424	112609748992	7698432	512	3.680817
154466465792	154458185728	8280064	512	9.121753
62214784000	62209275904	5508096	512	12.414933
55619105792	55611600384	7505408	512	9.861353
60340499968	60335374336	5125632	512	10.369658
57239442944	57232623104	6819840	512	7.761495
111128561152	111120859136	7702016	512	6.760193
35252752384	35245377536	7374848	512	12.658505
62269178368	62263572480	5605888	512	10.592639
150831738368	150825611264	6127104	512	7.624389
19107806720	19103492096	4314624	512	12.868003
35082322432	35074293248	8029184	512	5.893742
92583814656	92579229184	4585472	512	12.716682
6529719296	6523745792	5973504	512	8.717250
74299723264	74292022784	7700480	512	3.709556
158399163392	158393988096	5175296	512	5.130841
108886475264	108880184320	6290944	512	10.975270
104661991936	104655337984	6653952	512	8.964232
124454295040	124448723456	5571584	512	2.126328
93873089536	93865986048	7103488	512	7.171535
8716637696	8710076416	6561280	512	9.250169
47661456896	47653649920	7806976	512	12.002113
25938260992	25932043776	6217216	512	7.424632
130962294272	130956704768	5589504	512	6.624089
126397136896	126391577600	5559296	512	7.474695
16989090816	16983556608	5534208	512	7.476016
139721615872	139716007936	5607936	512	8.832678
84878595584	84873866752	4728832	512	2.868620
142483219456	142475968512	7250944	512	12.458588
1400406016	1392018432	8387584	512	11.839110
73254484480	73246907392	7577088	512	6.160103
64357064192	64352378880	4685312	512	7.644220
93541440512	93533966336	7474176	512	13.751519
122598695424	122591339520	7355904	512	7.661726
152404254208	152396028928	8225280	512	9.059541
131038395904	131033166336	5229568	512	12.578400
130620976640	130614452224	6524416	512	3.937657
21403803136	21396481536	7321600	512	10.357854
48961608704	48954153984	7454720	512	6.338588
2825491456	2818965504	6525952	512	4.449970
113106802176	113098698752	8103424	512	13.234006
145041575936	145033782272	7793664	512	6.850136
38939348992	38934051840	5297152	512	2.201058
12362301952	12353957888	8344064	512	5.054330
37696804864	37688492032	8312832	512	10.745751
51138337280	51133465088	4872192	512	11.175549
135566195712	135560346112	5849600	512	4.336603
82940061696	82933275648	6786048	512	6.977880
22324056064	22316740096	7315968	512	10.530701
134572702720	134565986304	6716416	512	9.251095
16854540288	16849458688	5081600	512	9.451996
56586282496	56580467200	5815296	512	9.495165
77798784512	77794162688	4621824	512	1.872066
39243732480	39238499328	5233152	512	6.293993
159104997888	159098040832	6957056	512	4.947422
111012076544	111006349312	5727232	512	11.305402
103118636544	103113786368	4850176	512	9.041668
8722843136	8718587904	4255232	512	6.486957
17879526912	17871818240	7708672	512	11.897805
88888494080	88882332160	6161920	512	13.033122
143353873408	143345971200	7902208	512	5.337457
114985692672	114977550848	8141824	512	10.614553
25390503936	25383790592	6713344	512	1.920173
5588249600	5580835840	7413760	512	7.778285
16469785088	16464492544	5292544	512	5.267462
128502083072	128497609728	4473344	512	6.054264
96416028672	96411500544	4528128	512	10.983795
94817461760	94812402176	5059584	512	12.300465
114301814272	114296242176	5572096	512	6.948791
124766774784	124761039872	5734912	512	9.062047
57427636736	57422649344	4987392	512	4.421200
35400620544	35393100800	7519744	512	5.824694
9467694080	9463375872	4318208	512	5.267907
97290441728	97282939392	7502336	512	8.211260
110887485952	110883164160	4321792	512	6.723025
10809172992	10802602496	6570496	512	10.029587
6777432064	6771544064	5888000	512	11.957315
64255326720	64249450496	5876224	512	4.918964
60879727104	60873623040	6104064	512	12.278154
108147795456	108141488128	6307328	512	10.593968
45515209728	45509088256	6121472	512	7.966588
117275867136	117270914560	4952576	512	2.439406
98699364864	98692798976	6565888	512	6.625743
84143792128	84137029120	6763008	512	7.539083
119615612416	119610824704	4787712	512	2.334401
152097467904	152092834816	4633088	512	4.196059
4829422080	4823683072	5739008	512	12.568369
147310866432	147303026688	7839744	512	4.814075
149069359616	149062982656	6376960	512	11.612702
100613151232	100608069120	5082112	512	8.038401
99959934976	99952214528	7720448	512	5.345938
89005021184	88999645696	5375488	512	11.201405
122879362048	122872897536	6464512	512	9.107022
48993811968	48987742208	6069760	512	4.602997
58191992320	58183906304	8086016	512	9.993363
73340983296	73333060608	7922688	512	8.733467
97995134464	97989918720	5215744	512	5.233386
14982412800	14974521856	7890944	512	2.528470
61885461504	61878330880	7130624	512	2.033283
134011908096	134005044736	6863360	512	12.753743
120706350592	120699625472	6725120	512	11.427600
78652623872	78646501888	6121984	512	9.892530
65006798848	65002042368	4756480	512	6.336082
110018347008	110011790848	6556160	512	12.670676
73605021696	73598320640	6701056	512	10.948582
9259145216	9254154752	4990464	512	11.790295
18953884672	18948563456	5321216	512	10.048536
85544822272	85537920000	6902272	512	4.595023
46504384512	46498947072	5437440	512	11.679844
25807346176	25802555392	4790784	512	11.854437
43282110464	43277840384	4270080	512	14.648178
49577518080	49569583616	7934464	512	5.525245
85906319360	85899287552	7031808	512	11.269419
14711469056	14706437632	5031424	512	12.157771
113714721792	113708629504	6092288	512	4.400854
37923863040	37918240768	5622272	512	8.883041
97098108928	97091049984	7058944	512	8.067537
155529372672	155523233792	6138880	512	11.093370
137042987008	137036491776	6495232	512	5.974619
15872550400	15864556032	7994368	512	3.741125
155018694144	155013010432	5683712	512	8.132128
145038437888	145030686208	7751680	512	7.912126
55552332288	55546820096	5512192	512	4.016195
84862355968	84855531008	6824960	512	9.723298
14295434240	14288301568	7132672	512	12.536073
63700823552	63694721024	6102528	512	10.480790
119393186816	119385817088	7369728	512	13.011797
132193723904	132187250688	6473216	512	6.124803
32878187008	32871073792	7113216	512	8.989964
4184655360	4179761152	4894208	512	3.697227
73807605248	73799961088	7644160	512	8.022743
42378852864	42372143104	6709760	512	9.591670
97467242496	97461453312	5789184	512	2.441535
126682444800	126677893120	4551680	512	9.322214
79567085056	79560323072	6761984	512	8.942902
27093148672	27085451264	7697408	512	11.441220
96210957312	96203700224	7257088	512	8.531883
37505751552	37500904960	4846592	512	5.546540
102624708608	102620477440	4231168	512	2.152866
137358157824	137353013248	5144576	512	12.762957
41111349248	41104125440	7223808	512	4.685509
50727590400	50721910272	5680128	512	6.553902
69084211200	69079539200	4672000	512	10.590463
159565062144	159557590016	7472128	512	5.572834
11835839488	11829986304	5853184	512	4.056400
111427251712	111419904512	7347200	512	5.492291
135127891456	135120167424	7724032	512	4.988250
23870476800	23864152064	6324736	512	9.270413
130749306880	130742196736	7110144	512	7.359584
12491299840	12485744640	5555200	512	6.247638
83368635904	83363342336	5293568	512	9.407407
122704739328	122698810880	5928448	512	13.245105
126390792704	126383696896	7095808	512	15.466376
142753390592	142748989952	4400640	512	5.283397
58186675200	58181134848	5540352	512	10.049360
73276537856	73270482944	6054912	512	6.200695
142079853568	142074142208	5711360	512	10.224274
55519468544	55511358464	8110080	512	4.239930
159851926016	159847361536	4564480	512	5.564510
129533629440	129526630912	6998528	512	12.060045
31162756608	31155703808	7052800	512	6.372045
97621577728	97613250048	8327680	512	8.310537
89101805568	89095736832	6068736	512	12.265131
28584920064	28580453376	4466688	512	12.530977
5027188736	5020230144	6958592	512	1.997802
133724953600	133719866880	5086720	512	11.188380
101213705728	101207158272	6547456	512	10.858260
72915847680	72909097472	6750208	512	7.443379
41469446144	41463853056	5593088	512	6.366612
153609813504	153603137024	6676480	512	8.374455
88483338752	88478092288	5246464	512	5.733064
119772342272	119766718464	5623808	512	12.367833
94104582144	94097661440	6920704	512	10.952108
125570848768	125566237696	4611072	512	8.278684
319936000	312887808	7048192	512	11.651063
106505731584	106500679168	5052416	512	4.578408
54009839616	54003059712	6779904	512	8.515753
93642533376	93634828800	7704576	512	3.243351
114208492032	114201225216	7266816	512	7.289654
128141069312	128135869440	5199872	512	8.868626
98675630080	98670426624	5203456	512	2.080830
81324282880	81317205504	7077376	512	4.850240
105916216320	105910150144	6066176	512	3.997633
134314061824	134308093440	5968384	512	6.575314
133407405568	133400855552	6550016	512	9.879484
115547796480	115540709376	7087104	512	8.573831
64112768512	64105094656	7673856	512	8.507148
135290580480	135283059200	7521280	512	12.944505
62399439872	62393044480	6395392	512	12.000721
36220292096	36212263424	8028672	512	11.353131
127168663552	127160735744	7927808	512	11.195614
107535515648	107529949696	5565952	512	7.854954
108059314688	108054542336	4772352	512	8.326605
14403492864	14398145536	5347328	512	9.639169
22160122368	22153392640	6729728	512	7.834114
141723356160	141719157760	4198400	512	8.193099
121013905408	121007866368	6039040	512	9.266568
60180423168	60172827648	7595520	512	2.672052
88395746304	88387439104	8307200	512	6.985756
153514905600	153506997248	7908352	512	2.563022
105832602624	105826699264	5903360	512	15.345683
94449148416	94442861568	6286848	512	3.694274
65507748864	65503444992	4303872	512	10.179469
107743554048	107735608320	7945728	512	8.148197
94188808704	94184411136	4397568	512	6.321355
21604562944	21598915072	5647872	512	4.238254
8135468032	8128132608	7335424	512	14.036046
61738966016	61734490624	4475392	512	8.789897
91117284352	91111666688	5617664	512	6.078326
141455599104	141449887744	5711360	512	6.537653
14722372608	14717783040	4589568	512	9.485310
84491740672	84485821952	5918720	512	9.018061
31893489664	31888087552	5402112	512	3.359286
13058738688	13052228608	6510080	512	12.016243
134054115840	134049365504	4750336	512	9.856081
4480255488	4472011264	8244224	512	5.017595
145337940480	145329961984	7978496	512	3.930425
88228882432	88220936192	7946240	512	5.279237
100828363264	100820644864	7718400	512	13.109816
107108867584	107101969408	6898176	512	6.442905
27071243776	27066384384	4859392	512	3.020173
59730131968	59724274176	5857792	512	4.053120
15138369536	15133361664	5007872	512	5.824449
62279167488	62272929280	6238208	512	14.276853
18877302784	18872574464	4728320	512	3.906734
81033488384	81029016576	4471808	512	9.819979
31308880896	31303709696	5171200	512	6.953134
16839341568	16833175040	6166528	512	7.432756
8209350656	8202125824	7224832	512	6.990801
150624193024	150616177152	8015872	512	7.188978
85334598144	85326489088	8109056	512	7.951353
150369375232	150362529280	6845952	512	13.438827
133652115968	133647860224	4255744	512	7.425763
152956118016	152948115968	8002048	512	7.454582
47380569600	47375234048	5335552	512	2.699727
105516862464	105508552192	8310272	512	7.909215
63941261824	63933087744	8174080	512	8.303402
113336514560	113332050432	4464128	512	4.236226
109061771776	109056369152	5402624	512	12.630730
9919011328	9912744960	6266368	512	7.294129
50923772416	50917342720	6429696	512	5.326428
92683567104	92677612544	5954560	512	8.747548
37706497536	37698154496	8343040	512	10.263188
133509881344	133505071104	4810240	512	11.803745
35166826496	35159120384	7706112	512	11.939460
156677030400	156668981760	8048640	512	5.573885
91414183936	91408644608	5539328	512	11.953785
93100030976	93091861504	8169472	512	6.757380
29814374400	29807056384	7318016	512	10.447264
128444291584	128437705728	6585856	512	13.695874
118742588416	118737045504	5542912	512	3.855371
88915030016	88906780160	8249856	512	5.089035
15777793536	15772233728	5559808	512	11.743708
91777624576	91771831808	5792768	512	8.515512
158576119296	158571794944	4324352	512	4.073376
690609152	685918208	4690944	512	7.717852
61892715520	61885925888	6789632	512	8.327690
104860258816	104854425600	5833216	512	10.115328
125534820352	125529102848	5717504	512	3.482604
59134468096	59128553984	5914112	512	5.903566
88261310464	88254988800	6321664	512	10.237814
23125324288	23118977536	6346752	512	5.154191
155706103808	155700412928	5690880	512	3.109675
77790878208	77782857728	8020480	512	2.282789
132139501056	132134787584	4713472	512	2.484319
95848916992	95841288192	7628800	512	9.902036
35650940928	35646662656	4278272	512	2.386089
70335630336	70329176064	6454272	512	13.557658
61072484864	61066817536	5667328	512	10.454531
20636677632	20631160320	5517312	512	2.379948
152224448512	152218742272	5706240	512	11.033885
122073200128	122067493888	5706240	512	10.345514
74110215680	74104931840	5283840	512	9.109981
41547226112	41539054592	8171520	512	3.866076
90089580544	90083898368	5682176	512	10.764130
41693108224	41687431680	5676544	512	4.862748
62554535936	62546745856	7790080	512	6.299807
15780698624	15773331456	7367168	512	6.719126
149998233600	149993994240	4239360	512	3.596411
7236988928	7230721536	6267392	512	3.928151
1399907328	1395207680	4699648	512	7.561954
95808597504	95801267200	7330304	512	6.985899
68005494272	67999890432	5603840	512	7.991446
83264463360	83256951296	7512064	512	3.522029
100264338944	100260036608	4302336	512	11.709633
109386979840	109379016192	7963648	512	10.069730
71269518336	71263903232	5615104	512	10.366279
118924831232	118919582720	5248512	512	2.950200
49713618944	49706988032	6630912	512	5.992767
126733803008	126728828928	4974080	512	6.260314
125140603392	125132234240	8369152	512	11.218447
156273903616	156266004992	7898624	512	14.067420
50229285376	50221761536	7523840	512	1.951298
28314196480	28307281920	6914560	512	10.499472
62587432448	62582054400	5378048	512	6.683743
67280896000	67273921536	6974464	512	12.471344
5436594688	5429449216	7145472	512	3.271869
111977368576	111972070912	5297664	512	3.817611
120191927296	120186600960	5326336	512	7.760528
46519488000	46512652800	6835200	512	10.125172
84225350144	84220084224	5265920	512	11.498651
152093668864	152089318400	4350464	512	13.040643
8021069824	8012954624	8115200	512	9.429858
88407962624	88400580608	7382016	512	7.894842
97252045312	97245801984	6243328	512	4.591768
39698290688	39694053888	4236800	512	4.841633
54350180864	54345054208	5126656	512	3.898369
72644243968	72639790592	4453376	512	2.724670
17019052544	17013267456	5785088	512	13.599942
15605010432	15600283136	4727296	512	10.407665
2102431232	2097386496	5044736	512	12.836280
49848313344	49841973248	6340096	512	11.273239
110117242880	110108993024	8249856	512	3.569206
150091203072	150085216768	5986304	512	4.270609
123577819136	123570180096	7639040	512	10.191950
425857536	421171712	4685824	512	7.796696
5730108928	5725220864	4888064	512	2.554148
105288182272	105280398336	7783936	512	2.322349
60310833664	60306016768	4816896	512	3.341746
47059359232	47051447296	7911936	512	12.824904
68080401408	68076018176	4383232	512	4.138761
134573967872	134567747072	6220800	512	12.694607
94772620288	94768013824	4606464	512	10.485305
39404343808	39396550144	7793664	512	6.222074
82134288896	82127651840	6637056	512	2.272206
91916951552	91911689728	5261824	512	7.069464
76394914816	76387613184	7301632	512	11.548260
137239512064	137231346688	8165376	512	13.290941
127989165568	127981677056	7488512	512	7.720080
135087075328	135082003968	5071360	512	11.551203
4399027712	4394611200	4416512	512	3.489150
66725171200	66720044032	5127168	512	8.602602
60190894592	60183924736	6969856	512	4.997876
26863621632	26858202112	5419520	512	2.608587
73748446720	73740142592	8304128	512	12.367019
147699626496	147692657152	6969344	512	14.787763
23740464640	23735481856	4982784	512	8.039913
148350890496	148344289280	6601216	512	11.198355
124993100800	124986293248	6807552	512	9.387861
35572877824	35567541760	5336064	512	10.898180
138451307008	138445289984	6017024	512	5.259461
46683817984	46675430400	8387584	512	7.197453
126855746560	126847791104	7955456	512	8.707003
6498122752	6493798912	4323840	512	7.679954
158461938688	158456552960	5385728	512	8.406190
19200693248	19194077184	6616064	512	7.582536
103763730944	103755883008	7847936	512	3.399335
147445539840	147437381120	8158720	512	3.400559
58474276352	58466566144	7710208	512	11.698066
2715457536	2709811712	5645824	512	8.020573
84195354624	84189230080	6124544	512	9.863123
115092882432	115088459776	4422656	512	5.191359
12721739776	12717498880	4240896	512	9.010945
68603270144	68598022656	5247488	512	6.268555
153534055936	153526781440	7274496	512	12.309465
120020368384	120014899200	5469184	512	4.339158
18744074752	18736087552	7987200	512	7.210700
129042237440	129036522496	5714944	512	9.605416
5715639296	5708634112	7005184	512	7.424301
3552823808	3545556992	7266816	512	12.357022
135199752704	135193879040	5873664	512	10.819931
154659664384	154652975616	6688768	512	12.628602
157360793600	157355312640	5480960	512	8.502355
74811887616	74806494720	5392896	512	12.781554
112213588480	112207003648	6584832	512	2.466791
128908981248	128904581120	4400128	512	3.820795
101520075776	101513540608	6535168	512	7.124025
58687909376	58683573248	4336128	512	7.108182
30927907328	30921817600	6089728	512	2.145570
38424718848	38417972736	6746112	512	5.275823
131010791424	131004523008	6268416	512	4.845976
132647166976	132638973952	8193024	512	9.016962
57517756928	57509534208	8222720	512	12.904316
47608700928	47602936832	5764096	512	3.064456
118596590080	118592007168	4582912	512	3.234489
133908918272	133904505856	4412416	512	10.840042
155460751360	155455993344	4758016	512	12.504007
139830937600	139825649152	5288448	512	12.894618
80505521152	80499815936	5705216	512	3.741739
87754946048	87749466112	5479936	512	3.793617
30261798912	30253486592	8312320	512	11.278650
52016809984	52011196416	5613568	512	14.824635
99993748992	99988406272	5342720	512	9.702220
80687043072	80679940608	7102464	512	13.231010
66633872384	66627668480	6203904	512	6.717028
84558012416	84551371264	6641152	512	9.930291
130697338880	130689485312	7853568	512	13.029989
121606964224	121601714688	5249536	512	11.185772
62478350848	62471365120	6985728	512	12.269974
146854408192	146846134784	8273408	512	4.539149
65645171200	65640551424	4619776	512	8.907371
11932995584	11924652544	8343040	512	10.237205
90389394944	90383161856	6233088	512	1.922628
111780419072	111773940224	6478848	512	4.876371
52834212352	52829755904	4456448	512	9.159839
62030164480	62022268928	7895552	512	2.518321
70099307520	70091002368	8305152	512	2.254878
56244483072	56239128576	5354496	512	8.343095
75509168640	75502428160	6740480	512	2.075245
126060596224	126052462080	8134144	512	4.169641
47083107840	47078131200	4976640	512	9.388772
104699193856	104694261248	4932608	512	4.104550
118630666752	118622832128	7834624	512	6.806734
76833734144	76828836864	4897280	512	3.680574
117942188544	117933849088	8339456	512	13.226391
82144712192	82139596800	5115392	512	8.471449
41592856576	41585477632	7378944	512	12.567929
91889853952	91883247104	6606848	512	15.232524
55839577600	55833341952	6235648	512	6.449972
10040867840	10034801664	6066176	512	2.939019
147145689088	147140021248	5667840	512	3.509947
133896914432	133892270080	4644352	512	3.735810
119120472064	119113646592	6825472	512	11.959248
130432407552	130424720896	7686656	512	7.621261
94923703808	94917037568	6666240	512	2.505736
15603949056	15596255744	7693312	512	8.669959
54622794240	54616716288	6077952	512	10.909047
256199680	250384384	5815296	512	11.319244
98429237760	98423025152	6212608	512	8.863614
19574115840	19566980096	7135744	512	12.497238
147578827264	147570606592	8220672	512	12.452563
134369695232	134365147136	4548096	512	4.911943
2497161216	2492821504	4339712	512	4.937863
31393543168	31386081792	7461376	512	5.069742
116655057920	116650554368	4503552	512	3.733928
70345185792	70336942080	8243712	512	6.952725
72612121600	72606715392	5406208	512	8.072098
137518617600	137510308864	8308736	512	10.908821
119168998400	119161061888	7936512	512	11.990595
122938397696	122934177280	4220416	512	5.791284
150039111680	150034254848	4856832	512	13.024665
39831022080	39825504768	5517312	512	7.726119
44727706624	44721868800	5837824	512	12.521676
37285741568	37280647680	5093888	512	11.571093
28705963008	28698651136	7311872	512	7.057681
142934472192	142926570496	7901696	512	5.362267
128251609600	128245242368	6367232	512	11.674847
71328583168	71322011648	6571520	512	2.757959
86058919936	86050702848	8217088	512	9.989876
121039633408	121033052672	6580736	512	5.534141
121007618560	121001994240	5624320	512	9.939716
78829391360	78824768000	4623360	512	3.633242
18367498752	18359762944	7735808	512	10.092971
88273647616	88267602944	6044672	512	4.791965
50529306624	50521731584	7575040	512	5.069429
128858260992	128850590720	7670272	512	5.844403
86397109248	86391208448	5900800	512	10.093646
50260397056	50254202368	6194688	512	3.218156
63778344448	63770287104	8057344	512	10.565617
113976776192	113969812992	6963200	512	4.820307
20225684992	20218876928	6808064	512	6.298436
43738232832	43731168768	7064064	512	2.629868
30346922496	30339686912	7235584	512	8.384515
25940188672	25933065728	7122944	512	12.101466
98574753280	98568456704	6296576	512	12.169332
98929236480	98925008384	4228096	512	5.682519
105799835648	105794825216	5010432	512	5.523277
87389346816	87381427712	7919104	512	11.819829
15021964800	15017566720	4398080	512	13.201890
4460786688	4454284288	6502400	512	15.057981
47458774016	47453164032	5609984	512	3.609627
14465257984	14460066816	5191168	512	7.309701
88060024320	88054683648	5340672	512	2.603903
123337975296	123332837888	5137408	512	10.114929
116429361152	116424751104	4610048	512	12.011543
130409857024	130402496512	7360512	512	6.839735
64513492480	64508791808	4700672	512	7.364133
55120883712	55116392448	4491264	512	4.356353
150674475520	150667975168	6500352	512	6.262882
84732339712	84726269440	6070272	512	12.211789
154546531840	154539565568	6966272	512	9.888201
145143721984	145139124736	4597248	512	9.180741
132485004800	132478017536	6987264	512	12.355929
6816424448	6811006976	5417472	512	3.045890
139785292800	139777446912	7845888	512	5.410113
131104737792	131099381248	5356544	512	8.431318
88419788800	88413684224	6104576	512	6.823825
13451777536	13446343168	5434368	512	8.197223
85964612096	85957371392	7240704	512	15.173644
39087847936	39081046016	6801920	512	2.804070
891505152	883557376	7947776	512	10.074594
13721911808	13715627008	6284800	512	3.619770
142157533184	142152218624	5314560	512	4.270667
59360362496	59355590656	4771840	512	8.377920
61459506176	61455213568	4292608	512	8.006454
114068694528	114061086208	7608320	512	8.881746
30327567360	30321534464	6032896	512	12.403046
106813554688	106805997568	7557120	512	13.090184
30392284160	30384792576	7491584	512	10.124545
17588912128	17583406080	5506048	512	10.682873
37952983552	37947488256	5495296	512	10.760988
144052073984	144045142016	6931968	512	11.944469
4080884736	4075758080	5126656	512	2.092472
110062555648	110054287872	8267776	512	3.112267
150245852672	150238184960	7667712	512	12.831927
86085370880	86078508032	6862848	512	8.939385
75875261440	75869642752	5618688	512	5.406917
131233004544	131225335808	7668736	512	13.306335
114535092224	114530766848	4325376	512	12.868510
9700231680	9692719616	7512064	512	11.600821
67119797248	67115252736	4544512	512	10.335645
12304210944	12296667648	7543296	512	11.054792
102956078080	102948257280	7820800	512	10.872464
66951538176	66946819584	4718592	512	13.321596
32321905152	32315512832	6392320	512	12.618005
23291500032	23283314688	8185344	512	2.737185
18875887104	18870151168	5735936	512	6.931907
62561049088	62554275840	6773248	512	5.210599
150331820032	150325080576	6739456	512	7.047615
82113799680	82108365312	5434368	512	7.526176
42053017600	42046525952	6491648	512	8.798493
148550379008	148545059328	5319680	512	2.663537
54970320384	54964439552	5880832	512	6.137993
52863995392	52856546304	7449088	512	11.100511
30947174912	30941379584	5795328	512	10.678619
146826398208	146821812736	4585472	512	5.003177
100950219776	100942701568	7518208	512	4.984772
3997756416	3991751168	6005248	512	3.990611
141817612800	141809738240	7874560	512	6.156650
53842584576	53838113280	4471296	512	2.869334
17816266752	17808382464	7884288	512	4.489540
92199846912	92194648576	5198336	512	11.345278
130873574400	130869201920	4372480	512	4.542626
124205553664	124200542720	5010944	512	2.151757
76450974720	76444094976	6879744	512	5.043277
104852599296	104847407104	5192192	512	8.402683
72313713664	72305807872	7905792	512	2.300133
157280559616	157274191872	6367744	512	2.654684
90144606208	90140198400	4407808	512	12.997059
132710455296	132704697856	5757440	512	8.458861
132125629440	132119836160	5793280	512	5.783473
111710118400	111701806080	8312320	512	15.402258
109869308928	109864483840	4825088	512	9.595013
18311296000	18304238080	7057920	512	10.924709
6277462528	6271007232	6455296	512	10.203636
17867676672	17860730880	6945792	512	4.671602
25779299840	25771527680	7772160	512	5.455789
3760130048	3755328512	4801536	512	5.789012
124108738560	124103007232	5731328	512	8.811532
63563377664	63557276160	6101504	512	8.750039
85735221248	85729935872	5285376	512	7.779819
69340853760	69333444608	7409152	512	2.386134
47329803776	47321955840	7847936	512	7.276586
30711190528	30705247232	5943296	512	7.689107
143871984128	143866327552	5656576	512	8.000557
59620562944	59613906944	6656000	512	9.631010
103758308352	103753990144	4318208	512	7.578244
29939733504	29933229568	6503936	512	6.281535
63464559616	63460099072	4460544	512	2.598543
87458526208	87452019200	6507008	512	7.716445
5350015488	5342388224	7627264	512	9.878373
135915858432	135908172800	7685632	512	9.695511
34175687680	34169500160	6187520	512	12.209918
151677486592	151670491136	6995456	512	6.162064
606811648	601325056	5486592	512	11.029770
127175596032	127170138624	5457408	512	6.805740
11364793344	11358249472	6543872	512	11.377893
90961629184	90953475584	8153600	512	12.647909
74815414784	74809359360	6055424	512	6.986627
97610784256	97602674688	8109568	512	11.618071
159271212032	159265910272	5301760	512	10.262795
151977619968	151971668992	5950976	512	3.672252
9537594880	9532291584	5303296	512	6.609343
119478213632	119471058432	7155200	512	4.111722
33951523840	33944574976	6948864	512	11.487331
9893571584	9889218560	4353024	512	7.168796
94389297152	94381970944	7326208	512	11.791938
6507393024	6500440064	6952960	512	13.193620
10415671808	10408478208	7193600	512	8.332230
88530418688	88522701824	7716864	512	6.633087
94852879360	94845047296	7832064	512	12.484505
124018990592	124011587072	7403520	512	10.261643
95394277888	95388340736	5937152	512	12.707852
154448266240	154440840704	7425536	512	7.795704
150875700736	150868716544	6984192	512	8.901190
80708026880	80703680512	4346368	512	2.381721
66834013696	66826344960	7668736	512	8.589921
89134253056	89126284800	7968256	512	10.851040
45914807808	45909992448	4815360	512	8.811108
42953260032	42947057152	6202880	512	5.495978
118645033984	118637200384	7833600	512	8.555929
160011672576	160006883328	4789248	512	9.406694
144563099648	144557808640	5291008	512	11.637250
154133950464	154129334272	4616192	512	6.412429
113412755968	113406159872	6596096	512	2.227454
140226144768	140219440640	6704128	512	5.467392
81786390528	81782010368	4380160	512	7.508080
129966676480	129958798848	7877632	512	12.567741
71960448512	71952265728	8182784	512	5.077166
67613650944	67608556544	5094400	512	11.215469
39461900288	39455590400	6309888	512	6.319620
66339380224	66331880448	7499776	512	5.940356
7606837760	7598536704	8301056	512	2.266910
83089952256	83081701888	8250368	512	9.277674
125583314944	125576396288	6918656	512	6.999442
90682308096	90674204672	8103424	512	8.390105
140664556544	140657441792	7114752	512	7.401487
57804218880	57796271616	7947264	512	3.278308
52257752576	52251775488	5977088	512	11.058827
159326905856	159322035200	4870656	512	11.218352
150019248128	150014722048	4526080	512	4.906835
106576449536	106568167936	8281600	512	2.848031
84187649536	84179805696	7843840	512	8.537026
15633976832	15627228672	6748160	512	5.541834
7665592832	7660962304	4630528	512	11.989588
69057991680	69052638208	5353472	512	2.538087
21379881984	21371525120	8356864	512	8.641807
24647519744	24642533376	4986368	512	7.995313
88271158272	88263566336	7591936	512	7.741055
84023431168	84016371200	7059968	512	6.402892
20007729664	20000311808	7417856	512	2.254101
102221161984	102213024256	8137728	512	11.812134
113439802368	113435010048	4792320	512	6.094905
49650491904	49645184000	5307904	512	9.138018
19818319360	19813259264	5060096	512	9.197908
25007068672	24999221760	7846912	512	5.637485
36119741952	36114826240	4915712	512	11.811571
62771547648	62767224320	4323328	512	14.957428
29311859200	29306480128	5379072	512	9.625144
4024302592	4016093184	8209408	512	3.750397
69440519680	69432656384	7863296	512	3.149313
76240760832	76232688640	8072192	512	9.411460
32474406400	32469931008	4475392	512	10.076578
67890862592	67885798912	5063680	512	11.579166
36514557440	36509540352	5017088	512	11.842002
64158288384	64154022400	4265984	512	12.745157
60528630272	60522316288	6313984	512	4.607917
49482042880	49475342848	6700032	512	2.404363
7348016128	7342824448	5191680	512	8.537778
126179342848	126174084096	5258752	512	11.840111
127992049152	127985315840	6733312	512	11.545020
23478475776	23473450496	5025280	512	7.177080
93025326080	93017298944	8027136	512	12.906918
90947084800	90940065280	7019520	512	12.361576
93424490496	93418723840	5766656	512	4.034844
63513583616	63505516544	8067072	512	12.199981
52637977088	52632678912	5298176	512	11.313952
58121446400	58116321792	5124608	512	3.948030
130470279680	130462770176	7509504	512	6.228303
21425159168	21417427456	7731712	512	10.137084
16710449152	16705154048	5295104	512	5.136837
4116224512	4107835904	8388608	512	6.697258
64587437056	64579505664	7931392	512	1.848408
135779069952	135770954752	8115200	512	12.282503
83955530752	83947480064	8050688	512	9.165417
129827334656	129819403264	7931392	512	4.701873
62366934016	62359999488	6934528	512	9.265560
150362708480	150357914624	4793856	512	6.673504
79388498432	79383157760	5340672	512	9.647446
158331899904	158323657216	8242688	512	10.351868
30859725824	30855174656	4551168	512	11.102345
53003205632	52996753920	6451712	512	5.244437
29799706112	29794382336	5323776	512	12.426700
109776825856	109771927552	4898304	512	3.623076
1797107200	1792360960	4746240	512	6.494162
56912549376	56907948032	4601344	512	9.210738
156862781952	156854749184	8032768	512	4.439780
130919465984	130912884224	6581760	512	11.770753
129831003136	129823057408	7945728	512	6.125758
120976369664	120968705024	7664640	512	10.748772
90908737024	90903363072	5373952	512	1.820215
151798125056	151793449984	4675072	512	11.839971
62085272576	62079872000	5400576	512	3.354597
9576436224	9569282560	7153664	512	10.979718
82252355584	82247110656	5244928	512	12.000000
79614776832	79606914560	7862272	512	3.690519
85250505216	85244710400	5794816	512	9.714601
69141189120	69133761536	7427584	512	2.032468
76775606784	76767535616	8071168	512	4.082460
157673878016	157666615296	7262720	512	9.812030
57983940608	57979236352	4704256	512	7.292667
150333508096	150325120512	8387584	512	3.476804
33604228096	33598993408	5234688	512	6.250390
101732836864	101725471232	7365632	512	6.431916
141956607488	141950251008	6356480	512	12.166997
44683376640	44677635584	5741056	512	5.304667
73651254784	73646097920	5156864	512	5.122945
29135925760	29127590400	8335360	512	11.871486
56058780160	56052191232	6588928	512	10.502269
100260528128	100252487168	8040960	512	10.932776
119750462976	119742723072	7739904	512	10.002918
142900810752	142895063552	5747200	512	5.541011
151684972544	151679406080	5566464	512	9.380153
126819368448	126812568576	6799872	512	11.768407
50718817792	50713928192	4889600	512	12.081859
61839912448	61831888896	8023552	512	11.148265
114624224256	114617101824	7122432	512	4.850624
12443022336	12436777472	6244864	512	9.220006
72533984768	72529088512	4896256	512	1.847710
35157229568	35150420992	6808576	512	14.458417
46803078656	46795721216	7357440	512	10.850705
119659348480	119652939776	6408704	512	5.941280
156793718272	156786187776	7530496	512	13.102410
149097916928	149091719680	6197248	512	6.433625
132555610624	132549436928	6173696	512	7.317530
19165439488	19158114816	7324672	512	5.352552
142715337728	142710638592	4699136	512	10.565091
149532977664	149526623232	6354432	512	9.420791
99998292992	99990364672	7928320	512	11.120966
153367454208	153362754560	4699648	512	12.758262
127258937856	127254376960	4560896	512	3.789379
606511616	599330304	7181312	512	8.585524
62553871872	62545804288	8067584	512	10.355186
139620709888	139613885952	6823936	512	3.821204
56889503744	56882355200	7148544	512	8.312118
24945054208	24940537856	4516352	512	9.002802
118527436800	118520550400	6886400	512	7.545598
3543949824	3538345984	5603840	512	10.863584
49479593472	49475356160	4237312	512	10.075765
13289936896	13283155968	6780928	512	6.833819
155384852992	155380567552	4285440	512	3.540076
94379206144	94374332416	4873728	512	3.836281
134224454144	134216272896	8181248	512	3.767346
27227453440	27221964800	5488640	512	9.183593
113655460352	113650967552	4492800	512	4.104846
126201749504	126196690944	5058560	512	5.817138
11503644160	11497083392	6560768	512	10.244205
72037977600	72033242624	4734976	512	6.657121
112471140864	112463731200	7409664	512	4.053153
143511769600	143505970176	5799424	512	7.657191
53208912384	53200984064	7928320	512	7.674547
5094005760	5089059840	4945920	512	6.797361
43639708160	43634896896	4811264	512	6.343525
37385681408	37378422784	7258624	512	4.639518
154476604928	154468875776	7729152	512	6.688407
145762394112	145756632576	5761536	512	2.474125
21415526400	21410669056	4857344	512	12.258896
114328837120	114323561984	5275136	512	12.837176
9600524288	9594396672	6127616	512	6.217728
152725323264	152718240768	7082496	512	2.996225
70069132800	70061159936	7972864	512	14.936401
97416483840	97408475136	8008704	512	9.092726
138980231680	138973012480	7219200	512	9.145911
12704920064	12699909632	5010432	512	5.785452
32646026240	32640878592	5147648	512	4.971138
37977523200	37970158080	7365120	512	1.768077
60651596800	60644623360	6973440	512	6.688520
139464383488	139456417280	7966208	512	5.261203
39340540416	39335213056	5327360	512	4.939677
106059869184	106052428288	7440896	512	12.685414
143922677248	143917254144	5423104	512	9.061023
116568842240	116561640960	7201280	512	3.666900
133089961984	133081811456	8150528	512	6.748719
86147033600	86138896896	8136704	512	7.417918
66953557504	66946892800	6664704	512	7.002746
157432265216	157424929792	7335424	512	7.353181
104826700800	104821176320	5524480	512	9.811196
14765162496	14759739392	5423104	512	2.985984
92088557568	92082152448	6405120	512	7.050837
98840038400	98832161280	7877120	512	9.645909
113485838336	113480230400	5607936	512	2.091713
134587723264	134580264448	7458816	512	11.328477
66428214784	66423537664	4677120	512	7.837054
9899570688	9894512640	5058048	512	6.058750
15389541376	15385302016	4239360	512	9.045842
125703222272	125697072128	6150144	512	7.871159
47752214016	47746506240	5707776	512	5.897185
17328879616	17321711104	7168512	512	8.720606
90919757312	90913979904	5777408	512	2.706779
22841528832	22836197376	5331456	512	4.143065
104263599616	104258132480	5467136	512	11.162684
117387390976	117381668864	5722112	512	6.899295
141594378752	141588581376	5797376	512	9.369729
26120685056	26115387904	5297152	512	2.938112
25676147712	25668228096	7919616	512	5.816958
103285424128	103280347648	5076480	512	12.758525
84762104832	84757640704	4464128	512	4.028786
71400010240	71394061312	5948928	512	2.342894
49313688064	49308847616	4840448	512	11.781790
3257788416	3252917248	4871168	512	8.108048
41979362304	41973488640	5873664	512	4.519137
50967090176	50959770624	7319552	512	4.124466
10283236864	10278716928	4519936	512	10.576715
22056970240	22051438080	5532160	512	12.785789
119339318784	119333324288	5994496	512	10.301421
150826594304	150821608448	4985856	512	2.839684
3206302720	3199311360	6991360	512	12.192106
37250711040	37243880448	6830592	512	8.405405
134542775808	134538308608	4467200	512	11.344965
44513559040	44505797120	7761920	512	9.158727
146884636672	146876544000	8092672	512	13.249344
15405067264	15400462848	4604416	512	10.870433
156615091712	156609180160	5911552	512	9.517337
78278020096	78270990336	7029760	512	7.107168
117636541440	117628815872	7725568	512	6.171462
41826693632	41819287552	7406080	512	12.015274
65626320384	65620547584	5772800	512	5.622931
46085451264	46078565888	6885376	512	9.073786
120672493056	120666701312	5791744	512	4.041521
79374774272	79368156160	6618112	512	11.885221
68215451136	68210973696	4477440	512	2.113601
58552296960	58544803840	7493120	512	10.124311
120903903744	120896991744	6912000	512	3.868884
23848158208	23841691648	6466560	512	6.866272
60823143424	60817284608	5858816	512	8.707676
12039853568	12035294208	4559360	512	2.023932
136494132224	136487601152	6531072	512	14.156198
123041214464	123034229248	6985216	512	12.877352
90936676864	90930790400	5886464	512	14.187295
29600865792	29594359296	6506496	512	9.727189
49924572672	49919890944	4681728	512	11.327436
145865298944	145856961024	8337920	512	2.176410
43963340800	43959009792	4331008	512	11.426824
130926788096	130921678336	5109760	512	12.683823
68791694848	68785972224	5722624	512	6.543318
29312912896	29306812928	6099968	512	4.678799
123146105856	123140424192	5681664	512	6.106060
131692992000	131684726784	8265216	512	7.193864
36503339008	36497978880	5360128	512	10.490590
4111278592	4106779136	4499456	512	4.794294
113370032128	113364516864	5515264	512	8.238524
127052915712	127044773376	8142336	512	6.859991
111538044928	111530353664	7691264	512	5.659535
28240841728	28233078784	7762944	512	8.499415
14465455104	14457134592	8320512	512	3.710016
95879162368	95874651136	4511232	512	3.509927
15666378752	15662019072	4359680	512	4.506883
59156819456	59149153792	7665664	512	3.169984
34033055744	34027576320	5479424	512	11.335815
44936578560	44930915840	5662720	512	6.921949
112369468928	112361356288	8112640	512	6.683240
44754437632	44746396160	8041472	512	3.271018
77942731776	77937448960	5282816	512	2.700899
153266461696	153258896384	7565312	512	12.938329
145049333248	145043065344	6267904	512	8.517042
100410095616	100404973056	5122560	512	7.203520
49107740160	49099846144	7894016	512	6.568618
91234445312	91228517888	5927424	512	3.986565
159283399680	159276282880	7116800	512	9.080198
6996459520	6989391872	7067648	512	9.526737
29942353920	29937265664	5088256	512	11.427863
141311953920	141306847232	5106688	512	2.737651
114034385408	114027625984	6759424	512	9.541472
19328343552	19323084800	5258752	512	5.839070
113414533632	113409639936	4893696	512	3.733393
9236031488	9231288832	4742656	512	6.543659
49224183808	49219347968	4835840	512	9.039274
87273084416	87268636672	4447744	512	12.163906
17531193856	17523719680	7474176	512	2.924558
135940897280	135935635456	5261824	512	4.739053
159089595392	159083892224	5703168	512	5.146219
72275493888	72267157504	8336384	512	11.654386
11922439168	11917964800	4474368	512	10.123803
82328445952	82322142720	6303232	512	8.942896
87305383936	87300183040	5200896	512	5.587370
75276847616	75272209920	4637696	512	6.000687
11606991872	11602545664	4446208	512	12.220510
103546439168	103538277376	8161792	512	5.546863
91578172416	91570747904	7424512	512	12.588431
13578307584	13572602880	5704704	512	7.480560
16141984256	16134955008	7029248	512	11.438587
147699269632	147692724736	6544896	512	13.069608
90822111232	90813767168	8344064	512	3.191459
120901082624	120893575168	7507456	512	7.318807
112016013824	112007820288	8193536	512	4.829321
111491691008	111486141952	5549056	512	7.458259
27134767616	27127038464	7729152	512	6.161558
75397966336	75392082432	5883904	512	11.376811
12471527424	12463556096	7971328	512	4.123661
141164018176	141158680576	5337600	512	8.294190
118923791360	118918046720	5744640	512	9.185019
135598861824	135594062848	4798976	512	7.681691
157381103104	157374707712	6395392	512	12.894322
155092818432	155087137280	5681152	512	7.688768
2997632512	2991015424	6617088	512	9.975300
25500256768	25495709184	4547584	512	11.166701
68621741056	68614179328	7561728	512	11.763370
86010966016	86004222464	6743552	512	2.751132
6033541120	6027617792	5923328	512	4.207313
136630926848	136626026496	4900352	512	11.060634
122614398976	122607090176	7308800	512	8.776594
126498062336	126493830144	4232192	512	8.104187
20611991552	20603840000	8151552	512	8.395610
143917107200	143911085568	6021632	512	11.697808
60495375872	60489837056	5538816	512	4.274789
138324985344	138318285312	6700032	512	5.924606
59615911936	59611096064	4815872	512	10.636301
86390622720	86382941184	7681536	512	3.815896
99302175232	99295434752	6740480	512	12.102969
111982969856	111977310208	5659648	512	4.930409
85765435392	85757166080	8269312	512	10.178354
62063068160	62057087488	5980672	512	12.753632
153702231552	153695741440	6490112	512	4.531161
115575511552	115570172928	5338624	512	2.967238
87190190080	87183834624	6355456	512	4.613226
7648548352	7643664384	4883968	512	2.647051
64490881024	64486060032	4820992	512	7.963907
10204046848	10198409216	5637632	512	8.162902
108289414656	108282444288	6970368	512	10.904815
55228325376	55223769600	4555776	512	10.124672
6233516544	6227687936	5828608	512	12.846796
83784378880	83777788416	6590464	512	10.900431
133580852224	133574505472	6346752	512	9.643991
156992716288	156987950080	4766208	512	10.384187
13146131456	13140517888	5613568	512	9.058523
104274863616	104266503168	8360448	512	10.373069
56876210688	56871824896	4385792	512	12.509893
151578842624	151573032448	5810176	512	15.581022
71407715840	71399706112	8009728	512	11.376774
11918498304	11911974400	6523904	512	2.535395
18932367360	18927314432	5052928	512	5.088945
78533346304	78525887488	7458816	512	8.485761
14046484480	14041560576	4923904	512	11.643769
28489311744	28483872256	5439488	512	13.410908
15067347968	15062900224	4447744	512	10.580416
101037992960	101032312320	5680640	512	11.191482
101816655872	101812141568	4514304	512	12.059170
111868151808	111863143424	5008384	512	12.237349
41058848768	41052312576	6536192	512	2.428034
1103481344	1098908672	4572672	512	9.761757
131955507200	131948430336	7076864	512	3.062642
49376092672	49370960384	5132288	512	6.996569
76264127488	76256971264	7156224	512	11.632033
69838086144	69829855232	8230912	512	7.188060
50424076288	50416019456	8056832	512	1.926830
63908213248	63901976064	6237184	512	6.075963
32602472448	32596000256	6472192	512	11.147746
4905217024	4900981760	4235264	512	6.876382
41131853312	41124236288	7617024	512	5.833878
84475411456	84467579392	7832064	512	8.328705
10899962368	10895577600	4384768	512	2.308251
106902327808	106897125376	5202432	512	6.032464
117730119168	117724327936	5791232	512	4.970282
437533696	431516672	6017024	512	3.783563
131714076160	131709085184	4990976	512	6.391933
46929161728	46922322432	6839296	512	10.019301
13255289856	13248352768	6937088	512	10.415904
149189497856	149184740864	4756992	512	9.479897
107099772416	107095512576	4259840	512	10.677133
112331801088	112326947840	4853248	512	4.603781
34272305152	34265805312	6499840	512	3.040038
140650898432	140646682624	4215808	512	6.234141
32533207040	32526919168	6287872	512	5.534092
21026081792	21018153984	7927808	512	7.344109
117375602176	117370958336	4643840	512	5.734097
63181761024	63177334272	4426752	512	3.234957
29134008320	29127095808	6912512	512	9.103911
152546733568	152539288064	7445504	512	4.000697
130024829440	130019234304	5595136	512	6.282375
109676358144	109671067648	5290496	512	8.687859
1502118400	1496081920	6036480	512	7.811198
59173775872	59166274048	7501824	512	7.320566
85076291072	85071097856	5193216	512	3.002459
104411397632	104404556288	6841344	512	7.569534
30264855040	30256837632	8017408	512	6.023431
2424764928	2420567552	4197376	512	7.970203
114333123072	114325588992	7534080	512	9.954226
6459952128	6455035904	4916224	512	7.315337
84357597184	84353097216	4499968	512	5.171335
145532650496	145526827520	5822976	512	7.316242
27773651968	27769391104	4260864	512	4.097889
70145839616	70137902592	7937024	512	12.815636
147567509504	147559541760	7967744	512	6.545471
102879511552	102871426560	8084992	512	8.452105
608317440	600196096	8121344	512	9.314984
73402191360	73394905088	7286272	512	6.864779
39704497664	39698757120	5740544	512	6.832620
21778267136	21771575296	6691840	512	3.140689
153152424448	153146383872	6040576	512	10.325718
18727141888	18719689216	7452672	512	3.291055
116255323136	116249083904	6239232	512	12.067552
109498100736	109491837440	6263296	512	5.976851
131904264704	131897300480	6964224	512	2.924598
89215692288	89207353856	8338432	512	6.312576
8047071232	8041768448	5302784	512	5.163814
132684723200	132678414848	6308352	512	3.793539
14285079552	14278610432	6469120	512	5.198680
5487955968	5482437120	5518848	512	2.954031
73956746752	73949457920	7288832	512	11.831965
35188019712	35180898304	7121408	512	12.691575
128132989952	128128271872	4718080	512	2.794679
13620431360	13612621824	7809536	512	10.207731
77592834560	77585061376	7773184	512	7.309009
65481984000	65477574144	4409856	512	3.513199
126684986368	126679571456	5414912	512	6.068144
141651319808	141644858880	6460928	512	7.372787
145643935232	145637014016	6921216	512	7.056826
149902071296	149895476224	6595072	512	5.758238
97874627584	97869705216	4922368	512	7.444172
85938562560	85932731392	5831168	512	5.961633
83203715072	83199081984	4633088	512	6.012395
55382178816	55376988672	5190144	512	11.905783
74763711488	74756507136	7204352	512	4.140492
83639936512	83634114048	5822464	512	7.666197
133202871296	133197734400	5136896	512	12.680388
143010838528	143006153728	4684800	512	7.326994
108317446656	108309346304	8100352	512	6.979136
49303429120	49296830976	6598144	512	10.696840
133273071104	133268801024	4270080	512	4.040254
146335312896	146330594816	4718080	512	5.298404
155739629568	155732249088	7380480	512	8.667338
21263519232	21255459328	8059904	512	3.313655
61865857024	61859726848	6130176	512	1.876278
72152807424	72147484672	5322752	512	3.272340
121525802496	121520331776	5470720	512	11.312048
143938885120	143932969984	5915136	512	4.307822
57212790784	57206236672	6554112	512	3.359866
41369606656	41362812928	6793728	512	2.500221
99429292544	99423087104	6205440	512	4.692413
32014644736	32009991168	4653568	512	6.961636
89447356928	89441781248	5575680	512	8.705897
26244879872	26240172032	4707840	512	8.479504
136043640320	136037956096	5684224	512	5.266042
103209765888	103201657344	8108544	512	8.499523
60673966592	60666545664	7420928	512	11.728860
48284567552	48277081600	7485952	512	3.936258
103138093568	103130351616	7741952	512	3.242597
93556701696	93548646400	8055296	512	2.947261
27178787328	27170857472	7929856	512	12.138666
133591536128	133584763904	6772224	512	4.155287
150008845824	150004429824	4416000	512	9.801669
9682329600	9677803008	4526592	512	10.775298
17470282240	17463410688	6871552	512	3.404953
41453507072	41446712832	6794240	512	3.628516
74506746368	74498818560	7927808	512	8.686225
113890417664	113884473344	5944320	512	7.829981
153972336640	153967794688	4541952	512	10.430261
38634048512	38626595840	7452672	512	9.273076
95849239552	95843249152	5990400	512	7.643803
49802211328	49794196480	8014848	512	3.857727
89531846144	89526941184	4904960	512	10.328156
100144593920	100140006912	4587008	512	8.394633
115272189440	115265558016	6631424	512	12.497117
72159353856	72152776192	6577664	512	4.390762
38014602240	38006476288	8125952	512	5.425289
61385368576	61378749952	6618624	512	9.829908
30190694400	30184742912	5951488	512	6.180733
113015332864	113009473024	5859840	512	11.397961
85418320384	85412603904	5716480	512	10.169872
652001792	646811136	5190656	512	8.536583
88039067648	88031020544	8047104	512	3.130775
11899443712	11893681664	5762048	512	6.521569
51029446144	51023478272	5967872	512	8.304450
22957963264	22953563136	4400128	512	4.272725
149020305920	149015612928	4692992	512	10.106562
114198695424	114192377344	6318080	512	10.344166
3030938112	3025957888	4980224	512	12.067148
79547533312	79543254016	4279296	512	1.909241
70062389760	70054278144	8111616	512	20.579141
68270938112	68263246848	7691264	512	8.200310
101536599552	101529881088	6718464	512	12.579577
5137263616	5132402688	4860928	512	4.414171
126828740608	126822725632	6014976	512	11.309322
106049763328	106044304896	5458432	512	11.331434
83028918784	83021897728	7021056	512	7.356022
47460592128	47454414336	6177792	512	2.599899
153650954240	153644391936	6562304	512	5.792061
77773050368	77764879360	8171008	512	8.636813
37120748544	37114827264	5921280	512	9.794436
152703172096	152695040000	8132096	512	10.347063
31783728640	31777742848	5985792	512	2.586113
6015345152	6008133120	7212032	512	8.978205
22610963968	22603318272	7645696	512	12.377798
29548587520	29542025728	6561792	512	4.918840
108316419072	108308431360	7987712	512	14.024255
62922369536	62915168256	7201280	512	8.170649
64794675200	64786773504	7901696	512	4.220364
111607959040	111602134016	5825024	512	12.143619
120380164608	120375821312	4343296	512	8.348193
108306516480	108298869248	7647232	512	5.342882
151288420864	151281567744	6853120	512	11.283193
122737109504	122731547648	5561856	512	12.884678
57285199872	57277400064	7799808	512	3.445035
42348462080	42343680000	4782080	512	11.596387
118920692224	118916290048	4402176	512	10.154485
21545958400	21539761152	6197248	512	1.986251
82444893184	82439217664	5675520	512	11.086865
94889537024	94882772480	6764544	512	7.965557
45234168320	45229523968	4644352	512	2.646991
11965236736	11957864960	7371776	512	8.388986
131328862208	131322470400	6391808	512	12.761184
137937884160	137932776448	5107712	512	5.115513
15007734272	15000121856	7612416	512	2.360285
41458051072	41452996608	5054464	512	6.736239
54474812416	54469418496	5393920	512	6.163762
39463301632	39459000832	4300800	512	1.998459
98466359808	98461278208	5081600	512	4.000697
101277508096	101269840896	7667200	512	8.502332
156620129792	156612565504	7564288	512	14.832378
102679266816	102671088640	8178176	512	5.134773
56957530112	56952187392	5342720	512	4.491947
123157238272	123150515712	6722560	512	8.612685
20614559744	20606473216	8086528	512	9.465363
44251067392	44246484992	4582400	512	5.171313
150857682432	150849385472	8296960	512	6.142202
144458643968	144452065280	6578688	512	10.661426
60452438528	60445183488	7255040	512	13.711414
10550564864	10544828928	5735936	512	12.570770
17776952320	17771232768	5719552	512	1.862761
80277420544	80270414336	7006208	512	7.712412
141825057792	141820086272	4971520	512	12.635233
34786013696	34778536448	7477248	512	9.166168
33435349504	33429448704	5900800	512	2.351282
136765042688	136756873728	8168960	512	4.163716
36498472448	36492877824	5594624	512	6.332973
79335040512	79329264640	5775872	512	2.376777
94768444928	94763634176	4810752	512	5.366258
17326489600	17320714752	5774848	512	5.566805
32843861504	32839161344	4700160	512	3.560394
98389364736	98384505344	4859392	512	12.837713
2149348352	2142934528	6413824	512	6.398100
50759337472	50750961664	8375808	512	10.804551
39462524416	39455878144	6646272	512	9.848655
20166005248	20161376256	4628992	512	2.667561
83824281088	83817732608	6548480	512	9.176287
26016752640	26009398784	7353856	512	12.401962
120286426624	120279417344	7009280	512	7.617225
90664537088	90659550208	4986880	512	4.536349
32549401088	32544284672	5116416	512	9.298963
63376766976	63369568768	7198208	512	6.557057
111044299776	111038084608	6215168	512	6.252160
147766328320	147760101376	6226944	512	4.826853
92205569024	92198830592	6738432	512	7.868405
78326990336	78319441408	7548928	512	4.921583
9750862848	9742764544	8098304	512	7.453951
70196421632	70188431872	7989760	512	8.940411
110984777728	110977918464	6859264	512	5.573314
130766211584	130761836544	4375040	512	11.190569
45364724224	45360290816	4433408	512	8.739555
103946855424	103940611072	6244352	512	14.858097
84281934336	84276422656	5511680	512	5.969992
92544935424	92538706432	6228992	512	8.957070
86538976768	86531271168	7705600	512	10.455395
128532118528	128526769664	5348864	512	4.922937
109193218560	109186033664	7184896	512	6.239173
136951347200	136946853888	4493312	512	6.374071
32685995008	32680631296	5363712	512	4.030740
76777253376	76772310016	4943360	512	9.374132
86618303488	86610978816	7324672	512	5.280583
153596584960	153588865536	7719424	512	10.774743
30278852608	30273153536	5699072	512	3.320526
16826700288	16821378048	5322240	512	10.128025
97554392064	97548428800	5963264	512	3.304490
133793678848	133786388480	7290368	512	3.771419
15434474496	15429662720	4811776	512	5.167951
253489152	247101952	6387200	512	11.320776
9249993728	9242534912	7458816	512	7.705068
20866915840	20859220480	7695360	512	6.731553
150335348736	150328681984	6666752	512	9.219317
50231632896	50223592960	8039936	512	2.156697
2787088896	2779570176	7518720	512	6.333118
155328507904	155324129280	4378624	512	7.681189
159041950208	159034978304	6971904	512	2.609554
57541825024	57535574528	6250496	512	9.020344
11607677440	11601632256	6045184	512	11.461130
129308956672	129302669824	6286848	512	9.950655
18987834880	18981813760	6021120	512	11.932826
12375627264	12370512896	5114368	512	10.128282
155990716416	155983189504	7526912	512	5.672185
151739004928	151734596608	4408320	512	12.728619
148011622400	148003842048	7780352	512	9.432261
92101136896	92096341504	4795392	512	9.224418
4131421696	4123750400	7671296	512	10.755524
107403554816	107396128256	7426560	512	10.295321
39763458560	39755239424	8219136	512	2.573096
97590240768	97585176576	5064192	512	5.539056
113955127808	113948878848	6248960	512	11.934146
117183160320	117176174592	6985728	512	8.188499
8588388864	8581281792	7107072	512	3.896721
71828746240	71822661120	6085120	512	10.702223
12689940480	12682321920	7618560	512	14.772849
50499102208	50491788800	7313408	512	9.365844
88305988096	88301379072	4609024	512	2.608251
64229921280	64222293504	7627776	512	9.389946
44238337024	44230718976	7618048	512	11.460015
48066077696	48057766912	8310784	512	6.905645
97736069632	97730987008	5082624	512	3.931273
119472475136	119466680832	5794304	512	6.508712
159434153984	159427873792	6280192	512	10.081229
50202278400	50196593152	5685248	512	6.257960
53160724992	53152557568	8167424	512	3.254825
127481462272	127476783104	4679168	512	6.012176
151417012736	151409311744	7700992	512	10.451618
122448095232	122439974400	8120832	512	9.990855
109513734656	109508095488	5639168	512	12.254050
95106098688	95101783040	4315648	512	4.429691
132204813824	132197225472	7588352	512	4.733805
67133910016	67127042560	6867456	512	3.377199
63034327040	63028408832	5918208	512	2.095186
4558415872	4553940992	4474880	512	3.406891
82329358336	82323252736	6105600	512	3.487323
50560460800	50554045440	6415360	512	9.492494
92578774528	92573799424	4975104	512	4.773631
143085748224	143080296960	5451264	512	8.263483
23846435328	23838955520	7479808	512	7.421300
112274398208	112267732480	6665728	512	3.429638
2153772032	2147128320	6643712	512	11.850177
90194390528	90187374592	7015936	512	10.724708
71550843904	71543425536	7418368	512	3.827451
12916107264	12908586496	7520768	512	5.799760
60104499200	60097606656	6892544	512	2.932587
116816844288	116811837952	5006336	512	6.545986
100941239296	100935284736	5954560	512	10.106735
42823477760	42818528256	4949504	512	10.336849
19063203328	19057447936	5755392	512	6.634135
97388360704	97380253696	8107008	512	6.519773
89476367360	89469052416	7314944	512	5.584201
42898170880	42891059712	7111168	512	1.772404
50370150912	50362692096	7458816	512	8.959654
120057850368	120050281984	7568384	512	3.778719
79515601920	79508395008	7206912	512	2.284253
117526795776	117520883712	5912064	512	5.563816
21631202304	21623492096	7710208	512	12.044606
105375635456	105368017920	7617536	512	9.696494
129953459200	129947795968	5663232	512	10.950723
128337690112	128332241920	5448192	512	11.762783
72006402048	71999859200	6542848	512	11.449096
81124555776	81120200192	4355584	512	11.512233
80721838592	80714927104	6911488	512	9.920530
99784499200	99778877440	5621760	512	11.944821
16938148352	16930096640	8051712	512	4.123413
80029964288	80024154112	5810176	512	7.925965
132812820480	132806030848	6789632	512	14.249426
53526460416	53520126464	6333952	512	4.320820
32218946560	32210608128	8338432	512	13.458905
52375809024	52367727104	8081920	512	4.760970
96366302720	96360972288	5330432	512	9.927630
150572058624	150564178944	7879680	512	4.209736
54403927552	54396753920	7173632	512	8.683228
96944166912	96937419776	6747136	512	10.121393
115256275968	115249777152	6498816	512	6.221026
3500420608	3494585344	5835264	512	8.621834
72136192	67678208	4457984	512	5.544164
61026261504	61020097024	6164480	512	10.558868
102381365248	102374969344	6395904	512	10.974883
20928695808	20924005376	4690432	512	4.435018
76124100608	76119418880	4681728	512	5.233242
71682864640	71676498432	6366208	512	3.635709
101759726592	101754934784	4791808	512	12.121609
58342679552	58334532096	8147456	512	5.251290
150931451904	150923836928	7614976	512	9.388659
116736657408	116729665536	6991872	512	11.182100
83800832000	83794918400	5913600	512	3.775382
46110560256	46102316544	8243712	512	2.137200
38342819840	38337786880	5032960	512	11.561561
146101080064	146096675840	4404224	512	8.389536
100450530304	100444668416	5861888	512	5.488178
116412102144	116407351808	4750336	512	14.137249
165717504	160491008	5226496	512	7.972314
154160755200	154154254336	6500864	512	5.830612
8172086784	8167810048	4276736	512	6.633488
72532955648	72526736896	6218752	512	6.424239
88543028224	88534931456	8096768	512	8.204992
140369422848	140364235776	5187072	512	6.457025
149587333120	149581948416	5384704	512	11.004972
74248488448	74244194304	4294144	512	12.794625
99434895872	99429476864	5419008	512	7.731413
20153195008	20148635136	4559872	512	1.960866
108718330368	108713175040	5155328	512	8.895651
46451716608	46444711936	7004672	512	1.701009
113786791936	113781177344	5614592	512	5.934462
59248755200	59244234240	4520960	512	10.737777
81176505344	81168820224	7685120	512	9.001143
52658025984	52651639296	6386688	512	9.385676
48602082816	48597822976	4259840	512	8.204904
146380906496	146375673344	5233152	512	3.344507
37455371264	37450754048	4617216	512	5.773709
140279762944	140273356800	6406144	512	12.561160
7994706432	7988993024	5713408	512	6.647013
32422180352	32415581184	6599168	512	7.091130
813589504	809215488	4374016	512	4.198067
147219710464	147212746240	6964224	512	2.206199
100612529664	100606716416	5813248	512	1.993622
31934948352	31930491392	4456960	512	7.964548
41553708032	41546851328	6856704	512	8.044181
14371417088	14367124480	4292608	512	6.498214
111594473984	111590012928	4461056	512	4.409207
20064152064	20056923648	7228416	512	9.216255
118744235008	118736199680	8035328	512	10.921214
139422412288	139415992832	6419456	512	8.719884
69669817344	69663801856	6015488	512	7.970696
119782491648	119775934976	6556672	512	10.565990
48502327808	48494517248	7810560	512	8.171139
89070953984	89066095616	4858368	512	5.879040
147227895296	147221842944	6052352	512	11.522485
2785278976	2778740224	6538752	512	4.294259
129028887040	129022801920	6085120	512	9.550272
11192374784	11184082432	8292352	512	2.408973
154372209152	154367604736	4604416	512	4.553730
120631388160	120624181248	7206912	512	2.932246
48146091520	48139005952	7085568	512	6.461051
158600945152	158592579584	8365568	512	11.136033
28547285504	28541255680	6029824	512	4.920047
79298103808	79293704192	4399616	512	12.440437
44660859904	44654077952	6781952	512	7.412497
124424814080	124419964928	4849152	512	6.145186
26261373952	26255337984	6035968	512	13.821462
13793043968	13786636288	6407680	512	2.811366
96706154496	96701079552	5074944	512	11.961558
17918219264	17912186880	6032384	512	11.120594
29120846848	29116059648	4787200	512	2.574734
118616553472	118611678720	4874752	512	9.655854
99120977408	99114915840	6061568	512	5.998514
75210064384	75202047488	8016896	512	8.922174
61684976640	61678859776	6116864	512	11.483988
34124833280	34116480000	8353280	512	9.285250
12474126848	12468284928	5841920	512	10.871728
48411289600	48404648960	6640640	512	9.936079
21030032384	21023906816	6125568	512	10.711613
102533751808	102525526528	8225280	512	4.767561
74632045568	74623795200	8250368	512	3.495140
117080450048	117074712064	5737984	512	6.482511
98265707008	98260991488	4715520	512	11.935103
140459564032	140455040000	4524032	512	9.566789
140822089728	140817028608	5061120	512	10.023879
101542984192	101537249792	5734400	512	6.659978
37884758528	37878645248	6113280	512	11.469751
73045928960	73040127488	5801472	512	5.103769
16903672320	16898975744	4696576	512	7.507388
37391664640	37385395200	6269440	512	3.653483
67032184832	67026158592	6026240	512	11.867432
123920569344	123912804352	7764992	512	8.952720
28755610624	28748552704	7057920	512	6.230104
145796868608	145789492736	7375872	512	12.858249
144707476480	144702989312	4487168	512	8.110096
50650485760	50644232704	6253056	512	5.622041
94381046784	94372931584	8115200	512	10.921211
13093094400	13087940096	5154304	512	7.708788
110813264384	110807410176	5854208	512	11.602498
46040336896	46034844160	5492736	512	8.791983
112784655872	112777148928	7506944	512	8.815982
85637765120	85630000640	7764480	512	9.647456
122926960128	122921124864	5835264	512	4.702021
67010419200	67005295104	5124096	512	9.467307
124420015616	124414355456	5660160	512	6.671681
63011045888	63004064768	6981120	512	8.253381
21069380096	21065179648	4200448	512	5.830520
62694105088	62688401408	5703680	512	6.872008
31204507136	31197705728	6801408	512	11.251265
151507125248	151500356096	6769152	512	6.841213
73917054464	73911484416	5570048	512	6.511408
27831368704	27824497152	6871552	512	9.407725
94152698880	94146453504	6245376	512	11.483457
6814342144	6807049728	7292416	512	4.599969
118927432192	118922042368	5389824	512	9.991399
80908800512	80904204288	4596224	512	6.747803
11575727104	11571310080	4417024	512	6.212868
5163805696	5159546880	4258816	512	4.610547
134902787072	134894638592	8148480	512	5.065537
145830575616	145823275520	7300096	512	13.181069
54679622144	54674339840	5282304	512	8.260632
127005931008	126999841792	6089216	512	9.394840
95372899840	95367671808	5228032	512	7.065865
21953585664	21947220992	6364672	512	4.766753
149331494912	149326684672	4810240	512	7.835015
144848761856	144844203008	4558848	512	5.691546
4215519232	4210469376	5049856	512	10.021033
55388552704	55382404608	6148096	512	11.415632
54912529408	54905432064	7097344	512	2.609898
137572035584	137564208128	7827456	512	4.203491
39630311424	39622664192	7647232	512	7.051979
107640778752	107634226176	6552576	512	4.975327
80192035328	80184054272	7981056	512	3.042266
80931461632	80923923456	7538176	512	6.995999
69368700928	69363906560	4794368	512	10.272359
97952340480	97944730112	7610368	512	9.865303
67529922048	67522557952	7364096	512	3.282722
70011813888	70003894784	7919104	512	3.805468
102366750720	102362230272	4520448	512	11.934552
122660961280	122655670272	5291008	512	4.611941
16424143360	16418602496	5540864	512	10.017709
119524621824	119519682048	4939776	512	5.855970
112412821504	112405701120	7120384	512	11.642199
139985040896	139977287168	7753728	512	9.602426
14105884160	14099538432	6345728	512	5.692997
91517498368	91510739968	6758400	512	7.742964
90091143168	90082842624	8300544	512	4.018148
6919898624	6912993280	6905344	512	9.094412
62265194496	62259316224	5878272	512	1.817310
62169006080	62163985920	5020160	512	3.557839
89444879872	89436654080	8225792	512	10.823740
102795046912	102788598784	6448128	512	1.917769
68799451648	68791347200	8104448	512	9.660653
30665171968	30657026048	8145920	512	8.461168
112813790208	112807255040	6535168	512	5.392737
68590088192	68583149056	6939136	512	2.059712
51064366080	51059698176	4667904	512	10.301459
36625129472	36617218560	7910912	512	8.945400
65156813312	65149095424	7717888	512	7.650092
10787751424	10779864576	7886848	512	5.485902
22357896704	22349580800	8315904	512	15.190618
133251617792	133243468800	8148992	512	6.718782
33914480128	33907129344	7350784	512	11.271376
39698486784	39692963328	5523456	512	12.275304
60500561408	60494195200	6366208	512	6.726840
83172466176	83167242752	5223424	512	10.839467
103709119488	103703260672	5858816	512	11.404794
4505017344	4497010176	8007168	512	9.007249
79139849728	79132739584	7110144	512	5.939419
22659555328	22652655616	6899712	512	6.632218
92872366080	92865289216	7076864	512	9.220876
98665363968	98658511360	6852608	512	6.938664
17181152768	17174636032	6516736	512	12.088854
148809587200	148804503040	5084160	512	9.473062
19207557632	19200976384	6581248	512	8.228190
116325232640	116318554112	6678528	512	6.057719
39560994304	39556637184	4357120	512	6.466800
148942006784	148933808128	8198656	512	6.140852
91096983040	91091923968	5059072	512	10.316777
65699175424	65692312576	6862848	512	12.204115
54885850112	54880730624	5119488	512	13.125089
124101194752	124093439488	7755264	512	7.492052
91830358016	91824274944	6083072	512	5.637807
77502857216	77494894080	7963136	512	10.051267
85654811136	85650298880	4512256	512	7.272956
121577141248	121568897024	8244224	512	4.920785
145665937920	145660053504	5884416	512	5.156748
86450404352	86444980224	5424128	512	4.837130
14296334336	14289703424	6630912	512	10.176143
36333349888	36328370688	4979200	512	10.769445
155118832640	155110666752	8165888	512	10.227063
154553176064	154545377280	7798784	512	13.198787
39666836992	39659391488	7445504	512	11.998353
150866786816	150860142592	6644224	512	8.098128
46755724800	46750497280	5227520	512	5.019156
53635824128	53629224960	6599168	512	2.502319
39724016128	39717290496	6725632	512	10.238815
107660575232	107655823360	4751872	512	6.982187
102783518208	102778683904	4834304	512	11.264765
47414074880	47407890432	6184448	512	3.350649
119115798016	119111161856	4636160	512	5.910846
127228911616	127221057024	7854592	512	4.868850
9037194752	9029912576	7282176	512	12.143899
5256460288	5250004480	6455808	512	5.626437
74781925888	74776652800	5273088	512	2.909537
60852557312	60845091840	7465472	512	6.905701
112448732672	112440454144	8278528	512	8.490791
61856794624	61849348608	7446016	512	1.716126
103594624512	103590150656	4473856	512	6.897058
81910424064	81902743552	7680512	512	11.374852
19882175488	19874189312	7986176	512	3.884069
87901516288	87896653312	4862976	512	5.764694
22227951616	22221353984	6597632	512	4.718820
117309425152	117305086464	4338688	512	7.109532
60671799808	60665754112	6045696	512	2.533877
2745815552	2738688000	7127552	512	9.595984
75033317888	75026098176	7219712	512	10.184673
7137027072	7131035136	5991936	512	4.256441
157974097920	157966889984	7207936	512	5.087872
141975292416	141969277440	6014976	512	6.155784
55929961472	55923456000	6505472	512	4.203131
19319133696	19310786048	8347648	512	10.258309
42303964672	42297177600	6787072	512	5.164194
13895858688	13890237440	5621248	512	3.292270
14643338752	14638983680	4355072	512	5.421186
8415330816	8408217600	7113216	512	8.759771
139474588672	139469641216	4947456	512	8.875343
90348331008	90342613504	5717504	512	3.985623
96825259520	96820262912	4996608	512	11.885370
98325349376	98318702080	6647296	512	4.570358
12403898368	12398114304	5784064	512	6.184302
15155920384	15149322240	6598144	512	7.850358
118149982208	118145714688	4267520	512	5.293930
92355231232	92348511232	6720000	512	6.553901
150179804160	150174405632	5398528	512	10.568719
111916151808	111907986944	8164864	512	11.634934
143158537728	143152272384	6265344	512	9.892211
9009360896	9001734656	7626240	512	7.619288
69736835072	69729079296	7755776	512	5.172924
149388108288	149381852160	6256128	512	12.308597
96816606720	96809779712	6827008	512	3.779001
4038326784	4033383936	4942848	512	3.398177
118667874816	118663375872	4498944	512	13.810483
54942640128	54937671680	4968448	512	7.378419
143841838080	143835851776	5986304	512	5.822795
129042512384	129035291136	7221248	512	8.675699
131226506752	131218262016	8244736	512	5.928078
19555656704	19551323136	4333568	512	12.496478
86577968128	86569998848	7969280	512	6.100650
133197672960	133191697408	5975552	512	9.735215
19249942528	19243631104	6311424	512	4.612220
902682624	898166272	4516352	512	10.645634
147976919552	147972497920	4421632	512	10.163252
128629596672	128624294912	5301760	512	4.072557
46992080896	46984829440	7251456	512	12.834339
5368988160	5363700736	5287424	512	5.473875
24589161984	24581466624	7695360	512	4.912410
135863167488	135857673728	5493760	512	13.079877
76864072192	76857299456	6772736	512	9.207544
125611697664	125604756992	6940672	512	3.600793
38093900800	38088397312	5503488	512	12.591929
121569257472	121563065344	6192128	512	5.688732
19903171072	19898394624	4776448	512	9.599724
94187282432	94182491136	4791296	512	7.619901
54996137984	54990133248	6004736	512	11.527964
63985688064	63977865728	7822336	512	5.689581
79610782208	79605030400	5751808	512	10.604367
128333844992	128326191616	7653376	512	11.828524
104736349184	104731311616	5037568	512	4.928892
80794651648	80788953088	5698560	512	11.730754
30469214720	30464070656	5144064	512	14.325595
106086808576	106079636992	7171584	512	2.826253
56329770496	56322810368	6960128	512	12.815422
25998462976	25994021888	4441088	512	1.823344
83567704064	83560261632	7442432	512	12.120958
71847336960	71840158208	7178752	512	8.589276
138265340416	138257991168	7349248	512	11.122729
49818291712	49810407424	7884288	512	6.674289
46079793152	46071569408	8223744	512	8.756955
80255702016	80247731200	7970816	512	3.628716
28702979072	28696479744	6499328	512	2.448670
77879656960	77871723008	7933952	512	4.435855
116814638592	116806987264	7651328	512	8.263156
100562854912	100557731328	5123584	512	7.110884
42843198976	42838886912	4312064	512	3.542051
24195042816	24190551040	4491776	512	8.320005
140134292480	140128534528	5757952	512	3.981354
113737018368	113729697792	7320576	512	6.087910
84948446720	84943825408	4621312	512	2.585459
107457753088	107451773440	5979648	512	6.925182
142808227840	142801718784	6509056	512	7.871009
159337909248	159332096000	5813248	512	5.996354
159172124672	159164140032	7984640	512	9.504484
108480113664	108472009728	8103936	512	4.700299
83491912704	83486039040	5873664	512	8.165231
21689377280	21684155904	5221376	512	6.071526
148876175360	148870653952	5521408	512	5.942269
25999465984	25992892928	6573056	512	5.130820
20189114368	20181035520	8078848	512	10.152016
147526692864	147521508352	5184512	512	10.325745
42750470144	42744555008	5915136	512	10.120314
150262384640	150256377856	6006784	512	6.944408
73212320768	73207683072	4637696	512	11.410335
155431982080	155426115584	5866496	512	11.057981
135643151872	135638147584	5004288	512	5.081949
69927741440	69921827328	5914112	512	2.965163
107702689792	107694523904	8165888	512	4.578866
5172359680	5165059072	7300608	512	12.055221
57500765696	57494011392	6754304	512	7.647524
146131517952	146124928512	6589440	512	3.712069
17167120896	17161007104	6113792	512	9.727353
152253990400	152248927744	5062656	512	2.331464
32850957312	32843692032	7265280	512	6.238056
51762524672	51754590208	7934464	512	9.820555
29259303936	29252401664	6902272	512	10.799965
153479008768	153471172608	7836160	512	3.710062
138381046272	138374869504	6176768	512	5.370836
46085036032	46079248384	5787648	512	2.382640
156101662208	156095423488	6238720	512	6.854925
91205064192	91198061056	7003136	512	11.741224
81171736576	81163758592	7977984	512	12.387303
51686356992	51682112000	4244992	512	8.942497
100906874368	100898523648	8350720	512	9.869526
2765959168	2758906368	7052800	512	10.968193
34240410624	34232033792	8376832	512	3.394520
26468281856	26460485632	7796224	512	4.986939
137113235456	137108484608	4750848	512	10.691389
136232665600	136225040384	7625216	512	11.413405
30343632896	30336358400	7274496	512	7.795765
156406414336	156398722560	7691776	512	10.523991
107375779840	107367462912	8316928	512	9.261005
47834639360	47829818880	4820480	512	4.266748
63463445504	63458610688	4834816	512	6.165343
98128945664	98120786944	8158720	512	3.519489
38747031040	38740794368	6236672	512	4.185883
88978107904	88971309568	6798336	512	10.979318
74825238528	74820084736	5153792	512	8.855123
18110431232	18105133568	5297664	512	3.530362
125201622528	125194691072	6931456	512	3.398839
59536951296	59531749376	5201920	512	9.741160
150147559936	150139295232	8264704	512	4.306422
137454023680	137446755328	7268352	512	3.607786
24634670080	24628560896	6109184	512	4.584310
142713436160	142709045760	4390400	512	11.269389
134751843328	134746032128	5811200	512	12.442311
91058470912	91052625408	5845504	512	5.708661
13038537216	13030409728	8127488	512	9.183107
144241893376	144237628416	4264960	512	2.991226
119305039360	119298955776	6083584	512	10.881051
119930995712	119926132736	4862976	512	9.111107
136968335360	136963704832	4630528	512	2.793281
95959449088	95954721792	4727296	512	8.034841
17042743296	17037822976	4920320	512	7.386694
117325619200	117320871936	4747264	512	6.266885
31494982656	31486879232	8103424	512	10.047763
67693049344	67687107584	5941760	512	2.293489
110919927808	110913247744	6680064	512	11.441405
105927365120	105922097152	5267968	512	4.525444
154911523328	154905658880	5864448	512	11.463975
45423739904	45415799296	7940608	512	5.412722
55969835008	55962896384	6938624	512	5.605578
60378463232	60372004352	6458880	512	5.183381
153376796160	153370330112	6466048	512	8.197778
9662417408	9656117248	6300160	512	11.666345
89078743040	89073014272	5728768	512	3.241980
10776632832	10772343296	4289536	512	6.443631
39913058304	39907311616	5746688	512	6.793738
152390739968	152385361408	5378560	512	11.480808
26769666048	26762257408	7408640	512	8.641021
113373050880	113366132736	6918144	512	5.889292
156834319360	156826647552	7671808	512	5.170003
95298247680	95292907520	5340160	512	10.569608
102696613376	102688927232	7686144	512	8.796139
70654633984	70648644096	5989888	512	10.801625
89123962368	89115621376	8340992	512	3.252207
90223708160	90218015232	5692928	512	5.878197
132801131520	132794669056	6462464	512	5.507353
108878286848	108872555520	5731328	512	3.273787
36547946496	36540551680	7394816	512	7.981351
1316039680	1309176832	6862848	512	3.452908
118050703872	118042608128	8095744	512	6.433697
80208990208	80202814976	6175232	512	11.491135
141068446208	141063318016	5128192	512	2.151283
63117027328	63112338944	4688384	512	14.101361
124279044096	124270881792	8162304	512	3.411895
111921604096	111914249728	7354368	512	3.601630
1919984640	1914217472	5767168	512	12.075855
154391075840	154383877632	7198208	512	9.911981
15870884864	15863927296	6957568	512	2.038290
108117972480	108112864768	5107712	512	3.273080
131735696384	131730807296	4889088	512	8.722246
119748142592	119741976064	6166528	512	6.420638
70907746304	70903363584	4382720	512	6.081044
67064888320	67057294336	7593984	512	9.973572
111009537024	111002816512	6720512	512	8.212985
26246662144	26240709120	5953024	512	6.232242
50359708672	50355043840	4664832	512	11.631677
152222079488	152215491072	6588416	512	5.257609
108559236096	108552005120	7230976	512	12.494596
24324866048	24318539264	6326784	512	9.413447
55584978944	55577404416	7574528	512	8.348044
53193240064	53187052544	6187520	512	10.135768
111258620416	111252297728	6322688	512	10.229254
17550717440	17543265280	7452160	512	10.051986
8734046720	8729159168	4887552	512	3.743239
130179922944	130173237760	6685184	512	12.997244
86247620608	86239267840	8352768	512	7.173026
63914768896	63909731840	5037056	512	10.358022
82292217344	82287192576	5024768	512	6.380850
97206173696	97198320640	7853056	512	6.302188
6473418240	6468845056	4573184	512	1.863440
23212825088	23205322752	7502336	512	9.974589
18045003264	18037115392	7887872	512	2.625699
90212563456	90207296512	5266944	512	5.184966
13792109568	13784247808	7861760	512	4.955253
5187809792	5181317120	6492672	512	5.044464
134107508736	134102256640	5252096	512	9.750408
150983798272	150976056320	7741952	512	12.640627
24532843008	24527437824	5405184	512	12.077279
118977257472	118971023360	6234112	512	7.153934
121453785088	121448507904	5277184	512	10.321910
45730494464	45723703808	6790656	512	11.536797
31371830784	31365811712	6019072	512	11.480592
145215776256	145209277952	6498304	512	8.688290
127013390848	127005133312	8257536	512	12.118714
13583342080	13576833024	6509056	512	2.942563
142646512128	142641626112	4886016	512	3.959163
77032735744	77025156096	7579648	512	12.468368
69842761728	69837186560	5575168	512	11.229939
105268663296	105261864448	6798848	512	3.574287
153826862592	153820105216	6757376	512	5.357370
112448502272	112443316736	5185536	512	5.947223
123747639296	123742118912	5520384	512	2.851786
76068824576	76061000704	7823872	512	3.839386
83472242688	83465163776	7078912	512	2.821389
56591370240	56583894528	7475712	512	4.935071
94395416576	94391091200	4325376	512	8.026081
17359523328	17354231296	5292032	512	5.434408
104749458432	104743182848	6275584	512	5.696659
86197570560	86191083520	6487040	512	10.518698
56599827968	56594135552	5692416	512	10.136458
159802519040	159794894848	7624192	512	7.510544
117676566016	117668645888	7920128	512	4.741084
26353788928	26347735552	6053376	512	12.118451
106517791744	106512069632	5722112	512	10.390206
111481259520	111474663936	6595584	512	3.936252
8462163456	8453788160	8375296	512	9.472529
23678597632	23672259072	6338560	512	10.783346
7499311104	7494863872	4447232	512	3.884820
2448872960	2442701824	6171136	512	5.561487
79955390464	79948110848	7279616	512	5.387004
79120197120	79112952320	7244800	512	12.680948
93990659584	93984957440	5702144	512	8.930638
151900707840	151894192640	6515200	512	5.611988
100009089024	100004160000	4929024	512	11.316613
86297184256	86292443136	4741120	512	5.876576
72352340480	72346622464	5718016	512	3.584675
146514942464	146507544576	7397888	512	14.417738
43417057280	43411900416	5156864	512	8.585732
44808290816	44801172992	7117824	512	6.013567
33025607168	33021210624	4396544	512	5.636967
145572286464	145567366656	4919808	512	2.970423
106561630208	106553372160	8258048	512	3.311961
9677075456	9671056384	6019072	512	12.103901
3808970752	3803268096	5702656	512	9.177676
84474445312	84467204608	7240704	512	10.811812
29764337664	29758460416	5877248	512	13.765060
106923801600	106918260224	5541376	512	9.318071
40177042432	40171304960	5737472	512	6.881442
81720697344	81714562560	6134784	512	4.615994
70931654144	70925480960	6173184	512	2.531462
41868901376	41863184896	5716480	512	4.163981
134382163456	134377892352	4271104	512	5.314383
112103898624	112098330624	5568000	512	14.757629
53780030464	53775046144	4984320	512	1.977418
62351586304	62345008128	6578176	512	8.909168
124246433792	124240903168	5530624	512	2.570197
60707566080	60701730816	5835264	512	7.129764
127310723584	127303923712	6799872	512	10.014970
52005430272	51997271040	8159232	512	4.952336
55694491648	55688875008	5616640	512	8.474943
28968745984	28962170880	6575104	512	10.515669
25724478976	25717282816	7196160	512	3.868490
133373291520	133366994432	6297088	512	7.160415
19209247232	19200883712	8363520	512	8.827220
18636234752	18627889152	8345600	512	10.218029
61475637760	61469693440	5944320	512	5.250569
158012983808	158007763968	5219840	512	3.545904
99735439872	99730024960	5414912	512	7.749673
128346987008	128340657664	6329344	512	8.935995
28985746944	28978082816	7664128	512	5.480816
156008259584	156003561984	4697600	512	2.768805
108055245312	108049922048	5323264	512	3.113363
157774392320	157769376768	5015552	512	12.287940
35732707840	35724907008	7800832	512	11.291640
67057716224	67052952576	4763648	512	6.165109
68892643840	68884653056	7990784	512	11.788866
148897051648	148892483584	4568064	512	5.134277
93757621760	93750840832	6780928	512	7.570186
60868268544	60862687744	5580800	512	11.999437
100804675584	100799614976	5060608	512	8.552863
28056081920	28051454976	4626944	512	9.824802
9789220864	9780914176	8306688	512	2.090252
134592409088	134585226240	7182848	512	2.470878
117577766400	117572811264	4955136	512	7.588314
125878488576	125872870912	5617664	512	12.046971
49760158208	49755742720	4415488	512	9.924726
30141235712	30136090112	5145600	512	7.339377
155286912000	155279336448	7575552	512	7.060066
107435359744	107428311040	7048704	512	2.974760
62402294784	62394964992	7329792	512	9.795688
75808828928	75800807424	8021504	512	13.105436
141043833344	141039135744	4697600	512	4.679771
51713278976	51708257792	5021184	512	3.675927
62942026752	62937265152	4761600	512	4.539877
112471732224	112464276992	7455232	512	12.371022
34292395520	34287916032	4479488	512	10.154400
100866564608	100858609152	7955456	512	7.797035
124980428288	124975557632	4870656	512	9.390589
141639592448	141632050176	7542272	512	8.071616
2497534464	2490448384	7086080	512	10.383334
30878112256	30870877696	7234560	512	3.219427
101069305344	101061353984	7951360	512	10.461811
70761749504	70753434112	8315392	512	5.556223
28640501248	28632145920	8355328	512	8.646881
24157070848	24149723648	7347200	512	12.645948
63206581248	63201326592	5254656	512	9.398415
81106667008	81101053952	5613056	512	5.545447
47932897792	47924839424	8058368	512	7.317523
137064025088	137055829504	8195584	512	3.322553
95470185472	95464720896	5464576	512	9.687921
41032452096	41024594944	7857152	512	7.500690
114802281472	114795792384	6489088	512	12.282637
31281981440	31276494848	5486592	512	10.876690
135038675456	135030324224	8351232	512	6.083866
117034016768	117027719168	6297600	512	5.744062
137961215488	137953602048	7613440	512	2.701826
34422668288	34415157760	7510528	512	11.242014
4831944704	4826254848	5689856	512	3.964440
157951987712	157946300416	5687296	512	10.606348
159049005056	159041604608	7400448	512	6.681673
56993540096	56987366400	6173696	512	12.183285
13051596288	13045825536	5770752	512	5.646091
149582518272	149576722944	5795328	512	9.043470
84718678528	84712795136	5883392	512	5.036417
57868520448	57862948352	5572096	512	2.844728
115789526016	115784962560	4563456	512	14.443592
11493791232	11487267328	6523904	512	8.152712
118591308288	118584282112	7026176	512	11.721973
81648002560	81642394624	5607936	512	12.751787
106886672384	106880770048	5902336	512	4.581599
54422334464	54414428160	7906304	512	2.222633
91035986432	91029187072	6799360	512	4.923909
128345208832	128339026432	6182400	512	12.499154
74817881088	74811731456	6149632	512	4.925172
46639356416	46633575936	5780480	512	2.840610
59145447936	59140343808	5104128	512	2.462988
113887429120	113879707648	7721472	512	8.030589
95687462912	95682649088	4813824	512	5.305329
90121789440	90117415424	4374016	512	4.402825
37550653952	37544485888	6168064	512	7.834831
47162549248	47157140992	5408256	512	10.419255
9120477696	9114224128	6253568	512	2.355665
48133446656	48125664768	7781888	512	12.178322
3655274496	3649445888	5828608	512	1.737089
15322217472	15313897472	8320000	512	7.617153
25066556416	25060380672	6175744	512	11.843839
63791485440	63783705088	7780352	512	4.660653
55260820992	55252507136	8313856	512	3.812362
139989986304	139982410240	7576064	512	13.313538
64147414528	64142539264	4875264	512	2.304755
46294236160	46289965568	4270592	512	4.675245
87656313856	87651046400	5267456	512	4.150875
104179061760	104171658240	7403520	512	10.833144
47189198848	47182881792	6317056	512	11.760171
41109143552	41103600640	5542912	512	11.680292
132484983296	132480003072	4980224	512	6.673151
41089847808	41081750016	8097792	512	3.242603
30307224064	30300884480	6339584	512	5.299093
71761640448	71753942016	7698432	512	6.697250
25597351424	25589998592	7352832	512	9.772006
27964860928	27959626752	5234176	512	6.412908
18014953984	18009977856	4976128	512	4.553642
130073693696	130067642880	6050816	512	10.407555
87969004032	87964711424	4292608	512	9.273445
64925628416	64918393344	7235072	512	5.697108
42287206912	42280884736	6322176	512	4.622738
40205621248	40200269824	5351424	512	4.381649
38854268416	38846246912	8021504	512	6.691676
132171398656	132165654016	5744640	512	5.536324
97836702208	97830354432	6347776	512	11.029391
141941234176	141935863296	5370880	512	10.576489
11525286400	11518903296	6383104	512	1.983184
87730420224	87725562368	4857856	512	5.835436
85572278272	85567324672	4953600	512	7.844278
78757573120	78751692800	5880320	512	9.567046
27296633856	27289360384	7273472	512	9.414329
2595196928	2590457344	4739584	512	6.884919
60736679936	60730443264	6236672	512	7.912791
51730711040	51723536896	7174144	512	12.304871
128846215168	128839289856	6925312	512	3.556915
98901679104	98896388096	5291008	512	6.866769
103984987648	103978821632	6166016	512	12.367752
110242245120	110237285376	4959744	512	2.286332
18997948416	18992708608	5239808	512	6.406656
44194267136	44187591168	6675968	512	7.534259
76173853184	76169078784	4774400	512	12.629067
33893304832	33885777408	7527424	512	7.656120
31634874880	31628823552	6051328	512	10.264900
117772024320	117767684608	4339712	512	5.647457
134257508352	134251350016	6158336	512	5.062071
67649871872	67643218944	6652928	512	9.292002
3216296960	3210575360	5721600	512	6.522242
137037548544	137030582272	6966272	512	2.488395
124019938304	124013914112	6024192	512	12.317229
30314377216	30307945984	6431232	512	3.718336
143268891648	143260806144	8085504	512	4.306187
49189500928	49183432704	6068224	512	7.666225
58150879232	58146342400	4536832	512	9.183250
16685511680	16678484480	7027200	512	3.217982
97010033664	97005246976	4786688	512	6.018649
73809770496	73803766784	6003712	512	8.185569
116509631488	116503839232	5792256	512	8.348149
19991155200	19982943744	8211456	512	7.588182
154467619328	154463241216	4378112	512	11.701187
146121167360	146114623488	6543872	512	6.748849
97677753856	97671994880	5758976	512	4.754621
30723753984	30717801472	5952512	512	9.453985
16638196224	16631435776	6760448	512	5.370050
151934657024	151926936576	7720448	512	9.724802
153376682496	153368410624	8271872	512	9.232683
155350938624	155346722304	4216320	512	4.393381
95122659328	95115017216	7642112	512	11.589264
90590841344	90585468416	5372928	512	2.529440
17148640256	17143141376	5498880	512	7.251291
101252921344	101245429760	7491584	512	12.920351
43808361984	43801175552	7186432	512	11.614068
155390454272	155382532096	7922176	512	11.467524
42301242880	42295905792	5337088	512	8.790638
105859437568	105852145664	7291904	512	6.764197
80501881344	80496716800	5164544	512	4.954225
28572762624	28565880832	6881792	512	9.360729
58729952768	58722001920	7950848	512	7.312278
139230922240	139223078912	7843328	512	8.240804
147849732096	147843667456	6064640	512	10.864611
70222589952	70215849472	6740480	512	7.613410
109761078784	109756226560	4852224	512	4.606436
3465195520	3460472320	4723200	512	6.951095
157786004480	157780409344	5595136	512	11.121804
59925583360	59918446080	7137280	512	9.464280
5257039360	5252313600	4725760	512	5.379209
109343355392	109336740864	6614528	512	9.402020
79885029376	79877177856	7851520	512	7.807045
149640287232	149632049664	8237568	512	14.376864
147760459264	147753117184	7342080	512	12.107023
36399713280	36394813952	4899328	512	4.385138
157312080384	157307601920	4478464	512	10.367301
22867937792	22862059520	5878272	512	3.942752
131750905344	131746561024	4344320	512	6.492238
125324729344	125316729856	7999488	512	9.214779
62949506560	62941284352	8222208	512	7.346534
66145670656	66137319936	8350720	512	5.646633
125296980992	125288631808	8349184	512	10.057775
12357690880	12349870080	7820800	512	5.688833
12118824960	12112555008	6269952	512	7.268490
92373522944	92366093312	7429632	512	3.186672
25999596032	25992790016	6806016	512	12.392815
41500894720	41492697600	8197120	512	12.670485
142840744448	142833699840	7044608	512	10.305431
157290796544	157283847680	6948864	512	11.387686
31709345792	31701471744	7874048	512	2.933610
143440747520	143435649536	5097984	512	4.787546
67345641984	67339258880	6383104	512	3.352534
15696095232	15688629760	7465472	512	12.436802
27350207488	27342553088	7654400	512	7.487468
25419353088	25412538880	6814208	512	6.419450
74513683456	74509233152	4450304	512	9.726894
15275840512	15271546368	4294144	512	3.776348
1121753088	1115705344	6047744	512	3.190080
7338799616	7333810176	4989440	512	2.534689
147898379264	147893169152	5210112	512	5.889937
60219037184	60213050368	5986816	512	4.500385
99476422144	99469271040	7151104	512	3.376310
65413197824	65405021696	8176128	512	14.774838
145572060160	145567557632	4502528	512	5.671931
81126133760	81121815040	4318720	512	2.872951
102604199936	102597265920	6934016	512	11.701167
122863879680	122856123392	7756288	512	9.496820
69398209536	69391394304	6815232	512	4.396356
59503640576	59496190976	7449600	512	3.430820
120670383104	120665217024	5166080	512	11.639020
119194604032	119186384384	8219648	512	3.464886
107837784576	107830190080	7594496	512	9.181686
100262111744	100255089152	7022592	512	11.492625
108238648832	108232311296	6337536	512	6.161129
49790760448	49785881088	4879360	512	6.262272
141118216192	141111344128	6872064	512	5.031353
23053527552	23046261760	7265792	512	11.495356
115529349120	115523324928	6024192	512	7.937461
16326365696	16319683584	6682112	512	6.527299
58183378432	58178565120	4813312	512	5.159188
153230148096	153221805056	8343040	512	5.870892
78225961472	78221702656	4258816	512	11.100532
137795864064	137790985216	4878848	512	11.627576
117510351872	117504970240	5381632	512	8.749184
19634556928	19628727296	5829632	512	1.644780
137315377664	137310108672	5268992	512	11.446600
139513253888	139505363968	7889920	512	6.341277
20914923520	20910113792	4809728	512	2.129340
88328083456	88319935488	8147968	512	7.169802
15216520192	15211496448	5023744	512	10.562082
73661289472	73653797888	7491584	512	5.980641
27642493952	27635563008	6930944	512	8.452642
67677533696	67670460928	7072768	512	8.727721
127751859200	127744502272	7356928	512	2.443870
112871288320	112863508992	7779328	512	5.039895
47517493248	47509778432	7714816	512	7.922598
84490906112	84484337152	6568960	512	3.617029
98688025088	98683719168	4305920	512	6.220822
121139658240	121135197184	4461056	512	10.106440
71289760768	71282828800	6931968	512	2.093156
23896872960	23890072576	6800384	512	10.708709
1022292480	1014199296	8093184	512	2.131136
84698720256	84692632064	6088192	512	5.600155
16680297984	16675551232	4746752	512	5.420953
67595967488	67588167168	7800320	512	8.650048
74735319040	74729018880	6300160	512	12.475879
150252496896	150248190976	4305920	512	4.754173
31352739840	31347354112	5385728	512	3.619828
130755434496	130750289920	5144576	512	11.728372
119082923520	119075706880	7216640	512	4.479640
119740588032	119733315072	7272960	512	2.800786
36907303424	36902616064	4687360	512	2.104575
17661824000	17654438400	7385600	512	8.163543
95192321024	95185377792	6943232	512	10.477100
103082831872	103076067328	6764544	512	4.250342
116110353408	116103605760	6747648	512	11.716278
122359257088	122353089024	6168064	512	9.727625
85021112832	85016123904	4988928	512	6.919279
146330293760	146323285504	7008256	512	11.571163
136482069504	136474795008	7274496	512	4.076583
39693457920	39687739904	5718016	512	7.309139
93460332032	93454227456	6104576	512	5.182426
87225267200	87217492992	7774208	512	5.365172
2609048576	2602617344	6431232	512	7.857628
67248501760	67242563584	5938176	512	2.485009
89336330752	89330726400	5604352	512	12.333609
61497313792	61492150784	5163008	512	10.458810
96495580160	96491198464	4381696	512	5.871336
121432991232	121426261504	6729728	512	3.791107
23775890944	23767913472	7977472	512	6.612734
141581449216	141573853184	7596032	512	10.968063
114256614400	114251654656	4959744	512	2.195817
95422394368	95414006272	8388096	512	10.265512
157308065792	157303459840	4605952	512	5.899972
4757593088	4751399424	6193664	512	10.156402
153347975680	153339645952	8329728	512	6.368221
78526541824	78520183808	6358016	512	11.477024
56954501632	56950196736	4304896	512	5.562152
4684200448	4678494208	5706240	512	6.893016
47241861120	47235725824	6135296	512	3.378694
105537431552	105532434432	4997120	512	12.238174
88860308480	88853857280	6451200	512	4.184269
71612214784	71606439936	5774848	512	5.578557
105363488256	105356821504	6666752	512	5.488067
80638277632	80633806848	4470784	512	11.630158
134312134144	134304726528	7407616	512	5.922101
25037977600	25031415808	6561792	512	5.272274
151712685056	151706791424	5893632	512	5.328969
71754145792	71749466624	4679168	512	8.693825
135229689856	135222744576	6945280	512	10.549828
49422244864	49414144512	8100352	512	6.602807
133415473152	133407822848	7650304	512	10.567937
153861545472	153856151552	5393920	512	6.365369
20870164480	20865068032	5096448	512	11.242442
91935757824	91929659392	6098432	512	3.454075
22220496384	22212328448	8167936	512	8.167501
50164274176	50157364736	6909440	512	3.362056
68836501504	68830675456	5826048	512	12.327955
112168855552	112164072960	4782592	512	6.237287
137652551680	137645203456	7348224	512	11.121891
102446367232	102441434112	4933120	512	11.145817
23106721792	23101356032	5365760	512	3.599382
159713481216	159705100800	8380416	512	8.577231
23767694336	23762601472	5092864	512	8.261272
55147890176	55140134912	7755264	512	2.661313
62318026240	62310476800	7549440	512	10.934777
12363870720	12359661056	4209664	512	5.573890
158381731840	158376102400	5629440	512	20.917391
8693564416	8686412800	7151616	512	9.965403
80342883840	80338599936	4283904	512	1.790634
115419752960	115414865920	4887040	512	3.896469
102186097152	102181432320	4664832	512	8.141673
139389540352	139382453760	7086592	512	9.985418
38590510080	38582587904	7922176	512	6.447946
93314963968	93308582400	6381568	512	4.083532
151706885120	151700459008	6426112	512	8.501685
91216004096	91208017920	7986176	512	10.441694
5312454656	5306671616	5783040	512	2.513316
132015333888	132011064320	4269568	512	4.509789
60826612736	60819598848	7013888	512	4.249609
24114857472	24109823488	5033984	512	12.340581
13463782912	13456970240	6812672	512	4.441633
112984653824	112977549824	7104000	512	1.737868
135939327488	135933259264	6068224	512	3.895903
58438156800	58430851072	7305728	512	4.388153
97459085824	97453023232	6062592	512	5.997761
13669152768	13662624256	6528512	512	9.017341
131120901632	131112954880	7946752	512	12.840117
17734956032	17729164800	5791232	512	2.364038
124592027136	124583742976	8284160	512	6.973984
38430549504	38424041472	6508032	512	10.201587
125609750016	125601393152	8356864	512	11.495376
76777069568	76771958784	5110784	512	6.051312
72293589504	72288861184	4728320	512	6.826281
108325923328	108318716928	7206400	512	8.843703
87338894336	87331563008	7331328	512	3.074878
79876980224	79871946240	5033984	512	5.817739
44973753856	44969543680	4210176	512	7.848555
114113857536	114109657088	4200448	512	10.246955
16773059584	16768156160	4903424	512	7.543653
20724708864	20718983168	5725696	512	13.151940
97909080064	97902711808	6368256	512	3.716864
120328780800	120322476544	6304256	512	12.122059
136203696640	136198396928	5299712	512	3.749823
3114878464	3107791360	7087104	512	11.029278
3302273536	3295100416	7173120	512	2.808439
88534173696	88529273856	4899840	512	6.239151
39288215552	39283987968	4227584	512	3.301951
41572806144	41567849472	4956672	512	3.306742
12689890304	12683494912	6395392	512	6.118772
48837618688	48829341184	8277504	512	9.134787
372165632	366120448	6045184	512	9.699184
451137024	443512320	7624704	512	4.477533
107774090240	107769761280	4328960	512	1.820192
118710142464	118701929472	8212992	512	3.636996
103931492864	103925032448	6460416	512	7.106931
15725724672	15718857728	6866944	512	6.002341
30346179584	30341108736	5070848	512	8.705745
2446120960	2441513984	4606976	512	12.321901
43423940096	43418565632	5374464	512	2.114625
146320052736	146313142784	6909952	512	5.894319
61680256000	61675928064	4327936	512	5.467432
60392481280	60386468352	6012928	512	4.062704
89843587584	89836442112	7145472	512	7.620388
82699655168	82692261888	7393280	512	5.929120
83519466496	83513008128	6458368	512	6.310243
33282114560	33274238464	7876096	512	2.958055
43772939264	43765589504	7349760	512	8.832095
38796039680	38791490560	4549120	512	8.818234
56029056000	56021885952	7170048	512	7.892355
57207684096	57201256960	6427136	512	5.622577
3799889920	3793476096	6413824	512	6.448343
37737015808	37730480128	6535680	512	9.620113
33843569152	33837205504	6363648	512	5.381843
97330720256	97325088256	5632000	512	12.268237
71593900544	71585860608	8039936	512	12.636019
96122770944	96117903872	4867072	512	5.139150
95522836480	95518632448	4204032	512	11.158453
134974076416	134968684544	5391872	512	8.973094
3158455296	3150126592	8328704	512	9.425691
1274640896	1266283520	8357376	512	8.901566
152788751872	152783833600	4918272	512	7.867579
50505323520	50499190272	6133248	512	4.483991
66242397696	66235084800	7312896	512	4.263537
83236845056	83228718080	8126976	512	10.968794
146339869184	146331593216	8275968	512	10.709494
99282930688	99275698176	7232512	512	11.027373
14935059968	14930296320	4763648	512	4.408904
36685613056	36681142784	4470272	512	7.847125
142970767360	142964713984	6053376	512	14.121328
4547877376	4542823936	5053440	512	5.209567
148385418752	148380380160	5038592	512	7.354383
152270778880	152265101824	5677056	512	2.394104
159980852224	159974049792	6802432	512	12.175733
59220959232	59213335552	7623680	512	7.237761
11904525824	11896486400	8039424	512	4.323321
131802887168	131795168768	7718400	512	5.301021
19562247680	19556279296	5968384	512	2.879933
38195289600	38188571136	6718464	512	4.082268
78654191104	78648649728	5541376	512	3.179750
133965966336	133959928320	6038016	512	8.070610
85641433600	85633523712	7909888	512	6.762683
140183384576	140176950272	6434304	512	5.109618
62737865728	62732161536	5704192	512	6.877686
88261254656	88256128512	5126144	512	9.583543
10441974784	10437704704	4270080	512	6.182985
92531990016	92524924416	7065600	512	10.563985
24820439552	24815942656	4496896	512	12.004220
1731184128	1726300160	4883968	512	6.097274
47658724864	47651059200	7665664	512	3.328500
33367548416	33359296512	8251904	512	11.882237
125453381632	125447104000	6277632	512	4.726871
99340486144	99335141888	5344256	512	7.516337
84090171392	84084755968	5415424	512	7.952635
137072098816	137066267136	5831680	512	9.995937
158458330624	158451970048	6360576	512	4.637649
125953924096	125947384320	6539776	512	8.054436
14754236416	14748296704	5939712	512	11.669603
119647326208	119643031552	4294656	512	4.689972
111226143232	111220971008	5172224	512	4.453258
1563192320	1554819584	8372736	512	4.530022
85580847616	85575769600	5078016	512	4.872593
29671242752	29663899648	7343104	512	8.199307
118221807104	118214999040	6808064	512	11.134094
7500444160	7493632000	6812160	512	4.437587
41702375936	41695319040	7056896	512	12.707004
33718124032	33710978560	7145472	512	6.311450
115840913920	115834069504	6844416	512	2.110756
15827062784	15821370880	5691904	512	4.058541
64127730176	64120146432	7583744	512	10.168312
147862427136	147854760448	7666688	512	12.890671
123881750016	123876042752	5707264	512	23.159145
125376988160	125371549696	5438464	512	6.123729
40099158016	40092597248	6560768	512	9.577425
144579037184	144574553600	4483584	512	12.395891
50096570368	50089470464	7099904	512	6.155917
13396602880	13390781440	5821440	512	5.426045
70475073024	70470791168	4281856	512	6.055694
133523599360	133517189632	6409728	512	11.227449
103535327744	103528074240	7253504	512	7.630690
158716057088	158709051392	7005696	512	9.183517
108482096128	108477252096	4844032	512	9.123574
113088729088	113084032000	4697088	512	8.342957
14089595904	14083526144	6069760	512	12.251570
148643590144	148639022592	4567552	512	3.319961
30380280320	30372262400	8017920	512	6.027846
144250750976	144242983936	7767040	512	6.367387
129860662784	129853149184	7513600	512	14.882180
56820581376	56813522944	7058432	512	3.345477
72288337920	72282629120	5708800	512	6.777682
68444313088	68436919296	7393792	512	4.471488
104631326208	104623640064	7686144	512	7.085463
129277169152	129271176704	5992448	512	3.828579
143104175104	143098098176	6076928	512	10.789173
152262802432	152254996992	7805440	512	5.760434
146537459200	146531101696	6357504	512	12.080166
159120494592	159114898432	5596160	512	4.434598
19694514176	19689291776	5222400	512	2.331143
63681575424	63676866560	4708864	512	7.210361
153503350272	153495595520	7754752	512	8.597308
89839503872	89833601536	5902336	512	9.971540
139264977920	139257998848	6979072	512	13.270908
50322075648	50315680768	6394880	512	9.760269
144830137856	144822158848	7979008	512	9.610504
105218251776	105211176960	7074816	512	5.241360
65633033728	65625585664	7448064	512	12.777594
159975832576	159971194880	4637696	512	10.192491
103901684736	103895015936	6668800	512	11.652387
136500184064	136495624704	4559360	512	4.646317
21014120960	21007721472	6399488	512	4.248740
132170080768	132162352128	7728640	512	11.729573
107849989120	107841936896	8052224	512	7.663573
91313439744	91306531840	6907904	512	8.543929
68115827712	68107636224	8191488	512	8.037147
127117254144	127109942784	7311360	512	3.540821
63938045952	63929947648	8098304	512	9.690671
152858401792	152852506112	5895680	512	8.546578
16460530688	16456193536	4337152	512	12.552043
149934714880	149927233024	7481856	512	3.053214
91111394816	91104816640	6578176	512	4.357107
56927513600	56922025472	5488128	512	10.915048
131890705920	131883122688	7583232	512	3.043553
42031807488	42027466240	4341248	512	6.745882
6503296000	6495184896	8111104	512	3.598636
26146132480	26140415488	5716992	512	6.761797
51707936256	51702949376	4986880	512	4.437342
95457091072	95451042816	6048256	512	4.557351
114718957568	114710945280	8012288	512	10.826742
17516335104	17509719040	6616064	512	9.360306
39086407168	39080913920	5493248	512	10.890277
31490684928	31486437888	4247040	512	11.672125
707955712	701379584	6576128	512	3.617820
69299029504	69290811904	8217600	512	9.987856
127656523264	127652106752	4416512	512	4.351706
55514991104	55507763200	7227904	512	11.240990
102789451264	102781421056	8030208	512	6.350283
93550285312	93543924736	6360576	512	10.776203
120658560000	120652444672	6115328	512	5.688648
143219003904	143212237312	6766592	512	9.768658
142396729856	142388648960	8080896	512	9.587261
57881483264	57876342784	5140480	512	10.848268
15826283520	15819986944	6296576	512	3.370533
94285042176	94278084096	6958080	512	10.055696
77667720192	77661089280	6630912	512	7.206124
20010718208	20005997568	4720640	512	14.873447
17676536320	17671281152	5255168	512	5.949355
135882353152	135874385408	7967744	512	12.310879
3689604608	3681697792	7906816	512	2.285319
45407234048	45402360832	4873216	512	3.178394
87386070528	87379114496	6956032	512	1.797582
35214563840	35209193472	5370368	512	3.850408
139306575360	139298827776	7747584	512	8.000351
57770013184	57764121600	5891584	512	12.628826
149192854528	149185616896	7237632	512	3.913494
130716991488	130709403648	7587840	512	10.493365
58865795072	58859479040	6316032	512	6.364112
7893677568	7886261248	7416320	512	11.596056
53945257984	53938993664	6264320	512	7.440551
61492453376	61486057472	6395904	512	6.238406
34104029184	34096320000	7709184	512	11.870039
60205805568	60200258048	5547520	512	3.315928
46166240256	46158501888	7738368	512	2.064067
58501264896	58495374848	5890048	512	6.346498
56537536512	56530033664	7502848	512	11.756368
77892198912	77887948800	4250112	512	16.894541
56827863040	56819840512	8022528	512	5.894338
140526215680	140520243200	5972480	512	2.734984
29853382144	29847258624	6123520	512	10.817751
102493137408	102485255168	7882240	512	2.652606
141861145600	141854257664	6887936	512	6.163024
59917682688	59910745600	6937088	512	2.079237
95125794304	95118390272	7404032	512	8.166559
34052934144	34044845568	8088576	512	3.516100
66853768704	66849401856	4366848	512	2.519034
117700764672	117692471296	8293376	512	6.948917
128184736768	128177421824	7314944	512	3.443495
90231022592	90226383360	4639232	512	14.970639
10835298304	10830743040	4555264	512	2.134000
124460939264	124454535680	6403584	512	12.551300
145562804736	145557047296	5757440	512	8.837720
126566986240	126560768512	6217728	512	6.510941
134655359488	134647873536	7485952	512	13.945955
87052665856	87047433216	5232640	512	4.965586
61045702144	61038743040	6959104	512	6.946863
89813228032	89809021440	4206592	512	12.486910
2753405440	2748471296	4934144	512	12.261504
29083018752	29078467072	4551680	512	7.200325
69127877632	69121120256	6757376	512	7.365299
42201118720	42193961472	7157248	512	12.202939
78150386176	78145195520	5190656	512	4.550341
144276242432	144271587328	4655104	512	12.064573
135523958784	135518772736	5186048	512	8.635502
24971701760	24965249024	6452736	512	3.323993
90261469696	90253444096	8025600	512	9.587242
20198355456	20192910848	5444608	512	11.903750
98499601408	98493129728	6471680	512	10.893021
134309092352	134302510080	6582272	512	8.991712
125197552128	125192075776	5476352	512	11.224418
49034173440	49027351552	6821888	512	11.303461
77605462016	77599270912	6191104	512	11.191118
107747549696	107740103168	7446528	512	9.904468
130699645440	130694073856	5571584	512	2.030955
48638246400	48633489408	4756992	512	3.848394
134918541824	134913903616	4638208	512	2.575403
46067236352	46062613504	4622848	512	8.444830
90569314304	90564902912	4411392	512	7.445016
9416660480	9408989696	7670784	512	10.799667
89836837888	89831058944	5778944	512	1.973813
87342748160	87335953920	6794240	512	6.910707
86641182208	86635352576	5829632	512	7.777332
50759067136	50751990784	7076352	512	6.617523
149324766720	149319184384	5582336	512	4.485866
149670747648	149665404928	5342720	512	10.478250
29639635968	29633709056	5926912	512	3.151443
74325879808	74318810112	7069696	512	6.763639
133918332928	133910188032	8144896	512	12.660442
52457292288	52452665856	4626432	512	8.771522
18301335552	18296730112	4605440	512	9.134219
75939441664	75931626496	7815168	512	6.149698
144836855808	144831746048	5109760	512	6.373217
122403978240	122399299584	4678656	512	14.088669
116409914880	116403692544	6222336	512	12.116728
115114197504	115109309440	4888064	512	9.337619
79850459136	79845690880	4768256	512	2.801868
108080033280	108074632704	5400576	512	7.981713
72798579200	72792355328	6223872	512	12.545121
103986655232	103979682304	6972928	512	9.858482
142004858880	141997444096	7414784	512	7.481252
94080243712	94073549824	6693888	512	6.385891
83913520128	83908615168	4904960	512	8.793689
31604430336	31598716416	5713920	512	7.235423
122324502528	122320201728	4300800	512	10.248473
26402322432	26397662720	4659712	512	6.504737
37349013504	37342652928	6360576	512	1.934793
99449016832	99444072960	4943872	512	8.795248
15181600256	15173428224	8172032	512	8.305128
14875439616	14867983360	7456256	512	3.245331
102039908864	102033478656	6430208	512	9.342162
144010307072	144005348352	4958720	512	8.628514
27243453440	27236974080	6479360	512	6.557299
145020600832	145013872128	6728704	512	6.449554
145956652032	145951636992	5015040	512	4.662141
97115828736	97110300160	5528576	512	11.836572
27989129728	27981617152	7512576	512	3.500117
11166525952	11159953408	6572544	512	9.027245
13834161664	13827688448	6473216	512	3.487246
145086060032	145079242240	6817792	512	6.512985
128238137344	128230895616	7241728	512	8.149405
29246588928	29239305728	7283200	512	2.476174
93885599744	93879087104	6512640	512	10.129469
155605815808	155601152000	4663808	512	11.657244
98143353856	98137917440	5436416	512	7.371280
62243520512	62239084032	4436480	512	3.086575
133926987776	133921822720	5165056	512	12.065868
41308365824	41301007872	7357952	512	6.889707
13747789824	13741334016	6455808	512	1.852172
100338544128	100332221952	6322176	512	3.558394
18837329920	18830802432	6527488	512	2.602413
95566417408	95559742464	6674944	512	4.989126
13781425152	13775156224	6268928	512	5.420827
125973812224	125968833024	4979200	512	2.910297
136296734720	136290296320	6438400	512	7.552588
2089405952	2082957312	6448640	512	5.818912
2520428544	2516043776	4384768	512	4.136001
1900859392	1892556288	8303104	512	2.192035
124410674688	124405614080	5060608	512	10.316529
76428306432	76421200896	7105536	512	11.034996
76102433280	76097010688	5422592	512	9.112192
73647924736	73639723520	8201216	512	3.281435
85503013888	85496522752	6491136	512	1.965740
84073527296	84065242624	8284672	512	8.731752
65886739456	65881648640	5090816	512	9.273172
11220079104	11215504384	4574720	512	9.800788
106505699840	106499262976	6436864	512	2.097662
83827982336	83821895680	6086656	512	10.755554
30062908928	30055554560	7354368	512	9.782854
104771466240	104765621248	5844992	512	5.585845
137816795136	137811864576	4930560	512	11.856987
145048748032	145044271616	4476416	512	10.090953
118068324352	118064074752	4249600	512	3.521852
107949084672	107941234176	7850496	512	10.230683
30603126272	30596795392	6330880	512	5.411533
129274287616	129266343936	7943680	512	3.265594
131440521216	131432521216	8000000	512	11.163047
126294991360	126288823296	6168064	512	3.545830
124919691776	124913478656	6213120	512	6.271433
93793788928	93786050048	7738880	512	7.520911
131990934016	131984748544	6185472	512	3.416155
132584573952	132579287552	5286400	512	11.082155
16865601024	16860858880	4742144	512	4.795648
139122371072	139114019840	8351232	512	3.910387
2457741312	2450643456	7097856	512	10.857415
155549691392	155544584192	5107200	512	7.378339
154181552640	154175538688	6013952	512	12.765043
80619014144	80613657088	5357056	512	7.535096
483055616	476481536	6574080	512	14.617030
5971970048	5966437376	5532672	512	2.755296
65817691136	65811694080	5997056	512	10.638256
131075317248	131068139008	7178240	512	5.594684
17554529792	17549750784	4779008	512	5.858860
140877887488	140871161856	6725632	512	13.227340
28931176448	28926844416	4332032	512	12.203545
149069285888	149063696896	5588992	512	4.264237
47230172672	47224496128	5676544	512	11.774510
135047102464	135042576896	4525568	512	5.391873
104010834432	104005195776	5638656	512	12.153347
76984831488	76980145152	4686336	512	5.136794
98339083264	98333845504	5237760	512	12.397426
78179803136	78172842496	6960640	512	4.986605
60234539520	60228915200	5624320	512	1.856923
32656410624	32652038656	4371968	512	9.516512
17755709440	17748152320	7557120	512	12.742382
137371170816	137365103616	6067200	512	2.618505
17919499264	17911244800	8254464	512	11.843404
155753683968	155748875264	4808704	512	6.964802
46904993280	46900713472	4279808	512	12.316751
104501380608	104495569408	5811200	512	10.682501
24180714496	24175541760	5172736	512	4.283051
135623140864	135617241600	5899264	512	11.652476
12866200064	12858310656	7889408	512	6.918838
69496474624	69490118656	6355968	512	9.463477
22471087104	22466024448	5062656	512	11.871505
4625106944	4617299968	7806976	512	6.822171
2710943232	2704974848	5968384	512	1.898076
62710155776	62702814720	7341056	512	5.418472
106163647488	106155952640	7694848	512	4.282261
90827825664	90821716992	6108672	512	11.497144
22540771328	22533965824	6805504	512	11.309343
153551142912	153546144768	4998144	512	12.917669
19145870336	19141156864	4713472	512	10.648761
113764020736	113758859264	5161472	512	6.988224
26599826432	26593586176	6240256	512	8.795863
142251617280	142244130304	7486976	512	6.097974
42236836352	42232427008	4409344	512	5.335856
151109523968	151104786944	4737024	512	12.819634
1261665792	1257360896	4304896	512	7.960083
106669133824	106662682624	6451200	512	1.819791
54164127744	54157050880	7076864	512	10.527245
19232635392	19227505664	5129728	512	8.597780
28761231360	28756004864	5226496	512	9.089600
55688326144	55682077184	6248960	512	7.647925
106796973568	106788812288	8161280	512	6.478799
67952218624	67945846272	6372352	512	3.469984
97345370112	97340788736	4581376	512	5.626368
123752201728	123745550336	6651392	512	3.934318
1593545216	1585587200	7958016	512	10.949304
98455069184	98446964224	8104960	512	4.695713
18425248256	18418520064	6728192	512	5.712289
147513027072	147505336832	7690240	512	11.433335
64289832448	64283595264	6237184	512	4.445317
24320755712	24314459136	6296576	512	11.546283
145176670720	145169165824	7504896	512	3.614629
54953872384	54948667392	5204992	512	2.198629
9380192768	9372835840	7356928	512	6.587874
112183797248	112178491904	5305344	512	3.687794
94054220288	94047276032	6944256	512	10.530351
7640819200	7633202688	7616512	512	4.525816
4527988224	4520832512	7155712	512	3.020318
8602655232	8597753344	4901888	512	4.099034
90447415296	90442467328	4947968	512	3.465619
140277323264	140270753792	6569472	512	5.414547
10886582784	10881178624	5404160	512	3.237613
35902367744	35897248256	5119488	512	8.229582
56256071680	56250459136	5612544	512	2.627231
158314790912	158308500480	6290432	512	5.066471
81822555136	81816094208	6460928	512	12.921968
105942215680	105935963648	6252032	512	7.100670
37349301760	37344394752	4907008	512	10.975533
83762364416	83755814912	6549504	512	11.857797
7270686208	7264522240	6163968	512	7.469336
108466341888	108458401280	7940608	512	10.022578
104103808000	104096618496	7189504	512	10.877686
68807546368	68800165376	7380992	512	4.796553
136226150400	136221604352	4546048	512	4.937003
159695240192	159689086976	6153216	512	5.886513
93190312448	93182538240	7774208	512	8.938831
35687327232	35682443264	4883968	512	9.913950
150824560640	150818988032	5572608	512	4.781459
138982262272	138977275904	4986368	512	8.381321
57737039360	57729951744	7087616	512	9.706227
86175591424	86168372736	7218688	512	2.658627
64165409280	64160196608	5212672	512	6.958088
95694997504	95690524160	4473344	512	4.446462
109401072128	109396041216	5030912	512	9.985486
36802497024	36796206080	6290944	512	8.425993
22085505536	22077812224	7693312	512	2.990901
66697912832	66693135360	4777472	512	5.896638
134588681728	134582981632	5700096	512	4.206684
95519170560	95513498112	5672448	512	4.449151
142592174080	142587646464	4527616	512	9.387141
84842058752	84836257792	5800960	512	11.300591
35893121536	35888056832	5064704	512	9.181098
5190389248	5184468992	5920256	512	3.599588
29006944256	28998612992	8331264	512	3.604187
60939140608	60931696128	7444480	512	12.091690
21776321536	21769362432	6959104	512	7.891239
145290924544	145283987968	6936576	512	3.201525
54074596864	54068173312	6423552	512	5.740652
152560778752	152555231232	5547520	512	6.540160
145480252928	145472638464	7614464	512	8.025529
32231820800	32227392512	4428288	512	10.960634
145213938688	145206451200	7487488	512	9.071912
1970968064	1966631424	4336640	512	7.434469
145737435136	145730371584	7063552	512	9.387217
75417788928	75411234304	6554624	512	4.931472
120336871936	120329772544	7099392	512	2.407312
122592150528	122584111616	8038912	512	11.767017
35311045120	35306230272	4814848	512	10.910550
71090482688	71084998144	5484544	512	11.028506
130546220544	130540928000	5292544	512	10.926733
15694957568	15686789632	8167936	512	8.518510
61193576960	61188087808	5489152	512	12.829992
82629292032	82624372224	4919808	512	10.269139
32285115392	32278952960	6162432	512	8.898956
147883575808	147878688768	4887040	512	5.727872
15655801344	15651139072	4662272	512	8.099464
104807852544	104802827264	5025280	512	11.883847
87350321152	87344511488	5809664	512	12.219988
112434536448	112428049920	6486528	512	8.250597
21434112512	21427551232	6561280	512	10.715425
125871283200	125865318400	5964800	512	3.206217
85733438464	85725239296	8199168	512	6.114459
55176121856	55171642368	4479488	512	8.811223
61806221824	61798935040	7286784	512	6.385190
57482298880	57474790912	7507968	512	9.937367
77558799872	77553824256	4975616	512	8.730873
113897427456	113889877504	7549952	512	11.905803
149887488000	149881009152	6478848	512	6.980063
96133031424	96127406080	5625344	512	9.854226
31718752256	31714323968	4428288	512	8.447738
31258316288	31251499008	6817280	512	6.294041
102705135104	102700834304	4300800	512	8.941716
61367139840	61362858496	4281344	512	4.185581
112845019648	112838297600	6722048	512	12.308763
72954257920	72947225088	7032832	512	11.285764
38417941504	38413092864	4848640	512	5.522993
71781576192	71773611008	7965184	512	11.824397
35689688064	35681992704	7695360	512	10.802991
98960829952	98952993792	7836160	512	7.610042
99576635904	99568611840	8024064	512	6.428744
7809643520	7801584640	8058880	512	10.522416
107419153920	107412036096	7117824	512	7.766084
124444725760	124439528448	5197312	512	2.204597
45927978496	45922113536	5864960	512	8.337760
38750385152	38745789440	4595712	512	5.438577
30393406976	30388252672	5154304	512	10.217610
149018422272	149011016704	7405568	512	10.801093
41744564736	41738165760	6398976	512	4.798142
100597688832	100591561216	6127616	512	6.402223
75407003136	75400971776	6031360	512	8.653234
103261494784	103255388672	6106112	512	12.277407
43100259840	43094795264	5464576	512	2.265039
129693915136	129685684224	8230912	512	8.023354
15756221952	15750634496	5587456	512	9.471224
33319028224	33313633280	5394944	512	10.021145
19172950528	19165530624	7419904	512	3.807794
127331769344	127324893696	6875648	512	8.052963
42656965632	42649177600	7788032	512	10.583864
59302619136	59297184256	5434880	512	2.678452
152867501056	152859528192	7972864	512	5.264083
144887847424	144881559552	6287872	512	9.185435
146672689664	146668282368	4407296	512	10.044584
111482871808	111476612096	6259712	512	11.616949
128396746752	128389722112	7024640	512	4.354382
99597405696	99591035392	6370304	512	11.587275
154056694272	154048632320	8061952	512	7.304506
108346404864	108338765312	7639552	512	8.158755
57574187008	57569579008	4608000	512	9.085711
31059105792	31052081664	7024128	512	2.731078
66955265536	66949194752	6070784	512	9.974061
149470910464	149465366016	5544448	512	5.555800
140735732224	140730651136	5081088	512	7.381725
48724007936	48719788544	4219392	512	7.644755
13329943552	13323089408	6854144	512	6.179913
88095266304	88091065856	4200448	512	12.656913
125686614528	125678268416	8346112	512	7.980110
102015497728	102009120768	6376960	512	2.117533
29806553088	29800170496	6382592	512	8.516464
35736677376	35728972800	7704576	512	4.074999
41971880960	41965965312	5915648	512	2.058556
46948256256	46943246848	5009408	512	11.429946
81126890496	81122595328	4295168	512	12.712500
100990474752	100982774272	7700480	512	13.852301
117537575936	117531233792	6342144	512	4.729866
109237113344	109232899072	4214272	512	9.903749
17053624320	17048543232	5081088	512	4.617512
100519264256	100510980096	8284160	512	11.518693
156310727168	156305263104	5464064	512	4.193281
50526950400	50522665472	4284928	512	9.256991
32313747968	32309299712	4448256	512	4.534621
90354277888	90348721152	5556736	512	9.155833
116959492608	116952245760	7246848	512	7.731657
18257742848	18252880896	4861952	512	8.226079
82103240192	82096617472	6622720	512	2.520884
42673607168	42665930240	7676928	512	12.468380
49686872064	49679212544	7659520	512	3.522435
118303022080	118296782336	6239744	512	5.353871
135021033472	135013720576	7312896	512	3.152115
78465048064	78458890240	6157824	512	9.054117
29530684928	29524081152	6603776	512	11.033779
69294236672	69285916672	8320000	512	11.270611
132832419840	132825737216	6682624	512	13.021770
94990139904	94984651264	5488640	512	12.717349
101839180288	101834936832	4243456	512	9.556320
42929112064	42922170880	6941184	512	10.531528
14696145408	14691643904	4501504	512	11.179349
81588198400	81582888960	5309440	512	8.465498
145966497792	145961953792	4544000	512	4.439847
152307513856	152301445120	6068736	512	8.730770
89905060352	89899800576	5259776	512	8.336642
126047686144	126041771520	5914624	512	4.463045
101340455936	101332787200	7668736	512	11.154788
73800845312	73794848256	5997056	512	6.587283
98761755136	98757221888	4533248	512	12.031078
75063334912	75055997952	7336960	512	10.869958
146860974080	146855712256	5261824	512	8.102132
69269122560	69262494720	6627840	512	12.678088
82567049728	82560369664	6680064	512	9.213104
44165233152	44160211456	5021696	512	5.091032
73411949056	73406335488	5613568	512	5.955339
112999975936	112991981568	7994368	512	9.409084
26315297280	26308020224	7277056	512	11.257466
6347444736	6339791872	7652864	512	8.982913
116894072320	116889509376	4562944	512	10.798549
152467300352	152461628416	5671936	512	5.574604
65960486912	65953868800	6618112	512	7.065759
60961711104	60954837504	6873600	512	3.363502
116447182848	116440977408	6205440	512	1.795515
157632654336	157624309248	8345088	512	5.182250
123012175360	123007831552	4343808	512	9.195481
60670347776	60663566848	6780928	512	5.238725
53290924544	53284413952	6510592	512	12.974635
11816333312	11808806400	7526912	512	2.080198
110679260160	110674185728	5074432	512	8.904139
145925728768	145918452224	7276544	512	5.058572
52730554880	52725174784	5380096	512	13.401069
67181677056	67174364672	7312384	512	10.208424
29685307392	29681053184	4254208	512	6.841517
111429263872	111424934912	4328960	512	7.294101
95269950464	95262908928	7041536	512	3.828387
32373489152	32365753856	7735296	512	4.561984
141917572096	141911198720	6373376	512	8.672100
83094540288	83088310784	6229504	512	12.095259
72097133568	72089800704	7332864	512	3.823246
25616943104	25612047360	4895744	512	9.846047
112105338880	112098462208	6876672	512	13.349619
77500749312	77496127488	4621824	512	4.521351
90385910784	90379623936	6286848	512	9.950983
62695467520	62688776704	6690816	512	8.602710
152834857984	152828798976	6059008	512	2.742410
116876416000	116868357120	8058880	512	11.709779
30383488000	30375750656	7737344	512	14.599716
151830209024	151825051136	5157888	512	5.481817
22912235520	22904218624	8016896	512	10.744668
125000280064	124992489472	7790592	512	8.013995
80707953152	80699905536	8047616	512	6.262314
152723878912	152719616512	4262400	512	11.598476
36830611968	36826086912	4525056	512	2.916836
127894377472	127886070272	8307200	512	8.925064
24572067840	24565211136	6856704	512	11.507245
13239114752	13230752768	8361984	512	8.774555
28933567488	28925761536	7805952	512	7.761102
73367615488	73362299904	5315584	512	11.406871
147061224960	147057027584	4197376	512	6.708320
56237341696	56232828416	4513280	512	7.873675
117090588160	117085016576	5571584	512	9.321981
70405395456	70398289408	7106048	512	5.354151
144946750464	144942191104	4559360	512	3.873087
61811216896	61805491200	5725696	512	6.479042
129599122944	129593010688	6112256	512	11.139871
151203653120	151198198784	5454336	512	9.279991
25293973504	25286523392	7450112	512	10.761991
142298013696	142290439168	7574528	512	2.415752
15174320128	15169053184	5266944	512	5.841121
55918457344	55913870336	4587008	512	2.436636
82623464448	82618556416	4908032	512	10.611944
40893302784	40887534592	5768192	512	5.122745
98215823360	98208692224	7131136	512	2.102990
95510426112	95506151424	4274688	512	9.419598
47256631296	47251539456	5091840	512	3.836425
6807847936	6802921472	4926464	512	12.306234
26756720128	26749045760	7674368	512	12.865798
159454161920	159449480704	4681216	512	8.607108
85040825344	85032921600	7903744	512	6.933434
42382121472	42377432064	4689408	512	6.329951
120349703680	120342773760	6929920	512	6.395491
124196503040	124190663168	5839872	512	6.444892
118102296064	118097047040	5249024	512	4.720607
21738096128	21733006848	5089280	512	6.525448
47629249536	47624712704	4536832	512	10.308513
155196720640	155189200384	7520256	512	12.132909
88300142592	88294723584	5419008	512	12.647122
63835064832	63828906496	6158336	512	7.917194
69557367296	69552382976	4984320	512	13.083446
86674335232	86668510720	5824512	512	12.818282
116442411520	116434096640	8314880	512	13.169766
157164963328	157157032448	7930880	512	11.119704
146178207744	146170033664	8174080	512	9.256462
119063174656	119058327552	4847104	512	5.036624
95560145920	95554433536	5712384	512	6.389116
81395915264	81389671424	6243840	512	10.145655
104322516480	104316504064	6012416	512	5.323033
39945989120	39941498880	4490240	512	9.828392
118677871616	118672101888	5769728	512	4.650189
60035154944	60029960704	5194240	512	2.432406
135607218688	135600821760	6396928	512	8.140736
46443721216	46438802944	4918272	512	12.232503
118138508288	118134050816	4457472	512	11.947369
105999549952	105994735616	4814336	512	11.546946
138442601984	138437174272	5427712	512	11.481448
36906594304	36900692992	5901312	512	11.924761
58950927360	58944925184	6002176	512	4.162817
102867730432	102862593536	5136896	512	7.532613
71859696128	71852495360	7200768	512	14.625521
137605957120	137598353408	7603712	512	3.737098
140235525120	140229544448	5980672	512	11.804438
120922862080	120916798464	6063616	512	11.170952
128796402688	128788716544	7686144	512	11.144285
157004927488	156999064576	5862912	512	3.779268
28252604928	28247918080	4686848	512	6.101141
10451868160	10444109312	7758848	512	8.007271
53131038208	53124384256	6653952	512	9.270603
117424740352	117419964416	4775936	512	3.057399
148292894720	148286808064	6086656	512	8.820989
107755354624	107749294080	6060544	512	12.217265
12137082880	12132814848	4268032	512	4.378412
146328384512	146324009472	4375040	512	4.540746
92771167744	92765018624	6149120	512	8.795885
61992169984	61987236352	4933632	512	9.897197
125828024832	125823400448	4624384	512	2.207985
59446044160	59441351168	4692992	512	4.018872
28167017472	28162241024	4776448	512	12.013603
112371982336	112367439872	4542464	512	2.419343
140313246720	140305490944	7755776	512	10.966942
132286059008	132280295936	5763072	512	8.350031
51948900352	51942705664	6194688	512	11.913156
15403575296	15398787584	4787712	512	10.162639
111300371456	111295064576	5306880	512	3.651718
5380191232	5372966912	7224320	512	7.692257
138389030400	138382787072	6243328	512	6.519023
20874921472	20869087232	5834240	512	10.035632
37066843136	37061144576	5698560	512	6.569772
154159304192	154153864704	5439488	512	9.729063
55578906624	55574083072	4823552	512	10.492302
84313758720	84306306048	7452672	512	10.481554
126128634880	126123996672	4638208	512	1.973021
124931121152	124926878720	4242432	512	7.855473
36086182912	36080151040	6031872	512	1.760968
64200124416	64194512896	5611520	512	8.661915
55909435904	55903082496	6353408	512	3.854193
95180261376	95172138496	8122880	512	2.878302
104013663744	104007564800	6098944	512	11.385536
105324170752	105319762944	4407808	512	5.554144
92833190400	92826508288	6682112	512	3.942082
62359701504	62351370240	8331264	512	6.834790
122521002496	122516337152	4665344	512	9.130632
140252080640	140244012544	8068096	512	9.958861
99684110336	99678584320	5526016	512	9.769466
15815368704	15810468352	4900352	512	7.531718
95432428544	95426339840	6088704	512	3.673962
40928427520	40920059904	8367616	512	10.757741
155506066432	155498823168	7243264	512	3.927923
55081889792	55075245056	6644736	512	12.836483
95760460800	95754514944	5945856	512	10.776963
130268366848	130263289856	5076992	512	5.345236
41259323904	41251782144	7541760	512	5.489345
88773850624	88769165824	4684800	512	7.135857
109364487680	109359956992	4530688	512	6.782455
150774802944	150768184832	6618112	512	10.277582
55713297920	55706975744	6322176	512	9.410384
135595447808	135587744768	7703040	512	5.625962
107040912896	107035103744	5809152	512	8.447006
52139763200	52135128576	4634624	512	11.038477
133515399680	133507324928	8074752	512	13.166524
67992783872	67985701376	7082496	512	8.225310
24894815744	24889065472	5750272	512	2.190945
53839418880	53831739904	7678976	512	12.246289
105175680512	105167304704	8375808	512	11.831351
78399789056	78392476672	7312384	512	7.136645
3046546432	3042290176	4256256	512	3.991246
140232368128	140225234432	7133696	512	6.858850
18368548864	18361422848	7126016	512	12.673228
57588547072	57580515840	8031232	512	11.060291
33132295168	33126873088	5422080	512	3.068828
99548758016	99541533184	7224832	512	3.552460
44671407104	44666916864	4490240	512	8.668897
109353507328	109348035584	5471744	512	6.480034
125115130368	125109780992	5349376	512	9.559140
84651513856	84643396608	8117248	512	2.586608
110499466752	110494640640	4826112	512	6.210940
147281006080	147273344512	7661568	512	4.056398
158580713472	158572710912	8002560	512	7.286287
59210696704	59205309952	5386752	512	9.490116
75525406720	75517633536	7773184	512	11.501793
16009140736	16002764288	6376448	512	5.190333
43123745792	43118719488	5026304	512	9.781824
60136034304	60128448000	7586304	512	10.171175
24819099648	24813861376	5238272	512	8.913294
4929166336	4923323904	5842432	512	4.285168
100194753024	100189780992	4972032	512	12.135835
31657029120	31650800640	6228480	512	6.777074
29882787840	29877539328	5248512	512	5.535718
59921290752	59915459584	5831168	512	4.503120
107125138944	107117658624	7480320	512	2.430703
52595860480	52590189568	5670912	512	13.340465
138185113600	138176751616	8361984	512	11.596916
41312839680	41306202624	6637056	512	10.041482
55571958272	55567501312	4456960	512	9.165082
80222040576	80216354816	5685760	512	12.017116
56990961664	56985263104	5698560	512	9.920042
31962518016	31954356224	8161792	512	8.923306
29976134656	29971679744	4454912	512	12.618588
69807454208	69801018880	6435328	512	2.354270
3027490816	3021681152	5809664	512	7.323069
87113175552	87107062272	6113280	512	4.894399
14227380224	14220529664	6850560	512	5.539739
19963950080	19955996672	7953408	512	12.530460
35531052544	35526517760	4534784	512	6.646836
98191993856	98187144704	4849152	512	3.673406
35500720640	35492712960	8007680	512	7.098403
59551148032	59545201152	5946880	512	7.086715
84969516032	84963415552	6100480	512	11.624636
130058402816	130050068480	8334336	512	12.319501
58788578304	58780619776	7958528	512	11.103255
65248146432	65243634688	4511744	512	12.815836
8982280704	8976066560	6214144	512	6.390879
90424467968	90416123904	8344064	512	11.080368
159705890304	159699678208	6212096	512	3.626888
159201826816	159193820672	8006144	512	12.596230
14525005312	14520096256	4909056	512	2.622889
150995476992	150990696448	4780544	512	12.257473
128014396928	128007008768	7388160	512	10.706548
72362152448	72354077696	8074752	512	7.580611
11789032448	11782621184	6411264	512	12.661342
83503200256	83497004544	6195712	512	1.709623
32054580736	32047387136	7193600	512	9.656243
89974621184	89970133504	4487680	512	11.343704
62024298496	62017869312	6429184	512	2.510658
45137421824	45129124864	8296960	512	8.819843
157576541696	157571141120	5400576	512	5.494979
65696321024	65690392576	5928448	512	9.527663
15706929664	15701803008	5126656	512	8.518030
105232468992	105225546240	6922752	512	11.098053
134783643136	134777015296	6627840	512	7.820635
100606389760	100598284800	8104960	512	11.200117
78975221248	78968622592	6598656	512	12.290711
105068046336	105061877248	6169088	512	7.989422
17933114368	17926792704	6321664	512	6.115554
90981517312	90974924800	6592512	512	2.466123
36357969920	36351285248	6684672	512	10.988479
83607223296	83601154048	6069248	512	11.149563
12008399360	12003754496	4644864	512	11.808764
67961116672	67955235328	5881344	512	3.546328
51353700864	51348414976	5285888	512	11.504408
81311819776	81305033216	6786560	512	12.218546
78286381056	78280686080	5694976	512	8.934422
118831882240	118826009088	5873152	512	10.037378
25276814336	25270053888	6760448	512	1.944934
114917747712	114909655552	8092160	512	7.155154
114726426112	114721117184	5308928	512	3.658530
8814861824	8808393216	6468608	512	5.449511
774231040	767545856	6685184	512	8.216984
130682873344	130676918784	5954560	512	5.239736
40001307136	39993461248	7845888	512	10.427695
155088877056	155081044480	7832576	512	6.752961
69950893568	69945539584	5353984	512	4.200525
59766823424	59762352640	4470784	512	2.919988
86882878976	86878192128	4686848	512	7.207246
148718216192	148712675328	5540864	512	4.424641
131796491776	131789758464	6733312	512	2.307858
12312036352	12304168960	7867392	512	3.046034
88050770432	88046515712	4254720	512	6.909420
80502581248	80494304256	8276992	512	1.835996
76680078336	76673287168	6791168	512	8.808917
155627947008	155620158464	7788544	512	4.733156
23603058176	23596346368	6711808	512	8.131190
29063521792	29056098816	7422976	512	9.460914
44627854336	44622555648	5298688	512	3.733150
75477851648	75469520896	8330752	512	10.126563
93198991360	93191224832	7766528	512	10.872610
32754956800	32747619328	7337472	512	5.122036
112798734848	112791989248	6745600	512	11.451318
67903958528	67898495488	5463040	512	11.464719
117740945920	117733494784	7451136	512	7.921090
1230325248	1222403584	7921664	512	4.979935
69727275008	69720698368	6576640	512	10.786276
5206570496	5199225856	7344640	512	10.958405
61717265408	61711729152	5536256	512	3.548748
146148739584	146143856640	4882944	512	4.524118
85760249344	85755031552	5217792	512	9.163112
11127739904	11121858048	5881856	512	3.466461
93748284928	93741773824	6511104	512	4.061473
69681956352	69675051008	6905344	512	6.226584
52668689408	52662185984	6503424	512	12.160610
52886498304	52881458176	5040128	512	10.295982
14832440832	14826357248	6083584	512	10.176960
9163642880	9158273024	5369856	512	9.249495
13868638208	13862104576	6533632	512	11.777712
154485389824	154480669184	4720640	512	11.640360
53682460160	53678174208	4285952	512	1.751199
22984360448	22979855872	4504576	512	2.503443
49735191552	49730243584	4947968	512	9.985775
91558453248	91553103872	5349376	512	3.136983
148226723328	148221509120	5214208	512	5.093001
131298837504	131294626816	4210688	512	10.349428
101029015552	101022779904	6235648	512	8.280857
22902963712	22896528896	6434816	512	3.640734
64336158208	64331320320	4837888	512	4.783303
87420845568	87416061952	4783616	512	8.707277
128232966656	128226862592	6104064	512	14.125370
22357258752	22353049600	4209152	512	7.159352
117542495232	117535372800	7122432	512	5.031569
112628428288	112622434816	5993472	512	8.114591
159582657536	159577939968	4717568	512	2.804187
145132404736	145125574144	6830592	512	7.917537
5569782784	5561745920	8036864	512	3.066128
105831405056	105823663616	7741440	512	15.178729
8732952064	8727173632	5778432	512	7.269269
46126769152	46120955392	5813760	512	9.320211
27227043840	27219560960	7482880	512	5.430391
42991662592	42985401856	6260736	512	3.755505
76822710272	76817060864	5649408	512	4.769811
24489164288	24483517952	5646336	512	8.002270
12834063872	12828308480	5755392	512	5.903092
82050289152	82045036544	5252608	512	11.668338
107087143424	107078847488	8295936	512	2.473360
129473884672	129467785216	6099456	512	9.069996
15061903872	15055477248	6426624	512	4.296821
45869620224	45864607232	5012992	512	11.378550
68752912896	68747420160	5492736	512	10.837894
94780701696	94773364224	7337472	512	9.741728
34502887424	34496897536	5989888	512	13.609171
122055967232	122050524160	5443072	512	8.488192
152496691712	152491554816	5136896	512	9.449206
59985772032	59980835840	4936192	512	5.345207
122637900800	122629621760	8279040	512	9.635314
50081873920	50075298304	6575616	512	14.436795
118027229696	118019444224	7785472	512	10.273074
87399192576	87391744000	7448576	512	12.090219
155932345856	155927407616	4938240	512	3.543279
44946273280	44942024192	4249088	512	7.059262
99396546560	99391726080	4820480	512	10.752831
101971552256	101965165568	6386688	512	3.290516
94639106560	94634717184	4389376	512	5.751375
3201786368	3195032064	6754304	512	7.356965
75698749440	75694085632	4663808	512	5.478229
34994794496	34988684800	6109696	512	11.572411
158225425408	158218760704	6664704	512	7.140992
78877664768	78871929856	5734912	512	8.038810
69685151232	69678065664	7085568	512	2.116079
59874209792	59867691008	6518784	512	11.276842
72614721024	72607380480	7340544	512	11.131312
74819822080	74814404096	5417984	512	12.231330
17029906944	17021589504	8317440	512	9.571553
31353341952	31345826304	7515648	512	3.994784
100887412224	100880569344	6842880	512	8.978093
133374276608	133368570880	5705728	512	4.141587
157850580992	157842581504	7999488	512	8.868828
70154950144	70149748736	5201408	512	7.152112
90971119616	90966307840	4811776	512	8.699024
128180797440	128174036480	6760960	512	7.605748
66057741312	66051315200	6426112	512	2.495961
152743517696	152736045056	7472640	512	6.394686
49523546112	49517941248	5604864	512	7.740138
19025617408	19021194240	4423168	512	12.799575
119538477056	119530914816	7562240	512	11.690899
135352024064	135345526272	6497792	512	11.253357
83969394688	83964334080	5060608	512	2.916108
70135396864	70128676352	6720512	512	6.177701
37855568896	37848322560	7246336	512	6.597361
80084389888	80078148096	6241792	512	8.302537
148565372416	148558228480	7143936	512	7.099412
72302824448	72297135104	5689344	512	7.179290
139026724864	139021213696	5511168	512	9.380462
84987420160	84980944384	6475776	512	10.898655
57172274688	57164318720	7955968	512	3.149527
75942564864	75937269248	5295616	512	8.896371
125973692928	125966977536	6715392	512	8.875022
132516332032	132508837888	7494144	512	7.565354
77990675456	77983408640	7266816	512	8.180512
39592072192	39586369536	5702656	512	13.167069
51237233664	51230929920	6303744	512	4.827559
148466408960	148461404672	5004288	512	11.354909
24992682496	24987442176	5240320	512	5.693500
132993944576	132987263488	6681088	512	8.809217
37670813184	37666110464	4702720	512	6.169623
136527852032	136520424448	7427584	512	5.429629
144621688320	144615715840	5972480	512	7.796566
138055171072	138046907392	8263680	512	6.316166
18447085056	18441339904	5745152	512	12.460017
54004800512	53998522880	6277632	512	6.463342
156125066240	156119763968	5302272	512	11.767668
72598602240	72592050688	6551552	512	4.952816
106544420352	106539018752	5401600	512	12.683599
111331958272	111326177792	5780480	512	2.136130
83035637760	83028181504	7456256	512	6.501376
37292703744	37287456768	5246976	512	6.666889
19901289984	19893522432	7767552	512	7.435515
24889235456	24883134464	6100992	512	6.481239
38214407168	38206396416	8010752	512	7.105734
32821958144	32817051136	4907008	512	8.940503
75186761216	75182142976	4618240	512	6.435219
82803837440	82796827648	7009792	512	7.196471
115441522688	115434262016	7260672	512	7.464867
133853537280	133848365568	5171712	512	7.229057
126277688832	126273313280	4375552	512	10.097258
105810948608	105806473216	4475392	512	7.926304
4639388160	4634148864	5239296	512	6.396635
154109143040	154103070208	6072832	512	10.279479
139671438336	139664629248	6809088	512	6.764773
27856245760	27849456640	6789120	512	12.687775
30300169216	30294389248	5779968	512	12.791782
148095157248	148087513088	7644160	512	7.361200
4755038720	4747280384	7758336	512	2.136844
20313811968	20308217344	5594624	512	9.481185
135979773440	135974790144	4983296	512	9.736946
142438619136	142432764416	5854720	512	11.888623
145422415872	145415159808	7256064	512	3.332734
8036112896	8031124480	4988416	512	11.149453
111134371840	111127164416	7207424	512	8.580858
65805370368	65800700416	4669952	512	7.904591
3188540416	3182944256	5596160	512	14.629253
88730673664	88725409280	5264384	512	10.063725
103228581888	103220814848	7767040	512	5.223589
118975022592	118966706176	8316416	512	4.645650
86896683520	86890201088	6482432	512	8.297763
68416798720	68410604544	6194176	512	2.028941
35015088128	35008131584	6956544	512	5.827271
23698710528	23694467072	4243456	512	2.161757
133055440384	133049294336	6146048	512	3.529619
75049432576	75041622528	7810048	512	2.495118
91325562880	91320754176	4808704	512	7.127486
73208328704	73203129344	5199360	512	7.898100
138294499328	138286209536	8289792	512	12.412578
108213560320	108207740928	5819392	512	10.481390
82855165952	82849877504	5288448	512	10.971125
76021471744	76014843904	6627840	512	3.200496
144901727232	144896513536	5213696	512	10.867578
102138513408	102133932544	4580864	512	5.594551
6950811136	6946314240	4496896	512	3.079470
7152524288	7147893760	4630528	512	8.757800
117480375808	117475693056	4682752	512	10.265951
14447240192	14439050240	8189952	512	5.201657
46024508416	46017978880	6529536	512	10.205711
70577574912	70569946624	7628288	512	9.418724
26030825472	26023832576	6992896	512	7.552533
5094160384	5085869568	8290816	512	10.048372
138691693056	138684730368	6962688	512	4.437412
20214612992	20207609856	7003136	512	11.972319
43721609728	43713627136	7982592	512	12.216569
78023828480	78018912256	4916224	512	7.129620
79634491392	79628269056	6222336	512	7.527507
4463757824	4456644608	7113216	512	7.592527
87854832640	87847411200	7421440	512	6.988584
26035512832	26029024768	6488064	512	8.156998
35907156992	35899014144	8142848	512	2.550338
155185687040	155177695232	7991808	512	3.445279
142285421568	142279947264	5474304	512	3.848475
69518221824	69513833984	4387840	512	3.910235
18949400576	18944901632	4498944	512	3.058077
138168770560	138163424768	5345792	512	4.314165
56042787840	56036420096	6367744	512	6.662743
117965771776	117958472704	7299072	512	6.614676
58870279168	58862503936	7775232	512	6.565037
10676841984	10669376512	7465472	512	12.507688
51103990784	51098181632	5809152	512	12.435433
83336895488	83330291712	6603776	512	10.706954
42401884160	42396462592	5421568	512	3.005806
45682029056	45675902464	6126592	512	3.467708
29963405824	29955379712	8026112	512	10.489416
52689223168	52682432000	6791168	512	4.836049
90675796480	90669805568	5990912	512	2.664734
87974866432	87969442304	5424128	512	4.940141
24544905216	24540243456	4661760	512	9.247879
96577730048	96570228736	7501312	512	3.266336
23826654208	23821595136	5059072	512	8.895419
16094159872	16088768000	5391872	512	8.862078
22187728384	22179395584	8332800	512	9.814684
36168623616	36163920384	4703232	512	8.601283
118514984448	118508000256	6984192	512	5.110460
95245504000	95239310336	6193664	512	12.715114
74788850688	74782492672	6358016	512	9.582512
89234509312	89227690496	6818816	512	6.200127
34279915520	34272572928	7342592	512	7.065701
32504058368	32496328192	7730176	512	11.443570
143129555456	143122397696	7157760	512	6.644005
59795278848	59789787648	5491200	512	4.394063
98287456256	98281026560	6429696	512	2.374357
17773603840	17768025088	5578752	512	5.788763
140897521152	140891080704	6440448	512	4.988835
3450618368	3445800960	4817408	512	5.124534
17050769920	17042428928	8340992	512	9.253138
28041403904	28033112576	8291328	512	12.198660
111798313472	111793812992	4500480	512	3.459610
114860019712	114855190016	4829696	512	12.734687
55383726080	55379267584	4458496	512	9.152130
143729469440	143721826304	7643136	512	11.030257
38182071808	38176769024	5302784	512	5.550908
111402382848	111396953088	5429760	512	8.634961
129470468096	129462676992	7791104	512	3.519978
23356647936	23348917760	7730176	512	10.886556
124763295744	124758609408	4686336	512	5.910833
93780251136	93773469184	6781952	512	9.300383
72820923904	72815659008	5264896	512	6.376889
52917985792	52909662208	8323584	512	5.478210
40522222592	40515475968	6746624	512	4.422454
95089747968	95085154816	4593152	512	7.799680
105116722688	105111028736	5693952	512	10.956590
74099307008	74093914624	5392384	512	11.751102
150542056960	150534472704	7584256	512	3.259040
12751385600	12743969792	7415808	512	5.590354
129095688704	129090903040	4785664	512	11.995756
127725132288	127717643264	7489024	512	10.348449
34243397120	34236558336	6838784	512	2.795580
73179870720	73173238784	6631936	512	12.488391
142449031168	142442525696	6505472	512	3.290534
47464675840	47458679808	5996032	512	5.936165
138329303040	138324497920	4805120	512	9.232943
126132974080	126126373888	6600192	512	11.618901
137767396864	137760574976	6821888	512	6.410312
100106186752	100101047296	5139456	512	2.702520
90872053760	90866605056	5448704	512	5.644752
154307159040	154300068352	7090688	512	8.561113
35742599680	35736830976	5768704	512	5.105302
124200705536	124195490304	5215232	512	5.584202
48886411264	48881672704	4738560	512	4.267132
73944731136	73940527104	4204032	512	5.155604
117576091136	117568518656	7572480	512	4.579385
71477027840	71471296512	5731328	512	8.178351
10180900864	10173999104	6901760	512	2.702170
154912813056	154906451456	6361600	512	4.764656
15206184960	15198243840	7941120	512	3.439290
140129214464	140122231296	6983168	512	10.947053
15885809152	15878294016	7515136	512	11.273683
31788771328	31783956480	4814848	512	4.274517
13256532992	13249757696	6775296	512	9.809218
35617003008	35612194304	4808704	512	2.544160
151523642880	151516900864	6742016	512	7.747586
15578994688	15570748416	8246272	512	10.805681
127054153216	127049913344	4239872	512	9.595097
76361130496	76353632768	7497728	512	5.929148
28409355264	28404740096	4615168	512	4.133794
38402088960	38394049536	8039424	512	13.427607
73567535104	73562842624	4692480	512	3.155897
78837163520	78830598656	6564864	512	8.780279
118677496320	118672134656	5361664	512	5.136456
64225460224	64221103616	4356608	512	4.525714
99784036352	99776394240	7642112	512	9.023443
15946588160	15940090368	6497792	512	12.218431
66096176640	66091618816	4557824	512	10.176203
154609252352	154603632640	5619712	512	8.465628
19981457920	19976332800	5125120	512	8.615030
21631063040	21623994880	7068160	512	4.263333
106406400512	106399969280	6431232	512	7.757801
42218677760	42211141120	7536640	512	5.553625
150120528384	150115095552	5432832	512	2.982260
104667282944	104659105792	8177152	512	6.087690
99310870016	99303788032	7081984	512	3.153715
31327374336	31321428992	5945344	512	12.616467
52511093248	52506821120	4272128	512	4.408017
90777616384	90771691008	5925376	512	9.504842
4916363776	4909952000	6411776	512	2.744411
125414893568	125409820160	5073408	512	5.352673
42842628096	42836626432	6001664	512	2.343418
20946008064	20941599232	4408832	512	9.981421
44697009664	44688623616	8386048	512	5.459775
121995951616	121990999040	4952576	512	3.549236
148038486016	148032289280	6196736	512	5.670311
9621809152	9614085120	7724032	512	9.948112
21091749888	21087101440	4648448	512	9.505009
15224064512	15218710016	5354496	512	4.224198
69425350144	69420327936	5022208	512	10.560290
157057094144	157049710592	7383552	512	5.756644
97742494208	97734417408	8076800	512	7.911268
144077016576	144070574080	6442496	512	7.956629
137337117696	137330544128	6573568	512	3.809455
107563003904	107555127296	7876608	512	11.458561
125122247680	125116388864	5858816	512	7.930440
146625874432	146617494016	8380416	512	7.175809
23502784512	23496094720	6689792	512	2.390977
7165396992	7160485888	4911104	512	4.049157
151698109440	151691693568	6415872	512	8.441835
46992579584	46985834496	6745088	512	12.649716
114218536448	114213002752	5533696	512	7.768423
31610295808	31603519488	6776320	512	7.609529
72620451328	72614995456	5455872	512	2.298909
103608542720	103602648576	5894144	512	8.523423
58471311872	58464109568	7202304	512	11.778372
80484703232	80479716864	4986368	512	8.684812
133265403392	133257935872	7467520	512	4.354334
47946508288	47940910080	5598208	512	7.841126
155772288512	155765017088	7271424	512	9.515163
26266638848	26258283008	8355840	512	10.337695
62264159232	62256263168	7896064	512	2.585748
159528821248	159522800128	6021120	512	5.955308
110303144448	110297107968	6036480	512	5.672839
66676797440	66668924928	7872512	512	4.752084
18354922496	18347885568	7036928	512	3.054706
2637935616	2630870528	7065088	512	7.639697
112588065792	112580342272	7723520	512	4.724921
132023245824	132014957056	8288768	512	6.581867
122537128448	122532337152	4791296	512	8.472564
111072508928	111067809792	4699136	512	8.167032
105430238720	105422459904	7778816	512	11.897538
145418534912	145413223424	5311488	512	7.011549
104152332288	104147208192	5124096	512	10.255648
88016509952	88009427456	7082496	512	4.791281
65239046144	65232549376	6496768	512	12.271673
100418796544	100411827712	6968832	512	7.266706
141302380032	141298113024	4267008	512	4.171516
125698429440	125692307968	6121472	512	5.579683
76995346944	76987373056	7973888	512	7.695536
6676770816	6671472640	5298176	512	6.721475
91989674496	91983620096	6054400	512	12.571647
19434627584	19428846080	5781504	512	2.523065
51945759232	51937711616	8047616	512	3.634001
27279104512	27274839552	4264960	512	2.289399
90844248064	90837662208	6585856	512	11.044429
120580139008	120574044672	6094336	512	8.556728
128232798720	128226046976	6751744	512	5.966536
27036843008	27028616192	8226816	512	12.478378
74222083072	74216450048	5633024	512	7.198609
118712952320	118705858560	7093760	512	11.839038
74720946688	74712764928	8181760	512	10.094768
85093930496	85089690112	4240384	512	3.277793
3653236224	3645813248	7422976	512	3.734434
34020498432	34015880192	4618240	512	5.136700
68340494848	68332187136	8307712	512	4.074176
158695516160	158690201088	5315072	512	12.618195
74690824704	74683031552	7793152	512	11.245339
37433124864	37426036736	7088128	512	2.186038
87668396032	87661365760	7030272	512	4.229531
74948308992	74941282816	7026176	512	7.712741
20927788032	20920879616	6908416	512	9.179853
44053695488	44047546880	6148608	512	4.113819
119600596480	119596344320	4252160	512	10.317169
60730142720	60724929536	5213184	512	6.943109
103211316736	103206908928	4407808	512	5.579375
130490558464	130484925440	5633024	512	5.250315
153711965184	153707765248	4199936	512	11.903766
120423065600	120414768640	8296960	512	3.426672
53081157632	53076377088	4780544	512	13.180138
47098977280	47093009408	5967872	512	12.379847
133242968576	133235799552	7169024	512	2.882990
6817125888	6809203712	7922176	512	2.007965
142968685056	142960756224	7928832	512	6.421695
157432440832	157425518080	6922752	512	2.860156
65962022400	65957744128	4278272	512	12.514109
58339409408	58331225088	8184320	512	4.429375
62324156928	62318530048	5626880	512	8.353986
76648491520	76644154368	4337152	512	7.139674
25682283008	25678070784	4212224	512	4.966080
148523326464	148518405120	4921344	512	2.999681
93580421632	93574648832	5772800	512	2.811042
107986060288	107979297280	6763008	512	9.540555
131994686976	131987552768	7134208	512	8.535424
129774244352	129767688192	6556160	512	6.911483
125209772544	125205043200	4729344	512	10.784216
75645334528	75639752192	5582336	512	6.765516
48578877952	48574582272	4295680	512	9.030047
126205189632	126200458240	4731392	512	4.770965
34625941504	34619481088	6460416	512	15.449178
142085324288	142080301568	5022720	512	11.280993
48265589760	48261341696	4248064	512	5.269821
90007782400	90000044032	7738368	512	2.419958
74365523456	74358586880	6936576	512	9.340069
16778780160	16773532672	5247488	512	11.283605
70218270208	70211245056	7025152	512	11.646309
153872629760	153865409024	7220736	512	7.344904
72170550272	72164884480	5665792	512	6.472914
86491215360	86484925952	6289408	512	12.324569
149976477696	149968143872	8333824	512	8.310097
49449931264	49442394624	7536640	512	5.760416
124040251904	124032852480	7399424	512	10.390452
83181012480	83173224448	7788032	512	5.256550
121349812736	121341474304	8338432	512	8.195271
3215957504	3207631872	8325632	512	5.452164
53895239680	53887525376	7714304	512	5.334073
3796257792	3790282240	5975552	512	4.445209
16988817920	16982008832	6809088	512	14.927977
33643454464	33637765632	5688832	512	7.725596
6770768896	6764126720	6642176	512	7.273640
99163253248	99158567936	4685312	512	12.589881
63688702976	63680599552	8103424	512	9.642452
89744529920	89736482816	8047104	512	12.527455
72671926272	72663777280	8148992	512	8.809568
80517201920	80508926464	8275456	512	11.119353
4199997952	4191936512	8061440	512	10.454022
88365198336	88358415872	6782464	512	5.233031
29213887488	29209615360	4272128	512	5.219235
69917937152	69913610240	4326912	512	12.518666
13485498880	13479046656	6452224	512	12.028431
102292403712	102286150144	6253568	512	7.967982
57206945280	57199712256	7233024	512	11.212515
54617773056	54612579840	5193216	512	7.280693
111748143616	111740377600	7766016	512	12.970431
27786786304	27780425216	6361088	512	4.883869
71735106048	71730361344	4744704	512	7.202461
94481920000	94475206656	6713344	512	5.895906
109879945216	109872236032	7709184	512	4.103838
52449799680	52442529792	7269888	512	4.981888
48077222912	48072257024	4965888	512	10.505583
155066811392	155062086144	4725248	512	11.158561
131769298432	131763244544	6053888	512	5.098186
69752258048	69747701760	4556288	512	10.120378
3453731840	3445802496	7929344	512	12.940415
33498402304	33490751488	7650816	512	7.784416
131622799872	131615380992	7418880	512	3.662278
151847134720	151840363008	6771712	512	8.780829
125988744704	125983464960	5279744	512	6.660794
62897631744	62890629632	7002112	512	11.989128
33496195072	33488944640	7250432	512	11.373716
91646616576	91641186304	5430272	512	10.020185
20797083136	20791514624	5568512	512	9.356619
75558251520	75551113216	7138304	512	3.647689
74383051776	74377340416	5711360	512	3.704058
40887327232	40882568704	4758528	512	7.462246
144755484160	144751111168	4372992	512	4.282332
81639939584	81631979008	7960576	512	3.766588
99806900224	99800001024	6899200	512	7.420429
93250267136	93245346816	4920320	512	6.143657
1784550912	1778761728	5789184	512	7.063867
146876590080	146871413760	5176320	512	10.507125
152592935424	152586284544	6650880	512	9.221165
44636851712	44631165440	5686272	512	6.355027
138956127744	138950080000	6047744	512	8.800922
78340409344	78332939776	7469568	512	8.273477
131467566592	131462566400	5000192	512	8.997084
136726415872	136719326208	7089664	512	9.825920
62594882560	62590093312	4789248	512	10.477743
100698480640	100692520960	5959680	512	12.724600
138853459968	138847286784	6173184	512	10.399745
53971639808	53966540288	5099520	512	9.194732
141135196672	141128825344	6371328	512	2.592219
30064742400	30059475456	5266944	512	11.766333
87655254528	87649244672	6009856	512	7.102916
125024168448	125016293376	7875072	512	10.140706
77068853248	77062482944	6370304	512	9.124298
73024313344	73019020288	5293056	512	3.947265
83086270976	83081860608	4410368	512	9.285883
154557959168	154550636032	7323136	512	7.834677
138191586304	138186373632	5212672	512	1.841265
24896501760	24890430464	6071296	512	7.032795
49116836864	49111234048	5602816	512	7.825619
106707920896	106700644352	7276544	512	4.062888
77825228800	77818628096	6600704	512	12.231922
144194932224	144187429376	7502848	512	3.776076
105024887808	105019593728	5294080	512	5.684349
18965322240	18957422080	7900160	512	7.006751
68594668544	68587902464	6766080	512	5.251131
113128528896	113123102720	5426176	512	7.016758
45970365440	45962523136	7842304	512	7.475208
999146496	993983488	5163008	512	12.591482
75711397888	75705918464	5479424	512	9.952338
97425940480	97417808896	8131584	512	5.889254
158012576256	158007946752	4629504	512	3.293570
26235012096	26227918336	7093760	512	7.432862
52638770176	52631933440	6836736	512	4.025748
36796177920	36788783104	7394816	512	6.167234
36029186560	36024846848	4339712	512	10.145118
101355060736	101349331968	5728768	512	3.673578
104066194944	104059255808	6939136	512	5.428760
183480832	176038912	7441920	512	9.412660
8972216320	8965342208	6874112	512	5.024769
62415162880	62410128896	5033984	512	14.338023
21018775552	21013218816	5556736	512	9.575873
577658368	569613312	8045056	512	9.396943
12082873856	12074933760	7940096	512	12.662675
127353517056	127348605952	4911104	512	8.145920
154042702336	154035654656	7047680	512	9.807287
9408709120	9403536896	5172224	512	3.096492
59570805760	59563104256	7701504	512	11.841057
117613138944	117607616000	5522944	512	9.839560
111407208960	111400220160	6988800	512	6.061542
35095288832	35088043520	7245312	512	4.908785
6158387200	6152457728	5929472	512	3.497287
94436928000	94430024704	6903296	512	11.194972
135986959360	135981415936	5543424	512	2.045659
9625832960	9620186112	5646848	512	4.566562
159820966912	159813985280	6981632	512	2.225620
143486736384	143481977344	4759040	512	13.938716
73132876800	73125807104	7069696	512	6.734150
107563079680	107558214144	4865536	512	8.805785
32122685440	32116120064	6565376	512	8.978768
14805761536	14798381056	7380480	512	8.247554
60773198336	60766185472	7012864	512	11.822952
156377668096	156372864512	4803584	512	9.740436
38208371712	38203396096	4975616	512	2.819869
159746989056	159740315136	6673920	512	5.627298
53431978496	53426441728	5536768	512	12.824980
18153755648	18148262912	5492736	512	1.807820
94115194368	94109409792	5784576	512	12.114587
49294954496	49288480768	6473728	512	1.780292
29738590208	29731721216	6868992	512	11.228636
115266880512	115260175872	6704640	512	10.923278
65470433280	65464947712	5485568	512	1.748346
77794262016	77787187712	7074304	512	2.712877
767880704	761033216	6847488	512	3.731419
104579492864	104575084544	4408320	512	9.432398
68338295296	68330382848	7912448	512	8.682643
35757867008	35749489664	8377344	512	4.985768
155794789376	155789284352	5505024	512	2.951376
106514721280	106507565056	7156224	512	6.886657
31002113024	30997403648	4709376	512	4.068990
49248893952	49242803200	6090752	512	4.275731
106624061440	106617254400	6807040	512	3.138951
136730673664	136724473856	6199808	512	4.736723
87344757760	87340459520	4298240	512	10.278775
102009130496	102004558848	4571648	512	8.775651
114780661248	114774069760	6591488	512	8.127348
131464589312	131458430464	6158848	512	7.579262
124474375168	124467794944	6580224	512	6.252335
119088584704	119080798720	7785984	512	8.667592
151105204736	151100051456	5153280	512	9.044316
131885553152	131878880256	6672896	512	2.289731
51654112256	51646587392	7524864	512	11.373434
4400577024	4392937472	7639552	512	9.164500
122157463040	122151005696	6457344	512	4.036834
135830270976	135822496256	7774720	512	10.303030
6130263040	6123098112	7164928	512	8.867466
51593499648	51585270784	8228864	512	9.042186
39661875200	39655533056	6342144	512	2.315622
134331787264	134326352896	5434368	512	9.861968
144102517248	144097376768	5140480	512	7.804881
62947189760	62942060032	5129728	512	10.311166
93900849664	93896008704	4840960	512	5.711383
128240629248	128232556544	8072704	512	7.481395
108888967168	108882895872	6071296	512	4.855988
3161656320	3154630656	7025664	512	11.950452
36897352704	36891303424	6049280	512	7.595488
134016038912	134008836096	7202816	512	13.161369
26059316736	26053651968	5664768	512	3.897295
53533223936	53527794176	5429760	512	2.805365
101908254208	101902317568	5936640	512	10.406720
110643368960	110636448256	6920704	512	5.755440
84279233536	84271347712	7885824	512	7.306044
87260783104	87256345088	4438016	512	3.012903
81132144640	81127739392	4405248	512	10.541920
39621183488	39613792768	7390720	512	2.249656
41307582464	41302941184	4641280	512	5.447243
15251943936	15243665920	8278016	512	11.296881
19810252800	19804702208	5550592	512	10.204149
13260313088	13255993856	4319232	512	3.486995
133315349504	133307065344	8284160	512	8.539876
1845630976	1840969728	4661248	512	8.305676
146100568064	146095094784	5473280	512	5.491225
76676682752	76670554112	6128640	512	3.544634
129619648512	129613253120	6395392	512	10.876532
133808690688	133803011584	5679104	512	8.070203
121320275968	121312268800	8007168	512	6.938321
102368103936	102363640832	4463104	512	2.251918
34816879616	34809614336	7265280	512	2.084719
34796169728	34788605952	7563776	512	6.960506
78113052160	78107993088	5059072	512	7.027705
45342875136	45335263232	7611904	512	11.626317
38877834752	38871233024	6601728	512	6.452396
76452812800	76446922240	5890560	512	10.807467
141420602880	141415815680	4787200	512	7.578653
13692904960	13685553664	7351296	512	4.900290
101544798720	101540099584	4699136	512	6.683569
73298156544	73293268992	4887552	512	12.219846
138494077952	138486721536	7356416	512	12.299670
24194819584	24187042816	7776768	512	10.753642
118568704512	118563182080	5522432	512	4.457038
74751391744	74746804736	4587008	512	6.998916
134827796480	134823385600	4410880	512	10.947065
120296693248	120292097024	4596224	512	6.813345
126476633088	126471723008	4910080	512	6.293993
11440859648	11435968512	4891136	512	4.257243
1863065088	1854761984	8303104	512	2.241735
120925621248	120919260160	6361088	512	13.320850
62863476224	62856386560	7089664	512	10.323178
93391098880	93385136128	5962752	512	8.115511
114238876160	114232261120	6615040	512	3.531124
101290955776	101286239232	4716544	512	5.147500
118282075648	118274176512	7899136	512	11.680393
125938300928	125930596352	7704576	512	12.403070
123764207104	123756439552	7767552	512	8.948550
34845683712	34837862400	7821312	512	12.744914
90917719552	90910479360	7240192	512	10.856266
102363549696	102357594624	5955072	512	1.678948
90383206912	90375607808	7599104	512	5.728616
125922436608	125914985984	7450624	512	8.841405
152560563200	152555286528	5276672	512	5.778007
72987197952	72982257664	4940288	512	12.074098
28441746432	28435865600	5880832	512	3.953402
32715076608	32707244544	7832064	512	7.923030
29412660224	29406555136	6105088	512	9.426019
104172505600	104167942656	4562944	512	14.888299
100936148992	100929310208	6838784	512	10.054192
135022950400	135018408960	4541440	512	7.625975
23422667264	23417234944	5432320	512	5.632208
101102086656	101097362432	4724224	512	6.735635
75221944832	75215370240	6574592	512	4.444752
20518106112	20511843840	6262272	512	7.146435
75323488256	75316002816	7485440	512	7.873538
39981277696	39975427584	5850112	512	5.163570
142826529792	142821670912	4858880	512	9.597358
13381879808	13377372160	4507648	512	9.468134
101075442688	101067208704	8233984	512	12.751053
27022643712	27015063552	7580160	512	3.524978
61792465920	61786548224	5917696	512	12.138308
144292475392	144284907008	7568384	512	7.396007
120262089216	120254509056	7580160	512	8.938911
121944512512	121938759168	5753344	512	6.684699
64602946560	64597356032	5590528	512	9.060993
133399352320	133392264192	7088128	512	5.161424
15404396032	15398970880	5425152	512	8.496565
103342994944	103338529792	4465152	512	8.092017
59327429632	59319325696	8103936	512	2.592754
67249851904	67242426880	7425024	512	2.173341
55806278144	55800151040	6127104	512	11.898183
62924295168	62915959296	8335872	512	5.256085
15768441856	15763470848	4971008	512	10.740599
35664355328	35656005632	8349696	512	10.074558
119470398464	119465005056	5393408	512	8.447072
154412898816	154408607232	4291584	512	5.020156
147864126464	147859643904	4482560	512	8.041216
111430240256	111424539648	5700608	512	5.761837
81234917376	81227334656	7582720	512	3.376784
60849487360	60844278272	5209088	512	11.417954
5311097344	5304033792	7063552	512	11.368305
158110706176	158102675456	8030720	512	13.176194
31443675648	31435535872	8139776	512	4.301465
94626314752	94619386880	6927872	512	10.800959
84544088064	84536189952	7898112	512	12.267263
69578875392	69572022784	6852608	512	12.025131
27622077440	27614717952	7359488	512	12.430579
40836148736	40831256064	4892672	512	2.851437
64245284352	64237741056	7543296	512	5.057123
7080816640	7074422784	6393856	512	3.170248
97424323584	97419180032	5143552	512	5.399274
58015684608	58007766016	7918592	512	2.009941
50944035328	50938397696	5637632	512	2.138658
105287120896	105280565760	6555136	512	10.749241
134295326208	134289475584	5850624	512	9.756647
1843674112	1836286976	7387136	512	10.271038
97254788608	97247986176	6802432	512	2.329680
48946738688	48939368448	7370240	512	8.116980
62327782912	62322726400	5056512	512	9.883593
119967716864	119960060416	7656448	512	12.701605
83146542080	83140321792	6220288	512	7.389836
21041884160	21037075968	4808192	512	6.788244
14151345664	14144226304	7119360	512	8.679355
105634949120	105630646272	4302848	512	2.393095
122387488256	122383040000	4448256	512	8.874236
45285825024	45278796800	7028224	512	5.586346
100527064576	100519449088	7615488	512	9.786627
65871368192	65865489408	5878784	512	3.568804
86616459776	86611139072	5320704	512	7.024407
78311693824	78305887744	5806080	512	1.784920
104990809088	104983968768	6840320	512	7.767074
143346676224	143338584064	8092160	512	4.327153
135987694592	135982756864	4937728	512	11.057314
159609281024	159603912704	5368320	512	8.565586
39577594368	39572899328	4695040	512	8.666841
106477324800	106470543872	6780928	512	11.878610
45731538432	45724405248	7133184	512	15.261501
86540062208	86534576640	5485568	512	8.874450
137523965952	137518821376	5144576	512	3.454591
72201878016	72195705856	6172160	512	6.130276
113987909632	113979901952	8007680	512	6.307768
56247245312	56241054720	6190592	512	10.547513
105190288896	105185868288	4420608	512	10.088999
127031435264	127025136128	6299136	512	4.120191
10566213632	10558619648	7593984	512	12.092958
118436068352	118428420608	7647744	512	3.338693
60496716288	60490489856	6226432	512	9.773900
29464534528	29457340928	7193600	512	3.954850
143252414976	143246751744	5663232	512	14.789295
130209953792	130204258816	5694976	512	3.463844
90529164800	90522371584	6793216	512	10.992236
7104820736	7100387840	4432896	512	2.632706
412072448	405630464	6441984	512	5.811617
15313127936	15308699648	4428288	512	12.611593
29387059712	29381037056	6022656	512	10.785704
95112143360	95105574400	6568960	512	2.905442
88875370496	88869470720	5899776	512	10.155936
137731191296	137723247616	7943680	512	12.115779
42662022656	42654273536	7749120	512	11.174238
47167449088	47162202624	5246464	512	4.591990
105803968512	105795835392	8133120	512	4.039628
56115328000	56107442176	7885824	512	4.370750
6436782080	6428447744	8334336	512	12.702913
105547932672	105543241216	4691456	512	12.142277
110108061184	110103144448	4916736	512	3.212453
81832258560	81827709952	4548608	512	8.110526
135967533568	135960114688	7418880	512	10.592186
69014239232	69009563648	4675584	512	7.838978
158316733440	158312454656	4278784	512	3.802392
117488278528	117482316800	5961728	512	7.369991
54471109632	54466074624	5035008	512	3.521635
157856089088	157850595328	5493760	512	12.664619
49931317760	49924803584	6514176	512	5.513454
72510751744	72502658560	8093184	512	9.750158
20734649856	20729108480	5541376	512	9.873736
48523012096	48516227584	6784512	512	11.140297
147208828928	147201498624	7330304	512	12.372050
134851183104	134844401152	6781952	512	7.638416
33575532032	33571018752	4513280	512	5.330199
127765275136	127760625664	4649472	512	6.836286
151129379840	151122619392	6760448	512	7.245197
25518143488	25512150016	5993472	512	5.508129
36574707200	36568397312	6309888	512	6.378960
16366294016	16358784512	7509504	512	11.610369
64724109312	64719403520	4705792	512	7.236788
10187187712	10181165568	6022144	512	11.957129
118844612096	118837711872	6900224	512	7.192574
128101973504	128095226880	6746624	512	11.430372
35065304064	35059910656	5393408	512	3.606781
22850751488	22843981312	6770176	512	7.124931
90662966784	90657173504	5793280	512	6.751242
154006429696	153999710720	6718976	512	6.856239
103513617920	103508824576	4793344	512	12.083301
157865314304	157857307136	8007168	512	6.950075
127151408128	127143799808	7608320	512	8.126349
70524475392	70517015552	7459840	512	2.969811
125608914944	125601913856	7001088	512	12.938869
15275073024	15269107200	5965824	512	2.946479
89881537024	89873483264	8053760	512	9.110661
113561880576	113557204480	4676096	512	8.691663
122227319296	122219595264	7724032	512	10.409554
53426383360	53421903872	4479488	512	4.500291
93496002560	93488971776	7030784	512	11.286133
67568365568	67561707520	6658048	512	9.253489
113774824448	113767829504	6994944	512	4.224257
127936220160	127928313856	7906304	512	11.707296
128903765504	128899061760	4703744	512	5.426092
42053185536	42048004096	5181440	512	8.083985
30230990336	30225881600	5108736	512	7.878553
30545258496	30537498624	7759872	512	10.329008
118890932736	118885896192	5036544	512	11.378445
30897858048	30893516800	4341248	512	5.255671
75586340352	75580702720	5637632	512	5.003308
24897436160	24893232640	4203520	512	4.725812
15967268864	15959074816	8194048	512	12.741312
80451474432	80447172096	4302336	512	4.426889
111810065920	111804990976	5074944	512	8.935839
159988843520	159983315968	5527552	512	6.763094
18168916480	18163227648	5688832	512	7.770701
45404191232	45399225344	4965888	512	12.329115
61363412480	61356420096	6992384	512	10.675374
53486986752	53479416320	7570432	512	8.486881
156989226496	156983283712	5942784	512	2.277031
9245013504	9238779392	6234112	512	6.147213
115370097664	115362344448	7753216	512	8.960342
150227156480	150221116416	6040064	512	11.635553
19153603072	19148678656	4924416	512	5.340361
39580470272	39572331008	8139264	512	4.352971
130896606208	130889609728	6996480	512	7.099650
98632510976	98627347968	5163008	512	11.425218
78963330048	78956730368	6599680	512	7.722364
81425430528	81418779648	6650880	512	6.827863
56772092416	56767206400	4886016	512	6.351829
20544206336	20539103232	5103104	512	8.647193
134542018048	134535080448	6937600	512	12.864223
26435468288	26429603328	5864960	512	7.742463
37374117376	37368730624	5386752	512	11.684692
81714591232	81708829184	5762048	512	11.946418
153328162304	153322321920	5840384	512	6.487719
108426647040	108420963840	5683200	512	5.936204
95209038848	95204308480	4730368	512	7.995395
36775758848	36768847872	6910976	512	5.391125
1105256448	1097722368	7534080	512	11.148644
23121193472	23114923520	6269952	512	6.414493
105353074688	105346323456	6751232	512	9.686230
72876006400	72871356928	4649472	512	8.322292
58170499072	58162640896	7858176	512	13.259913
42956665856	42949270528	7395328	512	10.508194
99345179648	99337761280	7418368	512	10.358452
37408162304	37400893440	7268864	512	4.503200
158729517056	158722934272	6582784	512	3.400157
14470804480	14465644544	5159936	512	7.988332
159653103616	159646469632	6633984	512	6.995378
11219443200	11213029888	6413312	512	8.127468
1816602112	1808404480	8197632	512	7.848448
101686267392	101678543872	7723520	512	9.991558
32037135360	32032705536	4429824	512	10.813773
58134459392	58128412672	6046720	512	2.541431
140166548992	140162334208	4214784	512	7.644499
85727886848	85721157632	6729216	512	8.059993
39565645312	39560742400	4902912	512	4.416369
151922155520	151915559424	6596096	512	12.327413
80032320512	80025069568	7250944	512	1.927008
49943545344	49936878080	6667264	512	9.487915
71817814016	71809466368	8347648	512	3.212249
73919423488	73911591936	7831552	512	12.264846
139778458112	139773833728	4624384	512	8.468018
118104565248	118097519616	7045632	512	11.174770
26533487104	26527341056	6146048	512	3.656928
106172841984	106167380992	5460992	512	4.912803
74866920960	74862032896	4888064	512	10.394439
133124013568	133115853824	8159744	512	10.352997
2141026816	2134437888	6588928	512	3.384201
19839250944	19831215104	8035840	512	4.454546
76898038784	76890096128	7942656	512	8.304064
89500724224	89494877184	5847040	512	5.642786
138643188224	138637543424	5644800	512	12.278987
152067849216	152060779008	7070208	512	3.460170
19495923712	19490621440	5302272	512	5.232701
27363758592	27359554048	4204544	512	5.822487
63958110720	63950437888	7672832	512	8.514035
70438338048	70431547392	6790656	512	4.882097
87829644288	87824256512	5387776	512	12.688650
58528477184	58521017856	7459328	512	7.010468
48377467392	48369218048	8249344	512	2.076074
40923256832	40916157952	7098880	512	6.833603
64262696448	64258396160	4300288	512	12.011624
95826093568	95818970112	7123456	512	11.332894
146494802432	146487527424	7275008	512	5.167747
73153431552	73145141248	8290304	512	12.657697
65416729088	65410987520	5741568	512	7.898007
15239926272	15232370176	7556096	512	13.041515
87399741440	87394826752	4914688	512	6.003450
50669425152	50663484416	5940736	512	11.098183
48749349888	48743536640	5813248	512	4.964546
126964962816	126960629760	4333056	512	10.340758
35299655168	35294260224	5394944	512	3.565275
48728052224	48723774976	4277248	512	6.481225
144175046144	144170367488	4678656	512	5.230898
107317867008	107311598080	6268928	512	8.044500
68589198336	68584644096	4554240	512	11.876732
95496562688	95489166848	7395840	512	7.760202
72715077632	72709036544	6041088	512	9.814160
115475047936	115470564352	4483584	512	11.316640
74789523456	74783165440	6358016	512	11.409763
35957520384	35950448128	7072256	512	7.938987
39501326336	39495064064	6262272	512	7.020820
70181253120	70173592064	7661056	512	8.635525
73168608768	73161833984	6774784	512	12.637443
36258741760	36251340288	7401472	512	2.111572
13366927360	13362075648	4851712	512	3.566866
75449938432	75442624512	7313920	512	6.189498
102038585856	102032747520	5838336	512	10.779125
141847362560	141843139072	4223488	512	7.355056
60258095104	60251796480	6298624	512	8.166896
132541049856	132533380608	7669248	512	11.602551
137124183040	137116538368	7644672	512	10.706659
39181799936	39175841792	5958144	512	10.916563
119457527808	119451087360	6440448	512	11.838603
114291563520	114286997504	4566016	512	11.394712
57851129856	57843098624	8031232	512	5.740438
25640525312	25632211968	8313344	512	10.022589
19032929792	19027880960	5048832	512	11.878703
146165818880	146159656448	6162432	512	11.111593
13745306112	13738274304	7031808	512	11.321339
98616271360	98609012224	7259136	512	2.773645
155863813120	155857332224	6480896	512	10.073507
133082170880	133077805056	4365824	512	11.515681
126521228288	126516549632	4678656	512	6.142162
159880502784	159873611776	6891008	512	9.066043
81078155776	81071579136	6576640	512	8.564297
18820595200	18812998144	7597056	512	9.889685
158236743168	158231675392	5067776	512	10.518732
131909521920	131902410752	7111168	512	9.634058
40211103744	40205867520	5236224	512	6.708600
64315468800	64308492288	6976512	512	12.528777
106403563008	106395330560	8232448	512	5.801118
111079054336	111070840832	8213504	512	4.450723
49139301376	49132744704	6556672	512	4.853856
58405442560	58398187520	7255040	512	7.198573
152626188288	152620503552	5684736	512	11.688662
155161600000	155156086784	5513216	512	2.570972
120084369408	120077731840	6637568	512	2.339890
24704184832	24695850496	8334336	512	9.693845
91362521088	91356411904	6109184	512	4.926752
109656472064	109648516608	7955456	512	2.651245
89741843456	89736723456	5120000	512	9.084732
111966889472	111961229824	5659648	512	4.873227
7093790720	7088708608	5082112	512	12.287077
121483381248	121476459008	6922240	512	8.440286
121683779584	121677156864	6622720	512	12.949036
57589314560	57581268992	8045568	512	10.724856
159766607360	159759908864	6698496	512	4.768037
80615224320	80608845312	6379008	512	7.346626
116271315456	116264854528	6460928	512	7.070857
18279364608	18272489984	6874624	512	4.998276
40573262848	40566202880	7059968	512	10.146980
100030501888	100023881728	6620160	512	5.298982
67182218240	67177027584	5190656	512	10.936313
68223079424	68216574976	6504448	512	5.998457
41835624960	41829688320	5936640	512	12.816639
135756147712	135748600320	7547392	512	13.945979
83739416064	83732899840	6516224	512	12.469611
59957938176	59951363584	6574592	512	2.994304
132038488064	132030801408	7686656	512	14.128836
22944742400	22939874304	4868096	512	5.800790
120804857856	120798452224	6405632	512	12.601040
17248277504	17240765952	7511552	512	2.361328
52172389888	52164503040	7886848	512	7.042334
20319150592	20312015360	7135232	512	12.566875
98091200512	98086307840	4892672	512	8.039792
14311093760	14306203136	4890624	512	12.228774
66363204096	66356503552	6700544	512	5.241744
88123326464	88117334016	5992448	512	6.129716
2467536896	2461332992	6203904	512	4.934093
63035723776	63028589568	7134208	512	3.115354
137775308288	137771016704	4291584	512	9.860048
81578456576	81573051904	5404672	512	6.533324
123325777920	123319731200	6046720	512	6.521742
90539680256	90533663232	6017024	512	6.979064
36885090816	36880596992	4493824	512	7.296006
126366237696	126360701952	5535744	512	3.004093
128069658624	128064942592	4716032	512	11.091402
72942111744	72936607232	5504512	512	12.426994
98191907840	98184305664	7602176	512	3.213456
40725882880	40719332864	6550016	512	9.839275
49556438528	49550523392	5915136	512	2.322483
100873030656	100867402240	5628416	512	8.512969
109607395328	109602527232	4868096	512	4.346911
138434373120	138426418176	7954944	512	12.290304
9687879168	9682003968	5875200	512	3.695340
109779993600	109773571072	6422528	512	7.819545
130561522176	130556285440	5236736	512	12.474771
147852605952	147846622720	5983232	512	2.483280
66924245504	66920009728	4235776	512	6.858128
136773350400	136765430784	7919616	512	2.680527
132219619840	132211403264	8216576	512	4.636687
6117770240	6113039360	4730880	512	6.809609
14523305984	14517819904	5486080	512	13.424111
85591546880	85585589760	5957120	512	2.644686
32944223232	32938639872	5583360	512	9.575359
38008375296	38000082432	8292864	512	12.318330
159653348352	159648014336	5334016	512	4.352157
134548765184	134544133120	4632064	512	5.308433
140477854720	140472096768	5757952	512	5.205551
145447870976	145443619840	4251136	512	3.487564
2551763456	2543888384	7875072	512	6.293190
21979271168	21971100160	8171008	512	7.951270
15393541120	15388962304	4578816	512	12.832177
54864827392	54859737600	5089792	512	2.539586
48289060352	48284175872	4884480	512	2.983376
82033016320	82024667136	8349184	512	5.691974
37933497344	37927355392	6141952	512	9.246321
147659865600	147653348864	6516736	512	2.664586
13608382464	13603598848	4783616	512	2.982229
15286821376	15282015232	4806144	512	2.638258
126296252928	126289967104	6285824	512	10.007422
66581364224	66576994816	4369408	512	8.713814
82918753280	82911409664	7343616	512	6.807317
41513680896	41507454976	6225920	512	7.775219
29768712704	29763668992	5043712	512	8.524723
79416817152	79409484800	7332352	512	5.019674
32904687104	32900347904	4339200	512	3.119538
144178598912	144174346752	4252160	512	7.658699
9266100224	9259589120	6511104	512	4.778516
109330654720	109323998720	6656000	512	8.553024
