base_offset	offset	absdelta	probe_length	millis
133885195776	133885091840	103936	512	74.642374
20239397376	20239307264	90112	512	9.389709
21388894720	21388810752	83968	512	9.418662
89483394560	89483273728	120832	512	0.430576
150724722176	150724649472	72704	512	0.462425
54465737728	54465632256	105472	512	9.137797
158443035136	158442944000	91136	512	8.154853
38693659648	38693529600	130048	512	8.702529
69398824448	69398730240	94208	512	0.405536
156817078784	156816994816	83968	512	0.430505
66407355392	66407252992	102400	512	9.154174
114069858816	114069740032	118784	512	8.380918
122118787072	122118716928	70144	512	9.523945
138800619520	138800496128	123392	512	5.983926
94630923776	94630839296	84480	512	9.356737
39083110400	39082991104	119296	512	8.608700
25638640640	25638541312	99328	512	9.385383
6942009344	6941883392	125952	512	0.357484
154995969024	154995898880	70144	512	0.438285
65291573760	65291474944	98816	512	8.887079
127381121536	127381038592	82944	512	9.009087
62634021376	62633897984	123392	512	8.769827
106201377280	106201285120	92160	512	8.996375
79658066944	79657976832	90112	512	9.034254
69321881600	69321762304	119296	512	8.849772
99276742144	99276658176	83968	512	0.423062
787384320	787266048	118272	512	9.168548
139982811136	139982685184	125952	512	7.564240
144017516544	144017406464	110080	512	8.066802
130217331200	130217225728	105472	512	8.444689
89010031104	89009915904	115200	512	8.652369
12043173376	12043064832	108544	512	9.355753
101028731392	101028643328	88064	512	7.367367
94404237312	94404147712	89600	512	7.131305
37557488640	37557372928	115712	512	8.716864
141680626688	141680556544	70144	512	9.113733
145897426432	145897339904	86528	512	6.784923
3839936512	3839866880	69632	512	9.982511
7200665600	7200578560	87040	512	7.941020
91777702912	91777593856	109056	512	7.113444
139398439424	139398367232	72192	512	9.068920
59235342848	59235265024	77824	512	9.412148
97627674112	97627546112	128000	512	8.429464
158483942912	158483815424	127488	512	6.737780
44529342464	44529264128	78336	512	9.444392
61280824320	61280742912	81408	512	0.465355
45334518784	45334444544	74240	512	9.798570
35419521536	35419429888	91648	512	9.520690
3374526464	3374455296	71168	512	8.158491
54282944512	54282831360	113152	512	0.424075
75090863616	75090774016	89600	512	0.433628
67697939968	67697839104	100864	512	7.361454
134557772288	134557687808	84480	512	8.920029
95778100736	95778025472	75264	512	7.760383
136959733760	136959657984	75776	512	9.113198
156635466752	156635344896	121856	512	6.239778
88951227392	88951142400	84992	512	7.589939
34245536768	34245405696	131072	512	8.737469
50161498624	50161432576	66048	512	0.424556
62840357888	62840235520	122368	512	0.444548
152978178560	152978073088	105472	512	5.488166
159565719040	159565602304	116736	512	5.242086
33634035712	33633943040	92672	512	7.696643
61911416320	61911347200	69120	512	0.401052
112841375232	112841261568	113664	512	0.440937
120892375040	120892244480	130560	512	0.440662
158800918016	158800795136	122880	512	7.076527
26274019840	26273893888	125952	512	8.614500
105466863104	105466787328	75776	512	9.427570
119652236288	119652161536	74752	512	9.291685
1903576576	1903452672	123904	512	8.970839
94791726592	94791597568	129024	512	7.890993
52956167680	52956076544	91136	512	7.635557
119481432064	119481319424	112640	512	8.488415
42018224128	42018095104	129024	512	6.614493
103303869440	103303758336	111104	512	8.656899
117563089408	117562962432	126976	512	7.625227
147981923840	147981843456	80384	512	8.305117
34933975552	34933870592	104960	512	9.276511
127516545536	127516440064	105472	512	7.979904
71499359232	71499275264	83968	512	9.497327
4499077120	4499000832	76288	512	0.453879
118535929856	118535845376	84480	512	0.387685
41268048896	41267970048	78848	512	9.734064
88519215616	88519088640	126976	512	8.511087
41004095488	41004027392	68096	512	9.892607
119996487168	119996386304	100864	512	6.897692
73066239488	73066109952	129536	512	8.654363
70355480576	70355388928	91648	512	7.598319
106482359296	106482271744	87552	512	0.487165
115311553536	115311433216	120320	512	8.233737
106901608960	106901514752	94208	512	8.970896
117126265344	117126189056	76288	512	9.271786
113242202112	113242099200	102912	512	8.776917
110026688000	110026576896	111104	512	8.556635
156044148736	156044078592	70144	512	8.296290
155998913536	155998799360	114176	512	7.180871
6598067712	6597986304	81408	512	9.576564
108565602304	108565496832	105472	512	8.433065
38295660032	38295568896	91136	512	9.472658
74179055104	74178948608	106496	512	0.436187
22798044672	22797924352	120320	512	6.920830
92842671104	92842599936	71168	512	7.821091
152103497216	152103373312	123904	512	5.591385
150919805952	150919719936	86016	512	7.632603
31157622784	31157500416	122368	512	9.025391
5294930432	5294824960	105472	512	9.362953
68471420928	68471350272	70656	512	0.435324
59590953472	59590867968	85504	512	0.421054
155223794176	155223674368	119808	512	4.541361
13568039424	13567928320	111104	512	9.190686
29609944064	29609849344	94720	512	0.398734
13399792128	13399719936	72192	512	9.862153
79736925696	79736845312	80384	512	9.547297
59276491264	59276370944	120320	512	8.820708
65441820672	65441723392	97280	512	0.446910
134963333632	134963254272	79360	512	8.631987
85991504896	85991403520	101376	512	8.702006
8688532480	8688431616	100864	512	9.462416
61815767040	61815654400	112640	512	7.180803
12116467200	12116393472	73728	512	9.714350
13862013952	13861928448	85504	512	0.422110
145050165248	145050080768	84480	512	6.904634
125580783616	125580677120	106496	512	6.616474
5332718080	5332630016	88064	512	9.653201
70726761472	70726630912	130560	512	6.308439
90514981888	90514876928	104960	512	7.093327
148313579520	148313466880	112640	512	7.899847
50723940352	50723850240	90112	512	9.199265
159442603520	159442530816	72704	512	8.546883
142039673344	142039544320	129024	512	7.522468
107444884480	107444786688	97792	512	8.854746
118702112256	118702000128	112128	512	8.398329
12932923904	12932847616	76288	512	9.837901
24006717952	24006593536	124416	512	7.135182
138898540544	138898445824	94720	512	8.611872
78449571840	78449450496	121344	512	8.252098
27480569344	27480461312	108032	512	8.975603
27111078912	27110956032	122880	512	9.046196
149764169216	149764098560	70656	512	0.430269
23314731520	23314646528	84992	512	9.599929
116088942080	116088872448	69632	512	9.491248
130757683200	130757590528	92672	512	6.918024
86781629952	86781505536	124416	512	8.071910
1853132288	1853030400	101888	512	9.388588
69645223424	69645098496	124928	512	8.743456
84208186368	84208120320	66048	512	9.548179
120211770880	120211679232	91648	512	0.410941
30070278656	30070205952	72704	512	9.797488
70484836352	70484725760	110592	512	6.754353
89350046208	89349969920	76288	512	9.498536
6615312384	6615241728	70656	512	9.884466
4123396608	4123299840	96768	512	9.519685
106726922752	106726798336	124416	512	6.469144
141116748288	141116658176	90112	512	8.507548
26171065344	26170970624	94720	512	9.481528
112242584064	112242508288	75776	512	7.306244
33627616768	33627548672	68096	512	8.115985
132912210432	132912136192	74240	512	7.362746
155988148736	155988018176	130560	512	6.872517
66392738816	66392631808	107008	512	9.070701
19901208064	19901102592	105472	512	9.395022
48002708480	48002579968	128512	512	7.076386
97245880320	97245800960	79360	512	7.716208
4751511040	4751417856	93184	512	9.505284
106477958144	106477884928	73216	512	9.491912
49724819456	49724731904	87552	512	9.525620
128673407488	128673300992	106496	512	8.482018
19432895488	19432828928	66560	512	0.459010
159952303616	159952234496	69120	512	8.176133
156429065728	156428949504	116224	512	7.385133
29568631296	29568519168	112128	512	8.906901
157035567616	157035442176	125440	512	7.022986
138995021824	138994895872	125952	512	7.182664
148645737984	148645622272	115712	512	5.898683
100151256576	100151126528	130048	512	7.780918
9532097024	9531990528	106496	512	9.315415
122534583296	122534503424	79872	512	8.812309
173256192	173137408	118784	512	9.111884
5878582272	5878455296	126976	512	8.698136
131232967168	131232860160	107008	512	6.564137
153519006208	153518910976	95232	512	8.257577
133255497728	133255405056	92672	512	8.657467
49922011648	49921941504	70144	512	8.051564
136569853440	136569758208	95232	512	8.506938
82503936512	82503863808	72704	512	9.669671
38710780928	38710710272	70656	512	9.873253
10063354368	10063230976	123392	512	7.331589
148757504512	148757400576	103936	512	7.517654
38333411840	38333300224	111616	512	9.157472
97235156992	97235072000	84992	512	7.179243
104456061440	104455938048	123392	512	8.256661
35911323648	35911224320	99328	512	9.046220
54718258176	54718144512	113664	512	0.433939
85390769664	85390666752	102912	512	6.753562
75697204736	75697102336	102400	512	9.113347
101246336512	101246221312	115200	512	8.156056
6096283648	6096173056	110592	512	7.235531
32580992512	32580900864	91648	512	7.483456
137235986944	137235893760	93184	512	8.148813
86943952896	86943834624	118272	512	6.397902
5457736704	5457666048	70656	512	9.886074
96218062848	96217978368	84480	512	0.398143
70841214976	70841085952	129024	512	8.651501
76957696512	76957620736	75776	512	0.428536
108922881024	108922789376	91648	512	8.699848
24232100864	24231987200	113664	512	9.140098
82042722304	82042611200	111104	512	8.487675
17602876928	17602790400	86528	512	7.656005
45668037632	45667961856	75776	512	7.949336
22777292800	22777211904	80896	512	9.505900
49326188544	49326116864	71680	512	0.432024
7798958592	7798841344	117248	512	7.072724
57579963904	57579843584	120320	512	8.751328
10006367744	10006283264	84480	512	9.655739
156337748480	156337637888	110592	512	7.510791
84741710336	84741640704	69632	512	9.690616
64677165056	64677037056	128000	512	6.434364
153325966848	153325874688	92160	512	6.393371
36733259264	36733131264	128000	512	7.099043
142171822592	142171715072	107520	512	6.370675
48063049216	48062918144	131072	512	6.579244
127255543296	127255472640	70656	512	9.443308
115838059520	115837967360	92160	512	9.038434
106137293824	106137226752	67072	512	9.667361
107234575360	107234478592	96768	512	8.998265
10728155648	10728037376	118272	512	7.292246
142667234304	142667133440	100864	512	8.241579
12651408896	12651296256	112640	512	7.402188
110210440192	110210316288	123904	512	8.169819
57565033984	57564962816	71168	512	9.754559
146169910272	146169788928	121344	512	7.456206
118872214528	118872134656	79872	512	9.202466
12464583680	12464470016	113664	512	7.501007
27822285312	27822191616	93696	512	0.480661
22850833920	22850713088	120832	512	9.027035
28349024768	28348957696	67072	512	0.437179
124460109312	124460010496	98816	512	8.572950
11161522688	11161435648	87040	512	9.425845
94240245760	94240178688	67072	512	7.940038
99765815808	99765708288	107520	512	8.431113
111681235456	111681123328	112128	512	8.546216
19571139072	19571055104	83968	512	9.725736
28930827776	28930704384	123392	512	8.878906
159599143936	159599041536	102400	512	5.382563
102908438528	102908317184	121344	512	7.903163
97112175616	97112058368	117248	512	8.737679
1930683392	1930557440	125952	512	9.052627
120488603136	120488518656	84480	512	0.476687
48310052864	48309959680	93184	512	9.398248
31159650304	31159561216	89088	512	9.645379
51336504320	51336396288	108032	512	0.465201
70647312896	70647226368	86528	512	0.472892
49220741120	49220615168	125952	512	8.708158
86936361984	86936264704	97280	512	8.765567
26894157312	26894055424	101888	512	9.378590
99909892096	99909815808	76288	512	9.425850
114529331712	114529210368	121344	512	5.973113
40945423360	40945314304	109056	512	9.171773
110234650624	110234576384	74240	512	9.405139
138283933696	138283848192	85504	512	7.068844
87187385856	87187273216	112640	512	8.819486
38160919552	38160827904	91648	512	9.542637
48075033600	48074908672	124928	512	8.557733
155444979712	155444897280	82432	512	7.813754
43354100736	43354034176	66560	512	0.452089
136763040768	136762962432	78336	512	8.668274
153980039680	153979951104	88576	512	8.302548
2862010880	2861911040	99840	512	9.490234
36822841856	36822760448	81408	512	0.406067
35473793024	35473691648	101376	512	0.444110
55151720960	55151590912	130048	512	0.491425
159966895616	159966791680	103936	512	7.483874
151088349696	151088225280	124416	512	5.590561
22562749440	22562621440	128000	512	8.547589
133132354048	133132269056	84992	512	8.496890
81707674624	81707546112	128512	512	8.569996
23964879872	23964782080	97792	512	9.196172
92640418304	92640292352	125952	512	8.451271
115067342336	115067225088	117248	512	6.599923
2310314496	2310239744	74752	512	9.657274
8101369344	8101270528	98816	512	0.402158
156344089088	156343962112	126976	512	5.444934
146627172864	146627044352	128512	512	6.794714
65602513408	65602406912	106496	512	9.071269
50459788288	50459692544	95744	512	9.080492
26831600128	26831500800	99328	512	9.363404
92994725376	92994638848	86528	512	9.255412
298384384	298258432	125952	512	7.263150
38802903552	38802782208	121344	512	9.030117
16853196288	16853121024	75264	512	9.674256
99336320512	99336231424	89088	512	7.363178
128202657792	128202557952	99840	512	8.616810
56601985536	56601909248	76288	512	7.885235
43462558208	43462470144	88064	512	9.573493
54701508096	54701404672	103424	512	0.414095
78340178944	78340052480	126464	512	8.638341
26667840000	26667714560	125440	512	8.991906
98606360576	98606256640	103936	512	0.399685
33085306880	33085209600	97280	512	0.429260
13662247424	13662139904	107520	512	9.357867
28613068288	28612963840	104448	512	0.426267
151101664768	151101573632	91136	512	6.569958
14809476096	14809373184	102912	512	9.362600
112555815424	112555739648	75776	512	0.914135
31879682560	31879570432	112128	512	7.011546
14747891200	14747809280	81920	512	9.450271
5674917888	5674830848	87040	512	9.642896
54648376320	54648246272	130048	512	6.905550
52280069632	52279954944	114688	512	0.430386
133289197568	133289088000	109568	512	7.778498
74552096256	74552012288	83968	512	7.669170
88661280256	88661174272	105984	512	8.484776
130762335744	130762255360	80384	512	9.027149
62266772480	62266697728	74752	512	9.683914
11319479808	11319354880	124928	512	9.084776
140489179648	140489077760	101888	512	8.300561
73300459008	73300352000	107008	512	8.999144
44519275008	44519198208	76800	512	9.458118
126663788544	126663675904	112640	512	0.465889
18160492544	18160407040	85504	512	7.845840
2229032960	2228936704	96256	512	9.547120
41150695424	41150612992	82432	512	9.363783
64576078336	64575998976	79360	512	0.593392
30045028352	30044939264	89088	512	9.357251
138449007616	138448926208	81408	512	8.991372
30536013824	30535888896	124928	512	7.153644
91680939520	91680816128	123392	512	8.406398
90761191424	90761111552	79872	512	7.367508
92983472640	92983377920	94720	512	9.119384
82135861760	82135756800	104960	512	0.423488
23479737344	23479656448	80896	512	9.506449
94271685120	94271594496	90624	512	0.435692
158321659904	158321556480	103424	512	7.701299
61305994240	61305872384	121856	512	6.632224
37690899456	37690783232	116224	512	9.099182
30495892992	30495804416	88576	512	9.341533
51584446464	51584371712	74752	512	0.432574
74783543296	74783466496	76800	512	0.416024
67567861248	67567730688	130560	512	6.843777
32729476096	32729369088	107008	512	9.235355
110753001984	110752894464	107520	512	8.585241
159461287424	159461218816	68608	512	6.693608
150050037760	150049946624	91136	512	8.330747
33791627776	33791515136	112640	512	9.065114
151273887232	151273784320	102912	512	7.853321
33920581120	33920451584	129536	512	8.426083
53934416896	53934320128	96768	512	9.267505
130861857280	130861784064	73216	512	9.238044
113840396800	113840303104	93696	512	8.998781
85548267520	85548172288	95232	512	7.407120
137541543936	137541429760	114176	512	6.320213
138222789632	138222703616	86016	512	7.008065
105703415808	105703303168	112640	512	6.760365
129456304640	129456173568	131072	512	6.030655
158581248000	158581137920	110080	512	7.344707
15314382848	15314263552	119296	512	9.035258
137288189952	137288062464	127488	512	7.762248
34712448512	34712376832	71680	512	0.430123
99881981952	99881863168	118784	512	8.588881
54483508224	54483433984	74240	512	9.737602
128460935168	128460830208	104960	512	7.993739
120150912000	120150830080	81920	512	9.159368
127189262848	127189156864	105984	512	7.937778
19675671040	19675556352	114688	512	9.159613
72425004032	72424926208	77824	512	0.443894
89110743552	89110615552	128000	512	6.719023
125019917824	125019812352	105472	512	8.528380
32745216512	32745139200	77312	512	0.837489
56232396800	56232317952	78848	512	0.493462
37873003008	37872889856	113152	512	9.114665
137043646976	137043563008	83968	512	8.819526
33905003520	33904878592	124928	512	8.517563
81254217216	81254141440	75776	512	0.535891
92040211456	92040142848	68608	512	0.427717
30321813504	30321739264	74240	512	9.785033
42030882304	42030787584	94720	512	9.108354
110445790208	110445689856	100352	512	8.824658
57118052352	57117958656	93696	512	9.297397
47730055168	47729946112	109056	512	7.414657
27015197184	27015112192	84992	512	7.634636
105708959232	105708838400	120832	512	8.303054
112460445184	112460355584	89600	512	9.057627
50436057600	50435966976	90624	512	9.509407
36857047040	36856919552	127488	512	6.654244
156671567872	156671463424	104448	512	5.891471
89958374400	89958285312	89088	512	9.226293
18251865088	18251748352	116736	512	9.213056
52261617664	52261492736	124928	512	8.727482
119880669696	119880586752	82944	512	7.303776
96555992064	96555867136	124928	512	8.421587
104363078144	104362989056	89088	512	9.215995
112838334464	112838224896	109568	512	6.820206
33967198208	33967108096	90112	512	7.698463
14330801664	14330702336	99328	512	9.383873
95235336192	95235229696	106496	512	8.902724
61545124352	61545010176	114176	512	8.566248
69631034880	69630942208	92672	512	0.441492
42517796864	42517686784	110080	512	8.834994
91479817728	91479747584	70144	512	0.474640
73200471552	73200365056	106496	512	8.664391
118927719936	118927596032	123904	512	7.587557
88180041216	88179916800	124416	512	6.795005
148833425408	148833347584	77824	512	8.676812
81390824448	81390705664	118784	512	8.747842
108788594688	108788510208	84480	512	0.430897
40377365504	40377255936	109568	512	9.198815
68407939584	68407841280	98304	512	8.937325
64607169024	64607050752	118272	512	8.839193
125003756544	125003682816	73728	512	9.320036
127637012992	127636914176	98816	512	8.598096
8635543040	8635445760	97280	512	9.511646
84383574528	84383502336	72192	512	0.367102
155540246528	155540122624	123904	512	5.165732
158618326016	158618201600	124416	512	4.369367
76931501056	76931392512	108544	512	8.963855
125670722560	125670643712	78848	512	9.160168
130781597184	130781526016	71168	512	0.833231
53682161152	53682073088	88064	512	9.202737
89908546048	89908447232	98816	512	9.070151
144756445184	144756339200	105984	512	8.161126
76137598464	76137518592	79872	512	9.570393
137677789696	137677701632	88064	512	8.362104
151865010688	151864909824	100864	512	6.276862
109239964672	109239844352	120320	512	8.329245
2720952320	2720835584	116736	512	8.894094
154660818944	154660726784	92160	512	8.083305
85826309120	85826227200	81920	512	9.463997
126101494784	126101405696	89088	512	8.427776
55824904704	55824821248	83456	512	9.297115
4967204352	4967137280	67072	512	0.353093
37946478592	37946403328	75264	512	0.422301
139031462400	139031351296	111104	512	6.400255
37083690496	37083612160	78336	512	9.459515
64460578816	64460467712	111104	512	8.635561
24548676608	24548563456	113152	512	9.200092
21119077376	21118989824	87552	512	9.390503
94843018240	94842949120	69120	512	9.678533
61900233216	61900107264	125952	512	8.758115
143058091008	143057993728	97280	512	8.417380
53177628160	53177511424	116736	512	7.124161
16265601536	16265513472	88064	512	7.791117
157588698112	157588618752	79360	512	7.910476
83206062592	83205936128	126464	512	8.095159
107074921472	107074821120	100352	512	8.830376
35203984384	35203881984	102400	512	9.277340
97727459840	97727390720	69120	512	0.434697
133648788480	133648686592	101888	512	8.499455
13272756224	13272684544	71680	512	9.714209
51946960384	51946881024	79360	512	0.422106
105142251520	105142123520	128000	512	0.433478
96448460800	96448339456	121344	512	8.007240
120230354944	120230226944	128000	512	7.403344
89340371456	89340253696	117760	512	6.822923
11129425920	11129333760	92160	512	9.365309
37097915392	37097827328	88064	512	0.394551
136544227328	136544120832	106496	512	6.553539
110303448576	110303329792	118784	512	8.433216
6498439680	6498313728	125952	512	9.070322
119489384960	119489286144	98816	512	6.971378
139162280960	139162175488	105472	512	7.798105
96589012480	96588897280	115200	512	8.635400
25342505984	25342375424	130560	512	8.532773
807141376	807019520	121856	512	8.780243
130511656448	130511565312	91136	512	6.617584
14594797056	14594722816	74240	512	9.817505
20552530432	20552457216	73216	512	0.368158
34064560640	34064436736	123904	512	9.000017
23775022080	23774924800	97280	512	9.403874
84671831552	84671736832	94720	512	9.202934
37952954368	37952836096	118272	512	6.915651
1480696832	1480624640	72192	512	9.923178
36840989696	36840899072	90624	512	0.406007
124515439104	124515361792	77312	512	0.432397
148840916480	148840815616	100864	512	8.009837
140458801152	140458670592	130560	512	5.747297
17251580928	17251476992	103936	512	9.382464
936871424	936750080	121344	512	9.026617
102777122816	102777002496	120320	512	6.680830
28157922816	28157852672	70144	512	9.703979
73429054976	73428950016	104960	512	8.694087
120877751296	120877622784	128512	512	7.454872
31585303040	31585225216	77824	512	9.772960
17200309248	17200189440	119808	512	9.011238
133936640000	133936514048	125952	512	5.983324
91173393408	91173262848	130560	512	7.855344
30812849664	30812777472	72192	512	9.769728
40764644352	40764528640	115712	512	7.236124
13664243200	13664174592	68608	512	9.987867
153617755648	153617659904	95744	512	7.659463
72768943104	72768873472	69632	512	9.524803
24927196672	24927105536	91136	512	9.518051
8818797568	8818700800	96768	512	9.485512
124797151232	124797029376	121856	512	0.422716
53914330112	53914226176	103936	512	8.803523
34782138880	34782060544	78336	512	9.739125
113267977216	113267865088	112128	512	8.072614
37654266880	37654155776	111104	512	9.180730
755790848	755714560	76288	512	9.861733
61313396224	61313286656	109568	512	8.695588
117376543744	117376461312	82432	512	9.126229
136349753856	136349658624	95232	512	8.580345
132815930880	132815845376	85504	512	8.554678
130444930560	130444842496	88064	512	7.041707
1751764992	1751659520	105472	512	9.364240
111875686912	111875578880	108032	512	6.892379
106049518080	106049420288	97792	512	8.905583
159857380864	159857270272	110592	512	7.237791
50363995136	50363912192	82944	512	9.567576
71339975168	71339858944	116224	512	8.469470
8133660160	8133578752	81408	512	9.779809
47496949248	47496869376	79872	512	0.432849
88331418112	88331304448	113664	512	0.414986
131866313728	131866226688	87040	512	8.862667
113561527296	113561458688	68608	512	9.532238
97980977664	97980883968	93696	512	9.111225
74198966272	74198867456	98816	512	7.070924
82188945408	82188826112	119296	512	8.706939
111101467648	111101374976	92672	512	8.988946
66403931648	66403812352	119296	512	7.074903
11998439936	11998368768	71168	512	9.944465
23131343872	23131229696	114176	512	0.445821
136441107968	136440988160	119808	512	7.889539
130862537728	130862413824	123904	512	7.981425
124127572992	124127443968	129024	512	6.189442
14372811776	14372707328	104448	512	7.612643
45626151424	45626033152	118272	512	0.444387
149294629888	149294554624	75264	512	8.485096
134043729920	134043621376	108544	512	6.026814
64495238144	64495115264	122880	512	6.527059
73283194368	73283074048	120320	512	8.755490
129207593984	129207522816	71168	512	0.419158
153170054144	153169945600	108544	512	7.676608
150672696832	150672625152	71680	512	7.306110
140695153664	140695059968	93696	512	8.456946
38237558272	38237479424	78848	512	9.678317
15864151040	15864055296	95744	512	9.506683
129588760576	129588646400	114176	512	7.680226
61028109312	61028038656	70656	512	0.412058
40815567360	40815501312	66048	512	0.459837
144887213056	144887109632	103424	512	8.203781
119441079296	119440992768	86528	512	9.061389
94045391872	94045308416	83456	512	9.341679
29082480640	29082350080	130560	512	8.513024
64617561600	64617463808	97792	512	7.490742
96347073536	96346986496	87040	512	7.485448
99471994368	99471893504	100864	512	0.419227
79506824704	79506716672	108032	512	8.989209
5136887808	5136775168	112640	512	8.945345
51489946112	51489862656	83456	512	0.407039
138640634368	138640545792	88576	512	8.715642
97981181952	97981083648	98304	512	9.030039
146727773696	146727659008	114688	512	7.687453
1562168320	1562060800	107520	512	9.067316
40523937792	40523857408	80384	512	7.898276
23858487808	23858420736	67072	512	9.994394
26645142528	26645071360	71168	512	0.444705
105889455616	105889327616	128000	512	6.303827
57979125760	57979017728	108032	512	9.071020
110219449344	110219335680	113664	512	0.397425
156525900800	156525819904	80896	512	0.424325
76266181120	76266070528	110592	512	6.825829
10928760832	10928686080	74752	512	9.671857
114147584512	114147510784	73728	512	9.089037
50584038400	50583928320	110080	512	9.070721
159775344640	159775256064	88576	512	0.484619
136446538240	136446460928	77312	512	7.174018
7679975424	7679864320	111104	512	9.286538
153973942272	153973815296	126976	512	5.348590
64524001280	64523906048	95232	512	9.283893
104205606400	104205522432	83968	512	9.264465
139982059520	139981932032	127488	512	7.467320
45874996224	45874897408	98816	512	9.293625
69069633536	69069536256	97280	512	8.863201
106870753792	106870626816	126976	512	8.301693
19804926464	19804835840	90624	512	9.514677
114150556160	114150433280	122880	512	7.831129
106601574912	106601446912	128000	512	7.735474
143957686784	143957578752	108032	512	7.984519
135478578176	135478479872	98304	512	8.551565
5145632768	5145530880	101888	512	9.157029
11128901120	11128813056	88064	512	0.395072
52934175232	52934049792	125440	512	6.926300
100995205120	100995087360	117760	512	0.479591
153032475136	153032407040	68096	512	0.421981
144964430848	144964354048	76800	512	8.585040
13835581952	13835500544	81408	512	9.682218
9019409920	9019293184	116736	512	7.379664
135023240192	135023120384	119808	512	8.021253
89136515584	89136389120	126464	512	8.538650
153229356544	153229282816	73728	512	6.610988
12198200832	12198073344	127488	512	7.074476
72740399104	72740305408	93696	512	0.374352
71033645568	71033571840	73728	512	0.367559
128906641920	128906572288	69632	512	7.565536
42156254720	42156137984	116736	512	9.112105
125611461632	125611374080	87552	512	0.405318
74830662656	74830581248	81408	512	7.511435
66585114624	66585012736	101888	512	8.791445
126151985152	126151866368	118784	512	6.425661
115303470080	115303401472	68608	512	9.451550
139541179904	139541062144	117760	512	5.953822
30557138944	30557066240	72704	512	9.839347
149976468480	149976369152	99328	512	0.397271
52413430784	52413361152	69632	512	9.589861
141293802496	141293718528	83968	512	8.342453
69659518976	69659439104	79872	512	9.331341
109040759296	109040667136	92160	512	7.137525
131898164736	131898041344	123392	512	5.673079
5986187776	5986109440	78336	512	0.426543
10687202304	10687111680	90624	512	0.933403
35490060800	35489931264	129536	512	0.447204
19072774656	19072708096	66560	512	8.150069
71603347968	71603279360	68608	512	0.582845
91062411264	91062339072	72192	512	7.798397
101620556288	101620443136	113152	512	6.464755
144290577920	144290449920	128000	512	7.571282
78093650432	78093563392	87040	512	9.383621
14083791872	14083668480	123392	512	8.975642
148153592832	148153517056	75776	512	8.834606
41673067520	41672989184	78336	512	9.740034
51160830976	51160730112	100864	512	8.867016
46139317248	46139237376	79872	512	9.621992
104376317440	104376201216	116224	512	6.785418
144606198784	144606116864	81920	512	7.068028
122071663104	122071585792	77312	512	8.892384
137605471232	137605365760	105472	512	8.238459
87816741888	87816671744	70144	512	7.837766
83779235328	83779129856	105472	512	7.172819
64173092352	64172977152	115200	512	8.927164
9573981696	9573879808	101888	512	9.406083
11657269760	11657168384	101376	512	0.441114
199966720	199850496	116224	512	9.137527
46954388992	46954273280	115712	512	8.636861
68885815808	68885713408	102400	512	9.159796
79311585792	79311473664	112128	512	8.900508
72334619648	72334538240	81408	512	9.540970
143052787200	143052675584	111616	512	6.277302
33691297280	33691223552	73728	512	9.590526
106045821952	106045753344	68608	512	0.462674
14346324480	14346224640	99840	512	7.751162
132413685760	132413615616	70144	512	9.345190
140939841024	140939726848	114176	512	7.866575
113229219328	113229149184	70144	512	7.719105
71245636096	71245563904	72192	512	9.733094
156443538432	156443448320	90112	512	6.361714
125222114816	125221989376	125440	512	6.137836
102340475392	102340391424	83968	512	9.272594
138218437120	138218339328	97792	512	8.441777
64300304896	64300232704	72192	512	9.750247
86017629696	86017554432	75264	512	0.445736
113658933248	113658856960	76288	512	0.492366
103822906368	103822828032	78336	512	0.413290
53587288064	53587171840	116224	512	8.964394
110417570304	110417443328	126976	512	8.235692
78606993408	78606912512	80896	512	9.482725
47243882496	47243771392	111104	512	9.054855
82910681088	82910558720	122368	512	8.660856
44393969152	44393852416	116736	512	8.955446
91997143040	91997012992	130048	512	6.657781
35898985984	35898887168	98816	512	9.421143
40076620288	40076496384	123904	512	8.905556
88432231424	88432153600	77824	512	0.447772
18106194944	18106069504	125440	512	8.928047
69146110976	69146037248	73728	512	7.917790
51314707456	51314618880	88576	512	9.465329
54802551808	54802444288	107520	512	8.985238
24085002240	24084902400	99840	512	7.609483
1186171904	1186103296	68608	512	9.918901
74380782080	74380667904	114176	512	0.445441
98761868800	98761760256	108544	512	7.024989
148986024960	148985938432	86528	512	8.460757
106920914432	106920797696	116736	512	8.379632
69845190656	69845087744	102912	512	9.137042
142868379648	142868266496	113152	512	7.899728
72825852928	72825735168	117760	512	8.776247
2579567104	2579448320	118784	512	9.103703
142791231488	142791144960	86528	512	8.664857
152466574336	152466485248	89088	512	6.127549
145047073792	145046978560	95232	512	6.610491
142216099328	142215990272	109056	512	8.000286
102279260160	102279161344	98816	512	8.947559
147134390784	147134322688	68096	512	9.074806
35024836096	35024718336	117760	512	8.657300
64733182976	64733064192	118784	512	0.488261
14567214080	14567107584	106496	512	9.259506
146146072576	146145988608	83968	512	6.856814
122019584512	122019498496	86016	512	8.996572
11198096384	11197980672	115712	512	9.090182
19887656960	19887579648	77312	512	0.401093
56981966848	56981863424	103424	512	0.434330
58424180224	58424080896	99328	512	7.421239
130200243712	130200176128	67584	512	9.089229
92886087168	92885978624	108544	512	8.447617
85017799168	85017704960	94208	512	8.863069
61412893696	61412768768	124928	512	8.598958
30247761920	30247689728	72192	512	7.887847
71254645760	71254542848	102912	512	0.412747
92363613696	92363525632	88064	512	9.326754
51860573184	51860444160	129024	512	8.634557
134600664064	134600567296	96768	512	6.757215
129365664768	129365572096	92672	512	6.906972
21489951744	21489832960	118784	512	8.993110
123803997696	123803917824	79872	512	9.150404
82474717696	82474608640	109056	512	8.918207
51797618176	51797507584	110592	512	8.711867
147553993216	147553905664	87552	512	0.649816
72858050560	72857975296	75264	512	9.690704
18411823616	18411747840	75776	512	8.021636
122062150144	122062025728	124416	512	7.592403
72341963264	72341870080	93184	512	9.326794
13899058176	13898975744	82432	512	9.806181
115288142336	115288047104	95232	512	7.068516
93901441024	93901340160	100864	512	9.032439
56765924352	56765822464	101888	512	7.429040
117858466304	117858397696	68608	512	9.431296
17444946944	17444877824	69120	512	9.953047
133200090624	133200017920	72704	512	0.395393
152610350592	152610268672	81920	512	8.638805
153183169024	153183101952	67072	512	8.990102
12680984576	12680888832	95744	512	7.787704
103062865408	103062792704	72704	512	9.181723
24558070272	24557939200	131072	512	8.920747
18836618240	18836508160	110080	512	0.375061
152068337152	152068259840	77312	512	0.856174
143030237184	143030168576	68608	512	9.224801
33163407360	33163321344	86016	512	9.603651
57904565760	57904466432	99328	512	0.402572
96886588416	96886476800	111616	512	7.003021
11886775296	11886682624	92672	512	7.532836
103916165120	103916055552	109568	512	8.634884
4422623744	4422555648	68096	512	9.799220
149434326016	149434225152	100864	512	7.589826
91337506816	91337394688	112128	512	8.368422
31422267904	31422163456	104448	512	8.928052
139300623872	139300510208	113664	512	7.531195
102515889664	102515812864	76800	512	9.382570
90389059072	90388964864	94208	512	7.030528
92750941184	92750837760	103424	512	7.199615
9829289472	9829216256	73216	512	9.885495
116242133504	116242060288	73216	512	0.476548
30756515328	30756443136	72192	512	9.677411
31676495872	31676423168	72704	512	0.429453
152393729536	152393618944	110592	512	7.588669
82051968512	82051846144	122368	512	6.453651
57840829952	57840752128	77824	512	9.638287
139383793152	139383681536	111616	512	7.882344
36896972800	36896846336	126464	512	8.851123
24228301824	24228175872	125952	512	8.929784
118546301440	118546221568	79872	512	7.385208
10943034368	10942913536	120832	512	9.020551
150333815808	150333726720	89088	512	0.424307
20866542592	20866425344	117248	512	9.122941
145068318208	145068208640	109568	512	7.987101
23481672704	23481603584	69120	512	9.757062
145744762880	145744666624	96256	512	8.250738
158532865536	158532737536	128000	512	5.976035
734419968	734350848	69120	512	9.987114
122982463488	122982344704	118784	512	0.445404
13388011008	13387895808	115200	512	9.111318
67064426496	67064300032	126464	512	6.930817
48384154112	48384031232	122880	512	8.928547
40810957312	40810850304	107008	512	9.261807
72991757824	72991644672	113152	512	8.526383
124381500416	124381420544	79872	512	0.461322
38410935296	38410828800	106496	512	8.889781
92005146624	92005080576	66048	512	0.321178
138372610048	138372486656	123392	512	7.734189
55848917504	55848832000	85504	512	7.669439
76197232128	76197113344	118784	512	8.764594
72850519552	72850425344	94208	512	9.306724
115985431040	115985318400	112640	512	6.686965
70509380096	70509268480	111616	512	8.542452
5020213248	5020087296	125952	512	7.292270
77874990592	77874897408	93184	512	0.486945
22853836800	22853723136	113664	512	9.128511
147289393664	147289268736	124928	512	5.625675
64962586112	64962489856	96256	512	9.244716
76912371712	76912275456	96256	512	0.449303
60915893760	60915799552	94208	512	7.289474
144952325120	144952232448	92672	512	8.454237
107814824960	107814697472	127488	512	8.196921
137549775360	137549705216	70144	512	9.287889
70805851136	70805765120	86016	512	9.496503
86877200384	86877086720	113664	512	8.712379
122758943744	122758821888	121856	512	6.406483
112599531520	112599418368	113152	512	8.065795
57114768896	57114646016	122880	512	8.766080
149185891840	149185802752	89088	512	8.571411
153564864000	153564752896	111104	512	7.602682
100717157888	100717030912	126976	512	7.894981
76002230272	76002123776	106496	512	7.244710
75922963456	75922846208	117248	512	8.817690
61268339200	61268210176	129024	512	8.750134
5987195904	5987116544	79360	512	0.422179
144507423744	144507355136	68608	512	0.360570
158589382144	158589282304	99840	512	7.695108
39683536384	39683459584	76800	512	9.772221
91019869696	91019801600	68096	512	9.695263
2890455552	2890347008	108544	512	9.333387
102328016384	102327946752	69632	512	7.833432
77410149376	77410031104	118272	512	8.778778
78982995968	78982870016	125952	512	8.618122
116423837696	116423710208	127488	512	8.207825
141175116288	141174990848	125440	512	7.688719
69167707136	69167617024	90112	512	7.599557
153429287936	153429198848	89088	512	8.270095
112582719488	112582626816	92672	512	6.854899
19628467712	19628364800	102912	512	9.439149
75925841408	75925751296	90112	512	9.353157
41620736512	41620614656	121856	512	8.579779
5603559936	5603457536	102400	512	9.164773
31122529792	31122429440	100352	512	0.426644
127645841408	127645755904	85504	512	8.925917
80610308096	80610182656	125440	512	8.575023
6634839552	6634715136	124416	512	8.981491
51207476224	51207390720	85504	512	9.487790
6478687232	6478578176	109056	512	0.493793
45045275136	45045208064	67072	512	0.435708
99781825024	99781699584	125440	512	7.901813
8671768064	8671677440	90624	512	9.616063
4510114304	4509985792	128512	512	8.934296
32068895744	32068785152	110592	512	0.436679
136194222592	136194149888	72704	512	0.409980
65407911936	65407828992	82944	512	9.531184
78005499904	78005389312	110592	512	8.896385
38946704896	38946612224	92672	512	9.447277
9199861760	9199731200	130560	512	8.614632
25591678464	25591583232	95232	512	0.417962
62557762048	62557673984	88064	512	0.474678
128815954944	128815843840	111104	512	0.426660
69139487232	69139418624	68608	512	9.738294
14539088384	14538993152	95232	512	9.399083
159316724736	159316631040	93696	512	7.784696
34897398272	34897330688	67584	512	9.871322
20229379584	20229262336	117248	512	8.894498
142663860736	142663746048	114688	512	7.841729
17500882944	17500787712	95232	512	7.779863
67675159040	67675033088	125952	512	6.919294
77796479488	77796366848	112640	512	8.847449
62645249024	62645127168	121856	512	8.779945
98358322176	98358197760	124416	512	6.715725
22508203008	22508080128	122880	512	7.268172
48896036864	48895950336	86528	512	7.810140
146836465152	146836381184	83968	512	8.608918
141071115264	141071030784	84480	512	8.771038
141928947200	141928856576	90624	512	8.518695
129162636800	129162564096	72704	512	7.550379
108709964288	108709865984	98304	512	8.902339
100355654656	100355582464	72192	512	9.283113
34598392832	34598265344	127488	512	8.509851
26894626816	26894523392	103424	512	9.343488
49895050752	49894983168	67584	512	0.498620
62983177216	62983056384	120832	512	0.440952
94551910912	94551841280	69632	512	9.363077
2587480576	2587400192	80384	512	9.737383
84922758656	84922669056	89600	512	9.237151
110015186944	110015119872	67072	512	9.324984
12147081728	12147000320	81408	512	9.675367
55501731328	55501629440	101888	512	0.423557
134444801536	134444735488	66048	512	9.358189
113213991936	113213917696	74240	512	9.407447
40061188608	40061059072	129536	512	8.820262
154580851712	154580781568	70144	512	8.693410
4784334848	4784239104	95744	512	9.528845
19646943744	19646833664	110080	512	7.525958
66922255360	66922139648	115712	512	8.845562
70084968960	70084886016	82944	512	9.235632
98863936000	98863856640	79360	512	9.074156
87944337920	87944262656	75264	512	9.571516
8823910400	8823837184	73216	512	8.071144
147646900736	147646793216	107520	512	7.989131
135671848960	135671732736	116224	512	8.029475
61611729920	61611660800	69120	512	9.801493
92001824256	92001724928	99328	512	0.463961
74412348416	74412236800	111616	512	8.536604
63650516480	63650408448	108032	512	8.739712
66511195648	66511071744	123904	512	8.714456
128105278976	128105182208	96768	512	8.647704
39744536576	39744409600	126976	512	8.823887
60761013760	60760927232	86528	512	9.341479
129203436032	129203359744	76288	512	9.290486
84756966912	84756869120	97792	512	9.119123
58677906944	58677785088	121856	512	8.842988
129866272256	129866186752	85504	512	0.439564
116640565248	116640476160	89088	512	8.989249
130807148544	130807078400	70144	512	9.002820
104793480192	104793351168	129024	512	6.406429
65512497664	65512425984	71680	512	9.523884
130641516544	130641385984	130560	512	7.207631
111195714560	111195603456	111104	512	8.111967
6371101696	6370987008	114688	512	8.925042
79562495488	79562417664	77824	512	9.541012
145097164800	145097062912	101888	512	6.022417
143879026688	143878903296	123392	512	0.396946
156886531072	156886418432	112640	512	4.808835
140413037568	140412965888	71680	512	8.785586
108223175168	108223073792	101376	512	8.438196
75000643072	75000569344	73728	512	9.412475
24461029376	24460939776	89600	512	9.542971
144495395328	144495309824	85504	512	0.432072
29090008576	29089911808	96768	512	9.203599
6499780096	6499653632	126464	512	9.019726
2236089344	2236011008	78336	512	9.861934
93345881088	93345794560	86528	512	9.352499
89459737088	89459616768	120320	512	6.377295
59312214016	59312097280	116736	512	8.937178
120618080768	120617969152	111616	512	0.437898
89087882752	89087775232	107520	512	8.959649
125576272384	125576198656	73728	512	0.426709
119205100544	119205022208	78336	512	9.251682
19067531776	19067440128	91648	512	9.489312
151562596864	151562481152	115712	512	6.953978
16864154112	16864033280	120832	512	8.829611
48366086144	48365977088	109056	512	0.416774
11132905984	11132789760	116224	512	8.783729
51875048960	51874970112	78848	512	0.418417
81127050240	81126951936	98304	512	9.187273
83865695744	83865584640	111104	512	0.398758
101351851008	101351763968	87040	512	7.478397
11129228800	11129134080	94720	512	9.302511
39582131712	39582027776	103936	512	8.956071
71770269184	71770152960	116224	512	8.447509
48090578944	48090476032	102912	512	9.243837
8705199616	8705068544	131072	512	8.608431
154665124864	154665019904	104960	512	5.883927
82873251328	82873158656	92672	512	9.238352
69895953920	69895823872	130048	512	8.109029
109219647488	109219558912	88576	512	9.027715
159306105344	159306036736	68608	512	8.181672
18730649600	18730576384	73216	512	9.903647
45507951616	45507880448	71168	512	0.434950
62886400	62819840	66560	512	0.419094
94866251776	94866158080	93696	512	7.366986
94269111296	94269021696	89600	512	7.485839
93887602176	93887512064	90112	512	9.210112
93987117056	93987019776	97280	512	6.920428
72053809664	72053728768	80896	512	7.773080
115141571072	115141460992	110080	512	8.489838
38222938112	38222850560	87552	512	9.278113
122142170624	122142088192	82432	512	0.485721
58872095744	58871965696	130048	512	8.612462
61613337088	61613236224	100864	512	7.411754
92819603968	92819506688	97280	512	7.275086
15642469888	15642349056	120832	512	8.823123
33202702336	33202626560	75776	512	0.479814
110209327616	110209231360	96256	512	7.151554
147819554816	147819468800	86016	512	8.467817
118458650112	118458536960	113152	512	8.465711
79579074048	79578991616	82432	512	9.466435
29537532928	29537405440	127488	512	8.599688
139371146752	139371060224	86528	512	6.821491
29957683712	29957590528	93184	512	9.531255
70777452032	70777334272	117760	512	0.415786
31239550976	31239453696	97280	512	9.333248
149044581888	149044515840	66048	512	7.031195
31214806528	31214712832	93696	512	9.276052
24394178048	24394095104	82944	512	9.465305
90365350912	90365247488	103424	512	8.617415
144440344576	144440221184	123392	512	7.694533
158356370432	158356289536	80896	512	8.365247
146074208256	146074131456	76800	512	8.519314
48576443392	48576330240	113152	512	9.156393
60604377600	60604283392	94208	512	0.401747
103032005120	103031916544	88576	512	9.064559
86434518016	86434386944	131072	512	6.657514
76966786048	76966692352	93696	512	9.262865
23213323776	23213246976	76800	512	9.840088
35017470976	35017387520	83456	512	7.610777
52225524224	52225441280	82944	512	9.278575
96883561472	96883483136	78336	512	9.449937
144905815040	144905710592	104448	512	8.110921
121244395008	121244296704	98304	512	8.296028
122086797312	122086701568	95744	512	8.851327
131193649152	131193549824	99328	512	0.343301
92278879232	92278801408	77824	512	9.158150
101514779136	101514678272	100864	512	8.951237
155483308032	155483236352	71680	512	8.782443
129510702080	129510578176	123904	512	6.121639
56439481344	56439385088	96256	512	9.057659
105016717312	105016593920	123392	512	7.860421
149073826304	149073718272	108032	512	6.217052
155549139456	155549020160	119296	512	7.013153
1230091776	1229964800	126976	512	7.235618
152014947840	152014880256	67584	512	8.947528
113266148352	113266040832	107520	512	6.840090
64086632960	64086514176	118784	512	7.116279
52594608640	52594537984	70656	512	9.513926
92910525952	92910428672	97280	512	9.111199
83379190272	83379087872	102400	512	9.029074
78709387776	78709298688	89088	512	9.321409
14716092416	14716000256	92160	512	9.341929
30463678464	30463564288	114176	512	9.238829
139343163392	139343037952	125440	512	7.805776
72080334336	72080205824	128512	512	8.647917
14199756800	14199664128	92672	512	9.545304
143101563904	143101477888	86016	512	8.609953
35794192384	35794113536	78848	512	7.886800
46498703872	46498630656	73216	512	7.808085
48494612480	48494507520	104960	512	8.891549
106438037504	106437926912	110592	512	6.447563
57819873280	57819747328	125952	512	8.615028
151783773696	151783686144	87552	512	8.362002
69264886272	69264790016	96256	512	8.902002
65093324288	65093234688	89600	512	9.126597
86059891200	86059788288	102912	512	9.070179
154430400000	154430327296	72704	512	8.896125
79572657152	79572557312	99840	512	9.089854
40211836416	40211714560	121856	512	6.813481
42275895296	42275787264	108032	512	8.851206
26153170432	26153043456	126976	512	8.906006
146648891904	146648809472	82432	512	8.724249
140418674688	140418566144	108544	512	5.789917
44430480384	44430371328	109056	512	9.181078
146066475008	146066388480	86528	512	6.417597
23455367168	23455290368	76800	512	9.794147
11288162816	11288080384	82432	512	9.786633
81953723392	81953650688	72704	512	0.428230
82749660160	82749544448	115712	512	0.422502
63032188928	63032072704	116224	512	6.781033
24836863488	24836787200	76288	512	9.802312
70680015872	70679918592	97280	512	0.408115
83873828864	83873713152	115712	512	8.822677
13980393984	13980292608	101376	512	9.171366
118867606528	118867483136	123392	512	8.108945
78356387328	78356302848	84480	512	7.645179
154023004160	154022884864	119296	512	7.488936
136703132672	136703066624	66048	512	7.487786
25522045952	25521921536	124416	512	9.027519
120810846720	120810779136	67584	512	0.327813
130497593344	130497499648	93696	512	8.324193
49934067712	49933959168	108544	512	9.193683
93402074112	93401960960	113152	512	8.696459
101492310016	101492231680	78336	512	9.353244
96921729024	96921656832	72192	512	9.606153
133638917632	133638788096	129536	512	7.758656
108797957632	108797835264	122368	512	8.419059
70351603200	70351517696	85504	512	9.488457
3879908352	3879821312	87040	512	0.478358
33976284672	33976187392	97280	512	0.439253
119005544960	119005426688	118272	512	8.260029
98240040448	98239920128	120320	512	8.579255
42059042816	42058937344	105472	512	8.894512
130129354240	130129244672	109568	512	8.240867
90615795712	90615726592	69120	512	9.725748
26017290240	26017205248	84992	512	9.647229
67014364672	67014269952	94720	512	0.475882
102660172288	102660104192	68096	512	0.428157
137508134400	137508061696	72704	512	8.819290
156484518912	156484440576	78336	512	8.415063
84604423680	84604335616	88064	512	8.978793
40984368640	40984297472	71168	512	9.828752
130696687104	130696590848	96256	512	8.636409
31725350912	31725283840	67072	512	9.900114
116726116352	116725998592	117760	512	7.849706
75285758464	75285671936	86528	512	7.622254
12900720640	12900613120	107520	512	9.259061
146291056128	146290971648	84480	512	8.622849
84662186496	84662100992	85504	512	9.407016
98154385920	98154305024	80896	512	9.039840
40816374784	40816302080	72704	512	9.839124
58915548672	58915451904	96768	512	9.278262
101448914432	101448824320	90112	512	8.784633
105731228160	105731141120	87040	512	7.015438
89509128192	89509037056	91136	512	7.465403
89634807296	89634735104	72192	512	9.331955
141005143040	141005045248	97792	512	7.922916
70875870208	70875797504	72704	512	9.743081
74539531776	74539401728	130048	512	8.567657
121428677120	121428568576	108544	512	8.517180
114368692736	114368615936	76800	512	9.334255
60503713792	60503644160	69632	512	9.581104
11650192896	11650102784	90112	512	9.380489
71196476928	71196368896	108032	512	9.063421
89257740800	89257615872	124928	512	8.053561
38096575488	38096463872	111616	512	9.188443
8023691264	8023620608	70656	512	9.761314
100722678784	100722576384	102400	512	8.512585
82664363008	82664284160	78848	512	9.621340
19137434112	19137333760	100352	512	9.492382
121726020096	121725916160	103936	512	6.371979
106206310912	106206185472	125440	512	8.281385
19451322368	19451220992	101376	512	9.470720
82342439424	82342371840	67584	512	0.397046
130090321408	130090229760	91648	512	8.777424
38218656256	38218577920	78336	512	9.493833
64096923136	64096827904	95232	512	0.435056
78405673984	78405561344	112640	512	0.440549
119152641024	119152573952	67072	512	0.439638
135092528640	135092403712	124928	512	7.831016
25755712512	25755619840	92672	512	9.531720
29462289920	29462218752	71168	512	0.417810
150311011328	150310883328	128000	512	7.213474
89037037568	89036935680	101888	512	8.621118
45785156608	45785029632	126976	512	8.883575
128705608704	128705501696	107008	512	8.407236
52793009152	52792898560	110592	512	9.052973
131194879488	131194772480	107008	512	8.372546
134391643648	134391544832	98816	512	6.760514
144292665344	144292543488	121856	512	7.644010
18956068352	18955955200	113152	512	9.232121
53018344448	53018236928	107520	512	8.790242
82771554304	82771446784	107520	512	0.446910
78374508544	78374425088	83456	512	0.438150
21103733248	21103630336	102912	512	9.231165
125988125696	125988055040	70656	512	0.479468
73948414976	73948295168	119808	512	8.739146
136296847872	136296758272	89600	512	8.651976
85979394048	85979280896	113152	512	8.453057
68622147072	68622051840	95232	512	8.946976
101045336576	101045233152	103424	512	8.825048
126272576512	126272468992	107520	512	8.470153
144948147712	144948037120	110592	512	7.929338
51372753408	51372670976	82432	512	9.275990
110690980352	110690890240	90112	512	8.656954
40726487040	40726382080	104960	512	0.460039
9524821504	9524693504	128000	512	7.151478
33456449024	33456318464	130560	512	0.444415
24172571648	24172457984	113664	512	8.888144
128388826112	128388712448	113664	512	8.175727
22534432768	22534365184	67584	512	9.872599
44593433600	44593357824	75776	512	0.377893
155704116736	155704041472	75264	512	8.069548
83206769664	83206667776	101888	512	8.697991
1854215168	1854122496	92672	512	9.535572
36150948864	36150866432	82432	512	0.486469
20865761792	20865688064	73728	512	8.071029
10830304256	10830201856	102400	512	9.480411
65618903040	65618798080	104960	512	9.068973
70571850752	70571734016	116736	512	8.958376
117021679616	117021603840	75776	512	9.306776
144838123008	144838041600	81408	512	8.441198
142235758080	142235686400	71680	512	9.052260
75438041088	75437959168	81920	512	7.402627
140687277568	140687163904	113664	512	7.818460
140361738752	140361666048	72704	512	9.125020
82853240320	82853148672	91648	512	8.926119
106833859584	106833784832	74752	512	7.670310
9353904128	9353813504	90624	512	9.674824
140362339840	140362231296	108544	512	6.346529
151096053760	151095922688	131072	512	7.156121
57931022848	57930894336	128512	512	8.306840
85575303680	85575200256	103424	512	8.652008
61962658816	61962568192	90624	512	7.360073
65256235520	65256142848	92672	512	0.408255
132719038464	132718958592	79872	512	0.399831
87531676672	87531556352	120320	512	6.361715
136398640128	136398522880	117248	512	7.907109
5279471104	5279396352	74752	512	9.859630
37837259264	37837167104	92160	512	0.443117
130850941440	130850833408	108032	512	6.577221
37555848704	37555758080	90624	512	9.255825
10353986560	10353877504	109056	512	9.317279
78937445376	78937377792	67584	512	0.426464
136246325248	136246225920	99328	512	6.716198
22357202944	22357094400	108544	512	9.167930
38835905536	38835807232	98304	512	9.423654
14915405824	14915302400	103424	512	9.431592
46469085184	46468958208	126976	512	7.079193
139045432832	139045360128	72704	512	9.176918
133931392000	133931317248	74752	512	0.934970
80734985216	80734882816	102400	512	9.090456
46531936768	46531843584	93184	512	9.130948
127704941568	127704859648	81920	512	9.091311
94494955008	94494883840	71168	512	7.802889
14850028032	14849931264	96768	512	9.572118
86431321088	86431225344	95744	512	9.137983
67716241920	67716139520	102400	512	9.120792
80334688768	80334567936	120832	512	8.725132
57522899456	57522779648	119808	512	6.691515
122722949632	122722847744	101888	512	8.174433
155946587136	155946484736	102400	512	6.985753
131927363584	131927238656	124928	512	6.137078
119397254144	119397181952	72192	512	9.017574
117995554816	117995475968	78848	512	9.265256
50611932672	50611817984	114688	512	7.289519
87454051840	87453935616	116224	512	8.634190
42812219392	42812100608	118784	512	9.095665
99865318912	99865193472	125440	512	6.663851
4145523200	4145417728	105472	512	9.078155
85401366528	85401239040	127488	512	8.114754
146673253376	146673158144	95232	512	8.401384
64578103296	64578025984	77312	512	9.650070
95361320960	95361212416	108544	512	8.873463
82786742272	82786616320	125952	512	8.532025
56808389120	56808289280	99840	512	9.237462
130485705216	130485606912	98304	512	8.178008
80102991360	80102900736	90624	512	9.340312
59678528512	59678449152	79360	512	0.468549
78417476096	78417375744	100352	512	0.427165
115274722816	115274632704	90112	512	0.476689
1291535872	1291451392	84480	512	9.511016
85435627520	85435542016	85504	512	7.562064
127728704512	127728575488	129024	512	7.948460
68429440000	68429353984	86016	512	9.134468
81860610048	81860487168	122880	512	8.201090
126534868992	126534757376	111616	512	6.484963
136115060224	136114972672	87552	512	8.703898
7305173504	7305055232	118272	512	8.863638
127557422080	127557314048	108032	512	8.470059
156235220480	156235095040	125440	512	6.791048
88925807104	88925732864	74240	512	9.575992
25791501312	25791412736	88576	512	9.625782
157738315776	157738243584	72192	512	0.425259
120577716224	120577622528	93696	512	6.630038
125458655232	125458532864	122368	512	7.440184
52654968320	52654873088	95232	512	9.279721
72499288064	72499174400	113664	512	0.345109
95270476288	95270361600	114688	512	0.450960
15842430464	15842362880	67584	512	8.235682
40547018752	40546912768	105984	512	7.393017
29598990336	29598921216	69120	512	9.738175
58740549632	58740459520	90112	512	7.645130
98447579136	98447505408	73728	512	9.486352
85893514752	85893427200	87552	512	9.311160
140843436032	140843334656	101376	512	7.800725
114265036288	114264917504	118784	512	8.407041
24802255360	24802147328	108032	512	7.518560
132529284096	132529211392	72704	512	0.755087
70018896896	70018783744	113152	512	7.138611
38913483776	38913382400	101376	512	9.307567
39894978048	39894905344	72704	512	0.434105
129555833856	129555739648	94208	512	8.287573
61663977472	61663905792	71680	512	7.985381
140103931392	140103859712	71680	512	0.448638
68828576256	68828445696	130560	512	8.112597
28583282176	28583162368	119808	512	9.071850
131938160128	131938085888	74240	512	9.197567
4700866560	4700738560	128000	512	8.910481
29103704576	29103585280	119296	512	6.987943
135084149248	135084033024	116224	512	8.024142
47981116928	47981027840	89088	512	9.568546
110969781248	110969675776	105472	512	8.702999
89032030720	89031960576	70144	512	9.402402
100511313408	100511197184	116224	512	8.172581
124280262144	124280179200	82944	512	0.580433
120992649216	120992545792	103424	512	6.838582
68897139200	68897057280	81920	512	9.584963
32468603904	32468516864	87040	512	9.587814
69429133312	69429044736	88576	512	0.445148
43442202624	43442114048	88576	512	7.738103
53535530496	53535408128	122368	512	8.829702
12705070080	12704942592	127488	512	9.034523
91647063040	91646989824	73216	512	7.759566
95242534912	95242441216	93696	512	9.118204
3655332352	3655239680	92672	512	9.593314
104382211072	104382137856	73216	512	0.477437
146223770112	146223699968	70144	512	8.746759
24172345856	24172259328	86528	512	9.368694
78440310784	78440219136	91648	512	8.949617
110731030016	110730941952	88064	512	9.113515
39779901440	39779789824	111616	512	8.769551
46112183296	46112084480	98816	512	9.323687
69445525504	69445440000	85504	512	9.121557
131671448064	131671373824	74240	512	7.360584
138509137920	138509038592	99328	512	8.386116
14716899840	14716801024	98816	512	7.433018
125986667008	125986558976	108032	512	6.690984
58336659456	58336530432	129024	512	8.307865
83961254400	83961187840	66560	512	0.456238
104830636032	104830516736	119296	512	7.949320
23254881280	23254755328	125952	512	8.610620
58561058816	58560969216	89600	512	0.430630
91880091136	91879980544	110592	512	6.963209
654684160	654557696	126464	512	8.947222
119667322880	119667215872	107008	512	8.552312
110825416704	110825297408	119296	512	8.410193
106227084288	106227015680	68608	512	9.563728
74592817152	74592728576	88576	512	7.281258
36310355456	36310272512	82944	512	9.665934
80941513216	80941392896	120320	512	8.739505
140666300928	140666196480	104448	512	8.087827
76600824832	76600721408	103424	512	9.060609
57276698112	57276610560	87552	512	9.172707
77250366976	77250242560	124416	512	8.238976
40614013440	40613894656	118784	512	9.046927
70156154880	70156082176	72704	512	0.411070
108023844352	108023756800	87552	512	8.807250
126170792448	126170692608	99840	512	8.555434
137827559936	137827480064	79872	512	6.772923
116303896064	116303800832	95232	512	8.930327
141187960832	141187845120	115712	512	7.862012
66597222400	66597143552	78848	512	9.604430
7347187200	7347101696	85504	512	0.423965
44505932800	44505860608	72192	512	7.805855
44080288768	44080214528	74240	512	9.524489
135122415616	135122320896	94720	512	8.240314
100843196928	100843094016	102912	512	8.825758
48542993920	48542892032	101888	512	9.254570
67590502400	67590375936	126464	512	8.316844
28655135232	28655021568	113664	512	7.075568
13473921024	13473821696	99328	512	9.578972
127068125184	127068039168	86016	512	0.411155
152456880128	152456771584	108544	512	7.174353
75648222720	75648118784	103936	512	8.669122
73967820800	73967712768	108032	512	7.216342
36474192896	36474070016	122880	512	8.903348
150235654144	150235535360	118784	512	6.971543
93867540992	93867443200	97792	512	7.399483
126170908672	126170812928	95744	512	8.673021
106591858688	106591744000	114688	512	8.509424
40225985024	40225860096	124928	512	8.497211
79691063296	79690934784	128512	512	8.587264
159097385472	159097290240	95232	512	7.742298
129642496000	129642402304	93696	512	8.715312
138261576704	138261483008	93696	512	8.171273
140386779136	140386682368	96768	512	8.316304
47682231808	47682157568	74240	512	9.776836
124290707456	124290614784	92672	512	0.503669
109296445952	109296322560	123392	512	7.847758
56869527552	56869425664	101888	512	8.906331
43919928320	43919798272	130048	512	8.776823
48150749696	48150670336	79360	512	0.446336
85792954368	85792838656	115712	512	6.569546
63991710208	63991599616	110592	512	9.000882
113618369024	113618269184	99840	512	0.422516
78607922176	78607836160	86016	512	9.375605
116851271168	116851167232	103936	512	8.659274
116237568000	116237477376	90624	512	6.871643
65942047744	65941965824	81920	512	9.272272
80923822592	80923742720	79872	512	9.543913
68403910656	68403790848	119808	512	8.819865
26334743552	26334669312	74240	512	8.048736
11059633664	11059525632	108032	512	9.340965
37370920960	37370827264	93696	512	0.473972
133068769792	133068703232	66560	512	0.373738
106808857600	106808763904	93696	512	8.501577
33592152064	33592071168	80896	512	9.745223
22244284416	22244189184	95232	512	9.557059
137102851584	137102745088	106496	512	6.482431
70442654720	70442536960	117760	512	8.862610
71971948032	71971849728	98304	512	8.841043
146227638272	146227522048	116224	512	7.158177
110102352896	110102276608	76288	512	9.331056
105748243968	105748131840	112128	512	8.148160
29204659200	29204531712	127488	512	8.898691
121469627392	121469502464	124928	512	8.143168
119620570112	119620495360	74752	512	9.349773
84191212032	84191101440	110592	512	6.712540
30854984704	30854914560	70144	512	9.924376
11434838016	11434749440	88576	512	9.628564
7473267712	7473199104	68608	512	0.423188
74705518080	74705438208	79872	512	0.437788
145513573888	145513483264	90624	512	6.277320
159689811456	159689707008	104448	512	7.149559
158738398720	158738307584	91136	512	5.682214
15269408256	15269289984	118272	512	9.066781
47433189376	47433099264	90112	512	0.386082
151795229696	151795154432	75264	512	0.428031
33482734080	33482625536	108544	512	8.862440
258735616	258608128	127488	512	8.992075
52575151104	52575049728	101376	512	7.426872
35536676352	35536577536	98816	512	9.238531
53143623680	53143534592	89088	512	7.702674
62337461760	62337386496	75264	512	0.407577
139881390592	139881298432	92160	512	8.094115
131506849792	131506772992	76800	512	9.128017
25637729792	25637599232	130560	512	7.063523
121568625152	121568500224	124928	512	7.554126
32550519296	32550425088	94208	512	7.363884
57073298432	57073190400	108032	512	8.651774
68564956672	68564887040	69632	512	0.483666
3441350144	3441237504	112640	512	7.191552
132371956224	132371880448	75776	512	8.866135
37525590528	37525496832	93696	512	7.398921
74102716416	74102647296	69120	512	0.444378
10545032192	10544961024	71168	512	8.149245
99607643648	99607574016	69632	512	0.413765
134767646720	134767580160	66560	512	9.272858
33149942272	33149844992	97280	512	9.446811
163750912	163651584	99328	512	9.408810
53395458048	53395350528	107520	512	0.470682
130370699264	130370574336	124928	512	7.945610
143978708992	143978588160	120832	512	5.362156
124357868544	124357770240	98304	512	6.361756
49298624000	49298531840	92160	512	9.512269
16209676800	16209571840	104960	512	9.287719
48171451904	48171344896	107008	512	9.190980
51897415680	51897314816	100864	512	9.239823
37021242880	37021121536	121344	512	7.236695
123173000704	123172895232	105472	512	8.490038
145892249088	145892160000	89088	512	6.731440
35654677504	35654603264	74240	512	8.032253
122459258368	122459161600	96768	512	8.829253
133973074432	133972981248	93184	512	8.704891
75724436992	75724337664	99328	512	9.151924
41179394048	41179276800	117248	512	7.245286
91205158912	91205042176	116736	512	8.736763
19642896384	19642795520	100864	512	9.402576
111153250816	111153145856	104960	512	6.927759
86379114496	86378983424	131072	512	8.021213
22885675520	22885592064	83456	512	9.468479
67370811392	67370715136	96256	512	8.941557
32739651072	32739577856	73216	512	9.823191
53566369792	53566286848	82944	512	0.486196
81052696576	81052601856	94720	512	8.866018
67345568256	67345456640	111616	512	7.240837
97535400448	97535297536	102912	512	8.867837
138883887616	138883816448	71168	512	7.477612
62981697024	62981579264	117760	512	8.528105
119232029696	119231915520	114176	512	7.863237
3625028096	3624932864	95232	512	0.466314
37744481792	37744352768	129024	512	8.423743
58494279168	58494158848	120320	512	8.858206
113613232128	113613160960	71168	512	9.565233
122984176128	122984093184	82944	512	9.073396
13106018816	13105926656	92160	512	7.744621
66748706816	66748638208	68608	512	0.469415
86235770368	86235689472	80896	512	0.448737
96274426880	96274328064	98816	512	6.864769
145686692352	145686567936	124416	512	7.543049
87042875904	87042748416	127488	512	8.486928
46550164992	46550053888	111104	512	7.283738
139754356736	139754246144	110592	512	8.065251
140652866048	140652738560	127488	512	7.453118
29912806912	29912739328	67584	512	9.983543
3189415424	3189286912	128512	512	8.649035
99731355136	99731270656	84480	512	0.438797
19826521088	19826451968	69120	512	9.913952
136223869952	136223752704	117248	512	8.024783
159446210560	159446109696	100864	512	7.542834
108292172800	108292052480	120320	512	8.448812
140439641600	140439528960	112640	512	7.492692
22296740864	22296627200	113664	512	8.864152
45626504192	45626378752	125440	512	8.413061
137239503872	137239385600	118272	512	7.977439
2031217152	2031122944	94208	512	9.303300
22171089920	22171000832	89088	512	0.466019
29389296128	29389191168	104960	512	0.411314
6535699968	6535588352	111616	512	9.273130
41386571776	41386459648	112128	512	6.945984
13068515328	13068439040	76288	512	7.868922
106376515584	106376443904	71680	512	0.431044
69860596224	69860528128	68096	512	0.448099
48665364480	48665295872	68608	512	0.329647
146651755520	146651647488	108032	512	8.012713
134481702912	134481579008	123904	512	7.846653
55612659200	55612573696	85504	512	9.240360
48723040768	48722913792	126976	512	8.323646
57832558592	57832472064	86528	512	9.486747
153872929280	153872830976	98304	512	7.581462
105762624512	105762558464	66048	512	9.355686
47922498560	47922375168	123392	512	8.850520
146122706944	146122597376	109568	512	7.989859
71086855680	71086763520	92160	512	7.572611
59413853184	59413746176	107008	512	8.780589
55551033344	55550942208	91136	512	9.486262
134373650432	134373571584	78848	512	6.922289
45425515008	45425441280	73728	512	9.521365
88765264896	88765153792	111104	512	8.842623
3923629568	3923502080	127488	512	8.651954
52302631424	52302538240	93184	512	0.442079
115561021440	115560945664	75776	512	0.423684
85896239104	85896128512	110592	512	8.824352
115819252736	115819183104	69632	512	0.489780
69659227648	69659108864	118784	512	8.386904
17065248768	17065118720	130048	512	8.905494
36298103808	36298030592	73216	512	0.430000
28462867456	28462786560	80896	512	9.714699
51660134912	51660011008	123904	512	8.692530
98753253888	98753180160	73728	512	0.460156
51769475584	51769379328	96256	512	8.979449
158875074048	158874945024	129024	512	5.588442
23791779840	23791704064	75776	512	9.791815
94980398080	94980327936	70144	512	9.374616
126351214592	126351132160	82432	512	9.009125
52227594752	52227480064	114688	512	6.842239
19672844288	19672772608	71680	512	9.920777
17024411648	17024325120	86528	512	9.723554
95372046336	95371916800	129536	512	8.437329
53839271936	53839200256	71680	512	9.692040
102333854208	102333774336	79872	512	9.349228
121574266368	121574175744	90624	512	6.715899
77517536256	77517462528	73728	512	9.672132
45103502848	45103405056	97792	512	9.308015
99359955968	99359888896	67072	512	0.425046
153724552704	153724438016	114688	512	7.449179
144415983104	144415903744	79360	512	8.505679
87739422208	87739326976	95232	512	6.978083
127990917632	127990851584	66048	512	9.111027
136347645440	136347519488	125952	512	7.772429
140702782464	140702669312	113152	512	7.408023
135405189120	135405093376	95744	512	8.202681
150395443200	150395333632	109568	512	6.195140
138704545792	138704454144	91648	512	8.236301
6687097344	6687020544	76800	512	9.815522
152428190208	152428122624	67584	512	7.176657
138562201088	138562101248	99840	512	7.979240
28438428672	28438318592	110080	512	9.122485
20205146624	20205078016	68608	512	9.918268
47764241920	47764133376	108544	512	7.456139
37219407872	37219338752	69120	512	8.114240
53832880640	53832797184	83456	512	0.448614
107200898048	107200776192	121856	512	8.406099
71933535232	71933414400	120832	512	8.343268
67145378304	67145262592	115712	512	8.885838
21651425280	21651315712	109568	512	8.962388
19072849920	19072777728	72192	512	9.870043
40766565376	40766494720	70656	512	0.439592
41460096512	41460020224	76288	512	0.443316
16827531264	16827441152	90112	512	9.654022
94055967744	94055884288	83456	512	9.367416
44559177216	44559054336	122880	512	0.500399
34535887360	34535773696	113664	512	9.112294
18285894144	18285770240	123904	512	6.918035
7792361984	7792239104	122880	512	8.780810
135554752512	135554639360	113152	512	7.646457
11394157056	11394026496	130560	512	6.814154
105794934272	105794822144	112128	512	8.587781
63146465792	63146373120	92672	512	9.355649
28013210624	28013135872	74752	512	9.774888
4567056896	4566962688	94208	512	9.579970
27584754176	27584666624	87552	512	0.348767
32990098432	32990008320	90112	512	9.361786
83195116032	83195010560	105472	512	8.969101
86057827328	86057725440	101888	512	7.301186
49888686080	49888603136	82944	512	9.589581
58936405504	58936322048	83456	512	9.554832
72602306560	72602200064	106496	512	8.641956
104369395712	104369273856	121856	512	8.406573
151148564480	151148498432	66048	512	8.986632
25498388992	25498283520	105472	512	9.325273
6299441664	6299329536	112128	512	9.393908
149097010176	149096889344	120832	512	7.410145
142132752896	142132684288	68608	512	7.079280
66920048640	66919926272	122368	512	8.774319
103620905984	103620817920	88064	512	8.805761
124505600512	124505534464	66048	512	9.138407
141913617408	141913492992	124416	512	5.885042
153793496576	153793394176	102400	512	6.238010
116634353152	116634285056	68096	512	9.496940
19351261696	19351140352	121344	512	8.985051
37043296256	37043226624	69632	512	0.436015
101478156288	101478078464	77824	512	0.428706
49723618304	49723534336	83968	512	7.841426
116902466560	116902343168	123392	512	7.706284
73772211712	73772144640	67072	512	9.782214
138383239680	138383157760	81920	512	8.573970
36036192768	36036088320	104448	512	9.196865
146579019776	146578915328	104448	512	8.071418
129126114816	129126029824	84992	512	9.020045
32514166272	32514085376	80896	512	9.720644
146183578112	146183482880	95232	512	6.550290
27493227520	27493130240	97280	512	9.192138
130740686336	130740596224	90112	512	0.445185
115605017088	115604908544	108544	512	8.664256
134375250944	134375160832	90112	512	8.322735
150431859200	150431789568	69632	512	9.121014
102216808960	102216693760	115200	512	8.696880
53067503616	53067437568	66048	512	9.649227
84435752448	84435631104	121344	512	8.239905
102899525632	102899406848	118784	512	7.945837
140354995200	140354867200	128000	512	7.570937
111700320768	111700203520	117248	512	8.399317
141807367168	141807276544	90624	512	6.740313
26501739008	26501657088	81920	512	7.674760
92363559424	92363464192	95232	512	9.171699
111467694592	111467595776	98816	512	0.441187
66062995968	66062899712	96256	512	9.241058
10663590912	10663468032	122880	512	8.775081
84050403328	84050288128	115200	512	8.822725
38091519488	38091410944	108544	512	7.397559
85345865728	85345759744	105984	512	8.934806
148627417088	148627340288	76800	512	8.407442
4705669632	4705580032	89600	512	9.588825
116594672128	116594558464	113664	512	0.435624
71205614080	71205527552	86528	512	0.437805
157809300992	157809192448	108544	512	4.961013
119203512832	119203396096	116736	512	8.274740
24890101760	24890020352	81408	512	9.365315
16793064448	16792993792	70656	512	9.945079
106651968512	106651849216	119296	512	8.486563
102845658624	102845559808	98816	512	0.510194
106565558272	106565447680	110592	512	8.579176
152479381504	152479290368	91136	512	8.339175
71953650688	71953574400	76288	512	9.287572
61426739712	61426671616	68096	512	9.830646
136537281024	136537178624	102400	512	8.348162
71281401344	71281285632	115712	512	7.124492
126462977536	126462899712	77824	512	0.435093
26430628352	26430505472	122880	512	9.047562
26103702528	26103612928	89600	512	9.579104
13686318080	13686206976	111104	512	9.279094
92829653504	92829561856	91648	512	9.161629
98635807232	98635707392	99840	512	0.423210
146144606208	146144501248	104960	512	6.200228
16526175744	16526065664	110080	512	9.251111
21252238848	21252154368	84480	512	0.429991
147106050560	147105953792	96768	512	8.225168
101948804608	101948688384	116224	512	8.546803
147572037632	147571957760	79872	512	8.406328
21633762816	21633673728	89088	512	7.603223
156557716992	156557636096	80896	512	8.463470
97670267904	97670177792	90112	512	9.191471
126130045440	126129926144	119296	512	8.155707
104031378944	104031305728	73216	512	9.502029
104563059200	104562974208	84992	512	0.449735
48618659328	48618534400	124928	512	8.885165
158576873472	158576743936	129536	512	4.874122
97948562944	97948494336	68608	512	9.251670
95233501184	95233424896	76288	512	9.525810
9850484736	9850362368	122368	512	9.117401
30872706560	30872628736	77824	512	0.483617
68150891008	68150781952	109056	512	9.010596
113004381696	113004293632	88064	512	7.341577
33657967616	33657851904	115712	512	8.671118
118483947008	118483819008	128000	512	8.110622
125098708480	125098612224	96256	512	8.644281
78919993344	78919906304	87040	512	0.436422
6537252864	6537181696	71168	512	9.964322
112732790784	112732674048	116736	512	8.449699
158338542592	158338415104	127488	512	5.159579
149743331840	149743225344	106496	512	8.073322
599429120	599341056	88064	512	9.402932
127767753728	127767677440	76288	512	0.905128
63985675264	63985569792	105472	512	9.095751
139723820544	139723707904	112640	512	7.457203
26121555968	26121487872	68096	512	9.904846
42757949440	42757844480	104960	512	0.513658
45344787456	45344659456	128000	512	8.826541
11940475392	11940401664	73728	512	9.818602
121282654208	121282545664	108544	512	0.496026
80052928000	80052823552	104448	512	0.442377
10234826240	10234729472	96768	512	9.455893
91490548224	91490460672	87552	512	0.469005
51426644992	51426532864	112128	512	8.989689
37273433600	37273325568	108032	512	8.826261
9470480896	9470370816	110080	512	8.990749
102511690240	102511568896	121344	512	6.547913
105782605824	105782494720	111104	512	6.896503
150030560768	150030478336	82432	512	8.777658
44721027072	44720956928	70144	512	7.865830
119842540544	119842463232	77312	512	9.218977
20186471936	20186398720	73216	512	9.699860
107923064832	107922938880	125952	512	6.549582
68835794432	68835719680	74752	512	9.362844
22376084992	22375966720	118272	512	9.054344
22299502080	22299406336	95744	512	0.410741
155086087168	155086011904	75264	512	0.408931
62709720576	62709629440	91136	512	9.393233
43811718144	43811636736	81408	512	8.327128
87006531584	87006450176	81408	512	7.649930
154475332096	154475238912	93184	512	8.063831
40437370880	40437283840	87040	512	9.311048
32625529344	32625398784	130560	512	8.774235
78485232128	78485104128	128000	512	8.053355
150551527936	150551445504	82432	512	8.758242
5150145536	5150051328	94208	512	9.276915
1025425920	1025325056	100864	512	0.460768
98612733440	98612661760	71680	512	7.739999
46087889408	46087814144	75264	512	9.557143
152620968448	152620887552	80896	512	8.679353
3980136960	3980045312	91648	512	9.528740
1139323904	1139247104	76800	512	9.821990
82281751552	82281646592	104960	512	0.434041
55869052928	55868973056	79872	512	9.575756
42002736640	42002667008	69632	512	8.090140
25696330752	25696220672	110080	512	9.162615
2743838720	2743766528	72192	512	9.709497
155678287872	155678164992	122880	512	4.427925
152475580928	152475513344	67584	512	8.671111
98611516416	98611443200	73216	512	9.509082
96700730368	96700654080	76288	512	9.513431
6786226176	6786113536	112640	512	7.167841
30773882880	30773764096	118784	512	0.443421
148989707776	148989577728	130048	512	7.138886
93605392896	93605308928	83968	512	9.269291
30821231616	30821150208	81408	512	9.686534
21650900480	21650776064	124416	512	8.573582
95536790016	95536672768	117248	512	8.161615
139276024320	139275895808	128512	512	7.113797
105234300928	105234173440	127488	512	5.942460
103068647424	103068530176	117248	512	6.202421
127671143936	127671076864	67072	512	7.306508
33429595136	33429484544	110592	512	8.823334
36167284224	36167197184	87040	512	9.298151
123291843072	123291713024	130048	512	7.917297
70828819968	70828742144	77824	512	9.689881
66158317568	66158188032	129536	512	8.216232
9410571776	9410447360	124416	512	9.083729
40034629120	40034499072	130048	512	8.426452
44371320320	44371203584	116736	512	9.009136
80195746816	80195660288	86528	512	0.467557
18246198784	18246123520	75264	512	9.883564
133641441792	133641356800	84992	512	7.152342
76284344320	76284258304	86016	512	9.410637
19202255360	19202174976	80384	512	9.806670
119149043712	119148940288	103424	512	8.631897
132402041344	132401948672	92672	512	6.967115
51671077376	51670993920	83456	512	9.509649
148735752704	148735675392	77312	512	8.756569
117917948928	117917837824	111104	512	6.320520
71244526080	71244405760	120320	512	8.844564
124593819648	124593743360	76288	512	7.370851
137571338752	137571227648	111104	512	8.113735
86259759616	86259629568	130048	512	8.523293
136211567616	136211497472	70144	512	9.240194
12313226752	12313129472	97280	512	9.246843
137129057792	137128974848	82944	512	0.429719
88634128384	88633999872	128512	512	8.329689
143228081664	143227976192	105472	512	6.366444
29073492992	29073378816	114176	512	8.874050
14887055872	14886964224	91648	512	9.605478
59597576704	59597502976	73728	512	0.461632
113779555328	113779427328	128000	512	8.166241
124109000192	124108907008	93184	512	7.032692
40280221184	40280117760	103424	512	9.297922
34452192256	34452063744	128512	512	8.823599
114831180288	114831075328	104960	512	8.235339
108748091392	108748023296	68096	512	9.289443
108225863168	108225776640	86528	512	8.827989
81966792192	81966662144	130048	512	8.465418
63003691520	63003621888	69632	512	9.542256
1423152128	1423080448	71680	512	9.862529
114236773888	114236700160	73728	512	0.386547
93023912960	93023802368	110592	512	0.374773
143619846656	143619727360	119296	512	7.791680
117757204992	117757134848	70144	512	9.179850
150109450240	150109353472	96768	512	7.266896
96819710464	96819607552	102912	512	8.534530
41812745728	41812654592	91136	512	9.183964
113011057152	113010959872	97280	512	8.862923
11097443328	11097319424	123904	512	9.076621
29801345536	29801271296	74240	512	0.470363
51006966272	51006882816	83456	512	0.435454
29653240320	29653120512	119808	512	9.029159
128648964096	128648842752	121344	512	7.477663
111633464320	111633340928	123392	512	0.472999
48750901248	48750773248	128000	512	8.735168
94821094400	94820988928	105472	512	8.942898
1612269568	1612146176	123392	512	9.023590
108592997888	108592911872	86016	512	0.404630
120268908544	120268781056	127488	512	8.116713
102625288192	102625202176	86016	512	9.262653
92397668352	92397572608	95744	512	0.414466
16515977728	16515851776	125952	512	9.024717
49947334656	49947220480	114176	512	0.430029
114204823040	114204727808	95232	512	0.455148
1556064256	1555992064	72192	512	9.735728
95832924160	95832844288	79872	512	9.390164
5522762240	5522641408	120832	512	9.138362
153222241280	153222141440	99840	512	7.507448
149878852608	149878767616	84992	512	8.658830
62479953920	62479843328	110592	512	7.251189
90757791232	90757676032	115200	512	8.301174
48244149248	48244082176	67072	512	9.698938
18764984320	18764882944	101376	512	9.176468
96470384640	96470263808	120832	512	8.167275
119926502400	119926373376	129024	512	7.434135
8264351232	8264255488	95744	512	7.481148
141441431040	141441342464	88576	512	8.214687
63301972992	63301895168	77824	512	7.858979
138689489408	138689358336	131072	512	6.986667
66486071296	66485984256	87040	512	9.444522
77842693632	77842613760	79872	512	0.422067
23958390272	23958311424	78848	512	9.510782
128868311552	128868224512	87040	512	0.401649
22922044928	22921971200	73728	512	9.863677
70231868928	70231761408	107520	512	0.432221
157048880128	157048787968	92160	512	0.435034
88900484096	88900388352	95744	512	9.162171
65370086400	65369997824	88576	512	9.409666
99854373376	99854300160	73216	512	0.428231
87530165248	87530080768	84480	512	9.007589
149749807104	149749682176	124928	512	7.529555
129799967744	129799868416	99328	512	8.715121
141194501632	141194426368	75264	512	7.276707
134935792640	134935704064	88576	512	8.782531
53582001152	53581925376	75776	512	7.944563
121211669504	121211596800	72704	512	0.453797
93201910272	93201828864	81408	512	9.402560
26241459712	26241388032	71680	512	9.895217
54366335488	54366223360	112128	512	8.953695
8717584384	8717477376	107008	512	9.069433
49786190336	49786066432	123904	512	7.158376
154397048832	154396981760	67072	512	6.857247
120362824192	120362753536	70656	512	7.628331
153020589056	153020485120	103936	512	6.189458
147559533056	147559428608	104448	512	8.019708
87007010304	87006903296	107008	512	7.172001
44457260032	44457145344	114688	512	7.297716
130565726208	130565629440	96768	512	6.863230
90140122112	90140000768	121344	512	8.555028
7287282688	7287189504	93184	512	9.343935
130320356864	130320276480	80384	512	0.336058
125680001024	125679883264	117760	512	8.089974
51641880576	51641803776	76800	512	9.627262
50966215680	50966091264	124416	512	8.744789
55999183360	55999117312	66048	512	7.865469
46658043904	46657975296	68608	512	9.906526
50425456128	50425387520	68608	512	0.461998
32949952000	32949850624	101376	512	9.344502
20632428544	20632324096	104448	512	9.340223
149570634240	149570521088	113152	512	7.153973
158769855488	158769725952	129536	512	5.114825
57406210048	57406086656	123392	512	8.824083
122020268032	122020170240	97792	512	8.653194
137001616896	137001528832	88064	512	8.700236
6217880576	6217784832	95744	512	9.530590
87363355648	87363263488	92160	512	0.476388
138536300544	138536222208	78336	512	6.841312
136923360256	136923269632	90624	512	6.501838
35904163328	35904097280	66048	512	8.192172
38856796672	38856691712	104960	512	8.951600
4379507200	4379427840	79360	512	9.805931
125056487936	125056398848	89088	512	7.182778
143779145728	143779073024	72704	512	8.980984
128841077248	128840947200	130048	512	6.159547
123392697856	123392630784	67072	512	9.500873
139739453952	139739337728	116224	512	7.289222
51373761536	51373678592	82944	512	9.305976
99549879296	99549810688	68608	512	0.507850
25237214208	25237138944	75264	512	9.782871
84135158784	84135086080	72704	512	9.626239
85453070848	85452941312	129536	512	8.567627
32147596800	32147512320	84480	512	9.574954
117725864448	117725793792	70656	512	9.169949
8531841024	8531717632	123392	512	7.243585
3921338880	3921224192	114688	512	8.917640
87103713792	87103634432	79360	512	0.437254
59949068800	59948982784	86016	512	7.692620
27822365696	27822261760	103936	512	9.361860
151282500608	151282429952	70656	512	6.757614
13116751360	13116664832	86528	512	9.584999
143103198208	143103109120	89088	512	6.798701
47460854272	47460741120	113152	512	9.019150
84526515712	84526419968	95744	512	0.433330
121105042944	121104970240	72704	512	0.381511
19814709248	19814597632	111616	512	9.175742
153130990080	153130872832	117248	512	7.585748
37450983936	37450891776	92160	512	9.488520
126570061312	126569990656	70656	512	0.370784
52841565184	52841443328	121856	512	8.423835
133099932160	133099847680	84480	512	8.891986
106417680384	106417588736	91648	512	7.129496
25105772544	25105658880	113664	512	8.845961
16739787264	16739700224	87040	512	9.581915
11262787072	11262674432	112640	512	9.257760
130790200832	130790072832	128000	512	6.134416
69759181824	69759079424	102400	512	9.166354
150737443328	150737338880	104448	512	0.480272
32015708672	32015605248	103424	512	9.330386
39252188672	39252086272	102400	512	0.698335
94380423168	94380352512	70656	512	0.427597
151598093312	151598016512	76800	512	7.007575
112450217984	112450127872	90112	512	8.992263
1619871744	1619758080	113664	512	9.170661
53315415552	53315298816	116736	512	8.856927
26450587136	26450485248	101888	512	7.568239
149932588544	149932483584	104960	512	7.890775
61295973376	61295845376	128000	512	8.735417
40072103424	40072027648	75776	512	9.727783
84279740928	84279659520	81408	512	0.421593
59839067648	59838952448	115200	512	8.612522
40555176448	40555062784	113664	512	9.111230
35448946688	35448834048	112640	512	7.409556
19663464448	19663350272	114176	512	9.246177
15817306624	15817218560	88064	512	9.671185
9049534464	9049431552	102912	512	9.351869
55930903040	55930774528	128512	512	0.409834
70520629248	70520527872	101376	512	0.434399
116530990080	116530867712	122368	512	7.720607
103148544000	103148414976	129024	512	8.277151
143427737600	143427646976	90624	512	6.333323
12169709568	12169633792	75776	512	9.801629
4434078208	4433958912	119296	512	8.867043
2891543040	2891450368	92672	512	7.816030
103809840640	103809743360	97280	512	8.527684
124892146176	124892076032	70144	512	9.375784
61251676160	61251564544	111616	512	9.028481
92705686528	92705593344	93184	512	8.847104
38492976128	38492859904	116224	512	7.230575
83596291584	83596174336	117248	512	8.345657
101884930048	101884863488	66560	512	7.927122
40141912064	40141814784	97280	512	9.383067
146123257344	146123143168	114176	512	7.849639
146383508480	146383389184	119296	512	7.715729
129361840640	129361757696	82944	512	8.949507
95561248768	95561176064	72704	512	9.576471
104850642944	104850519040	123904	512	7.869477
153109273088	153109164544	108544	512	7.181559
151771598336	151771470848	127488	512	5.276630
32788252160	32788135424	116736	512	8.633313
33476189184	33476076032	113152	512	0.402700
151591895552	151591777792	117760	512	5.769354
50066362880	50066260992	101888	512	8.951905
7071432704	7071366144	66560	512	9.847362
90719371776	90719258112	113664	512	8.700301
131102403584	131102288896	114688	512	7.578502
21176219648	21176115200	104448	512	7.275039
72465906176	72465820672	85504	512	0.427780
1197369344	1197275648	93696	512	9.613947
132304369664	132304303616	66048	512	9.382071
143019687936	143019585024	102912	512	6.484734
81598658048	81598582272	75776	512	9.549522
88647995392	88647909376	86016	512	0.484204
44241175552	44241105408	70144	512	0.451330
116359080448	116358951424	129024	512	7.555177
89969652736	89969583616	69120	512	9.633322
63723411968	63723289600	122368	512	8.760652
140131996160	140131901952	94208	512	8.048183
158137488384	158137402880	85504	512	6.365115
57462411776	57462312448	99328	512	9.247180
17457841664	17457736192	105472	512	9.260007
100056867328	100056761344	105984	512	7.099471
16185155584	16185084928	70656	512	9.762546
24751641600	24751573504	68096	512	0.424379
144935031296	144934963712	67584	512	7.362062
77683266560	77683194880	71680	512	8.964778
5477805568	5477689344	116224	512	9.111783
76330038784	76329966080	72704	512	0.507958
107443953664	107443846656	107008	512	0.445485
118652134912	118652044288	90624	512	7.152212
80685374464	80685249536	124928	512	8.693945
49984059392	49983977984	81408	512	9.672485
88887652352	88887526912	125440	512	8.008666
57861397504	57861267456	130048	512	8.594267
26678644224	26678515200	129024	512	8.955354
86065831424	86065705472	125952	512	8.572451
119296393728	119296303104	90624	512	7.202704
28210171904	28210081280	90624	512	7.754133
83204202496	83204106240	96256	512	8.816020
122071917568	122071808000	109568	512	7.998797
125798585856	125798485504	100352	512	8.640739
150545508352	150545436672	71680	512	9.027653
125545321472	125545197568	123904	512	6.171411
150142364672	150142235648	129024	512	5.654935
37642643968	37642522112	121856	512	7.213757
84592918528	84592813056	105472	512	6.780081
158165649408	158165534720	114688	512	6.530854
18027361792	18027274752	87040	512	9.447043
84667400192	84667277312	122880	512	8.678240
99967015936	99966922240	93696	512	8.718812
111393127936	111393027072	100864	512	8.405185
107863457792	107863376384	81408	512	8.969685
7874352640	7874283008	69632	512	9.893704
112503838208	112503768576	69632	512	7.743302
1927788544	1927673344	115200	512	9.206121
128135704064	128135624704	79360	512	8.821955
2951147520	2951020544	126976	512	8.646124
55144674304	55144543744	130560	512	8.254921
136169107456	136168982016	125440	512	7.154953
53331983360	53331869696	113664	512	8.922234
101380499968	101380368896	131072	512	8.221870
98361979392	98361865728	113664	512	8.671720
69981596672	69981498368	98304	512	7.407445
123737672192	123737585664	86528	512	9.056815
47484511744	47484398080	113664	512	7.238287
67393131520	67393014272	117248	512	8.500491
3275098112	3275031552	66560	512	8.171031
53791824896	53791729152	95744	512	0.441708
69062288384	69062179840	108544	512	8.614406
129920365568	129920258048	107520	512	8.374071
144369870336	144369741824	128512	512	5.654096
65868901888	65868793344	108544	512	9.104961
154620289536	154620207104	82432	512	7.799882
134676183040	134676064768	118272	512	5.698899
158775019008	158774898176	120832	512	7.187340
50905858560	50905766400	92160	512	9.150360
52598030848	52597962752	68096	512	0.457443
105160957440	105160841216	116224	512	8.427771
43698751488	43698675712	75776	512	9.700038
93021329408	93021249536	79872	512	9.444367
79211602944	79211504640	98304	512	9.117812
3170436096	3170367488	68608	512	9.985092
109085264384	109085172736	91648	512	8.712455
80301313536	80301209600	103936	512	7.270002
114382637056	114382561792	75264	512	7.610074
126657227776	126657153536	74240	512	9.303186
157098544640	157098474496	70144	512	8.278729
18725431296	18725365248	66048	512	0.425127
65445121024	65445024256	96768	512	9.280945
154733335552	154733235712	99840	512	7.674300
32664310784	32664200704	110080	512	0.436907
54746571264	54746441216	130048	512	6.526721
158544327680	158544197632	130048	512	6.857952
124625076224	124624963584	112640	512	8.240903
38182788096	38182675456	112640	512	8.816690
7912881664	7912814592	67072	512	0.419508
19875200000	19875122688	77312	512	8.073386
89902869504	89902789632	79872	512	0.413851
23107683328	23107572736	110592	512	7.401171
19655506432	19655400448	105984	512	9.392967
140826321920	140826220544	101376	512	8.201391
153364453888	153364354048	99840	512	7.550544
94671752704	94671681536	71168	512	13.955790
74261796864	74261713920	82944	512	9.459966
79159324672	79159219712	104960	512	0.422424
56150386688	56150311936	74752	512	0.413050
150524762624	150524669440	93184	512	7.862086
20322998272	20322902016	96256	512	9.457825
47316958208	47316837376	120832	512	7.206676
5054700032	5054597632	102400	512	9.371456
157562291712	157562214400	77312	512	8.160088
10262239744	10262126080	113664	512	9.163144
4399696384	4399581184	115200	512	8.900793
32753798144	32753713152	84992	512	0.433026
152225109504	152224986624	122880	512	7.362572
51927293440	51927191552	101888	512	9.246158
121636100608	121635978752	121856	512	6.428693
126727225344	126727105536	119808	512	5.773421
53558543872	53558477824	66048	512	9.891098
154980893184	154980799488	93696	512	7.343166
125516868096	125516760576	107520	512	8.486121
52833711104	52833601536	109568	512	6.905762
88095733760	88095664128	69632	512	0.442589
116543604736	116543482880	121856	512	7.739041
87192640512	87192535552	104960	512	7.199766
134672182272	134672095744	86528	512	6.694969
131385747968	131385646080	101888	512	7.153959
116020219904	116020131328	88576	512	6.912804
72130244608	72130163200	81408	512	7.766797
142570611712	142570528256	83456	512	8.402711
155045256704	155045127168	129536	512	6.873737
128855726080	128855634432	91648	512	8.857784
75531806208	75531736064	70144	512	9.742113
124150382080	124150313984	68096	512	9.443069
123372639744	123372519424	120320	512	7.661544
37609112064	37609013760	98304	512	9.361990
21418097664	21417994240	103424	512	9.073603
90885003264	90884931072	72192	512	7.776919
143767718912	143767612928	105984	512	8.162473
120605117952	120605042176	75776	512	7.539383
143262258688	143262175744	82944	512	6.611029
3455596032	3455466496	129536	512	8.655380
159335630336	159335510016	120320	512	6.860806
43709422592	43709299712	122880	512	8.934334
68658818560	68658711040	107520	512	8.661506
67382522880	67382446592	76288	512	9.389186
94550351872	94550221824	130048	512	7.853358
63645830144	63645754880	75264	512	7.632290
89798953472	89798875648	77824	512	0.429574
157778572288	157778497024	75264	512	8.508694
109407779840	109407677440	102400	512	8.770129
123813862400	123813765632	96768	512	8.740827
2840242176	2840148992	93184	512	9.495307
90948785152	90948690432	94720	512	0.403316
16369867264	16369796608	70656	512	9.790606
38711528960	38711439360	89600	512	0.420177
58862052864	58861932032	120832	512	8.798617
46928132096	46928030720	101376	512	8.964701
56853395968	56853328896	67072	512	0.995665
104917320192	104917234688	85504	512	0.388246
82567824896	82567697920	126976	512	8.525562
112655342592	112655214592	128000	512	6.449493
112121379328	112121254912	124416	512	8.294725
111623468544	111623350272	118272	512	8.419674
127660598784	127660518912	79872	512	8.740697
16848142848	16848066048	76800	512	9.666838
125346438144	125346359296	78848	512	9.154929
41119632384	41119543296	89088	512	7.453781
75815283200	75815205888	77312	512	9.335741
114674567168	114674456064	111104	512	6.286437
60237373440	60237278720	94720	512	9.022890
120328594432	120328497664	96768	512	8.761798
85374307840	85374221312	86528	512	7.269621
63439303168	63439236096	67072	512	9.607682
114678350848	114678277632	73216	512	0.496874
97636359680	97636252160	107520	512	7.076082
122916557824	122916483072	74752	512	0.430489
66799254528	66799145984	108544	512	8.657652
100018056192	100017943552	112640	512	6.947518
152566807040	152566717440	89600	512	6.076517
94758444032	94758368768	75264	512	9.248740
25703991296	25703919616	71680	512	9.856583
73254622208	73254507520	114688	512	8.953656
110650455552	110650380288	75264	512	9.360651
10062021632	10061901312	120320	512	7.376339
8389825536	8389704704	120832	512	9.152416
102478691840	102478579200	112640	512	6.780181
65583354880	65583257088	97792	512	9.287150
63749336576	63749224960	111616	512	0.403785
63543837696	63543746048	91648	512	0.430356
88701274112	88701200896	73216	512	0.430554
11928318976	11928195584	123392	512	8.967909
40465619456	40465537024	82432	512	0.392277
151691981824	151691899392	82432	512	8.109066
129775031808	129774937088	94720	512	8.669110
58474877952	58474757632	120320	512	8.903288
26143721472	26143591424	130048	512	7.069808
95284372992	95284246528	126464	512	0.423985
21936038912	21935960064	78848	512	9.735560
90239391744	90239270912	120832	512	8.650190
136569026048	136568934400	91648	512	8.627114
44085999616	44085874688	124928	512	8.444949
92747796992	92747672576	124416	512	8.576968
120217984000	120217891328	92672	512	6.646842
78157129728	78156998656	131072	512	8.550563
142648765952	142648655360	110592	512	6.171944
34929820672	34929754112	66560	512	9.945341
41945554944	41945487360	67584	512	8.153401
60186933760	60186850304	83456	512	9.535751
74115351552	74115235328	116224	512	8.821149
20156339712	20156269568	70144	512	9.960554
43692271616	43692192256	79360	512	0.454551
147669355520	147669241856	113664	512	7.650263
69639060480	69638950912	109568	512	9.022809
56327219712	56327117312	102400	512	9.133082
53226737664	53226642432	95232	512	7.549366
86694486528	86694363648	122880	512	0.429253
135957165568	135957043200	122368	512	7.779210
7302807552	7302678016	129536	512	6.868430
107839715840	107839634432	81408	512	8.982069
84802246656	84802168320	78336	512	9.223891
36276932608	36276809728	122880	512	9.006792
9535395840	9535276032	119808	512	9.082300
103234676224	103234604544	71680	512	9.227510
71653634048	71653555712	78336	512	9.620876
11118586880	11118508544	78336	512	7.813978
145019539456	145019433984	105472	512	8.183332
124392976896	124392879104	97792	512	6.959372
34632395264	34632304640	90624	512	9.476925
148443294208	148443208192	86016	512	8.539244
69877205504	69877085696	119808	512	8.410458
72860541440	72860412928	128512	512	8.709258
76682028032	76681946112	81920	512	0.410317
27855137280	27855023104	114176	512	7.416198
72346977792	72346848768	129024	512	6.392496
51034100224	51033970688	129536	512	8.686767
140316950528	140316865536	84992	512	8.766117
157543139840	157543010304	129536	512	4.874156
132916339712	132916238336	101376	512	8.448324
53125472768	53125403648	69120	512	8.013912
3786546688	3786479104	67584	512	9.977950
27121953792	27121854464	99328	512	0.432949
91713036800	91712967680	69120	512	0.489103
51341841920	51341731328	110592	512	8.694137
25640230400	25640103424	126976	512	7.114917
78004416512	78004294144	122368	512	8.604941
151558570496	151558439936	130560	512	6.403967
121053243904	121053153792	90112	512	6.712495
71715962368	71715862016	100352	512	9.171508
79257032192	79256932864	99328	512	8.827975
152800592896	152800470528	122368	512	7.251296
98245959680	98245853696	105984	512	7.002677
31875555840	31875469824	86016	512	9.332954
95058836480	95058706944	129536	512	8.319114
81772217856	81772141056	76800	512	9.548864
70965909504	70965783552	125952	512	8.691150
68818503168	68818387456	115712	512	8.882596
46759986176	46759871488	114688	512	7.214439
42141731840	42141639680	92160	512	9.480498
62982172672	62982055936	116736	512	0.446868
17826048512	17825956352	92160	512	9.347534
103358041600	103357955072	86528	512	7.329685
70130455040	70130384896	70144	512	9.762986
34177256448	34177145344	111104	512	9.118035
104155034112	104154920960	113152	512	8.138588
115068246528	115068167680	78848	512	7.488163
49651776000	49651666432	109568	512	9.116366
34738194432	34738118144	76288	512	9.802568
64003086848	64003006464	80384	512	0.414583
35656132096	35656008192	123904	512	8.947634
75040113152	75040001536	111616	512	8.559052
147812828672	147812717568	111104	512	6.069670
159038817280	159038725120	92160	512	7.641930
65081897984	65081774592	123392	512	6.543958
114132864512	114132755456	109056	512	0.417626
49869153280	49869036544	116736	512	7.183277
112887894016	112887777792	116224	512	6.651892
46416176128	46416065536	110592	512	9.155257
102132963840	102132894720	69120	512	0.425939
3594241024	3594115072	125952	512	7.256347
30320679936	30320560640	119296	512	7.244641
112838055424	112837937664	117760	512	8.401959
45082052096	45081961472	90624	512	9.540366
46536214016	46536108032	105984	512	0.448260
34355005952	34354937344	68608	512	9.677363
148586760192	148586648064	112128	512	5.899840
67311531520	67311456768	74752	512	9.659442
26353707520	26353617408	90112	512	9.543753
37433752064	37433623552	128512	512	8.933640
26274896896	26274770432	126464	512	8.613239
79278884352	79278764544	119808	512	8.243844
128119574528	128119463936	110592	512	8.275806
23825533952	23825465344	68608	512	9.920997
15849296384	15849168384	128000	512	7.254627
27555198976	27555071488	127488	512	7.148973
141662131712	141662062592	69120	512	0.447743
28015500800	28015381504	119296	512	9.038094
105314822656	105314738176	84480	512	9.190709
131883486208	131883355136	131072	512	7.201856
81976024576	81975895040	129536	512	6.707452
44668621312	44668504576	116736	512	9.065389
18085855744	18085762048	93696	512	7.551997
102564725248	102564628480	96768	512	6.766002
39744817152	39744688640	128512	512	7.119358
19988719616	19988626944	92672	512	9.361958
144593083392	144592960512	122880	512	7.691170
97852962816	97852838912	123904	512	8.489791
81516040704	81515942400	98304	512	7.425322
34025570304	34025489408	80896	512	9.694863
65337309184	65337234944	74240	512	0.456277
104512950272	104512836096	114176	512	0.430000
60341886464	60341814784	71680	512	9.618467
93646879232	93646765568	113664	512	6.534592
156650149376	156650038272	111104	512	6.611505
25734294016	25734194688	99328	512	9.445997
27278863360	27278781952	81408	512	0.352914
143064847360	143064754688	92672	512	0.358931
70354375680	70354306048	69632	512	0.400249
10217424384	10217311232	113152	512	9.176881
772045824	771950592	95232	512	9.533654
12182892544	12182776320	116224	512	9.090495
140430078976	140429965312	113664	512	7.296502
113817436672	113817314304	122368	512	7.870783
29313273344	29313193472	79872	512	9.511991
114602249216	114602162688	86528	512	9.063466
147670595072	147670515200	79872	512	8.160924
159284756480	159284661760	94720	512	5.242969
157663862784	157663794688	68096	512	6.991966
147654020096	147653918720	101376	512	7.985845
84434868736	84434737664	131072	512	8.021534
56796831744	56796704256	127488	512	8.704437
87147541504	87147448832	92672	512	8.943280
4185361408	4185233408	128000	512	8.672608
76669189632	76669085184	104448	512	8.738852
31057657856	31057534464	123392	512	9.051958
87850166784	87850045440	121344	512	0.439675
4348751360	4348682752	68608	512	9.995095
102120522752	102120424448	98304	512	0.445074
34876146688	34876032000	114688	512	9.052173
123087675392	123087554560	120832	512	8.209013
115387019776	115386933760	86016	512	9.164404
12620893184	12620814336	78848	512	9.834133
124612544512	124612475904	68608	512	0.425836
61411538944	61411415040	123904	512	8.769304
154840364544	154840281600	82944	512	8.275017
70982850048	70982770176	79872	512	9.589736
137871298048	137871214080	83968	512	8.874406
116645089792	116644991488	98304	512	8.795242
41082788864	41082696704	92160	512	9.480943
137073377280	137073309184	68096	512	0.332108
93138277376	93138149888	127488	512	8.535547
38514716160	38514640384	75776	512	9.768963
153690063872	153689984000	79872	512	8.606297
155330571264	155330494976	76288	512	6.257978
18843303424	18843202560	100864	512	7.542308
63087291392	63087201280	90112	512	7.602519
12480876032	12480796160	79872	512	9.801566
109239302656	109239230464	72192	512	9.485985
91900585984	91900483584	102400	512	8.590629
8289176064	8289068032	108032	512	0.403682
117481854976	117481730560	124416	512	6.464604
105392531968	105392443904	88064	512	7.020732
44657816064	44657716224	99840	512	7.623993
48989121024	48989023744	97280	512	9.306005
107220510208	107220395008	115200	512	8.602642
152803998208	152803907072	91136	512	8.192874
18838880256	18838754816	125440	512	8.940776
71960751104	71960661504	89600	512	0.404416
121215669248	121215584256	84992	512	8.701109
73505221632	73505107456	114176	512	8.872920
52835732992	52835652096	80896	512	7.579947
13818572288	13818453504	118784	512	7.317876
10209501696	10209434624	67072	512	9.921835
40341569536	40341445120	124416	512	8.900689
124685213184	124685083136	130048	512	7.227408
54430864384	54430778368	86016	512	9.511829
142801785856	142801692160	93696	512	8.452749
68776089088	68775999488	89600	512	9.409182
52173524992	52173415424	109568	512	6.905182
123037161984	123037071872	90112	512	8.513389
135060391424	135060324864	66560	512	9.352416
76621614080	76621506560	107520	512	8.998462
138325844992	138325727744	117248	512	7.988214
111568723968	111568626688	97280	512	8.556849
45580220928	45580136448	84480	512	7.843043
106121405440	106121325568	79872	512	7.601677
33726666752	33726546432	120320	512	8.950422
152186366464	152186290688	75776	512	8.383739
59456073728	59455960064	113664	512	8.962260
106732109312	106732003840	105472	512	8.686519
103977332224	103977246208	86016	512	8.820020
126390842368	126390718976	123392	512	5.631331
96027747840	96027625472	122368	512	6.701793
102293199360	102293113856	85504	512	9.220803
127318943232	127318830080	113152	512	8.237098
93886357504	93886280704	76800	512	9.512129
114776129024	114776051200	77824	512	9.298153
154912175616	154912057344	118272	512	7.265836
129056415744	129056313344	102400	512	6.695511
5958290944	5958192128	98816	512	9.423548
83408820224	83408742912	77312	512	9.246262
47818741248	47818635776	105472	512	8.851310
53326084608	53325997056	87552	512	0.429115
127838321664	127838229504	92160	512	8.377105
47702193152	47702104064	89088	512	7.712922
89091003392	89090923008	80384	512	0.434849
68264736256	68264634880	101376	512	9.135024
116368936448	116368847360	89088	512	6.901515
35189387264	35189307392	79872	512	9.715276
94287623680	94287548928	74752	512	0.426400
132913722368	132913612288	110080	512	0.418921
124600213504	124600090624	122880	512	7.991381
145882099200	145882016768	82432	512	6.904960
159965034496	159964912128	122368	512	6.798529
28773585408	28773503488	81920	512	9.708680
138232402432	138232307712	94720	512	8.542095
81602809344	81602679808	129536	512	8.498009
56835325440	56835200512	124928	512	8.757140
17299870720	17299756032	114688	512	7.465206
153643526144	153643423744	102400	512	0.440693
124097114112	124096990720	123392	512	8.165589
47235727872	47235613696	114176	512	7.235605
18019833344	18019722752	110592	512	9.306532
72174427648	72174312960	114688	512	0.467556
43634938880	43634842624	96256	512	9.105771
27882572288	27882448384	123904	512	0.419247
66171181568	66171080192	101376	512	0.444167
137624294912	137624197632	97280	512	8.316980
62142027776	62141946880	80896	512	9.572406
151800189440	151800068608	120832	512	6.729042
5111406080	5111285248	120832	512	6.994789
127943618560	127943534592	83968	512	8.987009
2784984576	2784873984	110592	512	9.218965
25680748032	25680675840	72192	512	0.408873
53931475968	53931405824	70144	512	0.429601
34135771648	34135664640	107008	512	8.895254
137210405888	137210319872	86016	512	8.426080
74502834176	74502757376	76800	512	9.628267
45989047808	45988934656	113152	512	9.123741
99444615168	99444547072	68096	512	7.588167
36361833984	36361727488	106496	512	9.280849
109895038464	109894937600	100864	512	8.866447
152152872448	152152785920	86528	512	8.336966
10427401728	10427270656	131072	512	8.722707
1672681472	1672607744	73728	512	9.900025
55711884800	55711772160	112640	512	9.026249
91741905408	91741817344	88064	512	8.871640
13606200320	13606133248	67072	512	9.937922
25623135232	25623050240	84992	512	0.351784
156804347392	156804268032	79360	512	0.359194
133153451520	133153366528	84992	512	8.502649
117098604032	117098499072	104960	512	8.699596
83087659520	83087550976	108544	512	7.161680
95207368704	95207270400	98304	512	9.080058
123788319744	123788209664	110080	512	8.393891
126547904512	126547823616	80896	512	8.730018
118299443200	118299332096	111104	512	8.490497
144838253056	144838180864	72192	512	8.738138
20846128128	20845997056	131072	512	8.877555
109597101056	109597007872	93184	512	8.959161
90011996160	90011870720	125440	512	6.243099
4246278144	4246179328	98816	512	9.425794
51419143680	51419028992	114688	512	7.150593
78302147072	78302037504	109568	512	8.979784
41932136960	41932018176	118784	512	7.281459
96058983936	96058904064	79872	512	9.119351
97466281984	97466188288	93696	512	9.215600
36099144192	36099047424	96768	512	7.616900
159976789504	159976665088	124416	512	4.972564
157333765632	157333651456	114176	512	4.744902
100713587712	100713486848	100864	512	8.548419
60993061376	60992973824	87552	512	9.437816
16014551552	16014442496	109056	512	7.406735
129145894400	129145791488	102912	512	6.804090
103495031296	103494927360	103936	512	8.759268
158435183616	158435068928	114688	512	7.360951
136377016832	136376911360	105472	512	8.333092
110179529216	110179450368	78848	512	8.985635
141430100480	141430030848	69632	512	8.848509
125065099264	125065018880	80384	512	9.100247
50357197312	50357115904	81408	512	9.543527
28527906304	28527831552	74752	512	9.864777
70549400064	70549303808	96256	512	0.356986
92305310720	92305228288	82432	512	0.478230
137966531072	137966462464	68608	512	8.954407
134542715904	134542592512	123392	512	7.973569
45653140480	45653054976	85504	512	9.344254
70964171264	70964083200	88064	512	0.420096
127880998400	127880897536	100864	512	6.857747
154036496896	154036369920	126976	512	7.276987
155591065600	155590994944	70656	512	8.329490
2794430976	2794300928	130048	512	9.025286
66528938496	66528858624	79872	512	0.416711
5573905408	5573787648	117760	512	9.177457
116514331648	116514248192	83456	512	0.359966
126194275328	126194164736	110592	512	8.310838
117855848448	117855745536	102912	512	8.655790
59283443200	59283314688	128512	512	8.665557
105893731328	105893639168	92160	512	6.784078
151821846528	151821719040	127488	512	4.857876
10230269952	10230197248	72704	512	9.895370
98762338816	98762211840	126976	512	8.425166
109115169792	109115040256	129536	512	5.789810
60629048320	60628965888	82432	512	9.660437
67791071232	67790984192	87040	512	0.426183
93673182720	93673102848	79872	512	0.450247
63818808832	63818712576	96256	512	7.175744
95988052480	95987978752	73728	512	0.400141
146566097408	146565984256	113152	512	7.880082
99651542528	99651457024	85504	512	9.259189
140488622080	140488530432	91648	512	6.818086
75070794240	75070725120	69120	512	9.789249
22618451456	22618333184	118272	512	9.080322
141249701376	141249590272	111104	512	6.182216
152650646528	152650564096	82432	512	8.497283
803611136	803510272	100864	512	9.285961
110080783360	110080713216	70144	512	0.481972
2627825664	2627701248	124416	512	9.010837
127674493952	127674392064	101888	512	6.319070
90445995008	90445924352	70656	512	9.678418
40357698048	40357631488	66560	512	9.976356
147929340416	147929248768	91648	512	8.195156
149128598016	149128481792	116224	512	7.581640
91088156672	91088079872	76800	512	8.100118
114016216064	114016141312	74752	512	0.436466
92673435648	92673323520	112128	512	8.257313
151924816896	151924723200	93696	512	6.022595
62942172672	62942085632	87040	512	9.445485
49091546112	49091418112	128000	512	7.092215
27741410816	27741323264	87552	512	9.550940
149847811584	149847745024	66560	512	0.361997
136525452800	136525384704	68096	512	9.355747
31976888320	31976761344	126976	512	8.779898
26933618176	26933502976	115200	512	9.171606
79763255808	79763188224	67584	512	0.493074
17568921088	17568802816	118272	512	8.884579
147383281152	147383175680	105472	512	7.986727
153751156224	153751058432	97792	512	5.792072
80845209600	80845079552	130048	512	6.251418
1304369152	1304294912	74240	512	9.704804
35832427520	35832331264	96256	512	0.438985
14672095744	14672028160	67584	512	0.445712
152525148160	152525058560	89600	512	6.466137
68258724864	68258626048	98816	512	5.142961
1090569216	1090438144	131072	512	6.834814
12259540480	12259417600	122880	512	7.304892
153088802816	153088692736	110080	512	7.090157
51915620352	51915525632	94720	512	7.697137
44218659840	44218547200	112640	512	9.128474
81210168320	81210067968	100352	512	7.306271
38709039616	38708946432	93184	512	9.435941
12641617920	12641523712	94208	512	9.495118
84144924672	84144851456	73216	512	0.399102
112962103808	112962006016	97792	512	8.479866
111727560192	111727488000	72192	512	9.167177
60086153216	60086022656	130560	512	13.802047
12455001088	12454889984	111104	512	0.449354
119343391744	119343309312	82432	512	0.435495
27260271616	27260192256	79360	512	9.566328
110100240384	110100135936	104448	512	6.901152
78786736640	78786608640	128000	512	8.507717
36639489536	36639402496	87040	512	9.323054
108192698880	108192616960	81920	512	9.228649
25907520512	25907405312	115200	512	9.009700
159613626880	159613535232	91648	512	7.163063
11936373248	11936294400	78848	512	9.790973
138735225344	138735112704	112640	512	6.354347
57759535104	57759405568	129536	512	6.865562
116139024896	116138925056	99840	512	0.424215
110976701952	110976610816	91136	512	9.022154
70626075648	70626001920	73728	512	0.481388
88230379008	88230263808	115200	512	6.865579
79900007424	79899887616	119808	512	8.845379
119076451840	119076361216	90624	512	8.586484
153158106624	153157978112	128512	512	7.231552
50286571008	50286467072	103936	512	8.809605
110701205504	110701086208	119296	512	7.891730
6920033792	6919923712	110080	512	9.242381
152540601344	152540488192	113152	512	5.698697
138088504832	138088375296	129536	512	7.053862
11471009280	11470879232	130048	512	8.883291
123552159744	123552042496	117248	512	7.766671
12852623872	12852497920	125952	512	9.020199
127965016576	127964923392	93184	512	8.752793
1855673856	1855553536	120320	512	7.265837
87253261312	87253182464	78848	512	0.419065
144923703808	144923634688	69120	512	9.135574
90599720448	90599626752	93696	512	8.780046
77689476608	77689353728	122880	512	6.484503
140126461952	140126368768	93184	512	8.408664
12135520768	12135415296	105472	512	9.262074
124206889472	124206792192	97280	512	0.434794
63033038848	63032934912	103936	512	8.756801
115103286784	115103159296	127488	512	6.454670
114474638336	114474566144	72192	512	9.406764
38555202048	38555129856	72192	512	9.822258
20550875648	20550778368	97280	512	9.418259
44829281792	44829198336	83456	512	0.451888
71971495936	71971428352	67584	512	0.440816
105610660352	105610544128	116224	512	8.569884
87819911168	87819841536	69632	512	7.901440
112139302912	112139177472	125440	512	8.241389
23709124096	23709000704	123392	512	8.639577
149878948864	149878882816	66048	512	0.462522
965346816	965227520	119296	512	9.217048
145373233664	145373144576	89088	512	6.331140
79797988864	79797912064	76800	512	9.553528
50195423232	50195338240	84992	512	0.489793
60661640704	60661558272	82432	512	0.427713
38053260800	38053187584	73216	512	9.811258
12297876992	12297785856	91136	512	9.349263
125438508032	125438433792	74240	512	8.898536
151617878016	151617754624	123392	512	7.406700
149743180800	149743071232	109568	512	7.936464
103054295040	103054226432	68608	512	9.611626
17695857664	17695789568	68096	512	9.947741
105261605376	105261527552	77824	512	9.380488
118213356544	118213255680	100864	512	8.653434
149145267200	149145160704	106496	512	5.612953
3057818624	3057720832	97792	512	9.460459
151912812032	151912702464	109568	512	7.590665
95048137728	95048058368	79360	512	9.483158
112347724288	112347616768	107520	512	8.598692
157572717568	157572651520	66048	512	8.451009
66720521216	66720400384	120832	512	8.860720
4719619584	4719541760	77824	512	8.021258
56900134912	56900030976	103936	512	9.162565
99578871808	99578801664	70144	512	0.401865
146284784640	146284706816	77824	512	7.033276
113181843968	113181714432	129536	512	8.203421
88648095744	88647967232	128512	512	7.955955
82006107136	82006028288	78848	512	9.513105
44437748736	44437668864	79872	512	9.718338
98677291008	98677221376	69632	512	7.564929
101814020608	101813937152	83456	512	8.949435
116030409216	116030285824	123392	512	5.909272
16702984192	16702889984	94208	512	9.465992
92584742400	92584613888	128512	512	8.486099
37034048512	37033981952	66560	512	0.413140
80295440896	80295334400	106496	512	0.448058
102557172736	102557085696	87040	512	6.996920
58335725056	58335648256	76800	512	9.474904
144235450880	144235340288	110592	512	7.946157
133891087360	133890961408	125952	512	7.217462
83786356736	83786264576	92160	512	7.444018
133105696768	133105619456	77312	512	0.420292
120385021952	120384904704	117248	512	7.740212
1164797440	1164713984	83456	512	9.698877
89061347328	89061271040	76288	512	9.238227
3022511104	3022412800	98304	512	9.474449
20005683200	20005563392	119808	512	0.426508
41852088832	41852011520	77312	512	0.830392
109269518336	109269446144	72192	512	0.443069
84677621760	84677515264	106496	512	8.985479
24756664320	24756579328	84992	512	9.635441
155675418624	155675343360	75264	512	0.432200
85485183488	85485070848	112640	512	8.873360
155473262080	155473192960	69120	512	8.323821
139225961472	139225850368	111104	512	6.287445
144235228672	144235119104	109568	512	13.097777
4523441664	4523341824	99840	512	9.532706
58305394176	58305309184	84992	512	0.439176
51035410432	51035310592	99840	512	7.481913
42067533312	42067451392	81920	512	9.409880
71653030400	71652964352	66048	512	8.090362
78613010432	78612889600	120832	512	6.860855
89449114624	89449030144	84480	512	9.003288
9129054208	9128963584	90624	512	9.614256
80502781952	80502672384	109568	512	7.184355
26016815616	26016737280	78336	512	9.776333
122543451136	122543354368	96768	512	8.363980
31466218496	31466115072	103424	512	9.279531
91764733952	91764666880	67072	512	0.390135
45566639616	45566518272	121344	512	8.961676
131583044608	131582939136	105472	512	6.163480
77439703552	77439616512	87040	512	9.107826
144733460992	144733359616	101376	512	8.327893
27151877120	27151791104	86016	512	9.705513
3911929344	3911853056	76288	512	9.576900
91697401856	91697327616	74240	512	0.405657
149915474944	149915359744	115200	512	7.600334
123805936640	123805865472	71168	512	7.568465
98926383616	98926275584	108032	512	8.795324
41542010880	41541913088	97792	512	9.404263
38700081152	38700005376	75776	512	9.775538
3473855488	3473746432	109056	512	9.030341
65648744448	65648641536	102912	512	9.147940
81129923072	81129797632	125440	512	8.567303
31378769408	31378689024	80384	512	9.637999
69212659200	69212557824	101376	512	7.431129
20178132480	20178039296	93184	512	9.275617
5169658880	5169534976	123904	512	6.902734
97940753920	97940656640	97280	512	8.614889
30116661760	30116580352	81408	512	9.703617
65438115328	65438003200	112128	512	8.943223
105843341312	105843215360	125952	512	8.237578
115539351552	115539258368	93184	512	6.781779
125837678592	125837597184	81408	512	7.326330
153923170304	153923044352	125952	512	7.284135
71345493504	71345394688	98816	512	7.074844
33240605184	33240504320	100864	512	9.028529
117263500800	117263432192	68608	512	7.726914
11903138816	11903035904	102912	512	7.555099
47935657472	47935581696	75776	512	9.735407
49628843520	49628755968	87552	512	9.344326
108836926976	108836851200	75776	512	9.427743
98890237952	98890162688	75264	512	9.220342
142804850688	142804761600	89088	512	8.558662
144112540160	144112453632	86528	512	8.276269
5813889024	5813818368	70656	512	0.418311
71846467072	71846390784	76288	512	0.402269
96849189376	96849083392	105984	512	0.385436
34393827840	34393697792	130048	512	6.625306
17872886784	17872801792	84992	512	9.659621
36997531136	36997458944	72192	512	8.075430
154610327040	154610233344	93696	512	7.906653
94530796032	94530676224	119808	512	6.747257
72600317952	72600230912	87040	512	9.122254
21160269312	21160172544	96768	512	9.211625
13762782208	13762696704	85504	512	9.484992
74233072640	74232983552	89088	512	0.419194
67500647936	67500538368	109568	512	9.028304
67545065984	67544949248	116736	512	8.891845
94057228800	94057115136	113664	512	8.742592
85249056768	85248987136	69632	512	9.682954
147819445760	147819326976	118784	512	5.748516
21722611200	21722511872	99328	512	9.372591
22069694976	22069615104	79872	512	0.462699
100445918208	100445822976	95232	512	7.196652
120151234560	120151151616	82944	512	9.137657
59997000704	59996922880	77824	512	7.815706
12516441088	12516358144	82944	512	9.754049
63321754112	63321686528	67584	512	8.067493
151450890752	151450790912	99840	512	8.044112
44987533824	44987449344	84480	512	9.674056
6962046976	6961957888	89088	512	9.595406
40464736768	40464652800	83968	512	0.432314
115442191872	115442120704	71168	512	9.488966
134243288064	134243201536	86528	512	8.873868
155811821056	155811754496	66560	512	8.416452
54013754368	54013641728	112640	512	9.144400
153445248000	153445152256	95744	512	8.058684
98401713664	98401596928	116736	512	8.612316
66640929792	66640816640	113152	512	8.923743
7263041024	7262920704	120320	512	7.049498
78581369856	78581295616	74240	512	0.435503
108626696192	108626618880	77312	512	9.414170
13875934208	13875803136	131072	512	8.897922
156690617344	156690543104	74240	512	6.868962
111728339968	111728233472	106496	512	8.240322
81426437632	81426371584	66048	512	9.549385
16420005376	16419918848	86528	512	7.679116
39285584384	39285511680	72704	512	0.551570
9170513408	9170420736	92672	512	9.598949
17841222656	17841106944	115712	512	0.426271
42372020224	42371941376	78848	512	0.422268
58845294592	58845211136	83456	512	0.427137
17777816064	17777750016	66048	512	10.019862
93219755008	93219627008	128000	512	8.402142
108569005568	108568930816	74752	512	0.436987
115510358528	115510285312	73216	512	9.116769
56771409920	56771284480	125440	512	8.781028
49190966784	49190896128	70656	512	9.829403
126896604160	126896496640	107520	512	7.950344
42928264192	42928189440	74752	512	9.530082
124703383040	124703276544	106496	512	8.487942
51783145984	51783039488	106496	512	8.780341
35207576064	35207498240	77824	512	9.700765
120698460160	120698338816	121344	512	8.193813
93463889408	93463781888	107520	512	8.393290
114434334208	114434260992	73216	512	9.463534
89504117760	89504032768	84992	512	0.319955
37173984768	37173871104	113664	512	9.020179
88400031744	88399935488	96256	512	9.037472
67209815040	67209747456	67584	512	0.360597
74672156160	74672060416	95744	512	9.186773
154213925888	154213840384	85504	512	8.419721
47260269568	47260164608	104960	512	9.257253
88711851008	88711728128	122880	512	8.586720
136101644800	136101566976	77824	512	0.557849
8590740480	8590671360	69120	512	0.423560
147069044736	147068943872	100864	512	6.462652
8372385280	8372309504	75776	512	8.092894
55415744512	55415616000	128512	512	8.645997
122933450240	122933352448	97792	512	6.924492
91313592320	91313475584	116736	512	8.627408
58054467584	58054377984	89600	512	9.444332
117629011456	117628926464	84992	512	0.431425
44317876736	44317804032	72704	512	9.577667
156041577984	156041458176	119808	512	6.301697
124149492736	124149426176	66560	512	0.435978
93226403840	93226293248	110592	512	0.434125
76736900608	76736808448	92160	512	9.301377
100468594688	100468516864	77824	512	0.462844
155794070016	155793966080	103936	512	7.510962
122537667072	122537559552	107520	512	8.047088
76070592000	76070468608	123392	512	8.314653
121525856768	121525768192	88576	512	8.947351
47472306176	47472201728	104448	512	7.401029
3458468864	3458361344	107520	512	9.059294
68070214656	68070146560	68096	512	0.412556
12084502528	12084382720	119808	512	6.962968
140268173824	140268073472	100352	512	6.429304
52407792128	52407713280	78848	512	9.395460
23280483840	23280393216	90624	512	7.530103
88796304384	88796232192	72192	512	0.425328
3148237824	3148112896	124928	512	9.045592
43716491264	43716371456	119808	512	7.193909
78074393088	78074300928	92160	512	8.885579
57891900416	57891789824	110592	512	9.096606
153039142912	153039064064	78848	512	8.600884
132601872384	132601741312	131072	512	5.933178
127811446272	127811340800	105472	512	6.176148
109605651456	109605580800	70656	512	9.489164
149447119872	149446992896	126976	512	6.657053
118772861440	118772780544	80896	512	9.195199
22697991168	22697892864	98304	512	9.459058
13314662400	13314546176	116224	512	7.216830
113358629888	113358524928	104960	512	8.711040
76236018688	76235952128	66560	512	7.927911
7050416640	7050314240	102400	512	9.164414
124811467776	124811383808	83968	512	8.655591
84988642304	84988531200	111104	512	8.456179
138670866944	138670744576	122368	512	7.779547
15314693120	15314607104	86016	512	9.582354
105466181632	105466110464	71168	512	0.428693
57218546688	57218433536	113152	512	0.436631
104840097792	104840014848	82944	512	0.477377
44698772992	44698691584	81408	512	9.676193
124040353792	124040242176	111616	512	7.873868
43242690560	43242612736	77824	512	9.644407
76059516928	76059403776	113152	512	6.705780
62941110784	62940988928	121856	512	8.810190
139136333824	139136226816	107008	512	7.779077
71562613760	71562510336	103424	512	6.978742
155171131392	155171017216	114176	512	7.205656
81085825024	81085716480	108544	512	9.009804
152672549376	152672460288	89088	512	6.495016
70396793344	70396701696	91648	512	9.361977
24192131584	24192012800	118784	512	8.778170
26334289408	26334215168	74240	512	0.404321
58188200960	58188109312	91648	512	0.454164
95452287488	95452211712	75776	512	0.467899
28502791680	28502697472	94208	512	7.704159
62066572800	62066455552	117248	512	8.860562
37068587520	37068506112	81408	512	9.407650
38774690816	38774602752	88064	512	0.411550
59667524608	59667450880	73728	512	0.443436
40062951424	40062877696	73728	512	9.765242
84202768384	84202677248	91136	512	8.929555
40299075072	40298979328	95744	512	9.323430
28555150336	28555060736	89600	512	9.624956
151359095808	151358987776	108032	512	7.865321
152450789376	152450700800	88576	512	7.932975
9227500032	9227433984	66048	512	9.862619
78205639680	78205530624	109056	512	8.927943
100242385408	100242264064	121344	512	8.531278
31169173504	31169067520	105984	512	7.239135
140219162624	140219064832	97792	512	6.645679
87029061120	87028961792	99328	512	9.042347
52573671424	52573590528	80896	512	9.607822
103542318080	103542207488	110592	512	8.582023
16340011008	16339919360	91648	512	9.657046
125105369600	125105275904	93696	512	8.716341
92243040256	92242954752	85504	512	9.303401
142518349824	142518280192	69632	512	9.061920
71061180416	71061098496	81920	512	7.769969
68122652160	68122527744	124416	512	8.754746
40856920064	40856818688	101376	512	9.285423
32388693504	32388612096	81408	512	9.650397
37289130496	37289030656	99840	512	7.225500
48750521344	48750428160	93184	512	0.476133
73081392128	73081295360	96768	512	0.468445
16374746112	16374632448	113664	512	8.923607
122565953024	122565839872	113152	512	7.859019
23100451840	23100353536	98304	512	9.374238
60546283520	60546179584	103936	512	0.363626
103053417984	103053350400	67584	512	0.446724
44321878528	44321788928	89600	512	9.471830
12386856448	12386748928	107520	512	9.241546
121370355200	121370264576	90624	512	13.476532
55620890624	55620783616	107008	512	8.775468
150375703040	150375576064	126976	512	4.885742
81949495808	81949408256	87552	512	9.340860
34858186240	34858097152	89088	512	9.525116
140594897920	140594829312	68608	512	8.832975
30753198592	30753071104	127488	512	8.582101
121355998720	121355927552	71168	512	0.413006
82074166784	82074100224	66560	512	9.746971
144844240896	144844125184	115712	512	5.530329
104901141504	104901018624	122880	512	8.382049
25496550400	25496459264	91136	512	7.817977
126442993664	126442872320	121344	512	8.109179
55987204096	55987119616	84480	512	9.268061
19966531072	19966449664	81408	512	9.550351
46707557376	46707442176	115200	512	6.805573
64913501184	64913411584	89600	512	0.397311
30443030528	30442957312	73216	512	0.381394
11646970368	11646869504	100864	512	9.171935
34967301120	34967191040	110080	512	7.408437
87832117760	87832047616	70144	512	9.610564
157018857984	157018742784	115200	512	7.342400
132468285952	132468202496	83456	512	8.930142
39815493120	39815384576	108544	512	9.150963
93188593664	93188498432	95232	512	9.152896
38472006656	38471895552	111104	512	9.109547
134562936832	134562810368	126464	512	7.808498
154823451136	154823373312	77824	512	6.613571
111007961600	111007895040	66560	512	9.578787
150625131008	150625036288	94720	512	7.827809
15950819840	15950752768	67072	512	9.821568
117553221632	117553104896	116736	512	7.854233
67230256128	67230173184	82944	512	9.536322
115557849088	115557750272	98816	512	8.863655
67520556032	67520487424	68608	512	9.747889
103852072960	103851946496	126464	512	8.297893
82433615360	82433504768	110592	512	8.487446
27338045440	27337955840	89600	512	9.506162
95455201280	95455102976	98304	512	0.403403
47485702144	47485627904	74240	512	7.934331
37603951616	37603833856	117760	512	9.035043
74548672512	74548571648	100864	512	7.314687
113842112000	113841988096	123904	512	8.282608
123938963968	123938839552	124416	512	8.118703
158461166080	158461094912	71168	512	0.347291
132837022720	132836923392	99328	512	8.143565
59052049920	59051937792	112128	512	7.162534
114945889792	114945777664	112128	512	8.450139
40264065536	40263995904	69632	512	9.672096
13980270592	13980152832	117760	512	8.873327
3810371072	3810275328	95744	512	9.492367
77898320384	77898249216	71168	512	9.767805
156341830656	156341750784	79872	512	8.512586
117806867968	117806744064	123904	512	8.275736
15065769984	15065662464	107520	512	9.294566
81244652032	81244552704	99328	512	0.365970
40667940352	40667871232	69120	512	9.637378
89911987200	89911903232	83968	512	0.435893
105264811008	105264695808	115200	512	0.427222
28680247808	28680148992	98816	512	9.351168
120056662528	120056592384	70144	512	0.429417
73162069504	73161971712	97792	512	7.386155
31662510592	31662425088	85504	512	7.525558
70658142720	70658041344	101376	512	9.187330
135331647488	135331531776	115712	512	8.115099
117525528576	117525397504	131072	512	6.219010
36680931328	36680814592	116736	512	7.215668
90896403968	90896328704	75264	512	9.549249
43345090560	43344982528	108032	512	9.215973
134010678272	134010592256	86016	512	8.847708
79308890112	79308779520	110592	512	8.906081
76810529280	76810411008	118272	512	8.821216
17141891072	17141811712	79360	512	9.573084
58711201792	58711074816	126976	512	6.948223
23561816576	23561716224	100352	512	9.334893
149624801280	149624734208	67072	512	0.411020
131664218624	131664090624	128000	512	7.873573
58841999360	58841909760	89600	512	7.581203
93355709440	93355591680	117760	512	8.624840
139011360768	139011276288	84480	512	8.447207
76414907904	76414817280	90624	512	9.373142
80944363520	80944291328	72192	512	0.481383
129713136128	129713070080	66048	512	9.108204
82948392960	82948319744	73216	512	9.618379
148125008896	148124878848	130048	512	4.800525
96549972480	96549864448	108032	512	8.865523
99414781952	99414674432	107520	512	0.419446
69981834240	69981703168	131072	512	8.618001
8316580864	8316497408	83456	512	9.705066
127673458176	127673359872	98304	512	8.155860
136440930304	136440851456	78848	512	8.978100
72371695616	72371600896	94720	512	8.925194
137810338816	137810224640	114176	512	7.551049
3858698752	3858622976	75776	512	9.860899
47765753856	47765675008	78848	512	0.418766
157283423232	157283296256	126976	512	6.938782
127743817216	127743692800	124416	512	6.322199
155114129408	155114056192	73216	512	8.144090
49957609984	49957535744	74240	512	0.426141
75160787968	75160657408	130560	512	6.714587
97590044672	97589963776	80896	512	0.433506
117033836544	117033713152	123392	512	8.151831
68922890240	68922791936	98304	512	9.242566
77800506368	77800434176	72192	512	0.492892
38355918336	38355836416	81920	512	9.679322
132386462208	132386333696	128512	512	7.273962
156432313344	156432196096	117248	512	5.501230
24263716352	24263600128	116224	512	9.091474
147867898880	147867804160	94720	512	7.959401
15194043392	15193922560	120832	512	7.025190
64598410240	64598310912	99328	512	0.411023
30160968192	30160870400	97792	512	9.465518
101148969984	101148883456	86528	512	9.271391
719597568	719529472	68096	512	9.989143
151431937024	151431860224	76800	512	6.527766
46784677376	46784561152	116224	512	8.992333
104854595072	104854504448	90624	512	8.675934
27500957184	27500889600	67584	512	9.892609
65587713536	65587630592	82944	512	7.764179
25929922048	25929848832	73216	512	9.795022
71948713984	71948640256	73728	512	7.635136
53715529216	53715441664	87552	512	7.405242
132758540800	132758456832	83968	512	8.940900
53601887744	53601821696	66048	512	9.858287
124443573248	124443504640	68608	512	9.373330
95533919744	95533825024	94720	512	8.729155
70198235136	70198121472	113664	512	8.860130
75371845120	75371716608	128512	512	8.602001
99270621696	99270513152	108544	512	8.794598
41332133888	41332012032	121856	512	8.654658
111283236352	111283163136	73216	512	9.465887
92667095552	92666999808	95744	512	8.755939
54987102720	54987008512	94208	512	9.031659
124384949248	124384878080	71168	512	9.350632
44319542784	44319416320	126464	512	8.440410
117748088320	117748020736	67584	512	7.464146
34679675392	34679550464	124928	512	8.878734
72747473408	72747367936	105472	512	9.052848
54829936640	54829826560	110080	512	9.024112
154843059200	154842983936	75264	512	8.531942
6571736576	6571634688	101888	512	9.202296
46173601792	46173474304	127488	512	8.821037
55066997760	55066875904	121856	512	8.827017
1653115904	1653028864	87040	512	9.720012
53011825152	53011701248	123904	512	0.378652
87024355328	87024250880	104448	512	0.412670
121732429824	121732300800	129024	512	7.407167
106586744320	106586674688	69632	512	9.488988
129462273536	129462181376	92160	512	8.775694
159048176128	159048108032	68096	512	8.511982
157725359616	157725260800	98816	512	0.415166
1090289664	1090168320	121344	512	8.778404
80424603136	80424498176	104960	512	8.622273
121682673152	121682555392	117760	512	8.225325
38444819968	38444689920	130048	512	8.426418
12368681984	12368603648	78336	512	9.747872
1739380224	1739250688	129536	512	7.233464
77049653760	77049564672	89088	512	9.070204
37259177472	37259053568	123904	512	7.189790
3314645504	3314540544	104960	512	9.325991
21609799680	21609732096	67584	512	0.411965
139674392576	139674312192	80384	512	0.425665
36756740608	36756627456	113152	512	9.135429
96272013312	96271910912	102400	512	0.480496
45288836096	45288752640	83456	512	9.561716
105147688960	105147564032	124928	512	8.263643
146054604288	146054473728	130560	512	5.493731
137830144000	137830040576	103424	512	7.901292
97749178368	97749100032	78336	512	9.113558
19464911360	19464787456	123904	512	8.774910
102304052224	102303973888	78336	512	9.365437
68715756032	68715680768	75264	512	9.656202
154062398976	154062313984	84992	512	0.442265
151460613120	151460503040	110080	512	7.826257
111071363584	111071244288	119296	512	8.363364
152507194880	152507078144	116736	512	7.552818
66861848064	66861776896	71168	512	9.779207
65993728000	65993611776	116224	512	8.888480
142312550912	142312459776	91136	512	6.853354
17765278720	17765149696	129024	512	9.010556
31053604864	31053536256	68608	512	0.425441
99075347968	99075238400	109568	512	8.322524
68726350848	68726260224	90624	512	9.363157
6421875200	6421795840	79360	512	9.738869
54727334400	54727223296	111104	512	8.673636
142512082432	142511959040	123392	512	7.616216
150787504128	150787418624	85504	512	8.160958
34197615104	34197549056	66048	512	9.986923
69234683904	69234584064	99840	512	0.465940
150562096640	150561972224	124416	512	7.533003
19772026368	19771917312	109056	512	9.226334
40376630272	40376507904	122368	512	0.426500
62641726464	62641658368	68096	512	9.799617
18721603584	18721523712	79872	512	9.822492
141464331264	141464203264	128000	512	5.814853
17132652032	17132568064	83968	512	9.520804
2733972480	2733858816	113664	512	7.217431
68630305792	68630217216	88576	512	0.408739
27498363904	27498253824	110080	512	7.418411
26535383552	26535268864	114688	512	8.836510
53065216	52992512	72704	512	9.923072
79901014528	79900897280	117248	512	8.827703
98235684352	98235597312	87040	512	9.239866
34414518272	34414402048	116224	512	8.990557
71059730432	71059621376	109056	512	8.949095
148754683904	148754616320	67584	512	8.736504
50250027520	50249934848	92672	512	9.173979
57649459200	57649337344	121856	512	8.840314
141371354112	141371229696	124416	512	7.569361
69682329600	69682226176	103424	512	6.946408
116536028672	116535934976	93696	512	6.737196
83977937408	83977839104	98304	512	9.091512
137996077056	137995990528	86528	512	8.804848
83333585408	83333458432	126976	512	8.511887
1275071488	1274948096	123392	512	7.280089
148351898624	148351820288	78336	512	8.677448
137882019840	137881926656	93184	512	8.629227
159398837760	159398733312	104448	512	4.860521
133461470208	133461387776	82432	512	8.617091
64778291200	64778196480	94720	512	9.300221
13653641216	13653529600	111616	512	9.280737
28483412480	28483342848	69632	512	9.891377
104566008832	104565938688	70144	512	9.549362
126282505728	126282390528	115200	512	8.279211
57186060800	57185951232	109568	512	9.081364
147707840512	147707719680	120832	512	6.902571
127691886592	127691767808	118784	512	7.580667
9625023488	9624916992	106496	512	9.367615
142213631488	142213512704	118784	512	7.727786
143118077952	143117984768	93184	512	8.092763
66510386176	66510256128	130048	512	8.612750
24302505472	24302404096	101376	512	7.526837
79693484544	79693377024	107520	512	9.025448
96548665856	96548579840	86016	512	7.505790
87739922944	87739851264	71680	512	9.327655
107433379840	107433312768	67072	512	9.578540
62607472640	62607364608	108032	512	6.921506
41359770624	41359704576	66048	512	7.950298
71329054720	71328947712	107008	512	8.635543
59846599168	59846496768	102400	512	7.069963
19269132288	19269044224	88064	512	9.421727
54067228672	54067162624	66048	512	0.390163
81910786560	81910714368	72192	512	0.743180
79918006272	79917897728	108544	512	8.868104
159642552832	159642472960	79872	512	8.322049
9716702720	9716583424	119296	512	8.839028
93852611584	93852480512	131072	512	14.608633
33300209152	33300090880	118272	512	9.000932
91119399936	91119283712	116224	512	0.502979
131185815040	131185688576	126464	512	7.906388
105136487936	105136367616	120320	512	8.319228
72976252416	72976153088	99328	512	0.405200
109079544320	109079445504	98816	512	8.849098
117549063680	117548942336	121344	512	8.210761
80818048000	80817975808	72192	512	9.643928
159648202752	159648119296	83456	512	8.189083
45388361728	45388235776	125952	512	8.438736
19432968192	19432897024	71168	512	9.975317
20761754112	20761669120	84992	512	0.412489
112189923840	112189819392	104448	512	0.447351
149042265600	149042165760	99840	512	7.617054
64325534720	64325461504	73216	512	9.675837
3487492608	3487366656	125952	512	6.904420
133917919232	133917790208	129024	512	7.109802
139765231616	139765113344	118272	512	7.839948
86307699200	86307603456	95744	512	9.054393
154508082176	154507984896	97280	512	7.403926
108929322496	108929197568	124928	512	7.863031
89681846784	89681763840	82944	512	9.404649
137499176960	137499071488	105472	512	7.820230
78682804224	78682707968	96256	512	7.040738
146777814016	146777690112	123904	512	5.152795
71591286272	71591193600	92672	512	9.378354
100976396800	100976327168	69632	512	0.397672
113384473600	113384381952	91648	512	8.962780
43459993088	43459898880	94208	512	9.402630
50303355904	50303242240	113664	512	0.409314
96694526464	96694439424	87040	512	9.345751
12790831616	12790716928	114688	512	7.111569
84714072064	84714003968	68096	512	0.445597
86222193152	86222078976	114176	512	7.056660
104304606720	104304482304	124416	512	7.844300
137160397312	137160329728	67584	512	7.490258
81174885376	81174806528	78848	512	7.732485
62628846080	62628719616	126464	512	8.688052
36230388224	36230304768	83456	512	9.624285
41030077440	41029962752	114688	512	0.404564
116189594112	116189501440	92672	512	8.526246
85606315008	85606196736	118272	512	8.299560
63042902528	63042774528	128000	512	6.884429
111825569280	111825477632	91648	512	0.837374
132680003584	132679925760	77824	512	0.412490
64536817664	64536695808	121856	512	8.771922
106261338112	106261243904	94208	512	8.627565
105841836544	105841739264	97280	512	8.901039
35110322688	35110256128	66560	512	0.446798
94027951104	94027846656	104448	512	0.410325
115866524160	115866443264	80896	512	8.863876
80460242944	80460145152	97792	512	8.817040
115355079680	115354987520	92160	512	8.559064
49994181632	49994082816	98816	512	9.343489
79702793216	79702672896	120320	512	6.978478
155602271744	155602144768	126976	512	5.139279
106753689088	106753568256	120832	512	6.566310
60542282752	60542210560	72192	512	9.737519
149890245120	149890130432	114688	512	7.805300
12408954880	12408868864	86016	512	9.662673
43255938048	43255817216	120832	512	0.436366
144006802432	144006679040	123392	512	5.932539
14569473536	14569377792	95744	512	9.442021
100785979904	100785906176	73728	512	9.582343
76887724544	76887599616	124928	512	8.626926
19824201728	19824113664	88064	512	9.548501
139558620672	139558523392	97280	512	6.532886
8169276928	8169155072	121856	512	9.089690
26865232384	26865133056	99328	512	0.397414
129404613632	129404483584	130048	512	5.452664
105242204160	105242118144	86016	512	9.225855
40542456320	40542388736	67584	512	9.880944
43986412544	43986334720	77824	512	0.442291
86966008320	86965922304	86016	512	8.989476
81337737728	81337643008	94720	512	9.221113
25567506944	25567432704	74240	512	9.701444
52787552256	52787460096	92160	512	7.677346
102076538880	102076420096	118784	512	8.583850
86844149248	86844058112	91136	512	9.270289
129016216064	129016107008	109056	512	8.436918
146418547712	146418436608	111104	512	7.935290
43475126784	43474995712	131072	512	0.401590
116248574464	116248467456	107008	512	6.879082
156271165952	156271091712	74240	512	8.110377
17563056640	17562956288	100352	512	9.153657
117862118400	117862028800	89600	512	0.567850
116683606528	116683495936	110592	512	8.573154
33591668224	33591600640	67584	512	8.134182
134526179840	134526086144	93696	512	6.408283
29776551936	29776458752	93184	512	9.302654
53085223424	53085154304	69120	512	7.998448
8427837952	8427716096	121856	512	9.123515
88727968256	88727844864	123392	512	0.398044
86521261568	86521153024	108544	512	8.830146
87883164672	87883084800	79872	512	9.119886
38883125248	38883052032	73216	512	9.594777
158797249536	158797158400	91136	512	8.146448
42891410432	42891307520	102912	512	9.327461
154499464704	154499353600	111104	512	5.128170
76057606144	76057520128	86016	512	7.376697
87160479744	87160384512	95232	512	8.758161
110850698240	110850589184	109056	512	8.162952
87390565376	87390435840	129536	512	8.530184
142234946048	142234819072	126976	512	5.670680
30885144064	30885040640	103424	512	9.381332
88279080448	88278986240	94208	512	8.810490
25821104640	25821002240	102400	512	9.123554
91822275584	91822177792	97792	512	9.045143
12081081856	12080999424	82432	512	9.528731
118521229824	118521138176	91648	512	8.895672
157865714176	157865585664	128512	512	5.120187
123425550336	123425453568	96768	512	8.808378
121999758848	121999628288	130560	512	7.956962
69922662400	69922594304	68096	512	9.829899
16089430528	16089321472	109056	512	9.308540
29373359616	29373267968	91648	512	0.408609
139040071680	139039987712	83968	512	8.917714
54447791616	54447669760	121856	512	8.868832
98006504960	98006428160	76800	512	0.408552
55191404032	55191289856	114176	512	8.610922
72099671040	72099564032	107008	512	0.428493
132750710272	132750620672	89600	512	7.078756
48353751552	48353621504	130048	512	6.965500
45112161792	45112094208	67584	512	9.907936
80100300800	80100199936	100864	512	9.133463
20497329664	20497261056	68608	512	9.940510
108039655424	108039550464	104960	512	8.324295
98194583552	98194469376	114176	512	8.655446
148697269760	148697171456	98304	512	8.113105
4423887360	4423794688	92672	512	9.314928
19821710848	19821610496	100352	512	7.616723
127759969280	127759878656	90624	512	7.030614
82268009984	82267943424	66560	512	9.547044
89908110848	89907982336	128512	512	6.699021
94949265408	94949182464	82944	512	7.705209
56543160320	56543064576	95744	512	9.271018
136942381056	136942276608	104448	512	6.585808
44775212032	44775133696	78336	512	9.646232
77186527744	77186442240	85504	512	0.469369
53455169536	53455073280	96256	512	7.214597
90117889024	90117775872	113152	512	8.703877
20499850240	20499744768	105472	512	9.234092
279205376	279129600	75776	512	9.854090
126539597824	126539472384	125440	512	6.127162
38192836608	38192711168	125440	512	8.510939
158006641664	158006530048	111616	512	7.278214
5587442176	5587356160	86016	512	9.475251
83017533952	83017449984	83968	512	9.117854
31762785792	31762677248	108544	512	9.152225
12911601152	12911471616	129536	512	8.865584
127833498112	127833414656	83456	512	8.600087
146363501568	146363430400	71168	512	6.877973
3331128832	3331033088	95744	512	9.468701
46792960512	46792834048	126464	512	0.479026
59198769664	59198668800	100864	512	8.893807
92139737600	92139618304	119296	512	8.677258
46730286592	46730167296	119296	512	8.588709
23988588544	23988518400	70144	512	9.734812
28126811136	28126705152	105984	512	9.282354
25427900416	25427769856	130560	512	8.818968
155508051968	155507971072	80896	512	8.457878
60595238400	60595114496	123904	512	8.842196
159878970880	159878840320	130560	512	4.868199
74894089728	74894018560	71168	512	9.705509
77308709888	77308631040	78848	512	0.405609
46545149952	46545026048	123904	512	8.840960
35917933568	35917856256	77312	512	9.516414
125547857920	125547751936	105984	512	6.664996
48753240576	48753159680	80896	512	9.566500
148349880832	148349777408	103424	512	8.089999
84732574208	84732464128	110080	512	8.891604
72438395392	72438324736	70656	512	9.780190
130240064000	130239944704	119296	512	8.065770
77704549376	77704455168	94208	512	7.479596
85698685440	85698555904	129536	512	8.436934
65810677248	65810548224	129024	512	6.865298
53412317696	53412221952	95744	512	9.302279
43591950848	43591820800	130048	512	6.639224
72173394432	72173290496	103936	512	8.738462
49845021696	49844903936	117760	512	8.576392
130647829504	130647720960	108544	512	7.860273
150150983680	150150871552	112128	512	6.168625
78184418816	78184287744	131072	512	6.687360
130682371072	130682301952	69120	512	9.367820
87302320128	87302194688	125440	512	8.465667
56935833600	56935759872	73728	512	9.657085
13163733504	13163620864	112640	512	7.336802
138081856512	138081775104	81408	512	7.158136
7130510336	7130397184	113152	512	9.184106
84236628480	84236515840	112640	512	8.453371
43613591552	43613509632	81920	512	9.432210
65955184128	65955062272	121856	512	8.388168
147172097024	147171992576	104448	512	7.580981
105716507648	105716377088	130560	512	5.862792
11570507264	11570436608	70656	512	9.998423
53725655552	53725562880	92672	512	0.463494
18470806528	18470739456	67072	512	8.237421
25650771968	25650677248	94720	512	0.410312
72718166016	72718053376	112640	512	0.426923
36341393408	36341301760	91648	512	9.513224
132151659520	132151561216	98304	512	8.586276
39557910016	39557806592	103424	512	8.983723
72369676800	72369567232	109568	512	8.621906
136581209600	136581123584	86016	512	8.708363
130475489280	130475388416	100864	512	8.447467
40437089792	40436965376	124416	512	6.749147
73208356352	73208263168	93184	512	8.964626
11569526272	11569417728	108544	512	9.343363
76001829888	76001722880	107008	512	9.025978
26352877056	26352752640	124416	512	8.933066
104433458176	104433360896	97280	512	8.857895
101161406464	101161279488	126976	512	6.614748
51267457536	51267373056	84480	512	9.531874
44819363840	44819293184	70656	512	8.069447
40391604736	40391516160	88576	512	9.570393
150527609344	150527501824	107520	512	8.026436
2608415232	2608284672	130560	512	8.882193
73259758592	73259631104	127488	512	8.624833
72047761920	72047662080	99840	512	0.401832
143922325504	143922241024	84480	512	8.684064
136472285696	136472203264	82432	512	8.451307
151056732672	151056602624	130048	512	6.430920
116261379072	116261280256	98816	512	8.837137
141975414272	141975325184	89088	512	6.405924
64687162880	64687059456	103424	512	7.002288
3420410368	3420298240	112128	512	9.291167
117942542336	117942424576	117760	512	7.810640
40106771968	40106682880	89088	512	9.457424
153759488512	153759392768	95744	512	7.663226
56953524736	56953418752	105984	512	9.064148
138398761984	138398638080	123904	512	7.239029
44115854848	44115737088	117760	512	8.967673
30331678208	30331587072	91136	512	9.548425
100823733248	100823653888	79360	512	9.357293
123082394112	123082309632	84480	512	9.076524
77473064960	77472988672	76288	512	9.376725
85167728128	85167604736	123392	512	6.819755
3069244928	3069114880	130048	512	7.126851
70771159552	70771061760	97792	512	9.239384
53088595456	53088466432	129024	512	8.637178
47048596992	47048503296	93696	512	9.400693
111246883840	111246789632	94208	512	8.967532
10176355328	10176289280	66048	512	9.866352
121181106688	121180995584	111104	512	8.424609
130517522432	130517421568	100864	512	8.074908
11186717184	11186647040	70144	512	9.898330
41069692416	41069605376	87040	512	0.442071
81996642816	81996520960	121856	512	6.844024
18716447744	18716336640	111104	512	9.257091
24520813056	24520722432	90624	512	0.433861
99419943424	99419815424	128000	512	0.430858
48981615104	48981487104	128000	512	6.990482
152419201024	152419108352	92672	512	8.160779
117284770816	117284647424	123392	512	8.299273
28800843776	28800752640	91136	512	9.586623
123894287360	123894190080	97280	512	0.470183
135992700928	135992623104	77824	512	8.990011
111837101568	111837031936	69632	512	9.505576
130115317760	130115243520	74240	512	9.194077
49582184448	49582057472	126976	512	6.654157
145984040960	145983941120	99840	512	6.489645
76866054656	76865961472	93184	512	8.972248
34565144576	34565034496	110080	512	8.802784
31897077248	31896957440	119808	512	8.623177
8245645824	8245520384	125440	512	6.909512
85265119232	85265022976	96256	512	7.360986
106018992640	106018892288	100352	512	7.026261
133091603456	133091495424	108032	512	8.250484
129567519744	129567398400	121344	512	7.487883
156520941568	156520830976	110592	512	6.634277
58699974144	58699895808	78336	512	0.443703
22970246144	22970121728	124416	512	8.985906
90165532672	90165410816	121856	512	6.670856
41401194496	41401090048	104448	512	9.236765
40634383360	40634307584	75776	512	9.804911
107249006080	107248934912	71168	512	0.432209
143059181056	143059088384	92672	512	8.829213
137529125888	137529015808	110080	512	7.646531
74295144960	74295018496	126464	512	8.608744
96959638016	96959526400	111616	512	8.700490
86988056064	86987988480	67584	512	9.712274
86568755200	86568659968	95232	512	8.779101
105630247424	105630180864	66560	512	9.633630
155543846400	155543764480	81920	512	8.281793
152235094016	152235015168	78848	512	8.654514
95877002240	95876910080	92160	512	8.771256
90403456000	90403331584	124416	512	8.031424
132294579200	132294498816	80384	512	9.030888
64043334144	64043240448	93696	512	8.984553
70261500928	70261432832	68096	512	9.809803
137165832192	137165760512	71680	512	9.172941
35215764480	35215689728	74752	512	9.798406
137524848128	137524768768	79360	512	8.634259
8880841728	8880720384	121344	512	9.135116
78201076736	78201005056	71680	512	9.620861
96704971776	96704874496	97280	512	9.155125
78033843200	78033774080	69120	512	0.420845
102729424384	102729336320	88064	512	8.782102
34497780224	34497688576	91648	512	7.757793
29026648064	29026532864	115200	512	9.150034
125120168448	125120073216	95232	512	6.498301
138527316480	138527249408	67072	512	9.320647
84065532416	84065433088	99328	512	9.110734
3083099136	3083003392	95744	512	9.425368
16295236096	16295111168	124928	512	0.438727
101553395200	101553304576	90624	512	7.318601
64926145536	64926018560	126976	512	6.977556
104886663680	104886591488	72192	512	0.442489
147028894720	147028769280	125440	512	5.109014
51438048256	51437922304	125952	512	8.712530
11063434752	11063358464	76288	512	8.075724
100700805120	100700728832	76288	512	0.435086
30158051328	30157921280	130048	512	7.174656
81030296576	81030221312	75264	512	9.318978
159831499264	159831388160	111104	512	6.357275
76102842368	76102765568	76800	512	9.598376
53897956864	53897851392	105472	512	8.771792
143156434432	143156333056	101376	512	6.542023
149353703424	149353635840	67584	512	9.165342
98014682112	98014577152	104960	512	7.086126
44766782464	44766697984	84480	512	9.570906
37828786176	37828679168	107008	512	9.210738
152413130752	152413020672	110080	512	5.853645
127946694144	127946565632	128512	512	7.869987
141380434944	141380335104	99840	512	6.476102
94835465728	94835341312	124416	512	6.760907
92916193280	92916119040	74240	512	9.607267
77038625792	77038510592	115200	512	8.468605
31205873152	31205753856	119296	512	6.965469
63848505856	63848384512	121344	512	8.375640
49422975488	49422851584	123904	512	8.838409
81322985984	81322888704	97280	512	0.423829
123467681792	123467572224	109568	512	0.426043
109555083776	109554953728	130048	512	0.436263
137826774528	137826678784	95744	512	8.108713
71525937664	71525829632	108032	512	8.617339
75878059008	75877955584	103424	512	0.434513
101199483904	101199366144	117760	512	0.428556
101828058112	101827970560	87552	512	0.428780
14573075456	14572961792	113664	512	9.165721
54524406272	54524338176	68096	512	0.456034
114018713088	114018595840	117248	512	8.428542
135201319424	135201252864	66560	512	9.321881
51868502016	51868419584	82432	512	7.757950
142937778688	142937676288	102400	512	8.205737
45158902272	45158806528	95744	512	9.067773
82238757376	82238626304	131072	512	7.998460
77375443968	77375331840	112128	512	8.783232
141188762624	141188655104	107520	512	8.102660
57987053056	57986966528	86528	512	7.704106
61537446912	61537329152	117760	512	8.527071
140768829952	140768724992	104960	512	8.238062
96585543168	96585426944	116224	512	8.591984
156747638272	156747516416	121856	512	4.452834
18324381696	18324257792	123904	512	8.734643
45683823104	45683730432	92672	512	7.645771
132207391232	132207295488	95744	512	8.261255
62276498944	62276395520	103424	512	9.135698
155778290688	155778172928	117760	512	7.061973
40243954688	40243845632	109056	512	7.066895
76236421120	76236341760	79360	512	0.436522
144570181632	144570051584	130048	512	6.865613
151121250816	151121184256	66560	512	8.920210
136127419904	136127299072	120832	512	5.967980
107698511360	107698412032	99328	512	6.706581
109375634432	109375532032	102400	512	8.741821
35206021632	35205954048	67584	512	9.933301
7803587072	7803491840	95232	512	7.492010
46576486400	46576363520	122880	512	8.857644
132496379904	132496260096	119808	512	7.985004
39674739712	39674650624	89088	512	9.568444
27436638208	27436507136	131072	512	6.755198
14574359040	14574241792	117248	512	9.084279
106056115712	106056032256	83456	512	0.483513
44838721024	44838623232	97792	512	9.317411
94910559744	94910430208	129536	512	8.330417
83780246528	83780130816	115712	512	8.733477
81263255040	81263162880	92160	512	8.920746
105009648128	105009521664	126464	512	7.770873
150771847168	150771723776	123392	512	6.862440
12667890176	12667805184	84992	512	9.674973
124202530816	124202418176	112640	512	6.073655
32469618688	32469541376	77312	512	9.742087
15918877184	15918797312	79872	512	0.407751
118069000192	118068876800	123392	512	7.421104
69109560320	69109448192	112128	512	8.975972
27468861440	27468748288	113152	512	7.049216
9029928448	9029830656	97792	512	9.444627
51788204032	51788136448	67584	512	9.624926
63844339712	63844216320	123392	512	0.442305
38753185792	38753114624	71168	512	9.818431
128227779072	128227700736	78336	512	9.241578
110236965376	110236884992	80384	512	9.262204
60485824000	60485710336	113664	512	8.586258
74003534848	74003419648	115200	512	8.497252
31038562304	31038442496	119808	512	8.999890
61057354752	61057224704	130048	512	6.937593
111080803328	111080687104	116224	512	6.651949
62631990784	62631910400	80384	512	9.549767
134685614080	134685490176	123904	512	6.149652
154482205184	154482087424	117760	512	7.285003
112507227648	112507129856	97792	512	7.050140
30153440256	30153374208	66048	512	8.226327
35791880704	35791756800	123904	512	8.898598
68480784384	68480707584	76800	512	0.440577
9068064768	9067973632	91136	512	9.569873
141420888576	141420784128	104448	512	7.702142
132093789696	132093703680	86016	512	8.929163
151419506176	151419401728	104448	512	7.323591
125223072768	125222943232	129536	512	6.025339
31306206208	31306108928	97280	512	9.389246
31303584256	31303474176	110080	512	9.191376
22251735040	22251631616	103424	512	9.372049
28054821376	28054707712	113664	512	0.445026
122488951808	122488873984	77824	512	0.423413
6066278400	6066182144	96256	512	9.304840
104761057792	104760951808	105984	512	8.795234
97545674752	97545597440	77312	512	7.651552
32698441728	32698363392	78336	512	7.948631
2992420864	2992343040	77824	512	9.617574
5186371072	5186291200	79872	512	0.441935
59620460544	59620342272	118272	512	6.717394
27332627456	27332561408	66048	512	0.421558
33619132928	33619044864	88064	512	9.609756
85109832704	85109710336	122368	512	8.611246
110168281600	110168208384	73216	512	9.114403
12270615552	12270541824	73728	512	9.935990
122960104448	122960010752	93696	512	0.421049
89890462208	89890391552	70656	512	0.409333
90012245504	90012140032	105472	512	8.519391
76184496640	76184428032	68608	512	7.949152
116603459584	116603331584	128000	512	8.152310
153144785920	153144697856	88064	512	8.445695
25789721088	25789604352	116736	512	9.154407
65362123776	65362039808	83968	512	0.444048
124827305472	124827213824	91648	512	0.429961
45401374208	45401297408	76800	512	9.492435
2889701888	2889627648	74240	512	9.903906
77894471680	77894385152	86528	512	0.440442
102568875008	102568791040	83968	512	8.862988
100542676992	100542608384	68608	512	7.590648
64560622080	64560545792	76288	512	9.678478
64699851776	64699742720	109056	512	8.704059
13055854080	13055782400	71680	512	9.766712
90725221888	90725124608	97280	512	0.453333
283982336	283891712	90624	512	0.423079
158309751296	158309632000	119296	512	7.181858
77109155840	77109067776	88064	512	9.382364
101307624448	101307494912	129536	512	8.348017
62038027776	62037943808	83968	512	9.552347
13054726144	13054642176	83968	512	9.485642
60063951872	60063852544	99328	512	8.951571
58473665536	58473597952	67584	512	9.863538
142567129600	142567040512	89088	512	8.214083
102000495104	102000393728	101376	512	8.525616
77767884800	77767811072	73728	512	9.590241
129487543808	129487469056	74752	512	9.243965
120995977216	120995903488	73728	512	9.324304
110694228992	110694155776	73216	512	9.096086
146920814592	146920705536	109056	512	8.031866
76053858816	76053741056	117760	512	8.402399
27369312256	27369242624	69632	512	9.904025
17027063808	17026965504	98304	512	9.498557
102379515904	102379408896	107008	512	6.615703
114947102208	114947002368	99840	512	8.720786
22394300416	22394189824	110592	512	9.174576
25936821248	25936743936	77312	512	0.473027
83945162752	83945061888	100864	512	0.436253
37673075712	37672957952	117760	512	9.112774
132701725184	132701627392	97792	512	8.573364
23477517312	23477407744	109568	512	8.953289
81748935680	81748812800	122880	512	8.566947
4286428160	4286353920	74240	512	9.840606
88675663360	88675533312	130048	512	6.120259
44155067392	44154970624	96768	512	7.611910
72754716672	72754641920	74752	512	0.497143
85205632000	85205565440	66560	512	7.733404
136362843136	136362734592	108544	512	8.216294
109970308608	109970237952	70656	512	9.231217
148300234240	148300113920	120320	512	7.674382
120922347008	120922217984	129024	512	7.428558
146379602432	146379536384	66048	512	9.214267
100639178752	100639048192	130560	512	6.443776
42704231936	42704135680	96256	512	9.108542
27552754176	27552657920	96256	512	9.443867
124466452992	124466352128	100864	512	0.433483
59574273536	59574161408	112128	512	9.099587
132337426432	132337326080	100352	512	8.516512
143627616256	143627548672	67584	512	9.174038
47190768640	47190653952	114688	512	8.686546
26579135488	26579021824	113664	512	9.129742
100291494400	100291394560	99840	512	0.759025
35823572992	35823497728	75264	512	9.736034
45601382400	45601307136	75264	512	0.503566
116709602304	116709499392	102912	512	8.247846
97541940736	97541813248	127488	512	8.321366
102597931008	102597844480	86528	512	9.201991
10375931392	10375851008	80384	512	9.815468
65257815040	65257702912	112128	512	8.980205
22163336192	22163250688	85504	512	9.634697
133303667200	133303598592	68608	512	0.417874
62761749504	62761652224	97280	512	7.475839
95079303168	95079194624	108544	512	8.781945
60066550784	60066479616	71168	512	9.554937
63368398336	63368278016	120320	512	8.803310
121738507264	121738413568	93696	512	6.491394
96741454848	96741329920	124928	512	8.509179
50992569344	50992450560	118784	512	7.056960
144126484992	144126407680	77312	512	8.571537
48084990976	48084889600	101376	512	9.284074
136127513088	136127384576	128512	512	5.849906
99703645696	99703517184	128512	512	6.486534
83945086976	83944983552	103424	512	8.990852
121036457984	121036369408	88576	512	8.960672
54660059136	54659972096	87040	512	9.490804
22969315840	22969247744	68096	512	9.964457
5593513984	5593413632	100352	512	7.424976
95228638208	95228550656	87552	512	0.428785
66611724800	66611626496	98304	512	9.275546
35603480064	35603378176	101888	512	9.325573
131499246080	131499144704	101376	512	8.550492
9283125760	9283059712	66048	512	9.989326
81201230848	81201101312	129536	512	8.520587
117047856640	117047725568	131072	512	5.704948
50322056704	50321983488	73216	512	9.773788
101925278208	101925156352	121856	512	6.690652
2572445696	2572362752	82944	512	9.716484
105223986688	105223863296	123392	512	7.849853
21980572160	21980457984	114176	512	9.146575
150836969984	150836878848	91136	512	8.527790
109474937856	109474816000	121856	512	7.907819
5808877568	5808766976	110592	512	9.352403
76600176640	76600050688	125952	512	6.876974
89802437632	89802365440	72192	512	9.319387
72704578560	72704496128	82432	512	7.739188
58830234112	58830107648	126464	512	8.676001
53433595904	53433519616	76288	512	9.715248
30218987520	30218889728	97792	512	7.708178
119332416512	119332288000	128512	512	8.068033
99861288960	99861216768	72192	512	9.581450
9276227584	9276099072	128512	512	8.955676
8196996608	8196926464	70144	512	9.966737
42517259776	42517163520	96256	512	0.695162
51431632384	51431520768	111616	512	8.986069
48269626368	48269507584	118784	512	8.612022
94719906816	94719819776	87040	512	9.173531
47833366528	47833282048	84480	512	9.304267
16178717696	16178636288	81408	512	9.566913
60654843904	60654764032	79872	512	9.623779
78968696320	78968580608	115712	512	0.413795
49561386496	49561261056	125440	512	0.404541
24918212096	24918132736	79360	512	9.554383
4904674304	4904563712	110592	512	7.200343
126440294400	126440170496	123904	512	8.079050
14900444160	14900322816	121344	512	9.126366
138849581056	138849508352	72704	512	0.413637
73559069696	73558957568	112128	512	8.896415
67732341248	67732263424	77824	512	9.589807
33171643392	33171539456	103936	512	9.373243
21119538176	21119443968	94208	512	9.242998
27556406272	27556289024	117248	512	9.093309
157943840768	157943763968	76800	512	8.044821
126137113600	126137006592	107008	512	8.472261
31130636800	31130525184	111616	512	7.454728
20221130240	20221037056	93184	512	7.531128
19977518592	19977431040	87552	512	9.403244
76376096768	76375999488	97280	512	9.189446
87731581440	87731489792	91648	512	8.838962
112536455680	112536382464	73216	512	0.432266
14273084928	14273007104	77824	512	9.605719
66562065408	66561957888	107520	512	8.728665
93325046272	93324979200	67072	512	9.740562
54599925248	54599835648	89600	512	9.373380
45035692032	45035612160	79872	512	9.645969
159653087744	159652982272	105472	512	7.359223
97798362112	97798291456	70656	512	9.630268
138835785216	138835675648	109568	512	7.705285
25574982144	25574855680	126464	512	8.632387
30243099136	30242976256	122880	512	0.447817
134284990464	134284920320	70144	512	0.783667
108153826816	108153725952	100864	512	8.807877
154739279360	154739160064	119296	512	6.315920
48023558656	48023430656	128000	512	8.375548
140356451840	140356354048	97792	512	8.440672
28541888000	28541792768	95232	512	9.517776
133835336704	133835245568	91136	512	0.379156
90174268416	90174180352	88064	512	8.972325
111770870784	111770749952	120832	512	8.327394
90727457280	90727330816	126464	512	8.454300
146833372160	146833296896	75264	512	7.115248
132234768384	132234668032	100352	512	8.569114
61905726464	61905619968	106496	512	9.157964
64672218624	64672122880	95744	512	7.183746
112287915008	112287811072	103936	512	8.737232
34701843968	34701776384	67584	512	9.923320
48889918976	48889830912	88064	512	0.424362
25639795712	25639693824	101888	512	9.290312
19462621184	19462542336	78848	512	9.607450
84712459264	84712371712	87552	512	0.533691
33712668672	33712571392	97280	512	9.077656
10957388800	10957277696	111104	512	9.202559
69164478976	69164380160	98816	512	0.475395
137482157056	137482029568	127488	512	0.412520
39179341312	39179238912	102400	512	9.236916
140477971456	140477879808	91648	512	8.603331
73335996416	73335866368	130048	512	8.514842
96753790464	96753700864	89600	512	0.451808
38271245312	38271174656	70656	512	9.862900
143987572736	143987496960	75776	512	8.647683
158552911872	158552836608	75264	512	8.645308
119535018496	119534946816	71680	512	9.359777
62239714304	62239614976	99328	512	9.202849
41412379648	41412282880	96768	512	9.362675
147522101248	147522003456	97792	512	8.186603
135822824960	135822718464	106496	512	8.232986
51559603200	51559512064	91136	512	9.124188
154187876352	154187755520	120832	512	7.464247
93768708608	93768608768	99840	512	8.968106
96145746944	96145651200	95744	512	9.123998
75825729536	75825651200	78336	512	0.433500
121773314048	121773197824	116224	512	8.361581
90258523136	90258409472	113664	512	7.006696
98826003456	98825931264	72192	512	9.514047
73676538880	73676444672	94208	512	7.493046
39165245440	39165130240	115200	512	7.254922
114727836160	114727729664	106496	512	6.857284
6500326912	6500257792	69120	512	0.402048
40560007168	40559902208	104960	512	7.446074
56398152192	56398066688	85504	512	0.452898
87425257472	87425146368	111104	512	8.827493
33212168192	33212049408	118784	512	6.835508
108358373376	108358294528	78848	512	0.432344
120970104320	120969979904	124416	512	8.163821
18405509120	18405414400	94720	512	9.469534
114950771712	114950648832	122880	512	8.203759
75910432768	75910319104	113664	512	8.865360
43574221824	43574152704	69120	512	9.927215
123419402752	123419312128	90624	512	9.076753
119903171072	119903056384	114688	512	7.827610
68600472064	68600360960	111104	512	8.991248
149123664384	149123581440	82944	512	8.579151
12955024384	12954893312	131072	512	8.910925
40289817088	40289690624	126464	512	0.494248
83346570752	83346466304	104448	512	0.435920
14818163200	14818095104	68096	512	8.110038
137673029632	137672911872	117760	512	7.447930
35050795520	35050670080	125440	512	8.431754
28723493888	28723367936	125952	512	8.937798
35807308800	35807186944	121856	512	7.138423
58821350912	58821266944	83968	512	0.487164
50678838272	50678759424	78848	512	7.663942
89507158528	89507081216	77312	512	0.437649
69844884992	69844803584	81408	512	0.441399
98013025792	98012898816	126976	512	0.445201
133979592704	133979507200	85504	512	7.044124
41817299456	41817177088	122368	512	8.584216
125449130496	125449019904	110592	512	6.026897
20306253312	20306169344	83968	512	9.672446
39932886528	39932774912	111616	512	9.172444
85398821888	85398724096	97792	512	8.816706
137988679680	137988569600	110080	512	8.194860
32958863872	32958745600	118272	512	7.245812
32848012288	32847886848	125440	512	8.882851
31890178048	31890076672	101376	512	9.022324
155524390912	155524277248	113664	512	5.405732
110009654784	110009588224	66560	512	9.386199
24900094976	24900000768	94208	512	9.257058
133040956416	133040856064	100352	512	0.453622
36621376000	36621288448	87552	512	9.282482
23477092864	23477000704	92160	512	7.499272
140239050240	140238935040	115200	512	6.010221
13479414272	13479286784	127488	512	9.011400
131893408768	131893342720	66048	512	0.403545
90579405312	90579308544	96768	512	8.729739
103461495296	103461404160	91136	512	6.920373
60685054464	60684969472	84992	512	7.491872
94487498752	94487418368	80384	512	9.377409
129741869568	129741756416	113152	512	7.753498
147330977280	147330857472	119808	512	7.090451
80333158912	80333088256	70656	512	9.732318
118719884800	118719785984	98816	512	8.723717
142469217280	142469108736	108544	512	8.090113
137537207296	137537104384	102912	512	8.349836
96782714368	96782597120	117248	512	6.808519
46952590336	46952502272	88064	512	9.230695
122246350848	122246234624	116224	512	8.381022
13953739776	13953666048	73728	512	8.123072
33952870912	33952744448	126464	512	7.059213
128994495488	128994414592	80896	512	9.123302
77303346176	77303243264	102912	512	9.098901
136689516032	136689386496	129536	512	5.920278
149220302848	149220236800	66048	512	9.206737
26519326208	26519216128	110080	512	8.935196
54498157056	54498055680	101376	512	0.483923
143207133184	143207025152	108032	512	8.027604
89228717568	89228618752	98816	512	6.937728
132365087232	132365009408	77824	512	7.030160
137737015808	137736936448	79360	512	8.952015
97156047872	97155941888	105984	512	7.077087
60482551296	60482423808	127488	512	8.364027
80090322944	80090241024	81920	512	9.504707
101275935744	101275867136	68608	512	0.430995
46482684416	46482593280	91136	512	9.207673
74371412480	74371293184	119296	512	8.759038
57883500032	57883410432	89600	512	9.451243
91379217920	91379115008	102912	512	8.977925
134272078336	134271981568	96768	512	8.621182
101375665152	101375559168	105984	512	8.755523
16657122816	16657054720	68096	512	9.796486
74975603712	74975520256	83456	512	7.693399
5450336768	5450247168	89600	512	9.588481
57949878784	57949757440	121344	512	8.476487
9596981248	9596865024	116224	512	7.416946
42267181568	42267072512	109056	512	8.800745
54451790848	54451688448	102400	512	9.200242
17327075328	17327008768	66560	512	9.804531
47121037824	47120968192	69632	512	0.358928
76388956160	76388875264	80896	512	0.450853
11401633792	11401530880	102912	512	9.064573
121862137856	121862031872	105984	512	6.726200
79784650240	79784558080	92160	512	9.233461
123058532864	123058435584	97280	512	8.319429
53283044864	53282921472	123392	512	6.608036
133747188224	133747113472	74752	512	8.824946
50383328256	50383242752	85504	512	9.601040
67208809472	67208684032	125440	512	8.463691
19480419328	19480288256	131072	512	8.626101
32101056000	32100983808	72192	512	9.615702
62815585280	62815502336	82944	512	0.474218
82476877824	82476810752	67072	512	0.414385
37749087232	37748994048	93184	512	9.140879
141735877120	141735746560	130560	512	7.511357
123741550080	123741433344	116736	512	8.321845
98800526848	98800440320	86528	512	9.211032
139023588864	139023480832	108032	512	8.246353
150391773184	150391687168	86016	512	8.113300
29735651328	29735562752	88576	512	9.616361
50732499968	50732414976	84992	512	0.420767
11340268032	11340190208	77824	512	9.637457
26289010688	26288907776	102912	512	0.449678
42341669888	42341573120	96768	512	9.363642
73306981376	73306886144	95232	512	9.239310
90174670336	90174569984	100352	512	8.652121
60550666752	60550584320	82432	512	7.681228
153196237312	153196128256	109056	512	7.605951
114869872128	114869787136	84992	512	8.800120
155753925632	155753847808	77824	512	8.416486
111965273088	111965150208	122880	512	8.270519
91406051328	91405959168	92160	512	9.229180
36489472512	36489386496	86016	512	7.783331
41807967232	41807859712	107520	512	8.866745
86442123264	86441997312	125952	512	6.761188
145675182592	145675103744	78848	512	8.461296
103430786560	103430720000	66560	512	9.344181
23068638720	23068546560	92160	512	7.690744
123529102848	123528977920	124928	512	7.526300
76701662208	76701560320	101888	512	9.146281
22239556608	22239432192	124416	512	9.020761
94789224448	94789094912	129536	512	6.110885
115055463424	115055376896	86528	512	9.166999
123073197568	123073068544	129024	512	8.007755
70217497600	70217401344	96256	512	9.274367
106682578432	106682457088	121344	512	8.394033
5200434688	5200325632	109056	512	9.271960
35166581760	35166454784	126976	512	0.513510
68687914496	68687834624	79872	512	0.483618
123605369344	123605268480	100864	512	0.405169
13796646912	13796552704	94208	512	9.345708
159274439168	159274310656	128512	512	6.201104
150377517568	150377409536	108032	512	7.363901
29794218496	29794118656	99840	512	9.113070
44354358272	44354283008	75264	512	0.461092
34226082304	34225980928	101376	512	9.291586
21440495104	21440412672	82432	512	7.865597
39239098880	39239012352	86528	512	9.589768
129112193024	129112108544	84480	512	6.819181
131177313280	131177235968	77312	512	9.137643
99344681984	99344580608	101376	512	8.903154
57876534784	57876441088	93696	512	7.576872
105934431744	105934342656	89088	512	8.731068
80562615808	80562525696	90112	512	9.282582
128291658240	128291591168	67072	512	0.399919
8283752448	8283664896	87552	512	9.425369
44987037696	44986915840	121856	512	0.411466
17042693120	17042586624	106496	512	9.355463
146878393344	146878316032	77312	512	8.594770
119287938560	119287836672	101888	512	6.948912
75523966976	75523881984	84992	512	9.467055
94855168512	94855074304	94208	512	7.380683
137683402240	137683302912	99328	512	8.485171
55790621696	55790518272	103424	512	8.827624
138756447232	138756371456	75776	512	9.106596
140640757760	140640672768	84992	512	8.750441
158780002816	158779901952	100864	512	6.026252
49912098304	49911973376	124928	512	8.824694
91869548544	91869420544	128000	512	8.394866
65153282560	65153169920	112640	512	8.948304
38723766272	38723652608	113664	512	7.275989
24923006464	24922937856	68608	512	9.850058
159531664896	159531587072	77824	512	8.361722
21435956224	21435877888	78336	512	9.753344
87753637376	87753531392	105984	512	8.949856
19226821120	19226723328	97792	512	9.210223
41324674560	41324586496	88064	512	0.441252
50181883904	50181803008	80896	512	0.471128
133585106432	133584996352	110080	512	0.396255
40976080384	40975966208	114176	512	9.096702
4809054208	4808927232	126976	512	7.235805
38581573120	38581486592	86528	512	0.404086
108219052032	108218958336	93696	512	8.495921
55765597696	55765512704	84992	512	9.544240
44532314624	44532218880	95744	512	0.420934
54628942848	54628813824	129024	512	0.440069
44662000640	44661911552	89088	512	0.495509
132202954240	132202845696	108544	512	7.862638
34081099264	34081006080	93184	512	9.525621
103180465664	103180356096	109568	512	8.581178
117488478208	117488349184	129024	512	8.135689
108022660608	108022573568	87040	512	7.035712
29193784320	29193698816	85504	512	9.613908
84900005888	84899878912	126976	512	6.815564
60215683072	60215567872	115200	512	8.978612
34545181184	34545062912	118272	512	9.053553
12936997888	12936891392	106496	512	9.362917
104290229248	104290147328	81920	512	0.490613
122793699328	122793618944	80384	512	9.138594
94087808512	94087704576	103936	512	8.958714
62613212160	62613089280	122880	512	8.314461
147209269248	147209195520	73728	512	8.987697
151234873344	151234749952	123392	512	7.383733
95601396736	95601319424	77312	512	0.437870
64579481088	64579379200	101888	512	0.493963
131062728192	131062659072	69120	512	0.483322
46326369280	46326289408	79872	512	9.630865
136282755584	136282684928	70656	512	0.424047
125478883840	125478807040	76800	512	0.411510
114305007104	114304905728	101376	512	8.778772
34236231680	34236118016	113664	512	9.004905
34575809536	34575692800	116736	512	8.695009
60960445952	60960366080	79872	512	0.455285
131673864192	131673793024	71168	512	0.451029
57819788800	57819661824	126976	512	8.617685
12512486912	12512369664	117248	512	9.215962
95517326848	95517248512	78336	512	9.155283
138329494528	138329416704	77824	512	9.010674
112717184512	112717098496	86016	512	9.169016
10504761856	10504656384	105472	512	9.269047
76201330176	76201225216	104960	512	9.036258
123948781568	123948692992	88576	512	8.921786
72984987136	72984897024	90112	512	9.045501
103542267392	103542154240	113152	512	8.547036
89974165504	89974038016	127488	512	8.401268
3455348224	3455278592	69632	512	7.987598
134133084160	134132978176	105984	512	8.317039
133434535424	133434426880	108544	512	6.021532
93550811648	93550699008	112640	512	8.749022
78076612096	78076491776	120320	512	8.236847
20342733824	20342632448	101376	512	9.445186
157425974784	157425850368	124416	512	6.366005
88085775872	88085682688	93184	512	8.838173
157594414592	157594338816	75776	512	5.331695
35840657920	35840549376	108544	512	7.415911
134430560256	134430433280	126976	512	7.771274
137781212160	137781110272	101888	512	8.349575
117120348160	117120246784	101376	512	8.777143
83270653952	83270559232	94720	512	9.215189
25305522688	25305438208	84480	512	9.734966
94893614080	94893507584	106496	512	8.815823
133140509696	133140412416	97280	512	8.111260
159376706048	159376613376	92672	512	7.570963
98559645696	98559550976	94720	512	9.093145
107268052480	107267978752	73728	512	9.408841
89648642560	89648545280	97280	512	8.737522
33952471552	33952401920	69632	512	9.841612
141759745536	141759620608	124928	512	7.683884
153068693504	153068591616	101888	512	6.089106
25903841792	25903773696	68096	512	10.031132
113902693888	113902569472	124416	512	8.261806
133461263872	133461186560	77312	512	8.759529
53986655232	53986562560	92672	512	9.315746
21694646784	21694538752	108032	512	9.216020
116056794112	116056701440	92672	512	0.428496
94128463360	94128348672	114688	512	6.846189
148298633728	148298554368	79360	512	0.386608
151281390592	151281271808	118784	512	6.780888
108795795968	108795723264	72704	512	9.485818
109861435904	109861361152	74752	512	9.475758
86408071680	86407977984	93696	512	9.212283
49581694976	49581626880	68096	512	9.669318
23657320960	23657223168	97792	512	9.467606
90852808192	90852688384	119808	512	8.669166
71679738368	71679634432	103936	512	9.113653
44066393088	44066273792	119296	512	8.572960
5028981248	5028912640	68608	512	0.577977
117373015040	117372928512	86528	512	9.026603
101207342080	101207264768	77312	512	7.654219
103292877312	103292768768	108544	512	8.698570
119202006528	119201922048	84480	512	9.070223
140087693824	140087620096	73728	512	7.234802
155287476224	155287365120	111104	512	5.485545
153003469312	153003400704	68608	512	9.068078
58987856384	58987744256	112128	512	8.679540
128746755072	128746641408	113664	512	8.197957
133569074176	133568966144	108032	512	8.250047
76992920576	76992822272	98304	512	9.081364
77278502912	77278383616	119296	512	8.463631
124253451776	124253343744	108032	512	8.503525
69837485056	69837384704	100352	512	9.166509
131510251520	131510152704	98816	512	0.407330
123954577408	123954504704	72704	512	9.303526
158578604544	158578514432	90112	512	8.015870
49558565888	49558444544	121344	512	8.986660
111921447936	111921345024	102912	512	6.595966
5044756480	5044685824	70656	512	9.867094
111428689408	111428597248	92160	512	0.389099
109905548800	109905477120	71680	512	0.457915
47454689792	47454611968	77824	512	7.905639
39265174016	39265093632	80384	512	9.671179
87942948352	87942866944	81408	512	0.448812
15227148288	15227032064	116224	512	8.883761
74099864064	74099741696	122368	512	8.689637
30986151424	30986082304	69120	512	9.792574
145712549376	145712458752	90624	512	8.525083
419053056	418962432	90624	512	9.563320
95245232640	95245160448	72192	512	0.466875
38792612864	38792542720	70144	512	9.905914
15433848832	15433761792	87040	512	9.438654
23220626432	23220533248	93184	512	0.461345
28086838784	28086747648	91136	512	0.498813
38118674944	38118559232	115712	512	0.465777
140437348864	140437244928	103936	512	5.857262
33057942016	33057850368	91648	512	9.450385
77851607552	77851526656	80896	512	0.393970
34432818176	34432710656	107520	512	9.259148
156946432	156838400	108032	512	9.300826
59068707840	59068589568	118272	512	8.874525
69631884800	69631810048	74752	512	0.487623
135551157760	135551078912	78848	512	9.008040
71292075520	71292008448	67072	512	9.823139
45408599552	45408524800	74752	512	9.510126
51817807360	51817702400	104960	512	9.128401
42524061696	42523934720	126976	512	8.825566
121608801792	121608723456	78336	512	0.431198
88489085440	88488960512	124928	512	6.241625
12063677952	12063604736	73216	512	9.699086
36861328896	36861239808	89088	512	0.424877
24261025280	24260915200	110080	512	7.419325
105722140672	105722035200	105472	512	8.155637
2922250240	2922172416	77824	512	9.856276
11633781760	11633653248	128512	512	8.663554
66011394560	66011265536	129024	512	8.656218
5810513920	5810399744	114176	512	0.425639
108667626496	108667539968	86528	512	9.121769
127810870272	127810788352	81920	512	8.633848
116091725312	116091622912	102400	512	8.769444
41073768448	41073650176	118272	512	9.073344
45238274048	45238208000	66048	512	0.446839
49869835776	49869723136	112640	512	9.055968
74123205632	74123076608	129024	512	8.465806
65194093056	65194008064	84992	512	9.579332
80314675200	80314560512	114688	512	8.830554
70535479296	70535356928	122368	512	8.279231
70187111424	70187001856	109568	512	9.019121
98719407616	98719294464	113152	512	6.943176
128425654272	128425585664	68608	512	9.314994
51743323136	51743244800	78336	512	9.411235
82474617856	82474540032	77824	512	0.424025
124670489600	124670385664	103936	512	8.029654
59797487616	59797395456	92160	512	9.402463
40602839552	40602760704	78848	512	9.700288
128154510848	128154444288	66560	512	7.318072
31669168640	31669078528	90112	512	9.199641
77361728512	77361641984	86528	512	0.517686
30564966912	30564875264	91648	512	9.509594
91679179264	91679071744	107520	512	8.835726
105933300224	105933195776	104448	512	6.573229
95126927360	95126842880	84480	512	8.991021
149358213632	149358130176	83456	512	8.725083
124711870464	124711767040	103424	512	6.768803
64873683968	64873569280	114688	512	8.525514
135308903936	135308784640	119296	512	7.955179
82509673984	82509586944	87040	512	9.376072
140177833472	140177746944	86528	512	0.423407
46883042816	46882955776	87040	512	9.553243
79573898752	79573807104	91648	512	0.464126
42406203904	42406133760	70144	512	9.881098
63923076608	63922987008	89600	512	9.361745
145080873984	145080753152	120832	512	7.649008
93927794176	93927693312	100864	512	8.943737
133037305344	133037175296	130048	512	5.953019
150316875776	150316795392	80384	512	8.633591
59655623168	59655505408	117760	512	6.750413
53214624256	53214510592	113664	512	9.001483
34994818560	34994714624	103936	512	9.299982
35611558912	35611467776	91136	512	0.440339
37456196096	37456086528	109568	512	9.212982
78616907264	78616809472	97792	512	0.436268
66455490048	66455400448	89600	512	9.406091
40081819648	40081730560	89088	512	7.759437
157786870272	157786740224	130048	512	4.863625
145703100928	145703015936	84992	512	8.649387
2529153024	2529032704	120320	512	8.841812
52662775296	52662668288	107008	512	7.311824
29166220800	29166140416	80384	512	9.719863
39878244864	39878135808	109056	512	0.425095
60133773824	60133676544	97280	512	9.254734
138092606976	138092494848	112128	512	5.822987
80710670848	80710545920	124928	512	8.644987
112935088640	112935017472	71168	512	9.196200
74291820544	74291701760	118784	512	8.801868
55668711424	55668639232	72192	512	9.760731
143025069568	143024970752	98816	512	8.362246
121272257536	121272187392	70144	512	9.476580
85184749056	85184662528	86528	512	9.089122
151512082944	151511997952	84992	512	8.450451
51597616640	51597515264	101376	512	9.173881
134753773568	134753701376	72192	512	9.250893
154878682624	154878583808	98816	512	7.152548
32399685120	32399567360	117760	512	9.091775
123318595072	123318495744	99328	512	8.704724
57111782912	57111671808	111104	512	6.927083
58876678144	58876554752	123392	512	8.767067
8997815296	8997742592	72704	512	9.738694
108052764672	108052639232	125440	512	7.782405
80438723584	80438635520	88064	512	9.026410
35094895104	35094768128	126976	512	8.864472
28690166784	28690053632	113152	512	9.186384
77076136960	77076055040	81920	512	9.204125
98185421824	98185319936	101888	512	8.945903
111548540416	111548463616	76800	512	7.261917
70880928768	70880853504	75264	512	9.697862
117917544960	117917478400	66560	512	7.504334
54320653824	54320535040	118784	512	6.728035
26109621248	26109549568	71680	512	9.873276
128886085120	128885962240	122880	512	6.174788
155408605184	155408493056	112128	512	7.308863
54005663744	54005556736	107008	512	7.319218
135311950848	135311873024	77824	512	0.433140
142402341376	142402248704	92672	512	8.067149
105997414400	105997294080	120320	512	8.354725
56392584192	56392484864	99328	512	7.487870
54677419520	54677290496	129024	512	8.718245
111030484992	111030403072	81920	512	7.134494
16995394048	16995269632	124416	512	9.123328
108876747264	108876619776	127488	512	8.188452
92332320768	92332194304	126464	512	6.736080
60821501440	60821377024	124416	512	7.022939
50361300480	50361209344	91136	512	9.435811
136155707904	136155613696	94208	512	8.152620
82503564288	82503460864	103424	512	9.058572
10716220928	10716099072	121856	512	9.011737
12145691136	12145572352	118784	512	0.479683
123797349376	123797252608	96768	512	6.924670
119675449344	119675357184	92160	512	8.893268
36216293376	36216187392	105984	512	9.225554
38361276416	38361167360	109056	512	9.237982
110217686528	110217582592	103936	512	8.735545
3476826112	3476700672	125440	512	8.736152
140525528064	140525417472	110592	512	7.940495
10984445952	10984350720	95232	512	9.385011
23463123456	23463042048	81408	512	0.427219
106625335296	106625230336	104960	512	0.945925
100706893824	100706791424	102400	512	8.537312
125853945856	125853836288	109568	512	6.561368
137952634880	137952506368	128512	512	7.111993
131930053120	131929924096	129024	512	6.032177
145687707136	145687592960	114176	512	6.074309
154793421824	154793302528	119296	512	5.362215
79763838464	79763757568	80896	512	9.482273
142713878016	142713778176	99840	512	7.833430
131460177408	131460063744	113664	512	6.453390
12898281472	12898189824	91648	512	7.763987
156407694848	156407592448	102400	512	5.226965
316781056	316665856	115200	512	7.475047
22108864512	22108797440	67072	512	0.446429
75106919936	75106794496	125440	512	6.848068
149153921024	149153826304	94720	512	6.036918
70249484288	70249407488	76800	512	0.496013
121472139776	121472066048	73728	512	0.439904
26384811008	26384689664	121344	512	8.998831
39118777344	39118686208	91136	512	0.414248
104244195328	104244111872	83456	512	7.452348
10810361344	10810260480	100864	512	9.437606
106623649280	106623536128	113152	512	8.134111
20416029184	20415905280	123904	512	8.772423
139048030720	139047929344	101376	512	8.437913
114504059904	114503945216	114688	512	7.914055
85849614336	85849546240	68096	512	9.768095
103884273664	103884178944	94720	512	8.958660
84661982208	84661883392	98816	512	9.137352
149103580160	149103496704	83456	512	8.525885
131412691456	131412608000	83456	512	8.613113
103751741440	103751639552	101888	512	8.737536
108064791040	108064683008	108032	512	6.489305
138050550784	138050445824	104960	512	8.258671
103913295872	103913168384	127488	512	8.203124
118859901440	118859788288	113152	512	8.406469
119364739072	119364642304	96768	512	8.740483
72290067968	72289987072	80896	512	9.568916
97267127808	97267026432	101376	512	0.411961
59050607616	59050512384	95232	512	9.291099
64304793088	64304695808	97280	512	7.466414
47785259520	47785149440	110080	512	9.175924
15964380672	15964276736	103936	512	9.276293
3257049600	3256968704	80896	512	9.572525
49133555712	49133478912	76800	512	0.434215
154862813184	154862719488	93696	512	7.353127
128244369408	128244268032	101376	512	8.556722
20065067008	20064964096	102912	512	9.317420
63466494464	63466426368	68096	512	9.792767
70049025536	70048895488	130048	512	0.431873
108299244544	108299117056	127488	512	8.301157
6768377344	6768248320	129024	512	9.004202
156614559232	156614455296	103936	512	5.782100
94188797440	94188676608	120832	512	6.378818
88683839488	88683756032	83456	512	9.067941
64766451712	64766325760	125952	512	8.698746
72824501248	72824414720	86528	512	0.442053
18653466624	18653367808	98816	512	9.424467
149898161664	149898094080	67584	512	9.173493
111462932992	111462806528	126464	512	6.559709
155565572608	155565458944	113664	512	6.521250
117521736704	117521639424	97280	512	7.023971
1525571072	1525457920	113152	512	8.919130
122667419136	122667321344	97792	512	8.686932
86956290560	86956203520	87040	512	8.962774
78637602816	78637519872	82944	512	9.140946
5243375616	5243254272	121344	512	9.085339
31599774720	31599701504	73216	512	0.473122
2177287168	2177181696	105472	512	9.404303
45256486400	45256397312	89088	512	0.457403
28742017536	28741892608	124928	512	8.893106
119240094208	119240009216	84992	512	0.420102
126210258944	126210189312	69632	512	9.358860
135445210624	135445128704	81920	512	7.203876
51968579072	51968487936	91136	512	9.157507
136166767616	136166667264	100352	512	7.985117
137069071360	137068992512	78848	512	8.647117
93723607040	93723511808	95232	512	9.128048
12683299840	12683181056	118784	512	9.090721
79926257152	79926170624	86528	512	0.546734
328811008	328711168	99840	512	9.214205
125056408064	125056312320	95744	512	8.748774
141383639552	141383530496	109056	512	7.995363
25917788160	25917711360	76800	512	9.759704
123588131328	123588030976	100352	512	8.712292
59232622592	59232506368	116224	512	8.564550
65100626944	65100532224	94720	512	8.991418
158095474176	158095370752	103424	512	5.941938
122659189760	122659077120	112640	512	6.571878
139952002048	139951877632	124416	512	7.541118
118578009600	118577901056	108544	512	7.986443
62548315136	62548247040	68096	512	9.793050
69228113920	69228009984	103936	512	0.452955
94857139200	94857052672	86528	512	0.441862
27967500800	27967382528	118272	512	9.070019
126364883968	126364814848	69120	512	7.597626
15457840128	15457733120	107008	512	9.089278
53649757184	53649655296	101888	512	7.458474
107050774016	107050683392	90624	512	9.040732
147368685056	147368610816	74240	512	8.946158
34052852224	34052763136	89088	512	9.686515
26597890048	26597817856	72192	512	9.848325
53550386176	53550262272	123904	512	6.976446
72373198848	72373083136	115712	512	8.522786
111324973056	111324889600	83456	512	9.185560
19328457216	19328362496	94720	512	9.480587
152110173696	152110053888	119808	512	7.554712
73960928768	73960833536	95232	512	7.443370
1119865344	1119742976	122368	512	8.987385
157595770880	157595698688	72192	512	6.979547
138059329024	138059217408	111616	512	6.308353
12440701952	12440590336	111616	512	9.146045
56908221440	56908113920	107520	512	9.086534
843310592	843208192	102400	512	9.111978
73943421440	73943290368	131072	512	6.789022
82073289216	82073158144	131072	512	8.523159
99299971072	99299898880	72192	512	9.594545
144236892160	144236805120	87040	512	0.457457
122264573440	122264492544	80896	512	9.244013
2437348352	2437226496	121856	512	9.116335
139852445184	139852331520	113664	512	5.614705
106170194432	106170069504	124928	512	8.371113
125106330624	125106205696	124928	512	7.883462
22462977536	22462861312	116224	512	9.193550
99043433472	99043364352	69120	512	7.581091
87735739392	87735622144	117248	512	8.238342
88408261632	88408163328	98304	512	7.255925
57295778304	57295696384	81920	512	9.339630
157398508544	157398406656	101888	512	7.780054
59954606592	59954509824	96768	512	9.349298
64221425152	64221324800	100352	512	7.361774
79233929216	79233812992	116224	512	8.383213
159262027264	159261913088	114176	512	5.030030
128242679808	128242583552	96256	512	8.651886
4204410880	4204313088	97792	512	9.269769
21904429056	21904307200	121856	512	7.185495
22041860608	22041787904	72704	512	0.399070
123579273216	123579190272	82944	512	9.175662
77422691328	77422567424	123904	512	8.655356
144518803456	144518672384	131072	512	5.574245
134813083136	134813007872	75264	512	7.078211
127066857472	127066767360	90112	512	8.943239
83677270528	83677191168	79360	512	0.508828
26006262272	26006150656	111616	512	9.247925
45624194560	45624103936	90624	512	0.429378
122734121984	122734037504	84480	512	0.483595
90808967680	90808838656	129024	512	8.477131
67503920640	67503825408	95232	512	0.425529
118012700160	118012615680	84480	512	0.489653
54267439104	54267340288	98816	512	0.490074
29193269760	29193161216	108544	512	9.212717
45973666304	45973550592	115712	512	0.435211
70472627712	70472537088	90624	512	0.443766
51451084288	51450983424	100864	512	9.319959
117909111808	117908995584	116224	512	6.114358
55903363072	55903288832	74240	512	9.690656
16740837888	16740762112	75776	512	9.775872
154773738496	154773615616	122880	512	5.306498
10618558464	10618438656	119808	512	8.797432
109282453504	109282383872	69632	512	9.272919
39637982720	39637910016	72704	512	9.829642
105526513152	105526446592	66560	512	0.490178
15049911296	15049825280	86016	512	9.639573
79563493888	79563425792	68096	512	7.970446
50503611392	50503497216	114176	512	6.930028
30317078528	30316982784	95744	512	9.462873
42008904704	42008791552	113152	512	8.698230
86182813184	86182709760	103424	512	8.654702
79179992064	79179889664	102400	512	9.007790
112437232640	112437120000	112640	512	8.053791
16774994944	16774892032	102912	512	9.425490
101525785088	101525708288	76800	512	0.443582
50960753664	50960684032	69632	512	9.769721
140687933440	140687849984	83456	512	6.902860
28951344640	28951256064	88576	512	7.772576
56111781888	56111694848	87040	512	0.419761
67396640256	67396526080	114176	512	0.385937
31638511616	31638404096	107520	512	7.114527
53856694272	53856591872	102400	512	9.156828
75088717824	75088616960	100864	512	7.319060
95542327808	95542255104	72704	512	9.328401
104379793408	104379706880	86528	512	9.175733
42649988096	42649876480	111616	512	9.177547
58112636928	58112551936	84992	512	7.495440
148386379776	148386271232	108544	512	5.550935
144025674240	144025556480	117760	512	7.861045
28923579392	28923495936	83456	512	9.612491
100455254528	100455180800	73728	512	0.403502
89677796864	89677673984	122880	512	6.861962
5445100544	5444996608	103936	512	9.344414
64944466432	64944349696	116736	512	8.910521
123663949312	123663851008	98304	512	6.921716
59422390272	59422305792	84480	512	9.364453
20159908352	20159831040	77312	512	9.877048
127413365760	127413253120	112640	512	8.373901
1943475200	1943348224	126976	512	9.083322
111769434112	111769344000	90112	512	9.055231
157729157120	157729086464	70656	512	8.807239
86124793344	86124689408	103936	512	8.966245
73846295552	73846169088	126464	512	8.576372
30933793792	30933685760	108032	512	8.991190
45637277696	45637160448	117248	512	6.875105
39439782400	39439659008	123392	512	8.988007
52625671168	52625541632	129536	512	8.293105
158318567936	158318462976	104960	512	7.649189
131960111104	131959993344	117760	512	8.123270
48971175936	48971102720	73216	512	7.954530
55709122048	55709018624	103424	512	0.796457
45100730368	45100616704	113664	512	7.343283
137296997376	137296891392	105984	512	8.207719
29633839104	29633722880	116224	512	9.084538
141314439680	141314358272	81408	512	8.833302
70844551168	70844449792	101376	512	9.172818
149484648448	149484533760	114688	512	7.823952
145504937984	145504848384	89600	512	0.427534
149687571968	149687476224	95744	512	7.692832
35205044224	35204942848	101376	512	9.491838
58091496960	58091386880	110080	512	9.065385
63740629504	63740537856	91648	512	0.719825
49844007936	49843894272	113664	512	6.920253
59539055616	59538975232	80384	512	9.643251
101939926016	101939800064	125952	512	8.339762
133565677056	133565588480	88576	512	8.759771
106520122368	106520019968	102400	512	8.763367
57868677120	57868605952	71168	512	7.985587
109090571776	109090442752	129024	512	7.720967
14480239104	14480124928	114176	512	8.968433
71731262976	71731167744	95232	512	0.438833
142925725184	142925618176	107008	512	7.571517
87801133056	87801046528	86528	512	7.555229
132992129536	132992059904	69632	512	8.997438
157283473920	157283349504	124416	512	7.017449
142790495744	142790406656	89088	512	8.537440
18330020864	18329923584	97280	512	9.270620
39512582656	39512463360	119296	512	0.823647
7305125376	7305033728	91648	512	7.595089
110107516416	110107401216	115200	512	6.662552
43904139264	43904011264	128000	512	8.830279
66602335232	66602236928	98304	512	7.420413
95282103296	95282008064	95232	512	7.259014
65633701888	65633613312	88576	512	9.430030
85468854272	85468773888	80384	512	9.508826
11807067648	11806961664	105984	512	7.568433
67189656576	67189553664	102912	512	0.426517
108817769472	108817663488	105984	512	8.818059
155761930240	155761811968	118272	512	5.289077
81126720512	81126611456	109056	512	8.966342
31002940416	31002859008	81408	512	9.694308
16544078336	16544008192	70144	512	9.973143
65269574144	65269496320	77824	512	0.443916
54364346880	54364272128	74752	512	9.699041
135189594112	135189465088	129024	512	7.782279
135099150848	135099072000	78848	512	6.922224
90284344320	90284220928	123392	512	8.578929
77637947904	77637846016	101888	512	8.694863
131470609408	131470527488	81920	512	8.988044
138601826816	138601727488	99328	512	8.454875
27907015168	27906924544	90624	512	9.277983
21487086080	21486994432	91648	512	9.484893
151879104512	151879000064	104448	512	10.261240
36735779840	36735681024	98816	512	9.415148
106015514624	106015436800	77824	512	0.400010
122145743872	122145667072	76800	512	9.232561
155306412032	155306314240	97792	512	7.768593
6316555776	6316445184	110592	512	9.013386
91903025152	91902906880	118272	512	6.430884
28586434560	28586344448	90112	512	9.594177
72023554048	72023459328	94720	512	0.438158
32665795584	32665694208	101376	512	7.491896
98400133632	98400020480	113152	512	8.648684
61779566080	61779466752	99328	512	8.945793
149564590592	149564462592	128000	512	6.658608
62678456832	62678352896	103936	512	9.107665
121182192640	121182097408	95232	512	8.833159
122935033344	122934962176	71168	512	9.436139
105098780160	105098680320	99840	512	8.923045
133537176064	133537090048	86016	512	8.844311
89134450688	89134353408	97280	512	9.107730
156358843904	156358739968	103936	512	7.563130
71464194560	71464086528	108032	512	9.069314
32155483136	32155403264	79872	512	9.650633
127020518912	127020431872	87040	512	8.449730
61659103232	61659003904	99328	512	9.166281
134992701952	134992582144	119808	512	8.001236
19530604032	19530486272	117760	512	8.813705
130387588608	130387492352	96256	512	8.672790
54648448000	54648357376	90624	512	9.382963
123403100672	123402998272	102400	512	8.669544
117412741632	117412638720	102912	512	6.487231
156172123648	156172030464	93184	512	7.356476
120301054464	120300944384	110080	512	8.488604
50626730496	50626641408	89088	512	9.563153
54685927424	54685860864	66560	512	0.412658
113041491968	113041381376	110592	512	8.574793
102433058816	102432933888	124928	512	8.360768
150940546560	150940434432	112128	512	6.133146
60413177856	60413069824	108032	512	9.068077
110138176512	110138061824	114688	512	6.686441
144932894720	144932792320	102400	512	8.225250
158360924672	158360851456	73216	512	8.601791
116940781568	116940653056	128512	512	8.174158
40873509376	40873435648	73728	512	9.808991
92321899008	92321823232	75776	512	7.444731
79490355200	79490284032	71168	512	9.706783
37226259456	37226164224	95232	512	9.463149
79976804352	79976718848	85504	512	0.437887
115239341056	115239264256	76800	512	0.444262
34829873152	34829800960	72192	512	9.579686
55956549632	55956443136	106496	512	0.466925
101674139648	101674022400	117248	512	8.654776
116070136320	116070062592	73728	512	9.419208
112073912320	112073802240	110080	512	8.116635
153776053248	153775923200	130048	512	7.195160
119472419328	119472348160	71168	512	7.595698
154968983552	154968884224	99328	512	7.711930
90758771712	90758685696	86016	512	8.989099
91734682624	91734615552	67072	512	7.702522
87368492544	87368381952	110592	512	6.980960
133548939264	133548819456	119808	512	6.172085
27565692928	27565594112	98816	512	9.336113
47133424640	47133343232	81408	512	7.830836
146991905280	146991833600	71680	512	8.998301
103614793728	103614690304	103424	512	8.321499
12470181376	12470066688	114688	512	9.214991
93832949248	93832873984	75264	512	0.471628
91328737280	91328619008	118272	512	0.436907
17708768256	17708685824	82432	512	9.738431
159404631040	159404529152	101888	512	0.473853
158659658240	158659577344	80896	512	8.471111
71721650176	71721563648	86528	512	9.467590
159349075968	159348985856	90112	512	7.925284
40655424512	40655331840	92672	512	9.190975
138431583744	138431453184	130560	512	7.683943
73169068544	73168993280	75264	512	9.645620
10746577920	10746485248	92672	512	9.530060
25699857920	25699737600	120320	512	9.099572
78287195136	78287067648	127488	512	8.106580
89388424192	89388307456	116736	512	8.616029
154831584256	154831460352	123904	512	5.071998
59233001984	59232916480	85504	512	9.237161
155203085312	155202982400	102912	512	5.784125
7929116672	7929004032	112640	512	9.254472
29424915456	29424830464	84992	512	0.432352
31369211904	31369124352	87552	512	0.473976
131958668800	131958578176	90624	512	0.487786
10297701888	10297605632	96256	512	9.503998
79175986688	79175912448	74240	512	0.414528
156617448960	156617355776	93184	512	7.885859
146810435584	146810312704	122880	512	7.593310
107711518208	107711418368	99840	512	8.462025
55354206720	55354081792	124928	512	6.609793
38838849024	38838778880	70144	512	9.913777
96942396416	96942295040	101376	512	7.149031
41337091584	41337000960	90624	512	9.188375
86828017664	86827944960	72704	512	7.858415
156041306112	156041190400	115712	512	6.422032
92850868736	92850744320	124416	512	8.069188
94965274624	94965173248	101376	512	8.583489
63890122240	63890040832	81408	512	9.569056
16730993152	16730926080	67072	512	9.965379
41459552768	41459458560	94208	512	0.539904
129615412224	129615312896	99328	512	0.413354
157634233856	157634115584	118272	512	5.492602
50135213568	50135126016	87552	512	9.507751
139652240384	139652131840	108544	512	8.123955
90435740160	90435622400	117760	512	8.713147
19034712064	19034626560	85504	512	9.529076
55564983296	55564903936	79360	512	7.575148
72209085952	72209016832	69120	512	0.469588
132634372096	132634248704	123392	512	7.899394
68360694784	68360613888	80896	512	9.519250
682316800	682242048	74752	512	9.847686
136168774144	136168699392	74752	512	0.427106
72409649152	72409565184	83968	512	7.759020
72711524352	72711452672	71680	512	0.440921
61061336576	61061230592	105984	512	9.136479
97393360384	97393268224	92160	512	7.006055
119023262208	119023165440	96768	512	8.806939
114725787136	114725696512	90624	512	9.044084
21900519424	21900443136	76288	512	9.759443
80740296192	80740208128	88064	512	0.506665
134521972224	134521842176	130048	512	7.147404
146310561280	146310455808	105472	512	7.986938
149057463296	149057380864	82432	512	6.993993
92313898496	92313801728	96768	512	8.743132
103013609984	103013524992	84992	512	9.158663
45332579840	45332496896	82944	512	9.633783
74454172160	74454079488	92672	512	0.423416
99479345152	99479261184	83968	512	0.424305
20402814976	20402689536	125440	512	9.072038
149371957760	149371836416	121344	512	7.423705
2974433280	2974360064	73216	512	9.701718
34349425664	34349342208	83456	512	0.427649
155787792384	155787704320	88064	512	6.316973
38740205056	38740082688	122368	512	8.946824
90325417984	90325294080	123904	512	8.466247
142305103872	142304976384	127488	512	7.575252
153079038464	153078968320	70144	512	8.864081
19794054144	19793934848	119296	512	7.296217
144492626432	144492547072	79360	512	8.790102
14130109952	14129992192	117760	512	9.179547
111107437568	111107332096	105472	512	8.718981
27350989312	27350910976	78336	512	8.036335
32874341888	32874237440	104448	512	9.252819
117067763200	117067676160	87040	512	6.928714
93311395840	93311300096	95744	512	9.197352
51716992000	51716893184	98816	512	7.472741
20048931840	20048831488	100352	512	9.405576
119807320064	119807251456	68608	512	0.404201
147441147392	147441074688	72704	512	8.102767
73543212544	73543130112	82432	512	9.496509
23748735488	23748635648	99840	512	7.383967
79033061888	79032967168	94720	512	8.872981
2432898560	2432828416	70144	512	8.189554
117566304256	117566177792	126464	512	0.479541
60975544832	60975474688	70144	512	9.768419
16405833728	16405766656	67072	512	9.800933
102195187200	102195066880	120320	512	8.061249
150133278208	150133210112	68096	512	9.106736
88236246016	88236135936	110080	512	8.769541
15868026368	15867941888	84480	512	9.764742
9340667904	9340542976	124928	512	9.084677
37092097024	37092026368	70656	512	0.462193
154116009472	154115888640	120832	512	4.930057
75321799680	75321686016	113664	512	8.904360
65337680896	65337563648	117248	512	6.713658
127916536832	127916434944	101888	512	8.497601
2043730944	2043661312	69632	512	9.789449
79582277120	79582155776	121344	512	6.864909
82117968384	82117838848	129536	512	0.424568
4240764416	4240636416	128000	512	8.936880
154722380288	154722259968	120320	512	6.973083
73702819840	73702743552	76288	512	9.611802
86753787904	86753658880	129024	512	7.932483
134026127872	134026010624	117248	512	7.994675
142207809536	142207699968	109568	512	8.002543
69383316480	69383241216	75264	512	9.691263
76520783872	76520700928	82944	512	9.482002
39865345536	39865243648	101888	512	9.298427
125380192768	125380123136	69632	512	7.550123
69329863168	69329776640	86528	512	9.480223
84836557312	84836467712	89600	512	9.323691
154850714624	154850599936	114688	512	5.413825
18101713920	18101615104	98816	512	9.384539
73716973568	73716896768	76800	512	0.377960
125556917760	125556801024	116736	512	8.183870
153084552192	153084428800	123392	512	4.879993
30088450048	30088351232	98816	512	9.359109
52571029504	52570950656	78848	512	0.437605
101377174016	101377042944	131072	512	8.133975
121195660800	121195566080	94720	512	8.823979
119080502784	119080399872	102912	512	8.177202
16575291904	16575166464	125440	512	8.947437
111650681344	111650581504	99840	512	0.376239
11915675648	11915548672	126976	512	8.925779
127902284800	127902206976	77824	512	7.419755
43241358848	43241240064	118784	512	7.213477
60504528896	60504407040	121856	512	8.447742
72489544704	72489422848	121856	512	8.767664
149702759936	149702638080	121856	512	5.039424
106749479424	106749388288	91136	512	9.020409
21846221312	21846123008	98304	512	7.378146
103865389568	103865276928	112640	512	6.828691
70203199488	70203128320	71168	512	9.722692
126900072960	126899997696	75264	512	0.489232
42568035328	42567907840	127488	512	8.801605
132431812608	132431746560	66048	512	7.671432
82822810112	82822720000	90112	512	8.970165
143987259392	143987154944	104448	512	7.681308
87693785600	87693674496	111104	512	8.363822
109829095936	109829015552	80384	512	7.234222
73483880448	73483800576	79872	512	9.526290
117457084928	117457005056	79872	512	7.485187
2663163392	2663080960	82432	512	9.769209
157996878848	157996755968	122880	512	6.896325
122459981312	122459908096	73216	512	9.378047
5744414208	5744314880	99328	512	9.539035
120923944448	120923871232	73216	512	0.429513
6245570560	6245474816	95744	512	9.542968
58246899200	58246796288	102912	512	0.474241
97879112192	97879046144	66048	512	7.996631
54168962560	54168845312	117248	512	7.123577
27208647680	27208550912	96768	512	9.233519
133301929984	133301858816	71168	512	8.903920
20228958208	20228881408	76800	512	9.666763
131299490304	131299374080	116224	512	7.713858
152083067904	152082974720	93184	512	7.722257
89131657728	89131581952	75776	512	9.582448
61588469248	61588369408	99840	512	9.191643
60541103104	60541001216	101888	512	9.186470
130760877056	130760759296	117760	512	8.032701
88216457216	88216373248	83968	512	9.351236
116265363456	116265261568	101888	512	8.781484
59880202752	59880094720	108032	512	9.033189
40796156928	40796084224	72704	512	9.859329
143303415296	143303286272	129024	512	7.605643
15332088320	15331972608	115712	512	7.423810
114507479552	114507378176	101376	512	6.532224
91976501248	91976380416	120832	512	8.634676
62704606208	62704494592	111616	512	7.281426
132857032192	132856923648	108544	512	8.345274
9388790272	9388675584	114688	512	9.242985
9959373824	9959274496	99328	512	7.403297
48085829120	48085698048	131072	512	8.733720
97495630848	97495517184	113664	512	6.818077
100539681792	100539566080	115712	512	8.176249
129866568192	129866461696	106496	512	7.923028
84037718016	84037629440	88576	512	9.011974
9632225792	9632128000	97792	512	9.518043
1005512192	1005441024	71168	512	9.959033
29713230336	29713121792	108544	512	0.427234
27778948096	27778865152	82944	512	9.662026
101545972224	101545878528	93696	512	0.441982
40774870016	40774790656	79360	512	9.697990
151303390208	151303316480	73728	512	8.449083
146674518528	146674438144	80384	512	8.809452
107161553920	107161484800	69120	512	9.348443
35929424384	35929316864	107520	512	7.085087
41702481408	41702381568	99840	512	7.621997
139156642304	139156527616	114688	512	7.489360
18623989760	18623867904	121856	512	7.200397
30892712448	30892589568	122880	512	0.829365
114601220608	114601131520	89088	512	8.992828
85998103040	85998016000	87040	512	0.429288
66608407552	66608320000	87552	512	9.420305
153481724416	153481631232	93184	512	7.736769
44665018368	44664945152	73216	512	9.796937
87152876544	87152780288	96256	512	0.413835
52603978752	52603912704	66048	512	9.754240
151150372352	151150256128	116224	512	7.411871
57883719680	57883633664	86016	512	7.745241
81401188352	81401079808	108544	512	0.430192
82049852416	82049763840	88576	512	0.414876
127996930560	127996836864	93696	512	8.342547
27464300544	27464206336	94208	512	7.512856
134937150464	134937058304	92160	512	8.694546
116868211712	116868088320	123392	512	8.151256
146071236608	146071112192	124416	512	6.922428
114374121984	114373991424	130560	512	8.154338
17308924416	17308845056	79360	512	9.835275
103275988992	103275917312	71680	512	9.205112
66336175616	66336066048	109568	512	8.634626
159136030208	159135932928	97280	512	7.366666
24998711808	24998608384	103424	512	7.543365
135775194112	135775096832	97280	512	6.843117
122616094720	122616012800	81920	512	9.141628
10700816896	10700724736	92160	512	9.528271
90744368128	90744237568	130560	512	14.000250
61645074944	61644973056	101888	512	9.184879
33162373632	33162299392	74240	512	0.441977
141875628544	141875546112	82432	512	8.822208
109415434240	109415305216	129024	512	8.142452
133103057408	133102938624	118784	512	0.483304
134737319424	134737200128	119296	512	7.993613
159208288768	159208187904	100864	512	7.572646
78839227392	78839096320	131072	512	6.239082
29947036160	29946921472	114688	512	9.183850
15274787328	15274668032	119296	512	9.029229
97802468352	97802353152	115200	512	8.733179
158012883456	158012779008	104448	512	5.724792
33416276992	33416154624	122368	512	8.986499
84515877376	84515770880	106496	512	0.465523
13947545088	13947452928	92160	512	9.591918
155041833472	155041752064	81408	512	8.424133
35960731648	35960622080	109568	512	8.819048
145614356992	145614242816	114176	512	5.906495
77907587584	77907457536	130048	512	8.529098
19245818368	19245724160	94208	512	9.319274
101166990848	101166882304	108544	512	8.804721
71619908608	71619800064	108544	512	8.988364
63808135680	63808005120	130560	512	8.575159
74985063424	74984951808	111616	512	0.446034
96105018368	96104932352	86016	512	8.934128
5830477312	5830353920	123392	512	7.027272
158661472256	158661345280	126976	512	6.935882
52504324096	52504224768	99328	512	9.144441
20140230144	20140153856	76288	512	8.076163
105860054016	105859928576	125440	512	8.239680
108733825536	108733740032	85504	512	8.823452
4943490560	4943399424	91136	512	9.548413
7666915328	7666804736	110592	512	0.436340
92941341184	92941259264	81920	512	0.766615
64355963904	64355857920	105984	512	0.418342
151992980992	151992862208	118784	512	7.526793
10925468160	10925376512	91648	512	9.372441
130738481664	130738390016	91648	512	0.467058
120666589184	120666500608	88576	512	8.973509
63381306880	63381221376	85504	512	7.651009
106545946624	106545829376	117248	512	8.465975
51311182336	51311061504	120832	512	8.873908
8756092416	8756025856	66560	512	9.827963
40194066432	40193978368	88064	512	0.454782
151530157568	151530068480	89088	512	8.262695
104145223168	104145150976	72192	512	9.279763
20648457728	20648384512	73216	512	8.118963
7953003520	7952908800	94720	512	9.577777
35757493760	35757388288	105472	512	7.463111
123507931648	123507822080	109568	512	6.191462
134679850496	134679775232	75264	512	7.034134
20734443520	20734371328	72192	512	8.047815
89142634496	89142565888	68608	512	9.727499
136330729472	136330661376	68096	512	8.965674
65068083200	65067977216	105984	512	8.753986
77781602304	77781483520	118784	512	8.724227
57637626368	57637550080	76288	512	9.677563
115358668288	115358555648	112640	512	8.037842
138631848960	138631782912	66048	512	7.472171
142017445888	142017375232	70656	512	9.160746
23187807744	23187712000	95744	512	9.501485
153759619072	153759540224	78848	512	0.444331
103430939136	103430818816	120320	512	7.945183
87774711808	87774619648	92160	512	9.237702
91220212736	91220118016	94720	512	9.181341
135716829696	135716699136	130560	512	7.113294
98158886912	98158782464	104448	512	8.420616
67093177344	67093092864	84480	512	9.524271
94399003648	94398898176	105472	512	8.481104
150373334528	150373230080	104448	512	7.462455
136643862528	136643745280	117248	512	7.989186
54107199488	54107119104	80384	512	7.567889
47451266048	47451171328	94720	512	9.397288
126338605568	126338507264	98304	512	8.615125
140440879616	140440754688	124928	512	6.948363
149080493568	149080380928	112640	512	6.158392
109960412672	109960315904	96768	512	7.115453
117556972032	117556892672	79360	512	8.917029
148563551232	148563455488	95744	512	8.205486
144902153728	144902070272	83456	512	8.814353
109861839360	109861762048	77312	512	9.401501
79928676864	79928596480	80384	512	9.555981
150316173824	150316046336	127488	512	7.233632
108187057664	108186967040	90624	512	9.021759
18336712704	18336642560	70144	512	6.704160
29596228608	29596160000	68608	512	0.428920
3671822336	3671700480	121856	512	8.820563
27579972096	27579870720	101376	512	0.426268
96237834240	96237726720	107520	512	8.773962
11209984000	11209906688	77312	512	9.761216
39064410112	39064297984	112128	512	7.369900
66818831872	66818748928	82944	512	0.409676
23813158912	23813067776	91136	512	9.533223
61881758720	61881685504	73216	512	7.890991
24101683200	24101552640	130560	512	8.873162
31158170112	31158101504	68608	512	0.481600
70312641024	70312521728	119296	512	8.364523
838902272	838813184	89088	512	9.407738
116771047936	116770969088	78848	512	9.303095
140153041408	140152950784	90624	512	6.369795
109671328768	109671234560	94208	512	9.010979
130155516416	130155423744	92672	512	8.728853
19050190848	19050070016	120832	512	8.790912
93030470144	93030353920	116224	512	8.664082
71625038336	71624924672	113664	512	7.177957
1403970560	1403854336	116224	512	7.354781
73195463680	73195370496	93184	512	8.969539
145128805376	145128692736	112640	512	7.401331
4089055232	4088975872	79360	512	9.823028
69276521984	69276395008	126976	512	8.215843
144009622528	144009528832	93696	512	6.734104
33305499648	33305386496	113152	512	9.101891
148649293824	148649203712	90112	512	8.538727
149967555072	149967462912	92160	512	7.877295
136897332224	136897242624	89600	512	6.522521
453032960	452948480	84480	512	9.667278
111340702208	111340590080	112128	512	6.742146
36492943360	36492832768	110592	512	9.128193
7777916416	7777802752	113664	512	7.168389
96364839936	96364715008	124928	512	8.493885
35388267520	35388153856	113664	512	9.156592
71972780032	71972697088	82944	512	0.411229
114876492288	114876424192	68096	512	0.336116
59194084352	59194013696	70656	512	7.784628
136738320384	136738192896	127488	512	5.850837
68706267136	68706158592	108544	512	7.259564
11430207488	11430091776	115712	512	9.134396
52779496448	52779410432	86016	512	0.440562
106090849792	106090729984	119808	512	7.922227
62988741120	62988652032	89088	512	9.104552
36095096320	36095002112	94208	512	9.465533
14165098496	14165026304	72192	512	9.916133
92458384896	92458260480	124416	512	0.438347
39381091840	39380969984	121856	512	8.902659
28918713856	28918613504	100352	512	9.366661
118333099008	118332971520	127488	512	12.641523
84428928512	84428820480	108032	512	6.784468
113565475840	113565366272	109568	512	8.579109
117023574016	117023472128	101888	512	8.695795
64188520960	64188432384	88576	512	9.394309
87443902976	87443799552	103424	512	8.925776
61283320320	61283235840	84480	512	0.481805
108334989824	108334923264	66560	512	9.590625
10227550720	10227432448	118272	512	7.279420
16483364352	16483286528	77824	512	0.416558
37291352576	37291273216	79360	512	0.441913
61950255104	61950162944	92160	512	0.438289
12625689600	12625570304	119296	512	9.030509
58315532800	58315402752	130048	512	8.716033
78545224704	78545097216	127488	512	8.599947
57414532608	57414451712	80896	512	7.826260
106883444224	106883320320	123904	512	6.595260
78087309824	78087214080	95744	512	8.840439
24759740416	24759610880	129536	512	7.032074
81331068416	81330938368	130048	512	6.776557
66330264064	66330164224	99840	512	8.855614
137445304832	137445231616	73216	512	0.471397
134319754240	134319634432	119808	512	0.425132
16862486016	16862409216	76800	512	9.609329
72334817280	72334738432	78848	512	0.423230
125815442432	125815346688	95744	512	6.965549
3810947584	3810818048	129536	512	8.904219
23589585408	23589500928	84480	512	0.437269
89112727040	89112632320	94720	512	0.425455
22759157760	22759028224	129536	512	6.631408
156789168640	156789042176	126464	512	7.030002
138395919872	138395799040	120832	512	7.338348
62996514304	62996400128	114176	512	8.573866
119171953664	119171876352	77312	512	7.450603
60688073728	60687995392	78336	512	9.402390
51352726528	51352640000	86528	512	9.237622
158923374592	158923269632	104960	512	7.111567
53811255808	53811152896	102912	512	7.418649
149455351296	149455268352	82944	512	8.729450
68940411392	68940330496	80896	512	9.573526
47788612608	47788513792	98816	512	9.337720
134061244928	134061137920	107008	512	6.095321
126737873408	126737765888	107520	512	7.902098
67871947264	67871876608	70656	512	9.779113
73942497792	73942368256	129536	512	0.466774
45996600320	45996476928	123392	512	7.153181
33050617856	33050498048	119808	512	7.181114
60819989504	60819900928	88576	512	0.499414
120563611648	120563513344	98304	512	0.682745
68003083776	68002964992	118784	512	8.383443
3961141248	3961054720	86528	512	9.423864
27630612480	27630510080	102400	512	9.407314
122206238720	122206134784	103936	512	6.361493
157749240320	157749114368	125952	512	6.994694
107425351680	107425245696	105984	512	8.655750
76409249280	76409170432	78848	512	9.544604
120555076096	120554963456	112640	512	6.090195
27154419712	27154307584	112128	512	9.237301
95111436800	95111356928	79872	512	9.387640
17558875136	17558758912	116224	512	8.909942
119372217344	119372124672	92672	512	7.090867
57548668928	57548558336	110592	512	8.992677
13408128512	13408022016	106496	512	9.362756
112085236736	112085120512	116224	512	8.000168
77010616320	77010540032	76288	512	7.818949
24098075136	24097987072	88064	512	9.649123
93616129024	93616040960	88064	512	8.920508
152052608512	152052496384	112128	512	7.527533
41466373632	41466276864	96768	512	9.353178
130022630400	130022553088	77312	512	8.819020
56052423168	56052300800	122368	512	8.790937
88800305664	88800235008	70656	512	0.614570
46882688512	46882568192	120320	512	8.967373
97960163328	97960051712	111616	512	0.434774
16907817472	16907705856	111616	512	9.174840
26008802816	26008712704	90112	512	0.422129
116664580096	116664464896	115200	512	0.487877
59966868480	59966776832	91648	512	9.426327
103209479168	103209391616	87552	512	7.338193
125794913280	125794841088	72192	512	8.959173
140273033728	140272919552	114176	512	7.394256
92063646720	92063529984	116736	512	8.614392
55481296896	55481212928	83968	512	9.528774
107703469056	107703353344	115712	512	8.183327
84128910848	84128827392	83456	512	9.399718
74586332160	74586243584	88576	512	9.378693
159718458368	159718390784	67584	512	8.200053
126197849088	126197727744	121344	512	8.061413
115140082688	115139960320	122368	512	8.169776
42191984128	42191879680	104448	512	9.281666
4995219968	4995148800	71168	512	0.449049
106115643392	106115520000	123392	512	6.068334
126409918976	126409852928	66048	512	9.180145
72526418432	72526351360	67072	512	0.495550
21593686528	21593558528	128000	512	6.810710
103534826496	103534738944	87552	512	0.423052
147943111168	147943031296	79872	512	8.652980
55074270720	55074196480	74240	512	9.691103
108704146432	108704073216	73216	512	9.458217
9756922368	9756809728	112640	512	9.158059
98495532544	98495403008	129536	512	7.818298
104212302848	104212209664	93184	512	9.053920
67758016000	67757944320	71680	512	9.745555
154433941504	154433840640	100864	512	6.278010
114750087168	114749969408	117760	512	8.427298
133739531264	133739440128	91136	512	8.279427
151896746496	151896655872	90624	512	8.239247
104021152256	104021067776	84480	512	9.241568
47430276608	47430199808	76800	512	9.637433
60531658240	60531556864	101376	512	9.156453
91954098176	91954001920	96256	512	7.361736
90150056960	90149960192	96768	512	9.056948
78406683648	78406578688	104960	512	7.238211
38144479232	38144388608	90624	512	9.530313
139585935360	139585812992	122368	512	7.114256
81933612544	81933508608	103936	512	9.066340
86177825792	86177721856	103936	512	8.651403
15252067840	15251976192	91648	512	9.512044
64880574464	64880504320	70144	512	0.423523
73984957440	73984883200	74240	512	7.630420
52702346752	52702239744	107008	512	9.036050
121663667200	121663595008	72192	512	9.344289
145679469056	145679365632	103424	512	7.660517
75275887104	75275781632	105472	512	9.068942
121895999488	121895918592	80896	512	0.426461
140177113600	140176984064	129536	512	7.512953
155528926720	155528802304	124416	512	5.072500
51182488064	51182388224	99840	512	9.164731
68058084864	68057960960	123904	512	8.726039
150652308480	150652207616	100864	512	7.543786
149913035776	149912935936	99840	512	6.311699
112031372288	112031283200	89088	512	9.071389
25917584384	25917512192	72192	512	9.784549
6784767488	6784683008	84480	512	9.488722
68060172800	68060044800	128000	512	8.692117
55112884224	55112777216	107008	512	9.113116
11968057856	11967967744	90112	512	9.533551
158358684160	158358572032	112128	512	0.425155
76180562944	76180452352	110592	512	7.204807
146855062528	146854942208	120320	512	7.552618
24991839232	24991760384	78848	512	9.709281
146740506624	146740420096	86528	512	0.433766
115884700672	115884620288	80384	512	8.929861
154357234176	154357137920	96256	512	6.273851
1436620288	1436549120	71168	512	9.932442
100232265216	100232159744	105472	512	0.423921
50209916928	50209846272	70656	512	0.475937
36628769280	36628701184	68096	512	9.699621
108887972352	108887872512	99840	512	8.795023
13288738304	13288667648	70656	512	9.773584
41808641024	41808527360	113664	512	8.729527
84948212736	84948144640	68096	512	0.391144
126862917632	126862850560	67072	512	0.429961
66351333376	66351252992	80384	512	9.314616
31816119296	31816008192	111104	512	9.179888
44551040512	44550911488	129024	512	0.428053
133062854144	133062783488	70656	512	0.428277
88835642368	88835539968	102400	512	8.578003
22831786496	22831690240	96256	512	9.444435
133981504000	133981416960	87040	512	0.438760
118950850560	118950772736	77824	512	0.494715
487843840	487740416	103424	512	7.651455
107514512384	107514411008	101376	512	6.615967
123018508288	123018401792	106496	512	8.070775
5111937536	5111816192	121344	512	7.011400
141489233920	141489117696	116224	512	6.135733
92518538752	92518445056	93696	512	9.229525
75691265536	75691176960	88576	512	0.399196
91399250944	91399147520	103424	512	9.038578
91400533504	91400424960	108544	512	6.998313
103224613888	103224507904	105984	512	6.931469
18682087424	18682021376	66048	512	9.997048
54016381440	54016259584	121856	512	8.904086
129920815104	129920702976	112128	512	8.283397
15266232320	15266126336	105984	512	9.290789
76221923840	76221852160	71680	512	7.690311
108802842624	108802764288	78336	512	0.430311
45451062272	45450967040	95232	512	9.416577
143357450240	143357324800	125440	512	7.549051
83111099904	83111026688	73216	512	7.880299
141580603392	141580532224	71168	512	8.767870
159997151232	159997060608	90624	512	7.897072
98750429696	98750362624	67072	512	9.659325
142515509760	142515407360	102400	512	8.176646
86297354752	86297286656	68096	512	7.865121
109677364736	109677234688	130048	512	8.251156
5315402752	5315308032	94720	512	9.603739
128640457216	128640329216	128000	512	5.485828
7956124672	7956023296	101376	512	7.720991
59911488512	59911372288	116224	512	8.888667
26334699520	26334590464	109056	512	7.421478
109378157056	109378041344	115712	512	6.697231
10354682368	10354609664	72704	512	9.933369
32156083712	32156002304	81408	512	0.536270
32777216	32698880	78336	512	9.824526
72005679616	72005580800	98816	512	0.471484
147004456960	147004376576	80384	512	0.448646
71958611968	71958488064	123904	512	8.263182
111999831040	111999730688	100352	512	8.826633
57144958464	57144847872	110592	512	9.009552
29039851520	29039759360	92160	512	9.558601
39310158848	39310078976	79872	512	0.390645
156591420416	156591343616	76800	512	0.424558
100783333888	100783216128	117760	512	8.595757
37027418112	37027343360	74752	512	9.784098
63910359552	63910245888	113664	512	0.504485
73436061184	73435954688	106496	512	0.499499
138155206656	138155118592	88064	512	0.430800
152164567552	152164441088	126464	512	7.117367
139422676992	139422550528	126464	512	5.174631
99557525504	99557435392	90112	512	9.150846
85629972480	85629853696	118784	512	8.748924
131758859776	131758775808	83968	512	6.817564
78429306880	78429221376	85504	512	7.607080
41959847424	41959720448	126976	512	8.891511
59263810048	59263697408	112640	512	0.400007
144454370304	144454260224	110080	512	8.074038
7908002304	7907912704	89600	512	9.610538
90727588864	90727470080	118784	512	6.854241
64196830208	64196728320	101888	512	9.181826
132593337344	132593229824	107520	512	8.383026
111862601216	111862496256	104960	512	6.918306
11336913920	11336816640	97280	512	9.507769
87669944320	87669824512	119808	512	8.567245
39060227072	39060118528	108544	512	9.174806
149468644352	149468544512	99840	512	8.238268
122003481600	122003385344	96256	512	8.732818
12092734976	12092667904	67072	512	9.817223
115153503744	115153422848	80896	512	0.392095
97225396736	97225289728	107008	512	6.720379
57649707008	57649624576	82432	512	7.800928
47546715648	47546607104	108544	512	9.204087
44986075648	44985953792	121856	512	5.984733
97195393536	97195300864	92672	512	7.012202
148639050752	148638962176	88576	512	8.065409
112558358016	112558278144	79872	512	9.294325
128406990336	128406921728	68608	512	9.331993
57592549888	57592459264	90624	512	9.432934
90550632960	90550550528	82432	512	9.361500
102067720192	102067640832	79360	512	9.454467
127453189120	127453104640	84480	512	8.899060
38345844224	38345776640	67584	512	9.944895
62120130560	62120034304	96256	512	0.423648
38112379904	38112305152	74752	512	9.818132
2364349440	2364277760	71680	512	9.907304
84436892160	84436770304	121856	512	8.233310
