base_offset	offset	absdelta	probe_length	millis
148446496256	148445413888	1082368	512	6.121138
159768052224	159766205952	1846272	512	3.934439
26698417664	26696968192	1449472	512	3.648112
71644581888	71642871296	1710592	512	6.542730
134006611456	134005537792	1073664	512	10.810859
8147119616	8145695744	1423872	512	6.539195
60023176704	60021120000	2056704	512	12.259480
144086993920	144085348352	1645568	512	10.746341
132468176896	132467051520	1125376	512	9.878442
142982790144	142981065216	1724928	512	12.539326
9634519552	9633089536	1430016	512	6.450780
101702168064	101700633088	1534976	512	6.661674
47391912960	47389986816	1926144	512	7.710998
137907441152	137906361344	1079808	512	9.728669
87512414208	87510714368	1699840	512	8.557273
78195831296	78194420224	1411072	512	12.421632
141121082880	141119410176	1672704	512	11.739649
134318515200	134317291520	1223680	512	6.821680
20682701824	20680851968	1849856	512	2.624370
100422081024	100419987456	2093568	512	4.175336
91203484160	91202167808	1316352	512	12.280218
66639789568	66638255104	1534464	512	9.980197
21761147392	21759103488	2043904	512	4.760502
108689040384	108687392256	1648128	512	12.554984
104645632512	104643694080	1938432	512	4.133830
149224545280	149223024128	1521152	512	4.957999
69682703360	69680650752	2052608	512	12.665445
71067947520	71066790400	1157120	512	7.741737
90661023232	90659680768	1342464	512	2.379255
76641549312	76640202240	1347072	512	10.087819
7194253824	7192344576	1909248	512	7.941653
108870403584	108868832768	1570816	512	3.091264
59125038592	59123248128	1790464	512	5.987274
80938926080	80937618432	1307648	512	4.153702
144900958720	144899181568	1777152	512	10.581215
69228517888	69226776576	1741312	512	5.946781
98340442112	98338438144	2003968	512	8.644989
71479846912	71477756928	2089984	512	10.406207
92261244416	92259686400	1558016	512	6.108822
75363136512	75361040896	2095616	512	7.364200
34751440384	34750211072	1229312	512	8.512774
70252384768	70250622976	1761792	512	5.591913
39296226816	39295073280	1153536	512	9.820564
88712253440	88711160320	1093120	512	7.458961
89130942464	89129738752	1203712	512	5.212295
104109531136	104108258304	1272832	512	10.012549
8335340032	8333563392	1776640	512	8.841252
94233170432	94232044544	1125888	512	6.401348
111593634816	111592331264	1303552	512	9.284705
123215507968	123213803520	1704448	512	10.818784
95312875520	95311775232	1100288	512	2.420150
20844303360	20843125248	1178112	512	9.986463
17579793920	17578493440	1300480	512	5.010553
139229317120	139228193280	1123840	512	8.533850
74200723968	74199207424	1516544	512	4.461086
25161243648	25159305216	1938432	512	10.166825
98607505920	98605492224	2013696	512	4.191825
93025566720	93024037376	1529344	512	6.731687
75716753408	75715005952	1747456	512	4.863689
5949679104	5948075008	1604096	512	2.421877
149668268032	149666497024	1771008	512	3.735006
151317028352	151315385344	1643008	512	7.703571
80708174336	80706085888	2088448	512	7.510847
113179948032	113178560512	1387520	512	7.414503
114714440704	114713048064	1392640	512	7.293962
44479462912	44477703168	1759744	512	8.173486
132450405888	132448358912	2046976	512	6.447612
145643947520	145642101760	1845760	512	15.663861
118651044352	118649084928	1959424	512	2.131695
147631865856	147630084608	1781248	512	8.645849
51985596416	51983545856	2050560	512	3.782505
140620766208	140619326976	1439232	512	10.501109
85692756992	85691350016	1406976	512	4.651083
103976830976	103975221248	1609728	512	6.010186
1758041088	1756172800	1868288	512	9.701467
101570089984	101568316928	1773056	512	9.539188
26975218176	26973484032	1734144	512	4.939970
134587060736	134585521152	1539584	512	9.610354
11665525248	11663729152	1796096	512	8.007730
58263973888	58261880320	2093568	512	11.397662
135426991104	135424934400	2056704	512	4.385799
109849362432	109848151552	1210880	512	3.107972
52572112384	52570770944	1341440	512	3.130689
15217668096	15216544768	1123328	512	8.419759
43227856896	43226760704	1096192	512	10.199725
145264710144	145262744064	1966080	512	12.110287
115244663808	115242683392	1980416	512	3.217517
34586752000	34585498624	1253376	512	3.730129
146398642176	146397528576	1113600	512	7.322882
39649502720	39648154112	1348608	512	5.726737
117491598848	117490082816	1516032	512	2.702365
101475703296	101474496512	1206784	512	10.239393
25952560128	25951466496	1093632	512	11.401425
11112611840	11110730752	1881088	512	3.274416
150382455296	150380376576	2078720	512	4.149652
11190313984	11189167104	1146880	512	10.221920
4009175552	4007189504	1986048	512	5.372360
28749913088	28748676096	1236992	512	8.990321
70491452416	70490241024	1211392	512	2.114136
119699321344	119697296896	2024448	512	9.017358
66190349824	66188492288	1857536	512	3.865944
10862131712	10860584960	1546752	512	10.116997
62806302720	62804734976	1567744	512	4.137893
10207994880	10206351872	1643008	512	9.571252
24234689536	24233162240	1527296	512	3.212541
123296734720	123295071744	1662976	512	7.655784
16502484992	16500745728	1739264	512	9.121048
111956539392	111955323392	1216000	512	1.992530
76814358016	76813198848	1159168	512	7.073452
111412151296	111410401792	1749504	512	10.236067
61529195520	61527437824	1757696	512	10.138932
50772881408	50770925568	1955840	512	3.356244
113736428032	113734724096	1703936	512	11.281234
48343330304	48341753344	1576960	512	10.300702
116726209024	116724421120	1787904	512	10.467133
71921708032	71920435200	1272832	512	3.763391
89246704128	89244689920	2014208	512	10.175204
113015340032	113013637120	1702912	512	11.319615
80498775040	80497306112	1468928	512	10.290856
95930444800	95928753664	1691136	512	3.989532
44790865408	44789529088	1336320	512	3.529730
124978793472	124977420800	1372672	512	9.275095
150225580544	150224222208	1358336	512	12.279789
10097593856	10095661568	1932288	512	7.550857
99712679424	99711140864	1538560	512	5.328044
5172232192	5170170368	2061824	512	9.166220
61950530560	61948518400	2012160	512	4.597003
43465241600	43463212544	2029056	512	12.199817
76749914624	76748310016	1604608	512	9.441341
72686868480	72685293568	1574912	512	9.006514
81417263104	81415633920	1629184	512	6.233574
29518093824	29516079616	2014208	512	5.237445
58631186432	58629357568	1828864	512	4.316089
155183977472	155182854144	1123328	512	9.907828
67446497280	67445338112	1159168	512	7.714792
127588985856	127586933760	2052096	512	7.447934
89962435072	89960844800	1590272	512	5.502372
99606230016	99604571648	1658368	512	6.305223
139092782080	139091229184	1552896	512	6.194077
151743978496	151742065664	1912832	512	11.361948
38890512384	38889068032	1444352	512	10.958422
97184519680	97182618112	1901568	512	7.703949
118107184128	118105390592	1793536	512	6.528175
61151416320	61149787136	1629184	512	8.047514
92834418688	92833124864	1293824	512	11.749954
86280485888	86279386624	1099264	512	7.989132
42526477824	42524431872	2045952	512	2.578187
51439601664	51438236672	1364992	512	1.991043
109227099648	109225142272	1957376	512	3.710330
99867878912	99866628096	1250816	512	3.318389
14697260544	14696097792	1162752	512	7.613671
139677156352	139675216384	1939968	512	2.351928
20015488512	20013986816	1501696	512	3.775915
80774705664	80773365760	1339904	512	2.745062
70455270912	70454127616	1143296	512	8.027236
7334674944	7333254656	1420288	512	5.104775
64359315968	64357258752	2057216	512	9.315778
127968936448	127967668224	1268224	512	5.094149
41137396736	41135377408	2019328	512	6.502418
112104973312	112103037440	1935872	512	4.257473
3685865472	3684438016	1427456	512	2.567817
96705492480	96704423936	1068544	512	7.568640
14791024128	14789165568	1858560	512	6.933997
139821468160	139820307456	1160704	512	5.923712
148310702592	148309090304	1612288	512	2.366589
25098251776	25096297984	1953792	512	11.719787
36176486912	36174876160	1610752	512	5.645162
17092383744	17091028992	1354752	512	3.883297
93677608960	93675881984	1726976	512	3.866171
80850233344	80848768000	1465344	512	4.490298
157314632192	157313323008	1309184	512	3.535315
14536458240	14534955008	1503232	512	3.729396
119115893248	119113958912	1934336	512	2.712882
131908356096	131907277312	1078784	512	6.920472
117094003712	117092231680	1772032	512	7.939494
73743454208	73741946880	1507328	512	11.362274
15230310400	15228435456	1874944	512	12.685881
148682582528	148680969216	1613312	512	2.354404
123637826560	123636628480	1198080	512	9.893452
50059273216	50057872896	1400320	512	9.502554
1856612352	1854900224	1712128	512	9.979265
9567694336	9565642240	2052096	512	4.172436
120105072128	120103486464	1585664	512	12.733099
8599599616	8598385664	1213952	512	9.122260
113620401152	113618791424	1609728	512	5.154742
113038702592	113037453312	1249280	512	12.255837
27958701056	27956781568	1919488	512	10.622432
130987357696	130985327104	2030592	512	6.524535
152078070784	152076731904	1338880	512	11.124513
109215294464	109213829120	1465344	512	5.555141
114182816768	114180847616	1969152	512	4.831842
84451693568	84450038784	1654784	512	6.210683
30669229568	30667249664	1979904	512	5.820508
60672480256	60670795776	1684480	512	2.440597
135668392448	135667279360	1113088	512	9.735576
9611122176	9609824256	1297920	512	8.605530
93708856832	93707387392	1469440	512	9.121549
122670843904	122669166080	1677824	512	9.121516
86953943552	86952856064	1087488	512	12.495168
105815071232	105813422080	1649152	512	12.233881
149751238656	149749170688	2067968	512	7.988258
47343181312	47341703680	1477632	512	3.816618
92159198720	92157142528	2056192	512	8.263102
91273552896	91271467520	2085376	512	4.349222
157932418560	157931231232	1187328	512	10.192760
94518262272	94516883456	1378816	512	11.367777
3136212480	3134388224	1824256	512	9.345439
130582548480	130581219840	1328640	512	4.611055
19033873920	19032392704	1481216	512	10.894474
92345481216	92343411712	2069504	512	6.247224
133932406784	133930934272	1472512	512	10.424453
75841740800	75840231936	1508864	512	4.655436
136579344896	136577542144	1802752	512	8.699777
152236431360	152234683392	1747968	512	5.191723
118094382592	118093217792	1164800	512	5.816634
166138368	164527616	1610752	512	11.708954
59392481792	59390690304	1791488	512	11.184471
127887474176	127886241792	1232384	512	8.940648
18366740480	18365151232	1589248	512	2.238218
115411044864	115409378304	1666560	512	12.112382
12971576832	12969834496	1742336	512	10.655182
107555038720	107553433088	1605632	512	3.823443
13726313984	13724321280	1992704	512	6.571219
95514436608	95512989696	1446912	512	3.156535
117107557888	117105869312	1688576	512	9.838319
146408395264	146406413824	1981440	512	12.262398
150854542848	150853184000	1358848	512	7.000531
13693313536	13692066816	1246720	512	11.188353
134367633408	134366233088	1400320	512	5.788651
109850608128	109849394688	1213440	512	3.120657
65744847360	65743160832	1686528	512	10.789773
4030521856	4028505088	2016768	512	4.793142
64886726144	64885553664	1172480	512	3.552872
43223086080	43221522944	1563136	512	12.987767
142294139392	142292310528	1828864	512	7.352876
146927503360	146925811200	1692160	512	9.418259
108768739328	108767045632	1693696	512	3.772063
112725199360	112723709440	1489920	512	4.954006
104125908480	104123958272	1950208	512	6.332162
119978438656	119977346560	1092096	512	3.965542
76889490944	76888329728	1161216	512	7.007966
99361063936	99359512576	1551360	512	3.278324
13291539456	13289718784	1820672	512	4.438163
96435837952	96434146304	1691648	512	6.413561
50612350464	50610776576	1573888	512	2.099753
95232016896	95230630912	1385984	512	12.112014
86819117056	86817512960	1604096	512	6.397995
95949597184	95947647488	1949696	512	9.758924
75822078464	75820162560	1915904	512	4.666750
36490667008	36489377280	1289728	512	4.991021
134845646336	134844313088	1333248	512	4.704123
59821301248	59820187648	1113600	512	5.544982
27683678720	27682507264	1171456	512	6.650108
156938061824	156936111616	1950208	512	11.374055
3525391872	3524219392	1172480	512	9.807148
121645945856	121644633088	1312768	512	6.944678
21725903872	21724695040	1208832	512	8.744117
98564083712	98562518528	1565184	512	5.977185
38351023104	38349344768	1678336	512	11.824944
84518997504	84517596672	1400832	512	12.323336
68287484928	68286211072	1273856	512	5.520734
119189896192	119187893248	2002944	512	9.530570
85523129344	85521949696	1179648	512	5.710973
136549599744	136548190208	1409536	512	10.072627
95886814720	95885546496	1268224	512	7.700840
7897000448	7895670784	1329664	512	8.105268
156186394624	156184850432	1544192	512	7.341885
26226174464	26224932864	1241600	512	8.983658
37466229248	37465135104	1094144	512	12.586874
109912366080	109910559744	1806336	512	7.156776
33388649984	33386762240	1887744	512	6.449006
75355672576	75353694720	1977856	512	9.653208
9606065152	9604102144	1963008	512	7.079343
103919424000	103917400064	2023936	512	11.546081
117232845312	117230864896	1980416	512	3.392590
146943530496	146941844992	1685504	512	9.662682
65764765696	65763216384	1549312	512	9.651768
95839964160	95838866432	1097728	512	6.241951
146349385728	146348317184	1068544	512	3.156691
82403607040	82402423808	1183232	512	5.637036
159753369600	159751386624	1982976	512	8.398979
60754856448	60753698304	1158144	512	7.779559
88986309120	88985158144	1150976	512	5.428303
120937902080	120936088064	1814016	512	5.587858
32099943424	32098482688	1460736	512	10.553929
109223782912	109222725120	1057792	512	3.812775
139815231488	139814150144	1081344	512	8.226343
124470412288	124469290496	1121792	512	10.611924
105818166272	105816314880	1851392	512	7.790221
126249315840	126247306240	2009600	512	8.945749
19773165568	19771225088	1940480	512	5.534926
65698732032	65697234944	1497088	512	5.705014
25981158912	25980068864	1090048	512	11.465254
25767703552	25765886464	1817088	512	8.612110
41084462080	41082798080	1664000	512	10.308821
17047769600	17046106624	1662976	512	11.983062
6734953472	6733515776	1437696	512	6.334170
2779570176	2778138624	1431552	512	5.394649
141029448704	141028246528	1202176	512	5.984310
8636345856	8634563072	1782784	512	9.998602
146436412928	146434927104	1485824	512	4.452882
9410203136	9408138240	2064896	512	5.393047
123935561728	123933662720	1899008	512	3.248013
126535962112	126534072832	1889280	512	11.616319
85014573568	85013045248	1528320	512	2.906843
141499105280	141497714688	1390592	512	10.533737
60349117952	60347690496	1427456	512	2.572931
77050081792	77048328704	1753088	512	8.396994
152960332800	152958995968	1336832	512	9.411979
83717707264	83715774976	1932288	512	10.027547
63023110144	63021454848	1655296	512	2.197742
45110434304	45108764672	1669632	512	9.742255
84346820608	84345614336	1206272	512	3.402923
31766588928	31765488128	1100800	512	5.920022
32201891328	32199800320	2091008	512	11.107720
18735399936	18733990912	1409024	512	6.792754
115422141952	115420187136	1954816	512	3.786213
121846082560	121844794368	1288192	512	7.532919
18146674688	18145610752	1063936	512	11.330795
98245677568	98243624960	2052608	512	3.338282
40491862528	40490343424	1519104	512	7.549875
104479091712	104477744128	1347584	512	3.570196
132253004800	132251777024	1227776	512	7.946533
135493526528	135491990528	1536000	512	8.792507
126591121408	126590010368	1111040	512	2.584636
96313634304	96312322048	1312256	512	2.506106
84205553152	84204248576	1304576	512	8.239758
92811688448	92809698816	1989632	512	6.374111
92522572288	92521022464	1549824	512	7.497183
9305503232	9304158208	1345024	512	6.885571
106776000512	106774935552	1064960	512	16.556396
26161205760	26159857152	1348608	512	6.347394
113038213120	113036261888	1951232	512	3.919056
69039464448	69038377984	1086464	512	4.943585
109025169408	109023316480	1852928	512	6.085871
99968151040	99966539264	1611776	512	9.282793
152697657856	152696490496	1167360	512	6.207076
8045178368	8043298304	1880064	512	3.279942
55219489792	55217886720	1603072	512	8.576828
26571238912	26569344000	1894912	512	6.137964
111424697856	111423499776	1198080	512	2.431058
125355712512	125354183168	1529344	512	12.736148
120714693120	120713425920	1267200	512	2.888626
42153890304	42152053760	1836544	512	9.071674
106967356928	106965936640	1420288	512	12.737047
113192473600	113191356928	1116672	512	4.265291
9192016896	9190222848	1794048	512	4.904834
89879361536	89877497856	1863680	512	10.446246
118841203200	118839860224	1342976	512	6.749794
6845426688	6843965952	1460736	512	1.946489
114407395328	114406275072	1120256	512	4.154133
116745642496	116743764992	1877504	512	8.022234
61149978624	61148718080	1260544	512	4.023167
117968513024	117966574080	1938944	512	4.157944
55624464896	55622959104	1505792	512	6.303406
49210552320	49208903168	1649152	512	8.958947
82432338944	82430346752	1992192	512	12.416412
140145485824	140144343040	1142784	512	12.867689
80303465984	80301660672	1805312	512	3.680432
3927425536	3926083584	1341952	512	4.237806
102874462720	102872858112	1604608	512	11.658427
3421121536	3419919872	1201664	512	10.195584
116324759040	116322840064	1918976	512	3.097985
103252170240	103250133504	2036736	512	4.061168
29113321984	29112011776	1310208	512	2.164202
106763489792	106762127872	1361920	512	8.013260
78015121408	78013241344	1880064	512	10.536543
134631411200	134629871616	1539584	512	7.818987
117652684800	117650887168	1797632	512	7.391783
141755440128	141754045952	1394176	512	11.811163
26960674816	26958821888	1852928	512	11.999012
15154924032	15153076224	1847808	512	8.935193
32250189824	32249056768	1133056	512	10.164018
58886146560	58884945920	1200640	512	7.488608
136008071680	136006332928	1738752	512	5.332232
11511040512	11509749248	1291264	512	8.705661
128445977600	128444531200	1446400	512	5.297631
58439678464	58437685760	1992704	512	12.307631
67130152960	67128582144	1570816	512	10.939036
48078842880	48077367808	1475072	512	7.900952
153017316352	153015593984	1722368	512	5.991848
133110459904	133108752896	1707008	512	3.431187
45565041152	45563922432	1118720	512	10.090282
131057488384	131055842816	1645568	512	7.495682
65308940288	65307078144	1862144	512	6.916768
117200225792	117198800896	1424896	512	5.406324
76147842560	76146115584	1726976	512	5.275625
43774794752	43773090304	1704448	512	9.577718
24507178496	24505280000	1898496	512	6.072459
67675988480	67674023936	1964544	512	12.781102
138698499584	138697299968	1199616	512	12.768695
129679206912	129677521920	1684992	512	4.677533
68901029888	68899165696	1864192	512	3.592623
124560228864	124558966272	1262592	512	8.156298
48374411776	48372744704	1667072	512	8.616484
11296168448	11294680064	1488384	512	5.485743
93095294464	93093633536	1660928	512	5.217586
77846619136	77845039616	1579520	512	12.825646
124033614336	124031763968	1850368	512	4.896351
136674610688	136673201152	1409536	512	1.943184
31342077440	31340755456	1321984	512	5.068195
93598001664	93596233216	1768448	512	10.987138
52414796800	52413668864	1127936	512	5.246719
110896694784	110894689280	2005504	512	2.606810
100126768128	100125626368	1141760	512	4.654265
26115560448	26113566720	1993728	512	2.625996
122646350336	122645114368	1235968	512	10.569753
136280064512	136278458880	1605632	512	4.752907
107660620800	107658943488	1677312	512	11.884831
39406059520	39404034048	2025472	512	2.923701
103733986304	103732696064	1290240	512	9.746908
145906434048	145905274368	1159680	512	2.969294
130636328448	130635201536	1126912	512	5.485197
75252109312	75250212864	1896448	512	5.109911
103735828992	103734768640	1060352	512	3.776438
72033788416	72032301568	1486848	512	12.554341
116022668800	116021180416	1488384	512	7.578679
48725058560	48723288064	1770496	512	12.738628
49703150080	49701128192	2021888	512	2.092284
19209111552	19207277568	1833984	512	10.949526
59312402432	59310655488	1746944	512	6.673283
157988051968	157986502144	1549824	512	8.939136
112095643648	112093926912	1716736	512	2.322107
144079572992	144077602304	1970688	512	10.761974
90823226880	90821160448	2066432	512	6.329143
125393540608	125392274432	1266176	512	6.948562
35568766976	35567409152	1357824	512	5.520446
49673059840	49671915520	1144320	512	8.872808
53474172928	53472087552	2085376	512	3.025364
19880416768	19878676480	1740288	512	12.484485
29752007168	29749981696	2025472	512	5.071907
97422495232	97421404160	1091072	512	2.073232
44849475072	44847506432	1968640	512	2.713122
124410517504	124409218048	1299456	512	7.161753
32208636416	32207242240	1394176	512	4.841621
104882504192	104881446400	1057792	512	6.549659
19099409920	19097399296	2010624	512	4.299082
140707372032	140705691136	1680896	512	2.862326
82717514752	82715790336	1724416	512	3.029879
85535160320	85533297664	1862656	512	10.437622
158881509888	158879790080	1719808	512	6.530153
89977611776	89975611392	2000384	512	6.134996
24791192064	24789191168	2000896	512	5.502778
18881647616	18880074240	1573376	512	2.536811
78272866816	78271344128	1522688	512	3.081084
158390383104	158389272576	1110528	512	3.998598
153555282432	153554075648	1206784	512	10.121064
69517554176	69516151808	1402368	512	3.079183
109212075008	109211017216	1057792	512	5.629546
37020901888	37019629568	1272320	512	7.720634
118865528832	118864317952	1210880	512	11.747293
79539016704	79537111040	1905664	512	12.874745
60933710848	60932041216	1669632	512	12.044051
23827740160	23826531840	1208320	512	8.773472
30505519104	30504260096	1259008	512	4.964527
66662905856	66661492736	1413120	512	2.856320
23152764416	23151601664	1162752	512	12.033605
57040317440	57039235584	1081856	512	9.703307
55763291136	55762168832	1122304	512	8.968752
24421179904	24419387904	1792000	512	3.805904
115536448512	115534913536	1534976	512	8.082231
40292009984	40290035712	1974272	512	2.056113
122035074048	122033061888	2012160	512	11.374840
114806877696	114804851200	2026496	512	11.600186
21014254592	21012483072	1771520	512	10.074859
23714555392	23712734208	1821184	512	3.218598
32244612608	32243009536	1603072	512	11.353317
125393591808	125392491008	1100800	512	12.882881
44736528384	44734623744	1904640	512	8.138381
53221606912	53220295680	1311232	512	5.458742
98913979392	98912741376	1238016	512	3.536344
15414620160	15413343744	1276416	512	5.473865
45156724736	45154888704	1836032	512	9.620733
16529705984	16527787520	1918464	512	7.812021
61517012480	61515276288	1736192	512	10.625416
112878331904	112877057024	1274880	512	10.000359
62977442816	62975582208	1860608	512	3.628835
8662332416	8661016064	1316352	512	8.304945
121118340096	121117044224	1295872	512	8.443814
4758946304	4757817344	1128960	512	10.482699
19572382720	19570633216	1749504	512	8.821796
9909977088	9908211200	1765888	512	5.448868
12084448256	12082926080	1522176	512	10.090650
103244201984	103242150912	2051072	512	3.632106
90592982528	90591447552	1534976	512	12.613713
80476590080	80474600960	1989120	512	12.567653
41707964416	41706171904	1792512	512	8.052632
157789609984	157788025856	1584128	512	3.443178
84004836352	84003586560	1249792	512	9.507720
33330782720	33329680896	1101824	512	10.123647
110565386240	110563508736	1877504	512	5.537189
66851464704	66850262528	1202176	512	6.839221
8205243904	8203399168	1844736	512	10.758143
100308432896	100307199488	1233408	512	2.683807
52445268992	52443196416	2072576	512	8.968037
69289487872	69287632384	1855488	512	6.063961
129235999232	129234613248	1385984	512	3.883600
64294687232	64293580800	1106432	512	11.815684
131981881856	131979865088	2016768	512	7.199220
87227611648	87226393600	1218048	512	4.954935
13610271744	13608530432	1741312	512	8.975077
14792085504	14790939648	1145856	512	9.983857
137093897728	137092154880	1742848	512	2.424138
12912478208	12910797312	1680896	512	10.008713
117413236736	117412128256	1108480	512	8.658040
51899666944	51897757184	1909760	512	3.655783
60867054080	60865377280	1676800	512	8.010482
139336464896	139334628864	1836032	512	9.324662
156800909312	156799685120	1224192	512	8.442865
151347074560	151345610240	1464320	512	6.153225
51434454016	51433257472	1196544	512	6.988925
41923777024	41921799168	1977856	512	13.635383
107543245312	107541910016	1335296	512	11.547707
40057839104	40056686080	1153024	512	9.193614
131722203648	131720296448	1907200	512	4.978246
12935834112	12933825536	2008576	512	6.343411
26429057024	26427582976	1474048	512	5.006080
64611854848	64610190336	1664512	512	7.425992
91131456000	91130104832	1351168	512	6.022776
123086440448	123084349440	2091008	512	8.014625
143150875136	143149464064	1411072	512	11.655921
108433209344	108432144384	1064960	512	6.382267
66343323136	66341533696	1789440	512	10.303548
74340599808	74338734080	1865728	512	2.525067
155143602176	155142291456	1310720	512	5.609543
137675246080	137673892864	1353216	512	6.207193
106145186816	106143111168	2075648	512	12.161148
34317233664	34315606016	1627648	512	10.938639
133978366464	133976374784	1991680	512	5.225895
102647136256	102645491712	1644544	512	10.844457
34073782272	34072588800	1193472	512	9.112374
37804323840	37802915328	1408512	512	4.581795
141696157184	141694505472	1651712	512	5.610591
99811318272	99809608192	1710080	512	5.063276
59877584384	59876180480	1403904	512	3.008958
71325171712	71323274240	1897472	512	5.109496
120322215424	120320974336	1241088	512	9.197401
116644394496	116642550784	1843712	512	4.878765
7860312064	7858883072	1428992	512	5.422092
100785049088	100783626240	1422848	512	10.756382
91169569280	91167859200	1710080	512	6.550941
121295116288	121293299200	1817088	512	5.490413
155332535808	155331233792	1302016	512	5.512276
138083778560	138081926144	1852416	512	9.159188
126226909696	126225783808	1125888	512	5.526993
149824240640	149822577664	1662976	512	11.026153
156356032000	156354976768	1055232	512	12.212638
113715836416	113714714624	1121792	512	4.151691
82671295488	82669939712	1355776	512	12.133226
85062066688	85060653568	1413120	512	12.809431
45631949312	45630048256	1901056	512	10.016394
61225234432	61223873024	1361408	512	4.488450
99625677312	99624162304	1515008	512	11.757454
138689113600	138687094784	2018816	512	4.117075
20632576512	20631063552	1512960	512	2.568386
32895478784	32893923840	1554944	512	7.824268
49132858368	49131221504	1636864	512	4.489248
112500956160	112499278848	1677312	512	10.117026
153188883968	153186862592	2021376	512	2.900478
132637527040	132636054016	1473024	512	10.185495
148452755456	148451133440	1622016	512	10.113981
107815276032	107814199296	1076736	512	5.159295
4862262272	4860769792	1492480	512	5.410099
1637986304	1636575744	1410560	512	3.993688
98695096320	98693592064	1504256	512	11.990790
69481907200	69480346112	1561088	512	3.435751
21931916800	21929991680	1925120	512	5.614348
12691879936	12690610176	1269760	512	9.050040
146754244096	146752927744	1316352	512	4.153572
51521166336	51519445504	1720832	512	7.198768
125785269248	125784145408	1123840	512	5.597131
145281958400	145279958016	2000384	512	11.728627
98670679040	98669588992	1090048	512	2.126187
159733381632	159731399680	1981952	512	11.868249
26990005760	26988786688	1219072	512	5.758338
107225313280	107223644160	1669120	512	11.779914
47199559680	47197783040	1776640	512	12.648854
44657539584	44656473088	1066496	512	10.997288
120617810432	120616484864	1325568	512	7.758779
58384253440	58383026688	1226752	512	12.393645
60886027776	60884847616	1180160	512	4.066193
47350176768	47349071872	1104896	512	10.323780
75379108352	75377763328	1345024	512	3.443844
43740510208	43738887680	1622528	512	11.031779
104424538112	104422845440	1692672	512	9.767981
42815620096	42813622272	1997824	512	3.463710
84731706880	84730396672	1310208	512	12.388354
30763790336	30761817600	1972736	512	11.358031
103112529408	103110492672	2036736	512	3.704657
74930384384	74928440320	1944064	512	10.338579
16378238464	16376197632	2040832	512	11.340240
154181471232	154180079104	1392128	512	6.540020
34151706624	34150511104	1195520	512	4.940943
121027075072	121025574400	1500672	512	2.987987
32144306176	32142572032	1734144	512	8.209852
24595459072	24593972224	1486848	512	4.795897
3737103360	3735541248	1562112	512	6.323237
50254532096	50253308416	1223680	512	3.851769
61349367808	61348027392	1340416	512	9.943548
2553008128	2551374848	1633280	512	11.279819
155479780352	155478315008	1465344	512	9.884788
159500198400	159498396160	1802240	512	10.238408
12224475648	12222534656	1940992	512	7.445864
104614860288	104613257216	1603072	512	2.515963
70206599168	70205137920	1461248	512	11.274998
35082213888	35081042432	1171456	512	8.918713
4705891840	4704681984	1209856	512	9.163289
83848421376	83846861824	1559552	512	9.884476
159315817984	159314496512	1321472	512	11.305497
2383599104	2382137856	1461248	512	3.102642
135330054144	135328385024	1669120	512	7.114807
23816269312	23814995456	1273856	512	7.574478
118619030016	118617951744	1078272	512	4.293100
70586676736	70584889344	1787392	512	5.061110
78958873600	78956962304	1911296	512	7.117394
49487306752	49485217792	2088960	512	10.764549
14740672512	14738728448	1944064	512	2.099783
153535183360	153533132288	2051072	512	5.361980
34817022976	34815055360	1967616	512	7.545925
114508813312	114507135488	1677824	512	2.407558
87307993088	87306662912	1330176	512	6.507837
134531776512	134529753600	2022912	512	5.571854
83421646336	83420560896	1085440	512	2.317625
85061782528	85060659200	1123328	512	7.479550
49506416128	49504524800	1891328	512	5.865333
37521771008	37519773184	1997824	512	8.750059
27164796416	27162747392	2049024	512	4.691253
56070547456	56068911104	1636352	512	9.726699
89907318272	89905886720	1431552	512	11.709719
113257052160	113255174144	1878016	512	5.536830
73391562752	73389684736	1878016	512	5.519026
130014070784	130012130816	1939968	512	20.289220
130489993728	130488306176	1687552	512	9.207590
55319947264	55318120960	1826304	512	5.271409
108235038208	108233385984	1652224	512	4.851600
94697482752	94696333824	1148928	512	5.103675
152556653056	152554746880	1906176	512	8.363142
33123359744	33122007552	1352192	512	6.352802
111515320320	111513915392	1404928	512	7.036718
64380080128	64378686976	1393152	512	12.513241
52452257280	52450268672	1988608	512	10.590049
24401269760	24399208448	2061312	512	7.829885
44389139456	44387183616	1955840	512	3.371861
103647050240	103645655552	1394688	512	10.271820
77274403840	77272436224	1967616	512	3.500620
107196829696	107195334656	1495040	512	6.242784
147071790080	147070418944	1371136	512	9.195588
83563726848	83562408960	1317888	512	2.903374
149108678144	149106671104	2007040	512	7.705343
146517511680	146515596288	1915392	512	3.039336
152043640832	152041859584	1781248	512	12.298104
5876406272	5875211264	1195008	512	6.988458
95493180416	95491302912	1877504	512	12.914059
115514610176	115513352704	1257472	512	4.575945
20584908800	20583788032	1120768	512	10.944757
129929145344	129927169024	1976320	512	9.395550
143830948864	143829336576	1612288	512	5.125027
90414766080	90413245952	1520128	512	12.964759
32037468672	32036210176	1258496	512	8.072093
66052170752	66050573312	1597440	512	8.657758
159719772672	159718529024	1243648	512	6.332656
38676717568	38675029504	1688064	512	2.188021
106230648832	106229208576	1440256	512	6.191245
25341066752	25339795456	1271296	512	4.741710
68162095616	68160373760	1721856	512	6.305412
104392650240	104390987776	1662464	512	2.582925
41911175680	41909738496	1437184	512	4.110759
100524629504	100522812928	1816576	512	2.318124
54928933888	54927688704	1245184	512	11.986456
88164924928	88163317760	1607168	512	6.323798
76317018112	76315606016	1412096	512	11.407077
133053497344	133052328448	1168896	512	8.854263
121473410048	121471729152	1680896	512	8.432427
129320169984	129318615040	1554944	512	12.151141
26246227968	26245091328	1136640	512	10.693679
5773952512	5772493824	1458688	512	5.992787
85526742528	85524860416	1882112	512	11.818947
127231748608	127230471680	1276928	512	7.721479
68159933952	68157980160	1953792	512	11.225973
141780004352	141778335232	1669120	512	13.506682
9423211520	9422116352	1095168	512	8.940879
149286831104	149284977152	1853952	512	2.614410
21527262720	21525725184	1537536	512	3.915535
49592179712	49590345728	1833984	512	9.725859
112970249728	112969061888	1187840	512	7.146989
47022728192	47021244416	1483776	512	11.967593
48094044160	48092944896	1099264	512	9.661718
119862316032	119860461568	1854464	512	3.799624
65404879872	65403603968	1275904	512	5.464454
90693133824	90691230720	1903104	512	8.128430
95194361856	95192771584	1590272	512	6.067747
119521075200	119519311360	1763840	512	5.953539
80608637952	80607508480	1129472	512	6.984750
16488393216	16487083520	1309696	512	7.112876
74799710720	74797847552	1863168	512	5.880587
87476688384	87475094016	1594368	512	3.617540
130416175104	130414083072	2092032	512	4.672709
46639535104	46637832192	1702912	512	9.208227
151371757568	151370461696	1295872	512	9.098057
7030575616	7029197312	1378304	512	3.495700
140627361792	140625786368	1575424	512	4.999560
36204470272	36202665984	1804288	512	14.813131
69317808128	69316446208	1361920	512	3.819007
1524838400	1522770944	2067456	512	9.035574
142564694528	142563510272	1184256	512	11.563041
95705223168	95703313920	1909248	512	10.368635
107230072320	107228501504	1570816	512	4.627070
142800114176	142798649344	1464832	512	6.681625
92453116416	92451246592	1869824	512	10.676222
144809444352	144807525888	1918464	512	3.040394
103106383360	103104952832	1430528	512	12.478456
60440819200	60438724608	2094592	512	11.402212
88404704256	88403398656	1305600	512	11.487188
90584250880	90582385152	1865728	512	2.713511
10713813504	10712445952	1367552	512	6.365068
69242241024	69240873472	1367552	512	7.863713
106993180672	106991560192	1620480	512	5.675315
20920423424	20918771200	1652224	512	6.552091
18079119872	18077968384	1151488	512	7.832616
140497882112	140496206336	1675776	512	2.222000
79147239936	79145309184	1930752	512	12.404782
35411464704	35410022912	1441792	512	4.824870
48716571648	48714706944	1864704	512	9.007097
56635423744	56633551360	1872384	512	7.567046
95706174976	95704168448	2006528	512	7.928652
57226384384	57224330240	2054144	512	11.947100
81149415936	81147973632	1442304	512	5.807467
45869837824	45867978240	1859584	512	9.114710
19990160896	19989066752	1094144	512	8.967735
134866532864	134864977408	1555456	512	8.247414
54543696896	54541682176	2014720	512	4.580476
127580407296	127578475520	1931776	512	12.218235
8795363840	8794301952	1061888	512	11.701908
115971392000	115969316352	2075648	512	8.700733
36713159168	36711773696	1385472	512	4.993110
28107407360	28105547776	1859584	512	9.653285
137603494400	137601421824	2072576	512	12.584639
136647675392	136646256128	1419264	512	12.762540
150016045568	150014228992	1816576	512	5.789400
74853334528	74851658752	1675776	512	6.944051
75253885952	75252085248	1800704	512	7.312990
61041368576	61039783424	1585152	512	9.738729
56701758976	56699729408	2029568	512	11.564209
14820941312	14819527680	1413632	512	5.274084
54043847168	54042519552	1327616	512	5.151013
95054090240	95052270080	1820160	512	9.467861
148859440640	148858300928	1139712	512	4.363901
22403359232	22401336320	2022912	512	3.903194
106259622912	106257627136	1995776	512	5.114602
144434628096	144432733696	1894400	512	5.481879
150372143616	150370997248	1146368	512	8.537798
132591496192	132589925888	1570304	512	8.588929
61123153920	61121674240	1479680	512	6.903818
6203736064	6201894912	1841152	512	7.777182
75146295296	75145131008	1164288	512	6.875285
55689909760	55687985664	1924096	512	2.465107
149880142336	149878233600	1908736	512	3.242688
38419987968	38418164736	1823232	512	10.575862
108296274432	108294261760	2012672	512	4.227319
138623026688	138621745664	1281024	512	5.330530
104467858944	104466640384	1218560	512	1.911211
20181794816	20180313600	1481216	512	12.697215
65748758528	65747000320	1758208	512	10.996943
71583946752	71582436864	1509888	512	12.061273
22598874624	22597335552	1539072	512	2.990154
120560690176	120559449600	1240576	512	3.638589
108727820800	108726469120	1351680	512	12.783964
92437196800	92435602432	1594368	512	5.395982
70806341632	70804748800	1592832	512	10.569543
27370621952	27368701440	1920512	512	6.848947
34286270464	34284265472	2004992	512	4.411349
62902978560	62901148672	1829888	512	4.239307
95467560448	95465886208	1674240	512	3.238833
68998370816	68997044736	1326080	512	4.512788
13631328256	13629805568	1522688	512	3.407516
48766395904	48764803072	1592832	512	9.987659
122089338880	122087784960	1553920	512	2.142343
73303328256	73301610496	1717760	512	5.493254
114287889408	114285985792	1903616	512	4.909634
130415764992	130414192640	1572352	512	8.536289
31320585728	31319189504	1396224	512	5.608820
74858928128	74857765888	1162240	512	7.009463
121168669184	121167585280	1083904	512	3.588487
141435546112	141434138112	1408000	512	2.416177
96859592704	96858490368	1102336	512	11.733928
99430215168	99428950016	1265152	512	6.973959
75786628608	75785304576	1324032	512	3.809242
110083518976	110081469952	2049024	512	12.762883
159735856128	159733971456	1884672	512	6.726353
137615591424	137614187008	1404416	512	10.199104
7767233536	7765756416	1477120	512	12.751689
145287306752	145285612544	1694208	512	11.117370
143605425152	143604008448	1416704	512	9.350755
22940320768	22938840064	1480704	512	4.856831
52393131520	52391686656	1444864	512	7.551635
96970583040	96969420800	1162240	512	4.864403
141175435264	141173475840	1959424	512	3.706932
140874728960	140873332224	1396736	512	2.791347
61776964096	61775572480	1391616	512	8.782573
103851466240	103849931776	1534464	512	5.383361
81554193920	81553007104	1186816	512	5.828088
87999572480	87998387200	1185280	512	5.621618
52787371008	52786152448	1218560	512	7.188219
104659809280	104658014208	1795072	512	12.195858
40245375488	40243885056	1490432	512	8.121586
159529742336	159527684608	2057728	512	11.497679
64477843456	64475836416	2007040	512	3.651781
51718409728	51716432384	1977344	512	2.425460
76905891840	76904168448	1723392	512	5.443600
136004197376	136002377728	1819648	512	8.195216
139545405440	139543712768	1692672	512	9.436182
71292021248	71290956288	1064960	512	9.499987
38653583872	38651795968	1787904	512	1.970330
43030579712	43029289984	1289728	512	4.904672
113950278656	113949052416	1226240	512	11.111747
33958332928	33957276160	1056768	512	12.699212
143745654272	143743938560	1715712	512	12.255142
81338833920	81337022464	1811456	512	3.611265
111292719616	111291031040	1688576	512	11.514342
140145978880	140144910848	1068032	512	4.197437
20159233536	20157430784	1802752	512	11.493081
103953723904	103952665088	1058816	512	11.204514
145933140992	145931077120	2063872	512	8.823172
156423992832	156422074368	1918464	512	6.230269
12000780800	11999223296	1557504	512	4.360279
43417946624	43416523264	1423360	512	11.365107
77002205696	77001000448	1205248	512	6.241072
21874688000	21873013760	1674240	512	6.075642
33455409664	33454135808	1273856	512	3.335266
95094425088	95092797952	1627136	512	2.511851
99535860736	99534355456	1505280	512	6.076267
41403551232	41402134528	1416704	512	4.479093
34376431104	34374528000	1903104	512	10.696940
153432155648	153430321664	1833984	512	10.693408
28462145536	28460591104	1554432	512	2.742273
104432058368	104430092800	1965568	512	3.562893
51957548032	51956167680	1380352	512	8.957428
49825745408	49823930368	1815040	512	10.074559
37609811968	37608295424	1516544	512	2.684647
1788327424	1786940928	1386496	512	3.344171
56751633920	56749798400	1835520	512	4.112505
77741969920	77740367872	1602048	512	7.695085
59623326720	59621902336	1424384	512	8.072386
85557202432	85555392000	1810432	512	2.196508
69340048384	69338843648	1204736	512	5.056140
127888923648	127887432704	1490944	512	2.554552
132017290240	132016110080	1180160	512	8.468929
114262616576	114260526592	2089984	512	11.813542
79877841920	79876356096	1485824	512	3.972291
83517442560	83516190208	1252352	512	4.891846
35680622080	35678757376	1864704	512	6.832384
141139716608	141138637824	1078784	512	3.901056
144264069632	144262405632	1664000	512	3.378839
89393765376	89391929856	1835520	512	11.409746
52174870016	52173325312	1544704	512	5.447465
146260061696	146258762752	1298944	512	11.280340
25997959680	25996318720	1640960	512	2.199267
88327352320	88325913088	1439232	512	11.546853
25441515520	25439427584	2087936	512	12.092002
60581917696	60580706304	1211392	512	6.681101
154505307648	154503728128	1579520	512	6.861521
117754742784	117752812032	1930752	512	4.755060
68686740480	68685178880	1561600	512	11.143761
52313964032	52312852992	1111040	512	9.178222
110230416384	110228902912	1513472	512	4.535368
76015133696	76013888000	1245696	512	12.383969
70339479040	70337646080	1832960	512	4.201126
10380979200	10378900992	2078208	512	8.863001
40498329088	40497116160	1212928	512	9.896322
57043796992	57042282496	1514496	512	10.971655
1204015616	1201998336	2017280	512	6.155490
88721653248	88719996928	1656320	512	5.331990
138140616192	138138594816	2021376	512	6.216779
96441305088	96439715328	1589760	512	8.983406
115960168960	115959070208	1098752	512	1.967839
12547043840	12545855488	1188352	512	7.159376
56786695680	56785082880	1612800	512	10.983159
55663324672	55661558272	1766400	512	5.454704
124261618688	124260410880	1207808	512	12.135994
135956810240	135954923520	1886720	512	6.448822
2683792384	2682724864	1067520	512	12.342851
57221470208	57219786240	1683968	512	7.894561
140274109440	140273043968	1065472	512	4.317742
94589208064	94587914240	1293824	512	6.989577
47574983680	47573515776	1467904	512	15.083258
100647609856	100646103040	1506816	512	6.036924
77504235008	77502218240	2016768	512	8.908660
147231852032	147230180864	1671168	512	11.927874
78479147008	78477218304	1928704	512	2.856442
98328770048	98327371776	1398272	512	3.616117
140419359744	140417495040	1864704	512	6.200157
94134200320	94132328960	1871360	512	8.303327
25067028480	25064938496	2089984	512	3.964769
63736031744	63733985280	2046464	512	9.444885
58892486144	58890925568	1560576	512	10.163074
81949650432	81947592192	2058240	512	8.250192
85805007872	85803941376	1066496	512	4.561880
124619506176	124617857024	1649152	512	8.342126
56008059392	56006923264	1136128	512	5.025462
14917703680	14915701248	2002432	512	6.404637
11535624704	11534374400	1250304	512	9.351869
109412523520	109411366912	1156608	512	3.359638
156233224704	156231681536	1543168	512	5.261471
99227370496	99225371136	1999360	512	6.983266
45731025920	45729924608	1101312	512	10.406204
88661785600	88660134912	1650688	512	9.737558
5127306752	5125280256	2026496	512	9.842759
19102479872	19100529664	1950208	512	5.320485
101905752576	101903658496	2094080	512	4.177713
51383115776	51381262848	1852928	512	3.782458
130386718208	130385409536	1308672	512	5.860706
22753815040	22752189440	1625600	512	2.522786
130822066688	130820295168	1771520	512	4.920884
128689489408	128688348160	1141248	512	11.144996
103358398464	103356878336	1520128	512	4.372992
20318577152	20317256192	1320960	512	5.144705
67843401728	67842056192	1345536	512	10.864350
67944132096	67942880768	1251328	512	5.949980
157072922112	157071277568	1644544	512	12.447588
128829643776	128827789312	1854464	512	2.996526
91478990848	91476962304	2028544	512	5.525653
35850419200	35849119744	1299456	512	7.277289
83746271232	83744687104	1584128	512	6.801373
54913154048	54911729152	1424896	512	3.321409
73057196544	73055833088	1363456	512	3.821836
140775279616	140774092800	1186816	512	6.361741
54659886592	54658384896	1501696	512	11.246457
141412433408	141410533888	1899520	512	6.838805
109940529664	109938656768	1872896	512	5.681808
128981450752	128980373504	1077248	512	12.714503
74127289856	74125858816	1431040	512	12.841889
158981612544	158980529152	1083392	512	1.966274
33128471552	33127372288	1099264	512	12.525601
123120498688	123118577152	1921536	512	4.869478
135522579456	135521437184	1142272	512	8.948910
97356459008	97355091456	1367552	512	9.083155
72739275264	72737971712	1303552	512	4.937080
29411348992	29409825280	1523712	512	12.579888
132936055296	132934338048	1717248	512	3.115466
47239813632	47238338560	1475072	512	2.787099
9776139264	9774800384	1338880	512	6.992683
119637815808	119636719616	1096192	512	3.830994
77347366400	77346144768	1221632	512	4.039052
13435062784	13433492992	1569792	512	4.151407
119133805056	119132435456	1369600	512	6.712172
64250115072	64248525824	1589248	512	3.633530
38358513152	38356726784	1786368	512	8.213247
135508377088	135506955776	1421312	512	12.766424
138299451904	138298155008	1296896	512	4.910531
79516342272	79514355200	1987072	512	9.514956
87535872000	87534787584	1084416	512	3.211793
73046275072	73045080576	1194496	512	7.009287
52682767872	52681614336	1153536	512	7.800739
3612639744	3611365376	1274368	512	8.989006
86264208896	86262831616	1377280	512	11.738728
103481405440	103479435264	1970176	512	5.172243
94038144512	94036254208	1890304	512	10.803466
132987719168	132986269696	1449472	512	4.125039
141633992192	141632475136	1517056	512	8.381501
81842458112	81840774144	1683968	512	8.614711
104478797824	104477224960	1572864	512	8.715635
127216090624	127214462464	1628160	512	10.965487
23664342016	23662673408	1668608	512	11.090432
66972594176	66971308032	1286144	512	12.235507
10376212480	10374142464	2070016	512	5.355759
117404856832	117403276800	1580032	512	4.900180
73893598208	73891996160	1602048	512	7.716160
77453325312	77451728896	1596416	512	2.636971
139372270080	139370952704	1317376	512	10.806245
121097783296	121096313344	1469952	512	4.344442
22454851584	22453369856	1481728	512	4.849676
145249787392	145247795712	1991680	512	11.264777
106131125760	106129419776	1705984	512	10.987799
90217087488	90215757312	1330176	512	6.527830
132044357120	132043148800	1208320	512	3.060680
42405833216	42404508160	1325056	512	6.847748
124839821312	124837731328	2089984	512	4.772820
32194674688	32192694784	1979904	512	3.777701
125597297152	125595301888	1995264	512	9.368286
154670471680	154669007360	1464320	512	11.742022
111834795008	111833604096	1190912	512	2.600672
86426690048	86425072640	1617408	512	6.120705
14576572416	14574925824	1646592	512	10.585295
36764404736	36762748416	1656320	512	10.456190
106712669184	106711399424	1269760	512	12.986921
66391279616	66390087168	1192448	512	7.005069
134839773696	134838660608	1113088	512	10.365033
116051173888	116049502720	1671168	512	2.565375
31661461504	31660281344	1180160	512	3.512957
15729823744	15728168448	1655296	512	10.444206
17884282880	17882807808	1475072	512	4.269942
81905565184	81904023552	1541632	512	8.452404
130085431296	130084346368	1084928	512	11.536491
25044024320	25042034176	1990144	512	5.658938
23539521536	23537672704	1848832	512	8.726453
139175270912	139173970432	1300480	512	4.797768
101501780480	101499845120	1935360	512	9.277677
42545081344	42543899648	1181696	512	8.656400
131238499328	131237412352	1086976	512	10.887955
25212943360	25210913792	2029568	512	3.817504
17404002304	17402335232	1667072	512	12.064455
85128232448	85126742528	1489920	512	8.736328
157349295104	157348106240	1188864	512	10.178083
128911630336	128909966336	1664000	512	6.212575
153509585408	153508487168	1098240	512	6.030745
15422936064	15421429248	1506816	512	10.409667
107248015360	107246615552	1399808	512	7.110604
84932684288	84931530240	1154048	512	6.238367
81678689792	81677116416	1573376	512	8.264619
14019874304	14018347008	1527296	512	9.976130
121492872704	121491643392	1229312	512	8.980225
140384711680	140383130112	1581568	512	3.220824
59084001280	59082842624	1158656	512	7.791059
24117079040	24115758080	1320960	512	7.616411
93763373056	93762270208	1102848	512	4.363200
149488935936	149487006208	1929728	512	2.612313
156969909248	156968580608	1328640	512	2.836701
121660197888	121659145216	1052672	512	2.203437
102312080896	102310241280	1839616	512	8.038035
125870028288	125868975616	1052672	512	3.086678
97213254144	97211662336	1591808	512	8.908962
55428387328	55426452992	1934336	512	2.256573
100965689344	100964051456	1637888	512	4.467317
127626644480	127625302528	1341952	512	5.047575
126656765440	126655046144	1719296	512	4.770193
5068036608	5066528256	1508352	512	5.126359
114612558848	114611504640	1054208	512	4.865869
134179603968	134178214912	1389056	512	9.611674
102092198912	102090455552	1743360	512	11.541885
147882173440	147880137216	2036224	512	8.936447
123148457472	123146763264	1694208	512	6.897935
42510754816	42509397504	1357312	512	12.718381
60278894080	60277066240	1827840	512	10.415584
151640855552	151639533568	1321984	512	6.478420
63950688768	63948670976	2017792	512	5.320876
5521073152	5519794176	1278976	512	8.862783
30492085248	30490472448	1612800	512	7.347010
80716424704	80714667008	1757696	512	4.612261
37145227264	37143824384	1402880	512	4.741274
36958070784	36956096000	1974784	512	13.151717
50691091968	50689699328	1392640	512	9.674366
116423564288	116421498880	2065408	512	12.387403
67029373952	67027919360	1454592	512	11.403929
57683259392	57681618432	1640960	512	8.681216
50699268608	50697282048	1986560	512	6.451163
141586683392	141585584640	1098752	512	3.330364
133369756160	133368074752	1681408	512	4.062525
112649739264	112648510464	1228800	512	12.822611
73645267456	73643806208	1461248	512	12.235922
31695262208	31694144512	1117696	512	9.833893
122716857344	122715265536	1591808	512	2.948853
89786927616	89785108480	1819136	512	11.739384
135423608320	135421530624	2077696	512	3.772089
131999003648	131997896192	1107456	512	12.043576
117167878144	117166265856	1612288	512	12.122565
88942386176	88941300736	1085440	512	7.680552
128734835712	128733456896	1378816	512	4.120901
31496443904	31494425600	2018304	512	3.066820
86384058880	86382676992	1381888	512	5.281633
19215200768	19213649920	1550848	512	4.492306
136482392064	136480766976	1625088	512	8.766872
102982270464	102980485632	1784832	512	9.214162
61784389120	61783324672	1064448	512	4.834023
88354040832	88352365056	1675776	512	4.950354
155545665024	155543733248	1931776	512	11.938966
104139532800	104138174464	1358336	512	3.264216
92296957440	92295216128	1741312	512	5.740081
144014829568	144013074944	1754624	512	9.354279
149643474944	149641404928	2070016	512	5.771753
151417903104	151415821312	2081792	512	12.191099
86149859840	86148511232	1348608	512	2.252349
119165855744	119163904512	1951232	512	12.573807
132686550016	132684477952	2072064	512	5.304582
80125159936	80123793408	1366528	512	2.978709
71670556672	71668803072	1753600	512	5.702315
154784418816	154782644736	1774080	512	10.945935
12994778112	12992938496	1839616	512	9.073484
46488895488	46487159296	1736192	512	2.394127
153305491968	153304337920	1154048	512	2.448291
13602116608	13600466944	1649664	512	10.547334
40555501568	40553702912	1798656	512	6.998367
158770796544	158769670656	1125888	512	11.616242
89192091648	89190542848	1548800	512	6.363273
21311274496	21309926400	1348096	512	7.133183
136028381184	136027054592	1326592	512	8.803920
41316889600	41315617280	1272320	512	7.762506
46913157632	46911497216	1660416	512	11.698649
50416610304	50414528512	2081792	512	2.512566
116178824192	116176794624	2029568	512	9.783942
43486622720	43485200896	1421824	512	4.382110
106843801088	106842017792	1783296	512	11.075672
94315191808	94313667072	1524736	512	6.479440
104758458880	104756878336	1580544	512	4.404857
71196145664	71194800128	1345536	512	2.361146
84981593600	84979905536	1688064	512	8.552339
121293796352	121291728384	2067968	512	10.694802
50007895040	50005916672	1978368	512	4.323653
32639737856	32638400512	1337344	512	5.916356
99886811648	99885142016	1669632	512	11.743584
143543315456	143541929472	1385984	512	3.147014
138500669952	138499248640	1421312	512	9.792739
47118150144	47116980736	1169408	512	11.023941
139326267904	139324899840	1368064	512	2.994110
28430714880	28429106688	1608192	512	9.190973
18385500672	18383855616	1645056	512	10.608629
158124857344	158122935808	1921536	512	12.282116
45568941056	45567863296	1077760	512	10.823005
53872470016	53870619648	1850368	512	8.177880
78110128128	78108362240	1765888	512	4.482402
3381299712	3379769856	1529856	512	3.006952
156810812416	156809063424	1748992	512	11.741786
80081234944	80079352320	1882624	512	3.912946
19706378240	19704430592	1947648	512	2.013388
113095597568	113093603840	1993728	512	13.775831
28440550400	28439364096	1186304	512	9.165272
40462750208	40460881920	1868288	512	9.610539
150759775232	150757946368	1828864	512	3.472937
16920622592	16919112192	1510400	512	3.611861
111290737152	111289085952	1651200	512	12.474880
104763259904	104761418240	1841664	512	7.992498
158563934720	158562360320	1574400	512	6.365506
132763709952	132761761792	1948160	512	7.355754
48197864448	48195868160	1996288	512	4.018235
59747076608	59745373696	1702912	512	7.491040
75776429056	75774950400	1478656	512	10.155887
24409969152	24408858624	1110528	512	7.867275
77156726784	77155521024	1205760	512	6.138330
109086137344	109084782592	1354752	512	3.337984
65296980480	65295930368	1050112	512	6.347299
93722833920	93721574400	1259520	512	4.004435
82882553856	82881144320	1409536	512	11.089574
2460258304	2458249216	2009088	512	6.274779
81162349568	81160585728	1763840	512	3.496993
18051161088	18049782272	1378816	512	3.518181
142637079040	142635748864	1330176	512	10.395216
28147009536	28145539072	1470464	512	10.160972
23272882688	23271590400	1292288	512	4.303732
63655323136	63653953024	1370112	512	8.550796
86698332672	86696939520	1393152	512	9.619327
110542824448	110540955648	1868800	512	5.757481
40444213760	40442578432	1635328	512	5.103005
3635769856	3634503168	1266688	512	10.860395
120078150656	120076912640	1238016	512	3.735541
159413068288	159411796992	1271296	512	3.236131
40964216320	40962177024	2039296	512	12.028052
64996598784	64994580480	2018304	512	11.773288
1619184128	1617106944	2077184	512	3.778318
58436593152	58435047936	1545216	512	9.698299
79687104000	79685878784	1225216	512	5.733385
102972323840	102970501120	1822720	512	8.434173
41191688704	41190104064	1584640	512	12.608386
67015511040	67013836288	1674752	512	7.189519
1576654848	1575330816	1324032	512	4.568477
30945251328	30943883264	1368064	512	2.780797
91574308864	91573074944	1233920	512	4.614448
94784394752	94782571008	1823744	512	3.184500
146007785472	146006466048	1319424	512	15.370064
153421876224	153420009472	1866752	512	12.717991
58889058304	58887343616	1714688	512	7.299782
44230296064	44228663808	1632256	512	10.433586
31910562304	31909318144	1244160	512	3.956672
36926310912	36925056000	1254912	512	7.365081
113480770560	113479678464	1092096	512	9.711424
81577104384	81575578624	1525760	512	8.338998
86087727104	86086596096	1131008	512	11.561206
55858195968	55856534016	1661952	512	9.209900
19189560320	19188194304	1366016	512	7.488841
41256953856	41255547904	1405952	512	5.425755
135832717312	135830786560	1930752	512	7.025110
100243485696	100241675264	1810432	512	11.926725
20233020928	20231370240	1650688	512	7.691437
68784660480	68782567936	2092544	512	8.575886
118846733312	118845154816	1578496	512	10.401929
128969096192	128967233024	1863168	512	2.764630
159249718272	159248000000	1718272	512	12.702475
159251569152	159249917952	1651200	512	0.491024
3530954240	3529798656	1155584	512	10.100471
96673712640	96671727616	1985024	512	8.462455
156767852032	156766120960	1731072	512	7.063116
147665754624	147664590336	1164288	512	3.615167
5925572608	5923959808	1612800	512	2.278770
87991474688	87989528576	1946112	512	10.528028
142152954880	142151363584	1591296	512	5.780720
152327945216	152326494720	1450496	512	5.302954
88251502592	88249437696	2064896	512	4.776193
132528516608	132526737408	1779200	512	6.489546
39578825728	39577362432	1463296	512	8.732503
87143981568	87142224896	1756672	512	5.410832
67946779136	67945545216	1233920	512	6.281385
117258700288	117257182720	1517568	512	6.741653
12974389248	12973140992	1248256	512	9.308402
62586866176	62584882688	1983488	512	4.192988
68569585664	68568073728	1511936	512	10.315089
90890584064	90889390592	1193472	512	4.568139
101240856576	101238959616	1896960	512	9.589519
35275503616	35274387456	1116160	512	6.609007
52092215808	52090725888	1489920	512	11.471451
105872186880	105870429696	1757184	512	10.035272
118220631040	118219287040	1344000	512	6.734829
7276611584	7275458048	1153536	512	7.820036
42397601792	42396138496	1463296	512	4.475631
100521852928	100520577536	1275392	512	6.901407
99995376128	99993524736	1851392	512	10.817293
148797824000	148796745216	1078784	512	8.279654
139725062144	139723597824	1464320	512	9.923142
16763528704	16761912320	1616384	512	3.412068
64432819712	64431596544	1223168	512	6.440741
100236538368	100234695168	1843200	512	11.223783
115123876864	115122613248	1263616	512	10.987087
120381198336	120379303936	1894400	512	5.439887
150982108160	150980649472	1458688	512	2.108259
54434926080	54433282048	1644032	512	8.593152
21581671424	21579597312	2074112	512	4.283152
157872528384	157871433728	1094656	512	11.070762
22281845760	22280042496	1803264	512	8.811750
90788539392	90787107840	1431552	512	4.032864
91689223680	91687523840	1699840	512	3.150654
137383660544	137382444544	1216000	512	12.261193
53271403008	53269636608	1766400	512	9.949880
48232369664	48230475776	1893888	512	5.809324
47657297408	47656206336	1091072	512	9.824014
1374420992	1373179392	1241600	512	8.614303
122647665152	122645891584	1773568	512	4.988364
132663980544	132662620160	1360384	512	9.643373
147551078400	147549487104	1591296	512	10.612060
154641716736	154640642560	1074176	512	5.416651
91742846464	91741250560	1595904	512	9.327077
71794252288	71792422912	1829376	512	4.257056
7570615296	7568561664	2053632	512	11.115697
144524357632	144522300928	2056704	512	10.108175
89554568192	89553040896	1527296	512	6.755990
84143695872	84141672960	2022912	512	7.192332
63381034496	63379833856	1200640	512	6.906516
99067538944	99065807360	1731584	512	4.476328
32499437568	32498360320	1077248	512	12.945624
39769716224	39768659968	1056256	512	7.832497
56215421440	56213997568	1423872	512	8.113617
82663624704	82662312960	1311744	512	12.660790
29229088256	29227368448	1719808	512	11.990272
148646930944	148645740032	1190912	512	5.037432
138653053440	138651739136	1314304	512	12.660587
66556417536	66554539520	1878016	512	6.538769
17950388224	17949128192	1260032	512	9.249389
45210615808	45209336320	1279488	512	6.359125
114577622528	114576193024	1429504	512	6.447422
146273476096	146272110080	1366016	512	11.172368
151887808000	151885981184	1826816	512	9.082078
16078396416	16077303808	1092608	512	11.953003
128295362048	128294085120	1276928	512	12.115318
16970754560	16968979968	1774592	512	10.162389
80044203520	80042191360	2012160	512	11.999760
122404345856	122402371584	1974272	512	5.540132
102487037952	102484967936	2070016	512	12.270426
83227424768	83225336320	2088448	512	10.109912
80095140352	80093947392	1192960	512	6.374051
70739270144	70737673216	1596928	512	2.617553
23173109248	23171364864	1744384	512	11.636497
116702735360	116701575680	1159680	512	7.286275
51894229504	51892860928	1368576	512	4.394979
352263680	350958592	1305088	512	3.104290
144907573248	144906192896	1380352	512	9.000235
9425150464	9423900160	1250304	512	5.939206
13540244992	13538722816	1522176	512	11.918375
67154028032	67152110592	1917440	512	2.594371
103583087616	103581158400	1929216	512	4.395704
114673056768	114671974400	1082368	512	9.374936
116691690496	116690265088	1425408	512	5.393070
46455943680	46454704640	1239040	512	7.996259
44712158720	44710963712	1195008	512	2.716159
38661569024	38659570688	1998336	512	8.708018
31113309696	31112068096	1241600	512	10.658405
144141672960	144140012032	1660928	512	3.503896
158342590976	158340890112	1700864	512	6.594747
15540386304	15538451456	1934848	512	5.579603
110582627328	110581492224	1135104	512	3.823400
13730632704	13728726528	1906176	512	12.116005
46987509760	46985733632	1776128	512	6.658606
87423475712	87422027264	1448448	512	9.594029
158292479488	158290686464	1793024	512	4.546943
73167112704	73165105152	2007552	512	10.751536
64724333568	64722487808	1845760	512	2.141557
72342292480	72341196288	1096192	512	10.123167
115730596352	115729182208	1414144	512	6.805818
114090517504	114088520704	1996800	512	2.855132
139339729408	139337654784	2074624	512	3.042123
157632369152	157630671360	1697792	512	2.338677
28468329472	28466594816	1734656	512	8.902130
16112083456	16110044672	2038784	512	5.839951
142203536384	142201696256	1840128	512	8.779341
13524664832	13523607552	1057280	512	9.655787
4353742336	4352527872	1214464	512	11.718261
41601802752	41599899136	1903616	512	8.941741
146787172864	146785343488	1829376	512	5.486643
23792317440	23790881792	1435648	512	4.758276
109868209664	109866749952	1459712	512	6.990345
11209917952	11208293888	1624064	512	11.461336
72503452672	72501900800	1551872	512	11.323683
159416338944	159414652928	1686016	512	5.893495
151959312896	151957596672	1716224	512	5.044645
4215246336	4213882368	1363968	512	3.774861
18364344320	18363173376	1170944	512	9.478692
19370820608	19369110016	1710592	512	11.280457
106981834752	106979949056	1885696	512	9.795628
71699995136	71698052096	1943040	512	2.118646
112793169920	112791401984	1767936	512	11.988586
6631317504	6629514240	1803264	512	8.431584
35698780672	35696910848	1869824	512	11.367378
52153313280	52151885824	1427456	512	12.569392
11185298432	11184151040	1147392	512	10.234062
147975774208	147974038016	1736192	512	6.711340
7466374656	7464541696	1832960	512	9.222211
13209975296	13208028160	1947136	512	7.287740
55573228032	55571657216	1570816	512	4.901974
70189638656	70187966976	1671680	512	7.295760
156170504192	156168827904	1676288	512	11.086454
95797153792	95795978240	1175552	512	5.375287
35634347520	35632456704	1890816	512	6.361487
80849456128	80848075264	1380864	512	6.406006
17882233856	17880801280	1432576	512	3.171647
141154863616	141153489408	1374208	512	3.521587
152691282944	152689273856	2009088	512	3.296399
101488302080	101486225408	2076672	512	4.481883
59253027840	59250975744	2052096	512	9.356959
58324338176	58322811392	1526784	512	5.613506
127759830016	127758657536	1172480	512	11.114172
126774806016	126773111808	1694208	512	6.922788
115403182080	115401711104	1470976	512	5.488178
153756313088	153754778112	1534976	512	4.029369
128013003264	128011886080	1117184	512	5.756799
22000392192	21999339008	1053184	512	12.057836
3181211136	3179130368	2080768	512	5.142483
144193907200	144192475136	1432064	512	8.972352
69303044608	69301037568	2007040	512	12.039105
55731760640	55730264576	1496064	512	2.017479
157451849728	157450425856	1423872	512	10.068204
554250752	553000960	1249792	512	9.364711
60587658752	60585750016	1908736	512	3.694462
108536251904	108534505984	1745920	512	8.584681
101808084480	101806454272	1630208	512	8.798779
109463829504	109461758976	2070528	512	3.116651
50602972672	50601331200	1641472	512	12.075481
104399716864	104397619712	2097152	512	2.340428
39150895104	39149079552	1815552	512	6.608699
69301488128	69299789824	1698304	512	8.549684
13338452480	13337213952	1238528	512	8.323795
143671304704	143670163968	1140736	512	6.517355
150144470016	150142588928	1881088	512	4.040201
84164770816	84163555840	1214976	512	5.008349
136244310016	136242529280	1780736	512	12.577858
32104375808	32103237632	1138176	512	4.374843
59008965632	59007106048	1859584	512	7.956477
73537925632	73536224768	1700864	512	6.215391
60226683392	60225610752	1072640	512	11.650704
9373371904	9371381248	1990656	512	6.590723
17725083648	17723299840	1783808	512	9.996220
131520391680	131518381568	2010112	512	5.554986
96104830976	96103324160	1506816	512	12.670059
142959204352	142957308416	1895936	512	3.563657
30073743360	30072187392	1555968	512	2.716946
58763814400	58762425856	1388544	512	8.874181
132256788480	132254984192	1804288	512	11.996943
134913631744	134912089600	1542144	512	9.555516
40147321344	40146113024	1208320	512	8.862949
100393920000	100392477696	1442304	512	8.622458
79510547968	79508680192	1867776	512	11.835624
89635346432	89634253312	1093120	512	12.326640
98827902976	98825949696	1953280	512	5.531900
88963680768	88962001408	1679360	512	3.610096
113045949952	113043957760	1992192	512	2.955244
51861416960	51859655168	1761792	512	5.526286
70275383808	70274050560	1333248	512	10.380780
96698609664	96697001984	1607680	512	5.719527
123189195264	123187117056	2078208	512	7.684258
79416435712	79415345664	1090048	512	7.779847
158369212416	158367471616	1740800	512	7.400104
48334297600	48332773888	1523712	512	11.231591
12220348416	12218450944	1897472	512	8.150177
76193341440	76191870976	1470464	512	12.076773
151783673856	151782562816	1111040	512	3.824486
67870918656	67869722112	1196544	512	6.989598
143557976576	143556363264	1613312	512	5.076270
65025073152	65023318016	1755136	512	5.691564
25946521088	25945209344	1311744	512	7.727171
154612463616	154610492928	1970688	512	10.624139
6804959232	6803569664	1389568	512	12.612437
103445160448	103443182592	1977856	512	5.624365
695766528	694308352	1458176	512	4.949200
75216621056	75214970880	1650176	512	12.519111
2504368640	2502453760	1914880	512	11.955306
19261024768	19258984960	2039808	512	11.396009
10468065280	10466612736	1452544	512	3.264137
139966031360	139964977152	1054208	512	8.990404
89937188864	89935802880	1385984	512	9.822070
38527742976	38525769216	1973760	512	3.801824
4599977984	4598519808	1458176	512	5.990516
123865956864	123864299520	1657344	512	10.413448
1684770816	1682836992	1933824	512	9.299635
100889452544	100887508480	1944064	512	10.181251
40788808192	40787431424	1376768	512	5.209418
57005654016	57003734016	1920000	512	3.475592
78142426112	78141325312	1100800	512	8.176762
131885642240	131884052480	1589760	512	12.129194
95236116480	95235006464	1110016	512	6.603825
43555382272	43554294272	1088000	512	144.461850
70670060544	70668651520	1409024	512	2.935987
46923433472	46922096640	1336832	512	10.825914
4122234880	4120364032	1870848	512	8.564064
52707215872	52705793536	1422336	512	12.021929
108307369472	108305918976	1450496	512	8.967389
19606896128	19604891648	2004480	512	8.403974
112256726528	112255394304	1332224	512	3.291243
62401606656	62400223744	1382912	512	8.250290
62648997376	62647477760	1519616	512	11.944220
125983996416	125982467584	1528832	512	11.029296
109637746176	109635859968	1886208	512	9.784597
23690280960	23688884736	1396224	512	13.199272
61432537088	61431019008	1518080	512	10.203715
127523854336	127521946624	1907712	512	12.003061
85104126464	85102920192	1206272	512	5.240246
6134796800	6133564416	1232384	512	10.568057
120989191680	120987843584	1348096	512	6.635148
110199020544	110197811712	1208832	512	2.274921
16593295872	16591610880	1684992	512	12.219812
185091584	183118848	1972736	512	5.535046
9552346624	9551174144	1172480	512	9.806118
97060250112	97058688000	1562112	512	6.680149
128708733952	128706952704	1781248	512	12.524324
49629142528	49627458048	1684480	512	3.444477
68212486656	68210675200	1811456	512	7.044781
134322735616	134321047040	1688576	512	3.900573
99917816320	99915893760	1922560	512	6.107968
15335168000	15333982208	1185792	512	10.419852
116864829952	116863629824	1200128	512	10.748521
121441826816	121440204800	1622016	512	11.646673
118491077632	118489199616	1878016	512	4.067772
84295940096	84294118912	1821184	512	2.871529
88841995776	88840264704	1731072	512	5.991666
107638196224	107636539392	1656832	512	12.374549
114801515008	114799571456	1943552	512	2.478375
54030621184	54029488640	1132544	512	8.746632
31924897280	31923820032	1077248	512	12.311993
12564470784	12562907136	1563648	512	11.107336
26060700160	26059073536	1626624	512	7.066498
83126550528	83125038080	1512448	512	10.833306
135694772224	135693403648	1368576	512	3.000152
44439950336	44438705664	1244672	512	7.888396
55108083200	55106728448	1354752	512	4.661586
38090647552	38088965120	1682432	512	11.760167
58507554304	58505965056	1589248	512	11.430523
129706028544	129704116736	1911808	512	11.863771
68129818112	68127741440	2076672	512	8.885519
45183284736	45181478912	1805824	512	12.000250
20236220416	20234448384	1772032	512	3.622475
109813459968	109811959296	1500672	512	10.648400
75985441280	75983843840	1597440	512	7.782139
108003698176	108001781248	1916928	512	4.688611
71576495104	71574675968	1819136	512	5.085490
4056288768	4054409728	1879040	512	7.144560
27869503488	27867456000	2047488	512	4.681730
54869187072	54867402240	1784832	512	6.021348
124004357632	124002725888	1631744	512	1.848441
9735246848	9734001664	1245184	512	8.562373
80395105280	80393743360	1361920	512	2.290750
69501554688	69499980288	1574400	512	3.146753
109912787456	109911282688	1504768	512	4.726639
28579446272	28577849344	1596928	512	12.272841
15852013568	15850342400	1671168	512	11.853634
92449598464	92448280576	1317888	512	11.247371
155998822912	155997744640	1078272	512	2.103303
37069031936	37067243520	1788416	512	1.970435
29743022592	29741064192	1958400	512	6.202065
118296775168	118294678528	2096640	512	10.010184
123625872384	123624046080	1826304	512	3.688029
36028193280	36026340864	1852416	512	6.043687
6521274368	6519279104	1995264	512	6.555602
119542548992	119541095936	1453056	512	4.070214
70553344512	70551922176	1422336	512	2.705780
95811735040	95809783296	1951744	512	6.622623
72057896960	72055951872	1945088	512	11.397327
46743515136	46741473280	2041856	512	5.286276
99945020928	99943286784	1734144	512	10.376907
29461169152	29459311104	1858048	512	7.915255
92459320320	92457479168	1841152	512	11.271137
27947063296	27945658368	1404928	512	2.044509
99985482240	99984391680	1090560	512	11.437870
149033123328	149031519744	1603584	512	2.006905
71634463232	71632879104	1584128	512	8.930563
139672454656	139670782464	1672192	512	11.770291
105847229440	105845869568	1359872	512	8.083783
75875965952	75874613760	1352192	512	3.281187
121474061824	121472722944	1338880	512	7.242486
27855270912	27853312000	1958912	512	6.190949
107185068032	107183542272	1525760	512	5.565335
111897353728	111895299072	2054656	512	2.673456
110038017024	110035961856	2055168	512	12.600701
99336660992	99334755840	1905152	512	8.370516
547612672	545991680	1620992	512	3.329519
50115961344	50114446336	1515008	512	2.077213
19600561664	19599023616	1538048	512	12.500436
96462986752	96461050368	1936384	512	11.476581
108825664512	108824116736	1547776	512	5.134774
57352989696	57350995456	1994240	512	12.227713
108949302272	108947385856	1916416	512	7.206114
118359881728	118357927424	1954304	512	10.727478
129367233536	129365895680	1337856	512	4.372245
93895915520	93894487552	1427968	512	9.463689
15019811840	15018553856	1257984	512	7.980744
51882022400	51880423424	1598976	512	11.251644
10195504640	10194217472	1287168	512	5.250805
96228804096	96227119616	1684480	512	3.041277
76052824064	76051262976	1561088	512	3.450223
28288595968	28287169536	1426432	512	5.771865
44725849088	44723896320	1952768	512	7.116987
50578651648	50576904704	1746944	512	7.166971
94925856768	94924177408	1679360	512	12.516767
143083846656	143081851904	1994752	512	11.969162
67402468864	67400937472	1531392	512	4.952260
77627551744	77625639936	1911808	512	11.752720
54413640704	54411996160	1644544	512	7.789456
19495216128	19493714944	1501184	512	10.536075
107446268416	107444245504	2022912	512	2.204522
104835762688	104833814528	1948160	512	8.150044
61204965888	61203344384	1621504	512	8.217374
149762502656	149760557568	1945088	512	2.242969
84682300416	84680937984	1362432	512	2.650295
74482378752	74480620544	1758208	512	4.617343
80072782848	80071271424	1511424	512	3.339142
66963341312	66962080256	1261056	512	10.985191
52120291328	52118480384	1810944	512	5.519642
116755826688	116754320384	1506304	512	2.919237
65685348864	65684132352	1216512	512	6.692016
94661636608	94660187648	1448960	512	9.051368
134570956288	134568865280	2091008	512	3.784893
38649212416	38647987712	1224704	512	4.351100
63835100160	63833152000	1948160	512	5.014323
90703128576	90701504512	1624064	512	4.775973
53249935872	53248881152	1054720	512	6.755666
102504297984	102502433792	1864192	512	5.862859
109428615168	109427103232	1511936	512	4.619591
23006265856	23004447744	1818112	512	3.274539
27458625536	27457530368	1095168	512	9.505550
19967107072	19965747712	1359360	512	3.914498
44049137664	44047100416	2037248	512	5.361942
37030027264	37028355584	1671680	512	11.937198
95879494144	95877511168	1982976	512	10.422469
47068467200	47066757120	1710080	512	9.045615
12113386496	12112057344	1329152	512	4.470833
95046352896	95044873728	1479168	512	8.391299
110974711808	110972796928	1914880	512	4.709216
78099718656	78098605056	1113600	512	7.934465
45839072256	45837424640	1647616	512	4.283856
131560260608	131558856192	1404416	512	11.838535
18285738496	18284158464	1580032	512	10.671749
113316771840	113315465216	1306624	512	2.213340
43375181824	43373335040	1846784	512	11.906036
112189221888	112187217408	2004480	512	2.657307
135044644352	135043371520	1272832	512	5.545656
80395653632	80394248704	1404928	512	12.561362
101443864064	101441774080	2089984	512	4.718681
116819785728	116818177024	1608704	512	10.423958
66087388672	66085445120	1943552	512	2.091515
31433117184	31431545344	1571840	512	6.381027
68910387200	68908370432	2016768	512	11.899406
30618174976	30617008128	1166848	512	10.138157
94168568320	94167171072	1397248	512	9.201550
58988310016	58986994176	1315840	512	10.395471
140121037824	140119115264	1922560	512	2.877545
100181522432	100180024320	1498112	512	12.226872
112152076288	112150313472	1762816	512	8.204955
95080002048	95078808064	1193984	512	4.181135
134062575104	134060866560	1708544	512	7.487709
17559932416	17558214656	1717760	512	6.407320
103349048320	103347022848	2025472	512	8.717192
121497983488	121495958016	2025472	512	8.143291
59948818944	59947280384	1538560	512	12.365137
91429562368	91427572224	1990144	512	7.828878
14467328512	14466028544	1299968	512	3.250202
133062673920	133060927488	1746432	512	7.035189
70373366272	70372314112	1052160	512	9.711967
73500058624	73498890752	1167872	512	6.894951
15928197632	15927005184	1192448	512	7.044538
42986501120	42985194496	1306624	512	6.410040
52317910016	52316316672	1593344	512	9.610330
87513981952	87512863232	1118720	512	11.726614
149883846656	149882635776	1210880	512	4.551584
121778406912	121776619008	1787904	512	6.057657
108262675456	108261578240	1097216	512	5.659862
40326211584	40325122048	1089536	512	10.368108
98342379520	98341122560	1256960	512	7.182557
82996059136	82994934272	1124864	512	6.875739
47193495040	47191932416	1562624	512	6.074361
77523365888	77521467392	1898496	512	13.012364
85840430080	85838411264	2018816	512	8.300522
47243588608	47242271232	1317376	512	3.932511
110112185344	110110473728	1711616	512	11.109897
58776828416	58775215104	1613312	512	3.986289
110226058240	110224232960	1825280	512	6.793178
66338836480	66337225216	1611264	512	3.113236
95128954368	95126983680	1970688	512	8.833806
31146657792	31145342976	1314816	512	7.683950
75275704320	75274339328	1364992	512	12.344847
58620669952	58618892800	1777152	512	5.251901
98324222464	98322243584	1978880	512	9.304039
97072740864	97070787072	1953792	512	7.822164
61935379968	61933530112	1849856	512	6.734034
110988178432	110986461184	1717248	512	9.242435
99785171456	99783140352	2031104	512	6.188244
90550300672	90548966912	1333760	512	10.890286
39131723776	39130377216	1346560	512	12.883944
142873213952	142871619072	1594880	512	4.465848
118167926272	118166028288	1897984	512	9.726537
26240460800	26238744064	1716736	512	12.033336
52393553408	52391830016	1723392	512	10.904737
82087388672	82085945856	1442816	512	12.213470
47091977728	47090233856	1743872	512	8.420586
16343090176	16341003264	2086912	512	5.027857
130868110848	130866015744	2095104	512	4.547631
90196612096	90195318272	1293824	512	9.173617
120058316800	120056977920	1338880	512	11.991772
34666021888	34664856576	1165312	512	8.985975
13356606464	13355553792	1052672	512	11.527202
118869337088	118867500544	1836544	512	4.201522
55800833536	55798807040	2026496	512	4.278240
76536514048	76535300096	1213952	512	5.970862
115115025408	115113906176	1119232	512	3.283259
123398093312	123396694528	1398784	512	5.817165
81830799360	81829319168	1480192	512	4.129263
85102136832	85100920320	1216512	512	4.947044
14470710784	14469562880	1147904	512	7.929293
143823327744	143821478400	1849344	512	8.543360
21101571584	21099479040	2092544	512	4.002356
21085083648	21084008960	1074688	512	11.672482
75184754176	75182664704	2089472	512	7.432423
42924543488	42923288576	1254912	512	3.717437
128326882816	128325608448	1274368	512	10.419658
62504494592	62502493696	2000896	512	10.331683
71165401088	71163653120	1747968	512	5.797581
159520869888	159519387648	1482240	512	5.277982
78991238144	78989689344	1548800	512	7.843626
94981789184	94980120064	1669120	512	8.770839
154051569152	154050102272	1466880	512	4.323587
2153328640	2151681024	1647616	512	2.884850
30711067648	30709429760	1637888	512	6.837128
28070661120	28069369856	1291264	512	8.119892
75016837120	75015688704	1148416	512	3.530070
51671537664	51669754368	1783296	512	6.022055
62629250560	62627544576	1705984	512	6.589320
25491276800	25489328128	1948672	512	6.365376
93853576704	93851965952	1610752	512	11.510951
97397817856	97396157952	1659904	512	6.322845
157669793280	157668139008	1654272	512	12.092969
138504527872	138503344128	1183744	512	6.864501
58026591744	58024621568	1970176	512	12.657074
30455426560	30453853696	1572864	512	12.688856
17719310336	17717794816	1515520	512	5.071817
76921159168	76919507968	1651200	512	6.697331
33338966528	33337755648	1210880	512	8.109677
48654041088	48652617728	1423360	512	4.757957
133114877440	133113686016	1191424	512	9.471967
86838518272	86836576768	1941504	512	8.840826
86882099712	86880637952	1461760	512	8.230240
64634147840	64632117248	2030592	512	9.725172
52491089408	52489063424	2025984	512	11.777398
63035713536	63033626112	2087424	512	1.840261
95484109824	95482532864	1576960	512	5.325677
29774466048	29772873728	1592320	512	7.656058
20713266176	20711574016	1692160	512	5.771021
142301852160	142299860992	1991168	512	2.844864
85545044992	85543325184	1719808	512	4.032023
86959204352	86958145024	1059328	512	3.800017
110866940928	110864883200	2057728	512	2.442921
78934490624	78932412928	2077696	512	9.476992
109078500864	109076839936	1660928	512	12.273007
92360287744	92358644736	1643008	512	5.572201
71616081920	71614630400	1451520	512	2.153093
79444619264	79442762752	1856512	512	4.521455
78593352704	78591788032	1564672	512	7.553663
19455895552	19453960192	1935360	512	9.275800
47782363136	47780621312	1741824	512	10.284646
137208136704	137206514688	1622016	512	7.150468
26789590016	26788389376	1200640	512	6.052827
40083213824	40082162176	1051648	512	10.985274
75124331008	75122287616	2043392	512	10.206637
104740527104	104739119616	1407488	512	8.154063
69383497728	69381584384	1913344	512	2.712312
72157067264	72155815424	1251840	512	12.294571
692652032	690656256	1995776	512	5.206932
76726105600	76724205568	1900032	512	1.851607
21675589632	21674082304	1507328	512	3.554397
108671583744	108670324736	1259008	512	12.085738
94911906304	94910798848	1107456	512	4.232907
55586706944	55585277440	1429504	512	7.985889
21724404736	21722555392	1849344	512	6.952459
10094220800	10092984320	1236480	512	9.575360
73211740160	73209707008	2033152	512	1.988945
116418844672	116416981504	1863168	512	5.883056
5780913152	5779643904	1269248	512	9.056921
87578421760	87577335808	1085952	512	7.650739
72592900096	72590979072	1921024	512	4.618302
114451430912	114450293760	1137152	512	2.910094
66657484288	66655849984	1634304	512	7.989412
42206093824	42204204544	1889280	512	6.389097
2548884480	2547292672	1591808	512	8.758633
58421446144	58420065280	1380864	512	3.420604
72011080704	72009283072	1797632	512	4.861902
121129032704	121127582208	1450496	512	4.809777
29734398976	29733191168	1207808	512	9.524685
123126838272	123125390848	1447424	512	1.866093
147793907200	147791984128	1923072	512	8.491358
112352664064	112351550976	1113088	512	4.363896
21573654528	21571934208	1720320	512	10.167718
127107884032	127106383360	1500672	512	2.308831
134981122560	134979209728	1912832	512	10.563918
137619635200	137617938944	1696256	512	13.411568
72900773376	72899578368	1195008	512	7.018135
68192318976	68191007744	1311232	512	4.797424
66381605888	66379806720	1799168	512	8.266355
115612287488	115610233856	2053632	512	12.613687
43007678976	43006046720	1632256	512	10.002416
145121938944	145120633344	1305600	512	5.781251
73746718720	73745103872	1614848	512	7.443182
153904647168	153903347712	1299456	512	9.365090
52415335936	52413452288	1883648	512	9.186180
115154593792	115152553472	2040320	512	9.511916
139247360000	139245966848	1393152	512	12.282091
76305192960	76303627776	1565184	512	8.402017
70464219136	70462236160	1982976	512	10.645153
53530445824	53528863744	1582080	512	10.716618
42128929280	42126845440	2083840	512	11.217422
40960985088	40959413760	1571328	512	12.850132
76346680832	76345505280	1175552	512	13.189519
108043397120	108042122752	1274368	512	5.488010
123287015424	123285523968	1491456	512	11.882790
158390704640	158389091328	1613312	512	2.466846
137484797440	137483729408	1068032	512	11.861835
39172566528	39170891776	1674752	512	10.990819
111813562880	111811685888	1876992	512	5.560580
94863053312	94861591040	1462272	512	9.547838
10297461248	10295374848	2086400	512	5.051345
121168033280	121166004224	2029056	512	8.894632
126297012224	126295705088	1307136	512	7.074960
93457746944	93456465408	1281536	512	7.697635
92918419456	92916647424	1772032	512	3.030529
113924301312	113922979840	1321472	512	10.668493
142044627456	142043108352	1519104	512	8.342978
47430093312	47428071424	2021888	512	2.114744
123661646848	123660177408	1469440	512	12.429917
93974786560	93973235712	1550848	512	5.871582
106708094464	106706466816	1627648	512	3.320271
100578421760	100576803840	1617920	512	4.872494
67010947584	67009867776	1079808	512	9.180032
49830667776	49828965888	1701888	512	3.081903
3965419008	3963622400	1796608	512	4.871614
100113158144	100111875072	1283072	512	10.928269
44138683392	44136998400	1684992	512	8.302666
49698765824	49697090048	1675776	512	8.435643
158865347072	158863549952	1797120	512	10.464534
19879123456	19877549568	1573888	512	4.072962
53075152896	53073146880	2006016	512	4.733533
60548503040	60546997760	1505280	512	10.451834
62129473536	62127812096	1661440	512	7.428246
118752724480	118750725632	1998848	512	11.751173
24736410112	24734988800	1421312	512	5.028573
14901089280	14899865600	1223680	512	9.831508
27819779072	27818356736	1422336	512	5.863206
156838474752	156837194240	1280512	512	4.471504
33465976320	33464309248	1667072	512	4.471629
18781640192	18779597824	2042368	512	11.317674
43287306752	43286194176	1112576	512	10.496665
82153023488	82151475200	1548288	512	9.404305
13331490304	13329762304	1728000	512	9.198801
153025051136	153023415296	1635840	512	8.572153
2602492928	2600810496	1682432	512	12.246750
52917345792	52915821568	1524224	512	10.061090
27962083840	27960316928	1766912	512	4.275947
114641535488	114640450560	1084928	512	2.365424
95531649024	95530580992	1068032	512	3.137285
148381997056	148380493824	1503232	512	5.494853
60060225536	60058407936	1817600	512	8.843733
100961775104	100960172544	1602560	512	5.225695
122344861696	122343200768	1660928	512	7.699850
92683179520	92681792512	1387008	512	5.149489
112674347520	112672697344	1650176	512	10.745219
53915475456	53913565184	1910272	512	6.840360
64403864576	64401943552	1921024	512	2.503499
15904216576	15903138816	1077760	512	9.253064
144011995136	144010566144	1428992	512	10.835103
19371528192	19370405376	1122816	512	12.096596
47796816896	47795721728	1095168	512	15.341464
77885504512	77883586048	1918464	512	3.070304
71329569280	71328514560	1054720	512	5.831412
101031495168	101030123520	1371648	512	8.988448
40426545152	40425363968	1181184	512	6.716658
114054152704	114052700672	1452032	512	5.929326
67664006656	67662396928	1609728	512	10.224332
102906511360	102905134080	1377280	512	2.756479
18793108992	18791813632	1295360	512	5.069728
153951432192	153949362688	2069504	512	3.184478
18076509696	18075349504	1160192	512	7.649906
87861550592	87860114944	1435648	512	8.773186
41276436480	41275228160	1208320	512	8.839640
90551197184	90549882880	1314304	512	13.048675
122495156736	122493713408	1443328	512	3.834248
75802140160	75800954368	1185792	512	6.533741
134255971840	134253971456	2000384	512	6.102536
147429806080	147428097024	1709056	512	11.402991
123137171968	123135336448	1835520	512	3.459602
34783781376	34781810176	1971200	512	5.858364
5047185408	5045315072	1870336	512	8.591613
126362412544	126360436736	1975808	512	7.593740
73121571840	73119594496	1977344	512	11.444957
148738451968	148736855552	1596416	512	9.154228
137530831872	137529326080	1505792	512	12.542217
109629513728	109628414464	1099264	512	10.098309
153668422656	153667308032	1114624	512	5.573087
99124155904	99122881536	1274368	512	2.910995
12993887232	12991899136	1988096	512	6.671255
40188058624	40186980864	1077760	512	11.115110
71942845952	71941730304	1115648	512	4.282796
80521683968	80519860224	1823744	512	3.385096
30243809280	30242293760	1515520	512	9.240655
119542840320	119541682688	1157632	512	1.902900
2819842560	2818747904	1094656	512	11.133921
102507099648	102506050560	1049088	512	5.772395
76035610112	76033655296	1954816	512	3.773030
3375439872	3373543936	1895936	512	8.170192
77608596480	77606724608	1871872	512	10.662852
110404316160	110402842624	1473536	512	5.419471
82775173120	82774061568	1111552	512	7.115076
13037791232	13036038144	1753088	512	5.725174
97473841152	97472196608	1644544	512	4.357787
127050778112	127049089536	1688576	512	9.099202
1707573248	1706195456	1377792	512	7.288485
74639586304	74638170112	1416192	512	6.820493
38644744192	38643512320	1231872	512	4.175716
84756570624	84754844160	1726464	512	3.890985
41652713472	41651238912	1474560	512	12.764481
115601588736	115599752192	1836544	512	6.490194
13459372544	13457525760	1846784	512	8.951808
81355268608	81353517568	1751040	512	2.032377
113365988864	113364422144	1566720	512	3.381820
121879909376	121878566400	1342976	512	11.832058
52775950848	52774657536	1293312	512	5.770881
80193734144	80191938560	1795584	512	2.900595
148318426624	148317002240	1424384	512	7.798983
57322203648	57320401408	1802240	512	9.171530
114140978176	114139276800	1701376	512	2.724951
345034240	343404544	1629696	512	8.054963
121669777920	121668697600	1080320	512	12.606268
115481494016	115480343040	1150976	512	11.864954
146642084352	146640160256	1924096	512	2.388118
43929171968	43927753728	1418240	512	2.645127
12574319104	12572441088	1878016	512	3.317450
152709594624	152708338176	1256448	512	2.983433
112562351104	112561273856	1077248	512	5.184264
14863656448	14861676544	1979904	512	6.816919
62418759168	62417267712	1491456	512	10.679428
108681502208	108680137216	1364992	512	7.943772
30015223808	30014064640	1159168	512	6.977342
148354930688	148353417728	1512960	512	2.324352
90099629056	90098496512	1132544	512	4.907017
133396259328	133394880512	1378816	512	2.748667
20969605120	20968451072	1154048	512	9.700108
145794509824	145792494080	2015744	512	10.461028
5810040320	5808550912	1489408	512	5.455481
151188064256	151186734080	1330176	512	11.477379
100698487808	100697393152	1094656	512	11.331040
100899276288	100897852928	1423360	512	2.968978
25171158016	25169218048	1939968	512	5.361921
17888785408	17887664640	1120768	512	10.341941
143068943360	143067011584	1931776	512	2.501958
153366266368	153364661248	1605120	512	10.842796
34207890432	34206815744	1074688	512	10.567189
73370812928	73368849920	1963008	512	11.739376
53538401792	53536801280	1600512	512	8.612285
39687242240	39685305344	1936896	512	5.599753
146642631168	146641345536	1285632	512	5.236759
89877058048	89875527168	1530880	512	7.885870
28063919104	28062867968	1051136	512	12.124980
101723530240	101721602048	1928192	512	7.658461
3587660288	3586234368	1425920	512	6.486085
3115943936	3113859584	2084352	512	5.123444
152154656256	152152898048	1758208	512	1.943464
106516753408	106514880000	1873408	512	9.011203
97420557312	97419291136	1266176	512	6.948383
79242854400	79241294336	1560064	512	2.237274
129842459648	129841326080	1133568	512	11.332909
84788614656	84786809344	1805312	512	5.808238
27481768960	27480667136	1101824	512	8.081411
67781483520	67779526656	1956864	512	11.154179
89546251264	89544682496	1568768	512	5.929613
8884413440	8882787840	1625600	512	3.255015
35980553728	35978540032	2013696	512	3.103028
120404040704	120402962432	1078272	512	8.304936
97837132288	97835346432	1785856	512	12.452359
115279164416	115277796864	1367552	512	6.763696
91146861568	91145186304	1675264	512	7.415339
138951810560	138950624256	1186304	512	6.731975
7605671936	7603723264	1948672	512	5.949250
19332606464	19330625536	1980928	512	4.853367
83020549632	83019250176	1299456	512	8.385947
119644268032	119642872320	1395712	512	6.124529
9106271232	9104311808	1959424	512	7.114102
110732091904	110730559488	1532416	512	4.120099
4181992448	4180287488	1704960	512	8.439437
80860303360	80858957312	1346048	512	7.265625
108041724928	108039874560	1850368	512	10.698493
43226766848	43224877056	1889792	512	5.362272
112295009280	112293920256	1089024	512	3.116556
57686301696	57685100032	1201664	512	7.513615
100444593664	100442808320	1785344	512	11.005651
63873293312	63872041984	1251328	512	11.185599
87190140928	87188688896	1452032	512	9.495560
70816730624	70814687232	2043392	512	11.300809
67706567680	67705032704	1534976	512	11.666454
64716234752	64714750464	1484288	512	10.864163
136558794752	136557018112	1776640	512	11.226788
103836885504	103835078656	1806848	512	10.530490
69958171648	69957039104	1132544	512	8.203464
80605283840	80603579904	1703936	512	4.742829
128803437056	128801471488	1965568	512	8.467007
138549082624	138547902464	1180160	512	2.245257
93798482432	93796692480	1789952	512	11.627098
52190089216	52188276736	1812480	512	10.756535
148021658112	148019738112	1920000	512	2.884767
86737049088	86735148544	1900544	512	11.203168
29189433856	29188253184	1180672	512	9.237604
79608609792	79607030272	1579520	512	9.039969
140511423488	140509619712	1803776	512	6.246133
37269525504	37268278272	1247232	512	3.883346
139555083776	139553387008	1696768	512	9.280537
158787931648	158786368512	1563136	512	6.703109
61460019200	61458369024	1650176	512	8.525163
33903457792	33901975040	1482752	512	8.318677
96658547712	96656617984	1929728	512	11.635146
4770300416	4769029120	1271296	512	8.155768
75213318656	75211958784	1359872	512	8.054423
115478903808	115477182976	1720832	512	9.522602
18263685120	18262559744	1125376	512	11.362596
112724908544	112722860544	2048000	512	12.753649
35929251328	35927236096	2015232	512	6.656418
8310121984	8308258304	1863680	512	7.397401
128616525312	128615242752	1282560	512	11.961195
84293243904	84291547136	1696768	512	5.324661
60823492096	60821809152	1682944	512	7.814650
110185583616	110183507968	2075648	512	1.906039
96562079744	96560825344	1254400	512	2.940947
106805392384	106804223488	1168896	512	8.239892
149434159616	149433109504	1050112	512	11.902086
90791912448	90790047744	1864704	512	2.748236
44477752832	44476678656	1074176	512	10.866266
148691424768	148689879040	1545728	512	4.280214
61010899456	61009438208	1461248	512	2.651601
54276331520	54274543616	1787904	512	5.945964
107538580992	107536496128	2084864	512	14.611571
27691383296	27689572864	1810432	512	12.751688
129075483648	129073714688	1768960	512	3.544404
21388455936	21386970624	1485312	512	11.652990
78501464576	78499635712	1828864	512	3.272600
102598910976	102596914176	1996800	512	4.555336
159207365120	159205359104	2006016	512	7.621137
38102968832	38101717504	1251328	512	8.100260
9625850368	9624462848	1387520	512	7.145723
51640733696	51639645184	1088512	512	9.013679
80227468288	80225393664	2074624	512	10.369555
123534878720	123533104640	1774080	512	7.081762
23610859008	23609016320	1842688	512	8.105630
82113372672	82112288256	1084416	512	8.233599
97344204800	97342198272	2006528	512	4.364790
78213245440	78211994112	1251328	512	4.478213
16065055744	16063664640	1391104	512	7.052421
14123389952	14122290176	1099776	512	11.875033
147885531648	147883565056	1966592	512	12.736845
121552941056	121551258624	1682432	512	9.696702
23240130048	23238359040	1771008	512	4.195330
139808361472	139806407168	1954304	512	2.081559
127564207616	127562482688	1724928	512	6.133489
95080036352	95078116352	1920000	512	7.314902
49281381376	49279285248	2096128	512	11.599423
111893587456	111892004352	1583104	512	5.878427
124629502976	124628057088	1445888	512	2.343549
3985024512	3983945216	1079296	512	13.198880
16526077440	16524856832	1220608	512	9.850160
63858942976	63857744384	1198592	512	3.022050
138887292928	138886131200	1161728	512	8.449883
141179221504	141177931264	1290240	512	12.871085
26566412800	26565139456	1273344	512	7.605380
89336727040	89334844928	1882112	512	10.055073
20029400576	20027708928	1691648	512	9.767804
70849292288	70848017408	1274880	512	5.496389
16872352768	16871112704	1240064	512	6.136987
1335839744	1334401024	1438720	512	11.715318
120025794560	120024692224	1102336	512	3.242681
51143237632	51142171136	1066496	512	6.519307
68214509568	68213357568	1152000	512	12.787701
124421624832	124419889152	1735680	512	5.855934
20461874688	20460482048	1392640	512	3.246322
146449840640	146447832576	2008064	512	7.621579
150350984704	150348893184	2091520	512	3.340033
29441261568	29439242240	2019328	512	3.936169
7831885824	7830076416	1809408	512	10.050094
47540221952	47538448384	1773568	512	7.861350
134898696704	134897096704	1600000	512	6.249944
90339094528	90337951232	1143296	512	5.416961
92889711616	92887851008	1860608	512	2.831557
25510926848	25509614592	1312256	512	7.683490
134755463168	134754179072	1284096	512	5.250962
128735790080	128734553600	1236480	512	9.499343
116806079488	116804238336	1841152	512	6.379818
75049213440	75047375872	1837568	512	6.438110
44439994880	44438162944	1831936	512	6.952583
155800238592	155798954496	1284096	512	6.362997
91680516096	91678600704	1915392	512	9.730390
24235689984	24234274304	1415680	512	5.208534
71798928896	71797619712	1309184	512	4.854395
122324390912	122323334656	1056256	512	2.130198
84449164800	84447442432	1722368	512	4.858731
157513028608	157511376384	1652224	512	5.589300
71268741120	71267287552	1453568	512	11.436496
111693050368	111691022336	2028032	512	2.113936
152655198720	152653641728	1556992	512	10.121834
10902954496	10900898304	2056192	512	11.049542
99446336512	99444563456	1773056	512	3.441463
37763576832	37761967104	1609728	512	5.689415
88916252672	88915062784	1189888	512	5.595831
23730066944	23728979968	1086976	512	10.149340
84589046784	84587139072	1907712	512	3.306725
144287258624	144285981696	1276928	512	14.767267
5058861568	5056897024	1964544	512	7.040860
19286445056	19285308416	1136640	512	8.103692
125889089536	125887069184	2020352	512	6.473886
53946548224	53944830464	1717760	512	6.411568
117436046848	117434622976	1423872	512	6.582618
11678303744	11677245440	1058304	512	11.448601
74596046336	74594163712	1882624	512	5.496722
89055955968	89054695936	1260032	512	8.259799
53781349888	53779521536	1828352	512	4.284864
4734837760	4732773376	2064384	512	3.970331
126759370752	126757581824	1788928	512	4.628543
71133256704	71131615232	1641472	512	10.938569
80765809152	80763778048	2031104	512	7.501274
84175807488	84173847552	1959936	512	8.458731
126823919104	126822408704	1510400	512	10.124449
114439941632	114438095872	1845760	512	4.790570
150336233984	150334955008	1278976	512	11.269272
95529109504	95527545856	1563648	512	9.601185
25703866368	25702656512	1209856	512	8.723886
61527802880	61525766144	2036736	512	4.075984
12313130496	12311691776	1438720	512	11.717264
2726465536	2725294592	1170944	512	7.475708
32215569408	32213861888	1707520	512	8.596354
82817424896	82815439872	1985024	512	12.614144
56007085056	56005589504	1495552	512	6.524807
153729145856	153727545856	1600000	512	11.136639
35005918208	35004717568	1200640	512	8.994471
47820446720	47818460672	1986048	512	6.458793
155025737216	155024386048	1351168	512	4.275492
5622549504	5621499904	1049600	512	11.554745
38984435712	38982616064	1819648	512	6.626330
130528312320	130526371328	1940992	512	10.241021
73872122880	73870823424	1299456	512	4.318027
34747874816	34746487808	1387008	512	5.747001
10591283200	10589259776	2023424	512	6.074404
10418044928	10416424448	1620480	512	10.060074
3672409088	3670379520	2029568	512	11.582762
124494484480	124492888064	1596416	512	11.918692
50046257664	50045067264	1190400	512	4.572353
80047130624	80045811200	1319424	512	9.713140
61701188096	61699580416	1607680	512	9.305040
138829950464	138828239360	1711104	512	8.419654
134488019456	134486831616	1187840	512	2.875120
130894943232	130893085696	1857536	512	11.329287
134884274688	134883028480	1246208	512	6.900748
40353196544	40351433216	1763328	512	10.369233
33665939968	33664546304	1393664	512	10.169682
35139748352	35138316288	1432064	512	4.169869
76989996544	76988362752	1633792	512	7.072574
49138895360	49137109504	1785856	512	10.615467
79736072192	79734887936	1184256	512	6.566030
118107239424	118105459712	1779712	512	6.917787
61276343296	61274327552	2015744	512	11.056125
156690951680	156689271296	1680384	512	2.889323
64056916480	64055798784	1117696	512	4.852316
114923612672	114922513920	1098752	512	4.679968
19005955584	19004578304	1377280	512	3.519492
145019000320	145017651200	1349120	512	1.870644
4763274752	4761393152	1881600	512	8.861965
77358769152	77357382144	1387008	512	11.927522
235607040	234151936	1455104	512	4.999439
66354119168	66352115712	2003456	512	3.776154
153346901504	153345358336	1543168	512	1.964280
107666841600	107665342976	1498624	512	10.682365
71215558144	71213932544	1625600	512	8.112374
92911710208	92910130176	1580032	512	6.889074
154288807936	154286838784	1969152	512	7.863355
118677004288	118675538432	1465856	512	3.772056
15645060096	15643399680	1660416	512	7.457283
156836209152	156835048960	1160192	512	8.612807
97773666304	97772176896	1489408	512	10.646713
33399432192	33398110208	1321984	512	6.890425
141153840128	141152379392	1460736	512	10.028459
117056787968	117055225856	1562112	512	5.550425
26295255552	26293415424	1840128	512	2.820915
20260669952	20259440128	1229824	512	8.498761
78282420224	78281098752	1321472	512	7.964244
150823137280	150821366272	1771008	512	7.155866
90158024704	90156936704	1088000	512	6.734193
61949539840	61947530240	2009600	512	4.682376
7518885888	7517741056	1144832	512	7.990906
96660573184	96658491904	2081280	512	7.877810
144660058624	144658826240	1232384	512	3.891144
33748403200	33746806784	1596416	512	10.572541
94422778880	94421029888	1748992	512	2.779735
50175257600	50173256192	2001408	512	3.905220
83201482240	83200094208	1388032	512	6.276936
41604019712	41602816512	1203200	512	4.806039
114377961984	114376760320	1201664	512	2.391930
2972069888	2970898432	1171456	512	7.488372
124561100288	124559774720	1325568	512	6.679247
85069572608	85067923968	1648640	512	6.350670
98277966848	98276334592	1632256	512	3.323237
124628334080	124626351104	1982976	512	9.239611
74275062272	74273853440	1208832	512	4.300528
114125087744	114123040256	2047488	512	1.653994
142848662016	142846636544	2025472	512	12.041185
153948185088	153946468864	1716224	512	3.320428
93304658432	93302669824	1988608	512	7.918243
138872348672	138871094272	1254400	512	9.378513
94327648768	94326414848	1233920	512	12.678308
38626144256	38624691712	1452544	512	8.956458
33161073664	33159342592	1731072	512	9.145496
27772665856	27771137024	1528832	512	3.204945
116218523136	116217135616	1387520	512	10.314352
23859159040	23858064896	1094144	512	11.392975
147281015296	147279628800	1386496	512	9.117079
67737231872	67735638016	1593856	512	8.668125
115606097920	115604627456	1470464	512	5.502590
51764409856	51762688512	1721344	512	12.735469
36647556096	36645650944	1905152	512	9.406273
27315931648	27314318848	1612800	512	12.828743
100258533888	100257018368	1515520	512	5.772854
108828372480	108827232768	1139712	512	4.740536
45403593216	45402370048	1223168	512	3.859038
135276975104	135275487744	1487360	512	3.093685
102921763328	102920338432	1424896	512	10.903585
131771001344	131769522176	1479168	512	12.679720
151631700480	151630099456	1601024	512	6.935981
32298541568	32297291264	1250304	512	8.133543
109309576192	109308476416	1099776	512	11.880872
33483196928	33481474048	1722880	512	3.365439
110133071360	110131179520	1891840	512	5.201244
134227415552	134225432064	1983488	512	8.364668
126903988736	126902105088	1883648	512	12.688007
143948237824	143946202112	2035712	512	10.701354
137232145920	137230148608	1997312	512	6.545187
134464497664	134462875648	1622016	512	7.428430
15454110720	15452791296	1319424	512	4.616242
132155822592	132153765888	2056704	512	4.347887
74582774272	74580692480	2081792	512	7.638331
59780046848	59778930688	1116160	512	9.076650
66271181312	66269251584	1929728	512	2.353086
78967184384	78965103616	2080768	512	6.434692
89633826816	89631780352	2046464	512	9.460005
57865206784	57863528448	1678336	512	8.025678
33792569856	33791181824	1388032	512	3.203705
105423964672	105422085632	1879040	512	8.930676
63023481856	63021557760	1924096	512	5.537507
138144815616	138142915584	1900032	512	9.419124
119038225920	119036532736	1693184	512	7.691819
27478522880	27476908032	1614848	512	7.224052
112826401280	112824784896	1616384	512	2.147501
54247710208	54246552064	1158144	512	8.303399
28968259072	28966298624	1960448	512	4.993358
81640435712	81639114752	1320960	512	7.849644
110645813760	110644526080	1287680	512	11.487404
99523585024	99522395648	1189376	512	1.889988
114631184384	114629092352	2092032	512	8.333983
119969654784	119967576064	2078720	512	10.397892
102157461504	102155573760	1887744	512	8.775284
33483156992	33481785344	1371648	512	12.431134
22761084928	22759095808	1989120	512	11.059719
44008883200	44007321088	1562112	512	11.630984
100441436160	100440083968	1352192	512	9.433143
56780929536	56779586048	1343488	512	3.055419
33907384832	33905307136	2077696	512	5.279101
90788241920	90786341376	1900544	512	13.014039
78181383168	78179572224	1810944	512	2.613029
89237834752	89236564992	1269760	512	8.008430
153874886144	153873150464	1735680	512	6.134967
121188000768	121186708992	1291776	512	8.039222
77389580800	77388511744	1069056	512	8.827486
71703560192	71701591040	1969152	512	12.725826
79134982144	79133463040	1519104	512	9.334769
139435698688	139434226176	1472512	512	11.449515
29500866048	29499610112	1255936	512	8.657481
108754769408	108753129472	1639936	512	5.166116
128466236416	128465036800	1199616	512	12.603505
134802035712	134800346624	1689088	512	8.045167
94513705984	94512350208	1355776	512	10.068492
3138793984	3137562112	1231872	512	9.627401
141193866240	141192138752	1727488	512	11.900524
83772645888	83771064320	1581568	512	8.623125
49728794112	49727392768	1401344	512	5.146861
60074725376	60072899584	1825792	512	10.548613
73659656192	73658356736	1299456	512	2.525201
522564096	520988672	1575424	512	2.280409
133654129664	133652703744	1425920	512	2.267550
74240898048	74239801344	1096704	512	4.688589
116293961728	116292308480	1653248	512	12.437752
79166694912	79165253120	1441792	512	11.813876
85396966400	85395897856	1068544	512	4.502422
127147644928	127146078720	1566208	512	10.457539
155323509248	155321605632	1903616	512	8.385077
12864519168	12863306752	1212416	512	8.770063
158875709440	158873774592	1934848	512	2.804052
51591856640	51590161408	1695232	512	10.859459
107611549696	107610383872	1165824	512	3.103580
71059625984	71057787392	1838592	512	4.089679
154241587200	154240019968	1567232	512	12.233253
107690839552	107689061376	1778176	512	12.653181
6837557760	6836249600	1308160	512	3.048970
36056970752	36055584256	1386496	512	5.792603
51515188224	51514009600	1178624	512	7.924058
47728991744	47727275008	1716736	512	8.951400
86744761856	86743579136	1182720	512	10.212545
69724944384	69723089408	1854976	512	3.754815
77701919232	77700462592	1456640	512	10.553554
122698281472	122696475648	1805824	512	6.180403
50737649664	50736564224	1085440	512	6.767655
148817501696	148816321536	1180160	512	5.372996
73055118336	73053208576	1909760	512	2.696401
125411633664	125409948160	1685504	512	7.409937
49008839680	49007004160	1835520	512	5.528183
137629197824	137627575296	1622528	512	4.297050
15755049472	15753920512	1128960	512	10.287768
118293750784	118292362752	1388032	512	6.292439
139492680192	139491050496	1629696	512	3.463216
76361282560	76359509504	1773056	512	4.360230
33313977344	33312601600	1375744	512	5.202335
72838578688	72836583936	1994752	512	10.446672
44636724736	44635436544	1288192	512	7.124295
39790199808	39788273152	1926656	512	10.202011
99651497984	99650126848	1371136	512	10.154959
155594540032	155592967680	1572352	512	11.617442
57243376640	57241484800	1891840	512	3.986669
75235808768	75233954816	1853952	512	6.109094
152288244224	152286832640	1411584	512	3.616492
103680829952	103678840832	1989120	512	4.767025
107520638464	107519393280	1245184	512	6.301267
46142639616	46140789248	1850368	512	5.268311
128438875136	128437477888	1397248	512	3.642288
11900621312	11899310080	1311232	512	7.072146
145346896896	145345287680	1609216	512	11.842528
9921112064	9919426048	1686016	512	6.995129
67642719232	67641619456	1099776	512	8.820144
83654843904	83653175296	1668608	512	5.929309
13102542336	13100704768	1837568	512	7.384832
57292367360	57290973184	1394176	512	8.722779
3256305664	3254444032	1861632	512	1.820643
78458203648	78456288768	1914880	512	3.150944
91064007168	91061913600	2093568	512	4.190987
56060094464	56058039296	2055168	512	11.027063
70781466112	70780108288	1357824	512	2.078779
135968350720	135966400000	1950720	512	6.471390
140122974720	140121875456	1099264	512	7.711489
58575334400	58573859840	1474560	512	6.987178
72333535232	72331556352	1978880	512	12.557398
55569201152	55567260160	1940992	512	6.097778
36149575168	36147541504	2033664	512	6.192711
85382510080	85380466176	2043904	512	11.213398
84584954880	84583555584	1399296	512	6.013043
14734029312	14732242432	1786880	512	5.091961
11253871616	11251957248	1914368	512	7.797944
92352724992	92351288320	1436672	512	9.811497
47778264576	47776516608	1747968	512	8.407538
96271118336	96269465600	1652736	512	9.186425
18829750272	18827927552	1822720	512	7.587173
96741576704	96739924480	1652224	512	4.811359
64574255616	64572245504	2010112	512	11.943285
58060952064	58059512832	1439232	512	3.101597
142327074304	142325676032	1398272	512	9.905262
105461580800	105459775488	1805312	512	8.786845
51544986112	51543816192	1169920	512	2.502368
32386692608	32384726016	1966592	512	3.998873
79233019392	79231034880	1984512	512	12.665215
124811696640	124809767936	1928704	512	11.376503
152787506688	152786412544	1094144	512	4.360382
74399464960	74397901312	1563648	512	3.377974
104994526208	104993008640	1517568	512	4.576222
120012698624	120010774528	1924096	512	2.122632
112352689152	112351527936	1161216	512	3.187554
33638033920	33636067840	1966080	512	5.084338
20039080960	20037216256	1864704	512	6.861547
67695677952	67693853184	1824768	512	4.366067
144070780416	144068721664	2058752	512	10.082612
21881731584	21880489984	1241600	512	3.548220
141824501760	141823278080	1223680	512	4.166712
25547313664	25545782272	1531392	512	4.089522
131739177984	131737455104	1722880	512	6.428866
87298845696	87297326080	1519616	512	6.972152
94184593408	94183130624	1462784	512	2.748427
64709170688	64707961856	1208832	512	12.091935
106543007232	106541642240	1364992	512	7.912215
46627217920	46625564672	1653248	512	11.816824
158180797440	158179100672	1696768	512	10.280716
112027983360	112026176000	1807360	512	8.930353
149141887488	149139820032	2067456	512	5.848069
64110623744	64108817408	1806336	512	4.673749
148992918016	148991221760	1696256	512	6.050632
159430969856	159429577216	1392640	512	10.524626
131487003136	131485499904	1503232	512	10.294289
118550796800	118549177856	1618944	512	11.232276
50332646400	50331152384	1494016	512	11.775026
88945465856	88943632384	1833472	512	12.838975
102482382336	102480448512	1933824	512	4.232517
115203570176	115202053632	1516544	512	8.560699
128110459392	128109074432	1384960	512	3.908718
62510754816	62508772352	1982464	512	12.405032
9343749632	9342586880	1162752	512	10.829648
154615053824	154613784064	1269760	512	4.843696
22258383360	22257243136	1140224	512	10.630970
78462026240	78460809216	1217024	512	10.351356
52693635072	52692314112	1320960	512	2.815205
44252464640	44250373632	2091008	512	2.366101
146489982976	146488273408	1709568	512	11.411778
109871225856	109869820416	1405440	512	8.246192
38340515328	38338992128	1523200	512	12.655114
106847441408	106845787136	1654272	512	2.779233
143916795904	143915374080	1421824	512	7.852916
105306494976	105304963584	1531392	512	4.110540
35282427904	35280887296	1540608	512	7.108825
14987026432	14985854976	1171456	512	7.467122
1215230976	1213347840	1883136	512	8.409102
54581229568	54579864064	1365504	512	3.761762
23862054400	23860649472	1404928	512	6.155003
91826950656	91825488896	1461760	512	9.987990
159970714112	159969423872	1290240	512	3.025748
37372402688	37371200000	1202688	512	8.323274
40600125440	40598844416	1281024	512	7.593638
1552066560	1550294528	1772032	512	5.324569
53810361344	53808849408	1511936	512	12.868155
126589821952	126587828224	1993728	512	5.205980
50858578944	50856591360	1987584	512	2.236138
120187502592	120185499648	2002944	512	9.569760
88780753408	88778958848	1794560	512	12.293498
82972782080	82970977792	1804288	512	2.368305
130208082944	130206491136	1591808	512	12.087634
57395133952	57393994240	1139712	512	8.016098
60702598144	60700821504	1776640	512	9.762695
73598606848	73597414400	1192448	512	11.819773
3507643904	3506469888	1174016	512	9.836317
17266793984	17265744384	1049600	512	3.276992
38898319872	38896565760	1754112	512	2.685270
138949701632	138947937792	1763840	512	9.813564
49561437696	49559752192	1685504	512	11.282424
118060679680	118059569152	1110528	512	3.009554
107445125632	107443366400	1759232	512	8.249609
102820987904	102819928064	1059840	512	3.805694
20385974272	20383995392	1978880	512	6.804422
4514949120	4513070592	1878528	512	8.906977
42082797056	42081234432	1562624	512	13.003184
47171509760	47170167296	1342464	512	10.708212
101458841088	101457540096	1300992	512	6.074843
142846989312	142845305856	1683456	512	2.775167
78496738816	78495541248	1197568	512	6.320522
102966786560	102965191168	1595392	512	4.055965
42468259328	42466871808	1387520	512	10.259245
42728038912	42726825472	1213440	512	2.890353
57685743616	57683868160	1875456	512	4.340549
158983297536	158981577216	1720320	512	2.614520
87612883968	87611398144	1485824	512	8.805872
112880776192	112878834176	1942016	512	4.048971
122318170112	122316768256	1401856	512	4.737349
115708444160	115706693632	1750528	512	9.699437
37122044928	37120547840	1497088	512	3.019931
78847485952	78846073344	1412608	512	5.719895
20162820608	20160913920	1906688	512	7.926376
158172267520	158170680320	1587200	512	3.540215
87398516736	87397193728	1323008	512	12.127760
78867833344	78866078720	1754624	512	6.939570
107693764608	107692702208	1062400	512	12.856057
101632880640	101631355392	1525248	512	9.731740
124493856768	124492597760	1259008	512	12.676694
98919677440	98917594112	2083328	512	4.387044
48125724672	48124331520	1393152	512	4.278338
37320302080	37319097856	1204224	512	4.730984
84583045632	84581184000	1861632	512	4.444119
119054286336	119053165568	1120768	512	8.823141
157241910272	157240289792	1620480	512	2.244371
61682953728	61681116672	1837056	512	5.032740
41806788608	41805328896	1459712	512	10.583640
74278936576	74277677056	1259520	512	5.092760
12334220288	12332574208	1646080	512	7.762155
131891020800	131889661952	1358848	512	7.884758
11719784960	11717732864	2052096	512	3.571571
18816706560	18815485440	1221120	512	8.665179
23168722944	23167089152	1633792	512	11.643019
63285640192	63283740672	1899520	512	12.222442
17985044480	17983600640	1443840	512	6.172180
119052456448	119051287040	1169408	512	10.934934
55218647040	55217161216	1485824	512	12.591962
41381484544	41380352000	1132544	512	6.295880
10984212480	10982448128	1764352	512	10.854023
56401870848	56399816192	2054656	512	12.134348
21626714624	21625480192	1234432	512	5.438833
102716356608	102714906624	1449984	512	10.127353
67546223616	67544225792	1997824	512	12.161441
158573162496	158571480576	1681920	512	2.846235
30146709504	30144617472	2092032	512	4.716173
94128986624	94127412224	1574400	512	5.381777
14171104256	14169975808	1128448	512	11.373814
157341214208	157339951104	1263104	512	8.981715
15442295296	15440693760	1601536	512	8.564930
126124744704	126123075584	1669120	512	7.578931
149978552320	149977265664	1286656	512	3.666414
71872699904	71870951424	1748480	512	5.807023
68147588608	68146482688	1105920	512	10.020719
36186171904	36184535552	1636352	512	3.358018
140997316096	140996253184	1062912	512	4.448277
3863517696	3862312448	1205248	512	10.092941
1399162880	1397607424	1555456	512	3.357019
41288734720	41287226880	1507840	512	3.604779
406841856	404779008	2062848	512	3.983993
38735755264	38734124032	1631232	512	9.988530
107245724672	107243921408	1803264	512	11.656326
37591083520	37589766144	1317376	512	6.265957
159261411328	159259582464	1828864	512	8.483336
146994904064	146993023488	1880576	512	2.014887
115202974720	115200961536	2013184	512	2.482148
70719454720	70717440000	2014720	512	2.379619
56707672064	56706229248	1442816	512	2.271560
126123229696	126121244160	1985536	512	10.925844
7871473152	7870303232	1169920	512	9.866791
34885334528	34883667968	1666560	512	9.378233
113843490304	113841504768	1985536	512	3.109874
31922801152	31920821760	1979392	512	3.756457
80825011200	80823870464	1140736	512	12.105280
155051528704	155050436096	1092608	512	10.939544
134043678208	134042154496	1523712	512	11.340299
111991715840	111989690880	2024960	512	2.170777
64846960640	64845788672	1171968	512	7.455205
75222740992	75221105152	1635840	512	12.860697
129481368064	129479442944	1925120	512	8.863808
136756488192	136754594304	1893888	512	8.001419
28736562176	28734478848	2083328	512	2.864418
120462119424	120460232192	1887232	512	3.863258
19944083456	19942826496	1256960	512	5.858711
64517692928	64516074496	1618432	512	10.076334
85494625792	85492815872	1809920	512	3.105715
96033986560	96032893440	1093120	512	6.369768
7774675968	7773158400	1517568	512	10.207031
88283812864	88282449920	1362944	512	5.700224
131019663872	131018231296	1432576	512	2.740562
81929667072	81928414720	1252352	512	4.884794
122858174976	122856614912	1560064	512	3.845063
145516769280	145514823168	1946112	512	12.786501
93105668608	93103634432	2034176	512	8.748206
142393462272	142392243712	1218560	512	4.264022
76574364672	76572685312	1679360	512	6.196553
31331937792	31330503168	1434624	512	3.126785
133604449792	133603032064	1417728	512	5.233507
154946437120	154945150976	1286144	512	4.316545
119204385280	119202869760	1515520	512	2.599688
86505271296	86503443968	1827328	512	9.730873
144946003456	144944289280	1714176	512	8.807133
143089103872	143088008704	1095168	512	9.574492
70510326272	70508963328	1362944	512	7.960863
110376850944	110375791104	1059840	512	5.565253
69961605120	69960484352	1120768	512	8.470106
53513308672	53511451648	1857024	512	3.738112
31852779008	31851655680	1123328	512	6.445755
45311156224	45309762560	1393664	512	5.258806
33452738048	33451494912	1243136	512	3.964744
135104153088	135102644736	1508352	512	2.457424
121164103168	121162356224	1746944	512	6.372830
148589120512	148587570176	1550336	512	12.260074
97962176512	97960848384	1328128	512	5.412428
30025892864	30024762880	1129984	512	7.494835
69857356288	69856055296	1300992	512	4.984048
115282820096	115281257472	1562624	512	2.158847
107300297728	107298890240	1407488	512	6.929380
44597364224	44595692032	1672192	512	8.508644
74216306688	74214522880	1783808	512	9.411844
18830716928	18829384704	1332224	512	6.732448
142180109824	142178856960	1252864	512	4.561253
4604087296	4602098688	1988608	512	6.614462
24722852352	24721721344	1131008	512	10.126049
49582032896	49580747264	1285632	512	2.582673
20050289152	20049129984	1159168	512	9.698023
32891933696	32890739712	1193984	512	8.460230
62257168384	62255826944	1341440	512	2.419408
71621566976	71619587584	1979392	512	10.738757
115533699072	115531754496	1944576	512	4.430910
35602547200	35600997888	1549312	512	2.116667
99230702080	99229171200	1530880	512	9.557334
100327161856	100325550592	1611264	512	7.516154
6584513536	6582967808	1545728	512	9.635940
131418501632	131416987136	1514496	512	3.231960
81466217984	81464617472	1600512	512	10.615021
76803858944	76802596352	1262592	512	5.013607
133924377088	133922285056	2092032	512	3.743044
137848333312	137846686208	1647104	512	4.992720
15036782592	15035199488	1583104	512	11.702763
90217670656	90216048640	1622016	512	8.701567
67582022656	67580634624	1388032	512	8.138134
136740183040	136738728448	1454592	512	10.642540
93458938368	93457426944	1511424	512	2.097384
113364889600	113362823168	2066432	512	12.320943
111574546944	111572720640	1826304	512	10.445892
80566638080	80565405184	1232896	512	4.897004
70343025152	70341737472	1287680	512	5.241979
113099004928	113097818112	1186816	512	7.098918
60177409024	60175412224	1996800	512	2.094937
81249162240	81247098880	2063360	512	8.995416
62957293056	62955300864	1992192	512	10.490314
96361597952	96360091136	1506816	512	7.781403
23561203712	23560056832	1146880	512	11.612928
115769619968	115768001536	1618432	512	11.448158
44426968064	44425274880	1693184	512	9.327134
117615419392	117613803008	1616384	512	2.144854
136861794304	136860519424	1274880	512	4.444245
148757453312	148756210688	1242624	512	5.220362
7846686208	7845608960	1077248	512	11.422993
8838403584	8836723200	1680384	512	10.528221
95185777664	95184543232	1234432	512	4.191206
55886504448	55884880896	1623552	512	8.151657
58582114816	58580625920	1488896	512	6.653662
23092965376	23091496448	1468928	512	2.420381
34888739328	34887681536	1057792	512	12.658478
149101301248	149099293696	2007552	512	7.645039
132847533056	132845621760	1911296	512	11.847574
91919240704	91917963264	1277440	512	7.803368
21163869696	21161912320	1957376	512	9.862323
77306486272	77305238016	1248256	512	5.327189
61914355712	61913287680	1068032	512	9.986537
25008091136	25006035456	2055680	512	13.633302
148096050176	148094443520	1606656	512	8.799759
30747824640	30746349568	1475072	512	10.059171
99744151552	99742932992	1218560	512	12.351697
113665881088	113664273408	1607680	512	5.209645
47376892928	47375805952	1086976	512	6.776239
94440605696	94439064576	1541120	512	7.115346
4046453248	4045236224	1217024	512	9.074667
28056091648	28054944256	1147392	512	10.521372
135488727552	135487116288	1611264	512	6.821199
111557952000	111556472832	1479168	512	10.452155
28939158016	28937931776	1226240	512	10.240292
8383080448	8381456896	1623552	512	3.277265
95684088320	95682973696	1114624	512	2.089133
103583596544	103582274048	1322496	512	8.910088
106683091968	106681943040	1148928	512	4.554833
55968331776	55966441472	1890304	512	2.254343
89813392896	89812059136	1333760	512	6.428942
134003695616	134002592768	1102848	512	10.002082
40073468416	40071533056	1935360	512	4.574685
102322366976	102321304576	1062400	512	6.411332
92442045952	92440399360	1646592	512	4.360928
15277343744	15275441152	1902592	512	6.139766
115420023808	115418503680	1520128	512	4.370964
64163102720	64161832960	1269760	512	3.784635
31460073984	31458250752	1823232	512	12.403719
129436363776	129434837504	1526272	512	2.880746
103774175232	103773058560	1116672	512	11.427694
85574842880	85573477376	1365504	512	8.584836
156932995072	156931229696	1765376	512	8.305946
62003968000	62001996288	1971712	512	12.671807
115419617280	115417942528	1674752	512	11.943406
111013402624	111012019712	1382912	512	12.998076
13751284224	13749516288	1767936	512	5.442427
72064788480	72063350784	1437696	512	2.368432
20320523264	20318475264	2048000	512	1.857018
121155016704	121153793536	1223168	512	11.423455
84365758464	84364288000	1470464	512	10.900324
89711680000	89709888512	1791488	512	11.892085
96384529408	96383178752	1350656	512	10.182761
130216025088	130214057472	1967616	512	12.800920
119456968704	119455669248	1299456	512	8.372805
100064047104	100062029824	2017280	512	5.761184
29618451968	29617000448	1451520	512	2.782765
47891399680	47889716736	1682944	512	8.330597
96147396096	96145322496	2073600	512	5.362274
123814799360	123813699584	1099776	512	2.819280
89182657536	89181061120	1596416	512	5.360611
130685595136	130684406272	1188864	512	8.892454
111001910784	111000444416	1466368	512	5.607102
130108163584	130106995200	1168384	512	9.471670
78499939840	78498252288	1687552	512	6.007250
64890535424	64888707072	1828352	512	7.635257
105757763584	105755762176	2001408	512	4.955631
57555248640	57554172416	1076224	512	9.284739
41237099520	41235473920	1625600	512	11.868628
106078228480	106077084672	1143808	512	8.951016
65133131776	65131780608	1351168	512	4.032942
135621077504	135619172864	1904640	512	8.590172
120305714176	120304400896	1313280	512	9.827065
27663918592	27662390784	1527808	512	8.869929
71468321280	71466674688	1646592	512	9.528989
159155712512	159153991680	1720832	512	12.650635
119536663040	119535486976	1176064	512	10.809732
5373148672	5371447296	1701376	512	6.711633
14588256256	14586384384	1871872	512	6.698433
113231715328	113230372352	1342976	512	8.446520
107102949888	107101178368	1771520	512	7.977726
145915395072	145913565696	1829376	512	5.349537
52100848128	52098789376	2058752	512	12.022506
133211073536	133209219584	1853952	512	11.701773
135713459200	135712031744	1427456	512	4.913322
60973956096	60972143104	1812992	512	4.591515
25601153024	25599174144	1978880	512	9.451076
897277440	895958528	1318912	512	7.278385
112547032064	112545281536	1750528	512	10.214852
14226538496	14224721920	1816576	512	4.494113
100280801280	100278874624	1926656	512	7.899932
125888434688	125886697472	1737216	512	4.329788
143004519936	143003450880	1069056	512	4.201281
90073998848	90072388608	1610240	512	7.982362
29170842624	29169169920	1672704	512	10.024905
11107929088	11106753024	1176064	512	7.363828
19745829888	19744447488	1382400	512	12.799522
37948666368	37947309056	1357312	512	10.902034
157456827392	157455446016	1381376	512	13.576475
72146978816	72145738240	1240576	512	10.757187
114750888960	114749215232	1673728	512	10.206258
13129588736	13127579136	2009600	512	4.296280
44862483968	44860482048	2001920	512	3.906917
147611387904	147609948160	1439744	512	7.302982
131735382528	131733798912	1583616	512	10.554618
95489413632	95487912448	1501184	512	6.993263
6766984704	6765513728	1470976	512	5.733318
146639350784	146637938688	1412096	512	12.040434
44146473472	44144804864	1668608	512	10.364007
121088943616	121086849536	2094080	512	8.987238
50247012352	50244962816	2049536	512	5.105655
123042386432	123041063936	1322496	512	12.470987
22437760512	22436191744	1568768	512	3.439487
129646428160	129645097984	1330176	512	5.338294
66680342016	66678931968	1410048	512	2.916668
27495349248	27494277120	1072128	512	8.609591
140426192384	140424876544	1315840	512	5.460604
66504858624	66503257088	1601536	512	10.368309
46770470400	46768786944	1683456	512	8.326812
47072446976	47070573568	1873408	512	6.176765
54300344320	54299269632	1074688	512	6.396745
97234598912	97232706560	1892352	512	12.566663
21660932608	21659210240	1722368	512	9.158366
147937000448	147935469056	1531392	512	10.926403
24008801792	24007137792	1664000	512	10.146058
49375919616	49374076928	1842688	512	9.447693
32953391616	32951438848	1952768	512	5.324502
35455537664	35453493248	2044416	512	3.735768
61487120384	61485838848	1281536	512	6.000395
12846592	10968576	1878016	512	10.240626
82238217728	82236465152	1752576	512	7.025940
1964976640	1963497472	1479168	512	5.632664
107194975744	107193311232	1664512	512	11.877751
139853557760	139851788800	1768960	512	11.134311
143412135424	143410457600	1677824	512	3.017450
73546475008	73544509440	1965568	512	9.883299
147567209984	147565151232	2058752	512	7.212281
68229479936	68227800576	1679360	512	11.838544
37902258176	37900758016	1500160	512	3.835193
98537866752	98536689664	1177088	512	3.071942
72060287488	72059232256	1055232	512	9.708462
17481887232	17480506880	1380352	512	7.231660
27359436288	27358315520	1120768	512	12.727806
62283843584	62282599424	1244160	512	6.085226
15372298752	15370859520	1439232	512	4.525846
8591361024	8589277184	2083840	512	3.629595
79331143680	79329391104	1752576	512	2.970104
5702856192	5701443584	1412608	512	5.676876
72312258048	72310849024	1409024	512	2.906422
4281375744	4279912448	1463296	512	4.880390
90051986432	90050786816	1199616	512	5.320222
2502211584	2500889088	1322496	512	4.569189
15487915008	15486524928	1390080	512	5.756709
87142086144	87140174848	1911296	512	12.714471
129045413376	129043821568	1591808	512	9.824487
45352125952	45350858240	1267712	512	7.519488
26308186112	26306902016	1284096	512	4.455757
100780815872	100779584512	1231360	512	3.736677
91040668160	91038623744	2044416	512	6.700067
147362772992	147360704512	2068480	512	9.795334
67609734144	67607692800	2041344	512	2.820029
33506777088	33505222656	1554432	512	2.030557
4548483584	4547204096	1279488	512	8.886660
5620706304	5618915328	1790976	512	5.021067
24017481216	24015883264	1597952	512	13.106115
32116686848	32115084800	1602048	512	5.842070
49814289408	49812861952	1427456	512	8.909396
3552674816	3551420416	1254400	512	8.420187
152040354816	152039057920	1296896	512	9.017127
90973227008	90971426304	1800704	512	4.301128
105137029632	105135688704	1340928	512	10.242166
58973257728	58971323904	1933824	512	6.337026
116627430400	116625604096	1826304	512	6.717660
42676712960	42675055104	1657856	512	10.459436
3003091968	3001908224	1183744	512	7.221179
117356609024	117355368960	1240064	512	11.562581
71233153024	71232031232	1121792	512	14.820849
58616587776	58615118336	1469440	512	12.874457
82941213184	82940092928	1120256	512	6.928445
127668477952	127666912768	1565184	512	12.870670
10384242176	10382928384	1313792	512	4.747468
53054175744	53052907520	1268224	512	2.127382
72485612544	72483774464	1838080	512	4.156987
79275296256	79273533952	1762304	512	6.791731
18518379008	18516730880	1648128	512	7.692552
44788281856	44786278400	2003456	512	2.487369
88941928448	88940393472	1534976	512	9.615736
151348580352	151346715648	1864704	512	11.518653
25098715136	25096950784	1764352	512	4.347928
64382103040	64380491264	1611776	512	8.322083
34995386368	34994225152	1161216	512	11.433103
118678379520	118676344320	2035200	512	10.530948
119791876608	119790050304	1826304	512	7.014050
38018354176	38017180160	1174016	512	8.818886
69483443200	69481776128	1667072	512	12.137097
105885920768	105884006400	1914368	512	4.646623
75180111360	75178506240	1605120	512	7.654424
68286262784	68284753408	1509376	512	10.294126
135407612416	135405575168	2037248	512	5.025088
122789503488	122787706368	1797120	512	5.701622
15424993280	15423467008	1526272	512	10.010065
88351626240	88349893120	1733120	512	3.802551
96176076288	96174820864	1255424	512	1.956518
114156533760	114155080704	1453056	512	9.362711
70692977664	70691748352	1229312	512	12.797903
132404821504	132402811904	2009600	512	6.727646
23390837760	23389517312	1320448	512	7.544816
18488611840	18487433728	1178112	512	10.578329
90750788608	90748861952	1926656	512	10.559929
68479527424	68478467072	1060352	512	9.590344
105999312384	105997833216	1479168	512	6.682309
24883753472	24881962496	1790976	512	3.796014
67807088640	67805665280	1423360	512	7.341311
110473230848	110472084480	1146368	512	12.895905
47777518080	47776016896	1501184	512	12.729101
9530987520	9529760256	1227264	512	8.867524
74434199040	74432350208	1848832	512	7.973667
99572493824	99571373056	1120768	512	5.167029
101230322176	101228770816	1551360	512	5.023589
149059082752	149057465344	1617408	512	2.228649
146026352640	146025082880	1269760	512	12.571058
133792220672	133790286336	1934336	512	7.819683
8487327744	8486058496	1269248	512	3.803481
92573327872	92571382784	1945088	512	10.534431
16714262016	16712708096	1553920	512	2.877041
20968251392	20966598144	1653248	512	11.692982
15150419456	15148422144	1997312	512	6.492784
100067790848	100066727424	1063424	512	7.276758
36736180224	36734494208	1686016	512	9.945041
144441122304	144439894528	1227776	512	5.243944
155149904384	155148232192	1672192	512	3.117376
30029479936	30028246528	1233408	512	5.324836
111106833408	111105004032	1829376	512	6.629459
56714641408	56712770560	1870848	512	3.526545
132940204032	132939091456	1112576	512	9.735932
48958059008	48956750336	1308672	512	2.100685
89053486080	89051731456	1754624	512	5.441943
24454137344	24452751360	1385984	512	2.410790
14375545344	14373883392	1661952	512	11.996647
101643725312	101642666496	1058816	512	12.216709
149993570304	149991944704	1625600	512	1.997100
119349890560	119348117504	1773056	512	5.736831
139201384448	139199472640	1911808	512	7.352349
124968666112	124966575616	2090496	512	6.523074
43832985600	43831510016	1475584	512	8.587042
25951664640	25949648896	2015744	512	5.248323
91766004224	91764896768	1107456	512	7.193319
46437384704	46435569664	1815040	512	8.987110
144250573312	144249498624	1074688	512	4.027664
26307774976	26306676224	1098752	512	8.118787
107704239616	107702859776	1379840	512	2.800088
56301675520	56300362752	1312768	512	4.767352
36534223360	36532456960	1766400	512	8.476437
22162824704	22161542656	1282048	512	7.476607
97363400192	97362080256	1319936	512	11.857985
38748547072	38746618880	1928192	512	4.688293
10812036096	10810811904	1224192	512	11.550472
140168958976	140167670272	1288704	512	8.120722
77900376576	77899023872	1352704	512	12.624785
59979976704	59978642432	1334272	512	5.019217
117825259520	117823549952	1709568	512	9.358902
112621219328	112620067840	1151488	512	8.232714
40339742720	40338492928	1249792	512	7.487684
21159263232	21157602304	1660928	512	6.375943
67823403520	67821328896	2074624	512	2.159243
52240452608	52238370816	2081792	512	8.789983
46062902272	46060810240	2092032	512	4.225919
100301712384	100299819520	1892864	512	6.853214
79411256832	79409951744	1305088	512	12.781174
43990158848	43988535808	1623040	512	12.426780
136685287936	136683472896	1815040	512	11.678287
70945685504	70944540672	1144832	512	3.620958
41471139328	41469741056	1398272	512	3.027399
34938835456	34937586176	1249280	512	8.112671
98316589568	98315220480	1369088	512	4.360110
8331212288	8330058752	1153536	512	10.106068
89117802496	89116332032	1470464	512	9.113658
8962128384	8960348672	1779712	512	5.212412
3719241728	3717405696	1836032	512	4.134717
93637758976	93636593664	1165312	512	12.319925
109138176000	109136753664	1422336	512	7.853577
138301400576	138300119552	1281024	512	5.327974
131964495872	131963213824	1282048	512	6.580158
134720040448	134718040576	1999872	512	6.074389
57002095104	57000806912	1288192	512	5.906080
16342390272	16340768768	1621504	512	3.373121
142315574272	142314130432	1443840	512	8.724834
90699173376	90697319424	1853952	512	9.250181
143629197312	143627180544	2016768	512	11.255298
91820419072	91818503168	1915904	512	9.367379
147028567040	147026736640	1830400	512	5.538969
117952672256	117951123968	1548288	512	1.940056
6006673920	6004867072	1806848	512	11.386921
21595586048	21593520128	2065920	512	7.667814
153481205760	153479256064	1949696	512	5.900654
29396335104	29395220992	1114112	512	10.412785
106803160576	106801946112	1214464	512	7.081588
41605404672	41603431424	1973248	512	7.437942
122775432704	122773467136	1965568	512	12.739610
73069340160	73067706880	1633280	512	8.005252
154914201088	154912485888	1715200	512	12.863729
67908473856	67906409472	2064384	512	10.900331
7612033024	7610122240	1910784	512	6.587766
106957452288	106955361792	2090496	512	2.611616
159664880128	159663766528	1113600	512	9.273937
80203060736	80201213440	1847296	512	12.946930
67232556544	67230738432	1818112	512	4.503840
102810118144	102808779776	1338368	512	9.677929
102378199552	102376660992	1538560	512	11.155832
115755530752	115753913856	1616896	512	11.531012
69584963072	69583504384	1458688	512	11.318169
71651728896	71650090496	1638400	512	9.693528
40855632896	40854050816	1582080	512	11.713072
8741315072	8739908608	1406464	512	12.290458
147184020480	147182893568	1126912	512	12.301394
48680064512	48678352896	1711616	512	8.992910
96647307776	96645507072	1800704	512	3.729132
111017356288	111015453184	1903104	512	6.620860
72919487488	72917714432	1773056	512	5.343540
128924439552	128922716672	1722880	512	6.358929
150138973184	150137007616	1965568	512	12.743125
145695816704	145694380032	1436672	512	9.185197
148489133568	148488062464	1071104	512	1.875441
128641127424	128639422976	1704448	512	8.699778
48164207104	48162491904	1715200	512	8.882462
142959611392	142957868032	1743360	512	7.953498
120382770688	120381227008	1543680	512	4.340553
45265377280	45263688192	1689088	512	8.235967
98197654016	98196046336	1607680	512	5.119796
74332292096	74331139584	1152512	512	7.145832
97682661376	97680748544	1912832	512	8.196474
155010908160	155009591296	1316864	512	7.205074
141737844736	141736562688	1282048	512	3.730177
140916587520	140915187712	1399808	512	9.846421
155661415936	155659335680	2080256	512	6.858615
93216795136	93214733312	2061824	512	4.890676
104614540800	104612458496	2082304	512	12.017222
125380934144	125379463680	1470464	512	12.926643
54557085696	54555924480	1161216	512	2.705704
115809049088	115807451648	1597440	512	12.434844
158036890112	158035340288	1549824	512	6.826665
147036862976	147035335168	1527808	512	6.403844
159095696896	159094541824	1155072	512	7.728662
135842909184	135841773056	1136128	512	9.982033
54362583552	54360505856	2077696	512	10.615575
118848536064	118847193088	1342976	512	12.549898
14537158144	14535064064	2094080	512	2.782620
29369942016	29368444928	1497088	512	1.964834
31890781184	31889442304	1338880	512	1.958092
67106989056	67105778688	1210368	512	6.719893
705638912	703725056	1913856	512	6.556959
149402196480	149400400384	1796096	512	4.754793
64831977984	64830383104	1594880	512	8.740587
147301453824	147299374080	2079744	512	8.273358
85671950848	85670385664	1565184	512	9.806658
41360594432	41358529024	2065408	512	5.549128
12037890560	12036061696	1828864	512	11.031737
22109093376	22107467264	1626112	512	7.076255
96827253760	96826042880	1210880	512	10.798589
149222577664	149220501504	2076160	512	9.588520
106275475456	106273531904	1943552	512	8.281027
26970075136	26968883712	1191424	512	6.284517
101067994112	101066191872	1802240	512	2.680827
81036745216	81034754048	1991168	512	10.704500
116747206656	116745366528	1840128	512	9.016309
118160221184	118158625280	1595904	512	12.494039
122225264128	122224120320	1143808	512	6.453885
53600141312	53598166016	1975296	512	2.465707
134168261632	134166447616	1814016	512	11.701740
81419845120	81417759744	2085376	512	7.182272
92958317056	92956821504	1495552	512	8.614097
123403512320	123401713664	1798656	512	5.636203
74022759424	74021255680	1503744	512	4.772512
132089387520	132088136704	1250816	512	7.343574
145317917696	145316206080	1711616	512	8.833086
3704289280	3702795264	1494016	512	10.653427
72778728960	72777523712	1205248	512	2.276810
76959758848	76958274560	1484288	512	9.987596
50725064704	50723109376	1955328	512	7.085777
88502610432	88501515776	1094656	512	2.927757
106709025792	106707157504	1868288	512	7.370762
8426044416	8424404992	1639424	512	3.007048
43301089280	43299091968	1997312	512	4.528053
135576453120	135574640640	1812480	512	2.493128
54547228160	54545799168	1428992	512	9.800339
113321968640	113320351232	1617408	512	2.120273
13724308480	13722306560	2001920	512	6.482958
85050996736	85049937920	1058816	512	8.718978
101335165952	101333411840	1754112	512	11.407739
113953467904	113952016896	1451008	512	5.924435
75714583552	75712713728	1869824	512	2.438289
81744614400	81743126528	1487872	512	11.846136
92462093312	92460919808	1173504	512	5.091801
26196048384	26194744320	1304064	512	7.856504
37010122240	37008487424	1634816	512	12.582406
69163848704	69162026496	1822208	512	4.407248
20917059584	20915636224	1423360	512	11.070847
63041768448	63039772160	1996288	512	6.484758
15948542976	15947344384	1198592	512	6.968802
92542907904	92540945408	1962496	512	10.202833
117139075072	117137587200	1487872	512	5.111330
158544363520	158542769664	1593856	512	5.829768
66120721920	66118818304	1903616	512	5.947818
1054194688	1052121088	2073600	512	10.750672
54450766848	54449235456	1531392	512	12.551814
117977790976	117976612864	1178112	512	2.870012
108612901376	108611476992	1424384	512	7.801694
134716827136	134714769920	2057216	512	4.607252
52784765440	52783310336	1455104	512	2.769742
8537158656	8535458816	1699840	512	10.172539
130504446976	130502556672	1890304	512	12.480573
99756585984	99754640896	1945088	512	5.717919
3238425600	3237002752	1422848	512	11.989408
34856588288	34854708224	1880064	512	5.539646
99687714816	99686608896	1105920	512	6.376324
111299191808	111297551872	1639936	512	12.735154
35465818624	35464744448	1074176	512	7.501115
80111384064	80110286848	1097216	512	8.243839
132316983296	132315651072	1332224	512	2.709322
136222972416	136221536256	1436160	512	12.313069
128158192640	128156439552	1753088	512	5.435789
112434174976	112432956416	1218560	512	6.361462
36957344256	36955790336	1553920	512	11.362851
33714549248	33712527360	2021888	512	6.468170
35281451008	35280056320	1394688	512	11.937198
2210063872	2208704000	1359872	512	7.603254
34680330240	34678789120	1541120	512	2.169023
60100094976	60098630656	1464320	512	11.242735
132208108032	132206241280	1866752	512	2.068506
11225543680	11224121344	1422336	512	5.551343
133736014336	133734556672	1457664	512	3.998824
49263094784	49261201920	1892864	512	4.485511
57745108480	57743872512	1235968	512	12.132805
134590710784	134589403648	1307136	512	4.625291
49135308800	49134103040	1205760	512	4.273384
36891799040	36890555904	1243136	512	7.576465
42955856896	42954224128	1632768	512	5.201457
103381841920	103379744768	2097152	512	9.864616
94990926336	94988929024	1997312	512	8.738311
79318316032	79316802048	1513984	512	9.407431
22548172800	22546394112	1778688	512	4.028833
61396283392	61394688000	1595392	512	8.713405
46701762048	46699994112	1767936	512	11.056942
21857828352	21856138240	1690112	512	5.799785
64320652800	64318815232	1837568	512	4.069214
159591795712	159590518272	1277440	512	9.081656
145631407616	145630201856	1205760	512	3.369928
92299127296	92297455104	1672192	512	9.236283
76184846336	76183004160	1842176	512	2.988845
19214494208	19212663296	1830912	512	9.241505
2332428800	2330643456	1785344	512	8.732650
21311011840	21309386752	1625088	512	11.779265
82073795584	82071838720	1956864	512	11.319688
130674355200	130673294848	1060352	512	9.252075
120648345600	120647296000	1049600	512	3.191758
121068367872	121067048448	1319424	512	10.745558
150625443328	150623753728	1689600	512	10.113618
1524601344	1523112448	1488896	512	12.534106
3917966336	3916576256	1390080	512	3.314282
91990033920	91988984832	1049088	512	8.365286
41421578752	41420243456	1335296	512	5.903123
81330658304	81329081344	1576960	512	8.195128
3930731008	3929071104	1659904	512	7.488109
120119083520	120117187072	1896448	512	3.601754
80614590976	80612615680	1975296	512	8.610314
149792401408	149790651392	1750016	512	4.426868
34743270400	34741509120	1761280	512	10.390942
90224214016	90222810624	1403392	512	4.723877
13395170816	13393494016	1676800	512	11.867096
49811798016	49810019328	1778688	512	12.614361
6846973952	6845247488	1726464	512	6.253939
37787066880	37785104896	1961984	512	4.068602
50791654400	50789609472	2044928	512	12.840354
31468448768	31466621952	1826816	512	6.488836
25987823616	25986235392	1588224	512	3.107808
24873658368	24872412160	1246208	512	5.206519
37901824	36493312	1408512	512	6.780067
87570965504	87569299968	1665536	512	5.219663
140028357632	140026978304	1379328	512	3.420711
144152563712	144150916096	1647616	512	3.004359
143294827520	143293192192	1635328	512	3.339995
43639430656	43638103552	1327104	512	2.199172
57572402176	57571269632	1132544	512	8.226543
139304082432	139302325248	1757184	512	3.051092
156003010048	156001168896	1841152	512	3.914223
128158120960	128156097024	2023936	512	8.488850
143709192192	143707393536	1798656	512	10.018816
114957429760	114955559936	1869824	512	4.244242
76616851968	76614924800	1927168	512	12.546874
37974416896	37972855808	1561088	512	6.701706
124045278720	124044097024	1181696	512	5.362263
96246874112	96244986368	1887744	512	12.700342
63047303680	63045377536	1926144	512	2.428452
66715247616	66713180160	2067456	512	10.871289
96266633216	96264828416	1804800	512	3.602557
19907909632	19906198016	1711616	512	11.170435
93094348288	93092608512	1739776	512	12.949937
78364511232	78363162624	1348608	512	2.577950
96838968832	96837889024	1079808	512	2.987363
69359866368	69358228480	1637888	512	9.691762
62795591168	62793927680	1663488	512	2.000586
72890488832	72888823808	1665024	512	7.393365
45564079616	45562681856	1397760	512	5.179639
29678694400	29677258752	1435648	512	6.236500
121141966848	121140761600	1205248	512	12.381435
38976784384	38974914048	1870336	512	5.728468
152666618880	152665137152	1481728	512	10.709448
67514102272	67512046592	2055680	512	11.049345
7711672320	7709832704	1839616	512	9.060388
108816399360	108814534144	1865216	512	7.435154
129303784448	129302157824	1626624	512	10.357079
83707278848	83705713664	1565184	512	7.988468
44057196544	44055694336	1502208	512	9.126765
28616708608	28614763008	1945600	512	10.105275
70799425536	70797954560	1470976	512	12.857340
88216632832	88214539264	2093568	512	4.162441
123403636224	123401705984	1930240	512	2.490222
129603513344	129601762304	1751040	512	3.954018
127413908992	127412467200	1441792	512	3.797920
38014315008	38013000192	1314816	512	6.258945
115738019840	115736829952	1189888	512	11.937942
78352304640	78350729216	1575424	512	9.999713
65036300288	65034991104	1309184	512	4.813257
66548562432	66546942464	1619968	512	2.988858
85341422592	85340011520	1411072	512	12.115592
98106551296	98105229824	1321472	512	10.096169
65190645248	65188752896	1892352	512	3.071077
60986142208	60984410112	1732096	512	6.094121
154228794368	154227216384	1577984	512	7.649219
24871571456	24869501440	2070016	512	7.670353
36589023232	36587502592	1520640	512	11.757424
66628240384	66626294784	1945600	512	2.085287
146893440512	146891847680	1592832	512	4.204654
53984598016	53983103488	1494528	512	10.545100
70417233408	70415172608	2060800	512	10.981122
58605067776	58603167744	1900032	512	12.259973
108007337472	108005719040	1618432	512	2.117407
154255016960	154253160960	1856000	512	11.082647
54811049472	54809731072	1318400	512	4.668614
122124499456	122122739712	1759744	512	6.524773
69704701952	69703143936	1558016	512	12.862600
36258026496	36256804864	1221632	512	7.945392
129370196480	129368379904	1816576	512	12.363570
157621771264	157620214272	1556992	512	6.943793
30058104320	30056923648	1180672	512	6.510387
12678080000	12676621312	1458688	512	4.536260
1885379072	1883495936	1883136	512	7.026606
9409191936	9407998464	1193472	512	10.278030
78255880192	78253918208	1961984	512	2.033501
101946760192	101945077760	1682432	512	2.109968
46721494528	46720335872	1158656	512	5.239134
92535744512	92533993984	1750528	512	3.414568
8539565056	8538121728	1443328	512	5.199336
31488669184	31486874624	1794560	512	7.036327
872244224	871127040	1117184	512	10.751000
35726087168	35724792320	1294848	512	2.878977
35004859392	35002841088	2018304	512	4.146067
80269906432	80268209152	1697280	512	8.313332
108065537536	108063483904	2053632	512	5.397279
127498764800	127496939008	1825792	512	3.378564
18640625664	18639266816	1358848	512	6.245006
156177183744	156175629824	1553920	512	6.638095
94859262976	94857359360	1903616	512	10.703799
131921991168	131919926272	2064896	512	5.502178
39664369664	39662773760	1595904	512	12.314759
74683668480	74682402304	1266176	512	4.985554
46637153280	46635535360	1617920	512	12.427635
96957254656	96955995648	1259008	512	2.784314
43009532416	43007688704	1843712	512	6.204593
28651397120	28649350144	2046976	512	8.111848
105106284544	105105055744	1228800	512	2.727728
120796701696	120795295744	1405952	512	5.858677
78849320960	78847315968	2004992	512	12.116630
93321857536	93320157696	1699840	512	2.681446
69624883712	69622935040	1948672	512	1.995205
113799291392	113797800448	1490944	512	10.107078
61772034560	61770053120	1981440	512	5.285458
125576649216	125575473152	1176064	512	11.051331
81304302592	81302982144	1320448	512	3.877740
97829683712	97828268544	1415168	512	9.177301
19430219776	19428283904	1935872	512	7.509096
35335564288	35334007808	1556480	512	1.960304
62740988928	62739253248	1735680	512	6.036156
142165059072	142163847680	1211392	512	5.707967
73358446592	73356675584	1771008	512	4.448665
62245863936	62244038144	1825792	512	4.333139
28659144192	28657096704	2047488	512	8.065761
14080429568	14078337024	2092544	512	2.913493
47678284800	47676765696	1519104	512	1.983129
159898655232	159896639488	2015744	512	10.700821
102716869632	102715760640	1108992	512	9.828425
75045738496	75044137984	1600512	512	2.547790
71570611200	71569528832	1082368	512	5.126815
115294017536	115292905984	1111552	512	3.483566
87488988672	87487807488	1181184	512	4.780969
33369605632	33368395776	1209856	512	8.789103
116837480448	116835808256	1672192	512	10.693565
100693489664	100692377600	1112064	512	12.638992
146654176256	146652927488	1248768	512	3.439422
59242878976	59241139200	1739776	512	5.976520
75479946752	75478852608	1094144	512	8.321053
43503549440	43502417920	1131520	512	20.717169
60756362240	60755149312	1212928	512	6.675770
130604625408	130603499008	1126400	512	9.864955
74464696832	74463219200	1477632	512	10.149662
131289186816	131287327744	1859072	512	2.305266
143225063424	143223039488	2023936	512	11.011554
89458395136	89457027584	1367552	512	5.614096
134535266304	134533458944	1807360	512	12.848303
15892426240	15890803200	1623040	512	8.144080
78003638272	78001889280	1748992	512	3.820438
80563201024	80561621504	1579520	512	7.272522
28156110848	28154257920	1852928	512	2.615300
7174953984	7173711360	1242624	512	9.321969
2576816640	2575479296	1337344	512	7.020660
64138388480	64136593408	1795072	512	4.927965
156159653376	156157612032	2041344	512	5.738290
65302982144	65301051904	1930240	512	5.373023
82430257664	82428386304	1871360	512	4.246005
16519907328	16518123520	1783808	512	9.987095
67539854848	67537843200	2011648	512	10.139149
362152448	360792576	1359872	512	2.044383
17498749952	17497332224	1417728	512	6.651714
63297277440	63295697920	1579520	512	8.978095
35347732992	35345804800	1928192	512	2.907844
86022429696	86020637696	1792000	512	3.460325
59152412672	59150831616	1581056	512	9.778941
86344808448	86343331840	1476608	512	7.863408
96655577088	96653885440	1691648	512	6.428313
2382698496	2380618752	2079744	512	3.656501
2548926976	2547056128	1870848	512	3.458690
72454678016	72453432320	1245696	512	6.056101
51052276736	51050940928	1335808	512	3.237231
127860209152	127859132928	1076224	512	12.614696
7365707264	7364567552	1139712	512	10.402781
148963457024	148961619456	1837568	512	6.224322
11680844288	11678771712	2072576	512	3.218777
82985720320	82984415232	1305088	512	3.140425
143881733632	143880609280	1124352	512	8.112902
94241361408	94240043008	1318400	512	11.726629
106287434752	106285989888	1444864	512	10.319910
3152003072	3150777344	1225728	512	9.773391
8006035968	8004964352	1071616	512	11.129716
57529697792	57527748608	1949184	512	5.987697
138704515584	138702540800	1974784	512	7.264591
437210112	436077056	1133056	512	10.393737
97145205248	97143143424	2061824	512	4.246637
56802656768	56801515520	1141248	512	8.568707
51017161216	51015955456	1205760	512	6.822773
140976150528	140974172672	1977856	512	12.389169
131898276864	131896507392	1769472	512	4.957076
72260116992	72258698752	1418240	512	12.087149
86897288704	86895759360	1529344	512	6.777568
139537107456	139535412736	1694720	512	11.136837
104493689344	104492151296	1538048	512	7.860835
27734393856	27732761600	1632256	512	10.715738
136882902528	136881234432	1668096	512	3.061883
141269712384	141268477440	1234944	512	8.121343
100401617920	100400480768	1137152	512	5.743656
102200445440	102198759424	1686016	512	5.618180
927918592	926133760	1784832	512	10.518271
8833030144	8831219712	1810432	512	8.303588
49056567296	49054918144	1649152	512	11.902386
36211151872	36209539584	1612288	512	12.185501
155955281920	155953630720	1651200	512	3.814428
3276771840	3275545600	1226240	512	8.916654
147713690112	147711632384	2057728	512	6.614908
87094067712	87092624896	1442816	512	10.359108
23655930368	23654368768	1561600	512	3.622454
110510395904	110508784640	1611264	512	4.931157
153505203712	153503987712	1216000	512	4.779459
109548106240	109546763776	1342464	512	9.541689
47655573504	47654286848	1286656	512	6.245303
128011777024	128009826304	1950720	512	10.693306
67101844480	67100327936	1516544	512	10.239707
95464105984	95462107136	1998848	512	5.638243
75535358464	75533319168	2039296	512	10.260335
20087675392	20085660672	2014720	512	4.235473
40472340480	40470660096	1680384	512	2.427964
15426781184	15425171456	1609728	512	8.460209
136917614080	136916121600	1492480	512	12.963485
23688315904	23686348288	1967616	512	6.029471
58958663168	58957052928	1610240	512	9.215329
159738239488	159737113600	1125888	512	9.555596
4617816064	4615777792	2038272	512	5.821967
122140946944	122138974208	1972736	512	11.222027
63531751424	63530150912	1600512	512	5.752248
12784220672	12782723584	1497088	512	12.338506
94103286784	94101936640	1350144	512	12.826792
155564843520	155562911744	1931776	512	10.146218
100675921408	100674368000	1553408	512	5.001006
91266178048	91264339456	1838592	512	9.545344
130309595648	130307774976	1820672	512	12.281860
53753468416	53751853056	1615360	512	8.322521
114925893632	114924654592	1239040	512	10.774859
44540092928	44538958336	1134592	512	4.038154
89490101760	89488192512	1909248	512	9.481991
124188880384	124187561984	1318400	512	10.743401
49451043840	49449174016	1869824	512	4.901183
58313239552	58311986176	1253376	512	6.526300
83635047424	83633005568	2041856	512	11.270666
77141953024	77140092416	1860608	512	11.964901
98925626368	98924113920	1512448	512	7.117529
32346830848	32345521664	1309184	512	11.898170
120683980288	120682908672	1071616	512	2.167510
149162764288	149161325056	1439232	512	9.497595
16574906368	16573002752	1903616	512	8.046553
159129422336	159128217088	1205248	512	7.787675
124744770048	124742723584	2046464	512	7.626467
56290937344	56289146368	1790976	512	4.989596
94470675968	94469434368	1241600	512	3.976186
93129825792	93128721920	1103872	512	7.265326
95553881088	95552028160	1852928	512	11.671811
132642959360	132641845760	1113600	512	10.170676
4903092736	4901436928	1655808	512	7.555670
124957479936	124955524096	1955840	512	11.846750
60301027328	60299454976	1572352	512	9.184408
8437742080	8436335616	1406464	512	5.018315
91127015424	91125278208	1737216	512	5.236888
78368829440	78367263232	1566208	512	7.578810
47537106944	47535869440	1237504	512	8.062930
74937239040	74935716864	1522176	512	9.281478
141387714560	141385802240	1912320	512	4.954697
135205924352	135204777472	1146880	512	8.829925
56999844864	56998045696	1799168	512	5.779676
71580153344	71578659840	1493504	512	10.695357
64988585472	64986634240	1951232	512	11.280950
145140338688	145138690560	1648128	512	2.944292
62629882368	62628689920	1192448	512	7.048256
114218617344	114217264128	1353216	512	8.160409
18856922624	18855166976	1755648	512	8.708010
137991771648	137989716992	2054656	512	3.569668
23748770816	23747092480	1678336	512	6.091199
139311129088	139309863424	1265664	512	8.915983
62294950400	62293329920	1620480	512	10.017225
67674652160	67673433088	1219072	512	6.598253
95367148032	95365300224	1847808	512	11.823339
31822044160	31819994624	2049536	512	3.636008
53823560192	53822374912	1185280	512	7.737167
5531650560	5530117120	1533440	512	4.786593
3457690624	3455694336	1996288	512	10.382132
48469375488	48467735040	1640448	512	4.423389
121927865856	121925940736	1925120	512	2.616374
96635976192	96634518528	1457664	512	2.789310
144120907776	144119800320	1107456	512	2.928946
93764770816	93763519488	1251328	512	3.026211
106789696512	106788183552	1512960	512	8.533616
48632278528	48630729216	1549312	512	11.861606
103823509504	103822460416	1049088	512	6.725271
110339383808	110337683456	1700352	512	2.727875
90180589056	90178641408	1947648	512	11.823769
16602424832	16600977408	1447424	512	13.320588
135804398592	135802413568	1985024	512	3.775083
84349381120	84347408384	1972736	512	9.985092
79672343552	79671047168	1296384	512	10.219786
73902055424	73900870656	1184768	512	6.514622
145457370112	145455649792	1720320	512	10.409890
58430256640	58429073408	1183232	512	7.286287
126123516928	126121959936	1556992	512	10.303063
29721714176	29719740416	1973760	512	5.936984
132379147776	132377680896	1466880	512	4.576189
138685908480	138684446208	1462272	512	2.829260
100683510272	100681926656	1583616	512	4.322237
78178213888	78176594944	1618944	512	6.479881
149919788544	149918662144	1126400	512	4.780830
96355416576	96353754112	1662464	512	4.583101
16427426304	16425624064	1802240	512	13.762569
148693869568	148692667392	1202176	512	5.444851
47056100864	47054451712	1649152	512	11.881033
922021888	920336896	1684992	512	12.230459
155098265088	155096544768	1720320	512	9.272340
125449808896	125448135680	1673216	512	9.647370
70755873792	70753853952	2019840	512	9.965410
111996709376	111995145216	1564160	512	3.377155
79481252864	79479619072	1633792	512	9.838677
13039065088	13037048320	2016768	512	11.788929
124072070656	124070717440	1353216	512	6.913083
16419915776	16418715648	1200128	512	6.883307
146955257344	146953944576	1312768	512	10.928967
44382193664	44380977664	1216000	512	7.517184
32782223872	32780575744	1648128	512	4.918345
62021650944	62019582464	2068480	512	10.818704
61020824576	61018854912	1969664	512	11.983166
139382282752	139380880896	1401856	512	10.173477
41106549248	41104791552	1757696	512	2.590438
106150891008	106149310976	1580032	512	4.446137
42338756096	42337084416	1671680	512	9.243364
83485372928	83483814912	1558016	512	8.143757
117710605312	117708890112	1715200	512	9.674196
56449504768	56448426496	1078272	512	6.278292
147992693760	147991587840	1105920	512	10.005517
128729246720	128727791616	1455104	512	2.138257
10953274368	10951459328	1815040	512	8.173567
23843062272	23841417728	1644544	512	2.135167
136314844160	136313227264	1616896	512	7.226412
149355374592	149353986048	1388544	512	8.677345
58560642560	58558945792	1696768	512	2.135691
110495862784	110493992448	1870336	512	7.487572
126167629824	126165703168	1926656	512	12.360644
58119023104	58117894656	1128448	512	5.169028
73217002496	73215609344	1393152	512	7.295363
86403195904	86402063360	1132544	512	11.279981
35750981632	35749832192	1149440	512	5.926349
138629041664	138627154432	1887232	512	10.447947
144206158848	144204172800	1986048	512	12.189864
110892710400	110891411456	1298944	512	11.198129
42488168960	42486883840	1285120	512	3.065510
61169399296	61167929856	1469440	512	11.110312
125499437568	125497764864	1672704	512	7.492700
62871901184	62870547456	1353728	512	4.016644
142274296320	142273110016	1186304	512	11.486786
156707791360	156705786368	2004992	512	9.394734
144488565248	144487424000	1141248	512	6.467957
132450422784	132449092608	1330176	512	2.729447
78045934592	78044655616	1278976	512	8.881683
79649075200	79647645184	1430016	512	5.318840
153572165120	153570692096	1473024	512	12.738398
27612672512	27611411968	1260544	512	8.623019
35857830400	35855841280	1989120	512	4.694311
67756811264	67755068416	1742848	512	5.901959
157214500352	157212716544	1783808	512	6.703963
75212699136	75210604032	2095104	512	11.703312
1817514496	1815737344	1777152	512	5.252913
35337992704	35335933440	2059264	512	2.310911
4677617664	4675643392	1974272	512	10.798075
9529302528	9527663616	1638912	512	11.214213
107659712000	107658250240	1461760	512	5.735813
123419062784	123417962496	1100288	512	1.809047
76571028992	76569867776	1161216	512	7.008530
85578926080	85577691648	1234432	512	9.988626
31508905472	31506912256	1993216	512	3.501013
52565241856	52564113920	1127936	512	8.859519
113545795584	113544715776	1079808	512	5.096504
47021455360	47019622400	1832960	512	5.554602
58946882048	58945312256	1569792	512	11.793449
101889470464	101888344576	1125888	512	5.962276
14952957440	14951848960	1108480	512	8.631890
52284434944	52283327488	1107456	512	8.694180
70856030720	70854103040	1927680	512	2.382508
15572014080	15570100736	1913344	512	7.902034
18286884352	18284950016	1934336	512	2.261183
153112190976	153110740480	1450496	512	7.114676
56222477312	56221343744	1133568	512	5.096575
88514550784	88512862208	1688576	512	4.604317
131312339456	131310714368	1625088	512	7.196744
11599730688	11598147584	1583104	512	8.940678
99929596416	99928279040	1317376	512	12.025198
100254074368	100252673024	1401344	512	8.287763
14579089920	14577827840	1262080	512	7.906529
63144916480	63143115264	1801216	512	4.801408
80006429696	80004966400	1463296	512	9.612469
760583168	758712320	1870848	512	10.371592
89037061632	89035136000	1925632	512	12.397835
25861092864	25859348480	1744384	512	4.737430
17075165696	17073692160	1473536	512	11.030560
34115298816	34113872896	1425920	512	9.479921
18644360192	18643069952	1290240	512	7.445223
28304103936	28302397440	1706496	512	12.238523
118380067328	118378686976	1380352	512	5.856456
137874619392	137872815616	1803776	512	11.984667
94882201600	94880585216	1616384	512	4.496388
23023116288	23021526016	1590272	512	7.774497
41611435520	41610350080	1085440	512	7.240568
96243906048	96242835968	1070080	512	18.002981
12407793152	12405904384	1888768	512	6.453451
80451488768	80450191872	1296896	512	10.238836
72905934336	72904001536	1932800	512	2.271296
8223379968	8222155264	1224704	512	6.468666
60220263936	60219173376	1090560	512	9.600047
127744604672	127742565888	2038784	512	9.606105
142217957376	142216493056	1464320	512	6.611934
94333817344	94332434432	1382912	512	9.466964
89166093312	89165002752	1090560	512	6.738130
61552151040	61550661632	1489408	512	6.682123
144940424704	144938352640	2072064	512	9.714481
46169060864	46167746560	1314304	512	13.766814
140140719104	140139584512	1134592	512	2.072080
118978289664	118976248320	2041344	512	9.549809
156443447808	156441887232	1560576	512	8.609857
98156387328	98155203584	1183744	512	9.065264
131809181696	131807139328	2042368	512	7.682522
79287621632	79286254080	1367552	512	4.195708
42019210752	42017282048	1928704	512	10.155599
101319271936	101318117376	1154560	512	3.597311
33941747200	33939867648	1879552	512	9.307030
138023327232	138021729280	1597952	512	6.259943
120995332096	120994219520	1112576	512	2.974608
12217701376	12215786496	1914880	512	7.878771
117994336768	117992870400	1466368	512	5.508109
37887775744	37886059008	1716736	512	9.365280
59684215808	59682974208	1241600	512	6.119919
76560131584	76558599680	1531904	512	9.046526
144825462784	144824365568	1097216	512	12.610781
36705851392	36703963136	1888256	512	5.421559
122404903936	122403472896	1431040	512	14.394619
43948334080	43946330112	2003968	512	3.314999
17954050560	17952458752	1591808	512	3.784055
117843541504	117841658880	1882624	512	3.913855
124774768640	124773578752	1189888	512	8.908093
85732930560	85731401728	1528832	512	9.710267
111352944640	111351797760	1146880	512	12.895825
158122551808	158120819200	1732608	512	7.655004
124795021312	124793947136	1074176	512	2.497705
96878399488	96876556288	1843200	512	11.940124
147381682176	147380182016	1500160	512	3.978735
71836112384	71834509824	1602560	512	8.585006
56475431424	56473396224	2035200	512	10.626082
136163020288	136161874944	1145344	512	3.366981
100542221312	100540585984	1635328	512	6.918390
88530053120	88528659968	1393152	512	10.684642
101672861696	101671246336	1615360	512	4.436745
32764375552	32763073536	1302016	512	2.743175
125330734080	125328886272	1847808	512	3.230242
86389332992	86387408384	1924608	512	12.400484
52734005760	52732717568	1288192	512	5.908653
101437437952	101436008448	1429504	512	2.809505
134516019200	134514112000	1907200	512	8.942799
52506768384	52505243136	1525248	512	11.842322
111179441664	111177698816	1742848	512	10.416175
18324775424	18323345920	1429504	512	2.544651
109058491904	109056644608	1847296	512	6.203990
62675120128	62673187840	1932288	512	2.319498
49216815104	49215638528	1176576	512	8.268060
63460061184	63458858496	1202688	512	6.795617
64880984064	64879152640	1831424	512	9.396814
39026503680	39025292288	1211392	512	8.788213
140559825920	140558368768	1457152	512	11.974708
1421869056	1419775488	2093568	512	3.447137
43666103808	43664604160	1499648	512	12.293288
76043153920	76041660416	1493504	512	5.019140
115171703296	115170002944	1700352	512	12.860011
143290332672	143288557568	1775104	512	10.890288
26239442944	26238297088	1145856	512	10.527113
30382618624	30380986880	1631744	512	13.460877
56104549888	56102743040	1806848	512	4.667375
144100355584	144099158016	1197568	512	4.878832
18172068864	18170347520	1721344	512	9.300493
13537894912	13536237056	1657856	512	7.425300
123422049280	123420107776	1941504	512	2.272237
72249903104	72248198144	1704960	512	6.597909
88838753792	88837461504	1292288	512	7.423798
50538278912	50536673280	1605632	512	9.754819
144107531776	144105787904	1743872	512	11.919104
117733246976	117732014592	1232384	512	5.233251
107193055232	107191459328	1595904	512	4.116962
152151769088	152150261760	1507328	512	11.684274
91453340672	91451701760	1638912	512	4.457769
104331192832	104329676288	1516544	512	8.416653
63905900544	63904023040	1877504	512	3.353291
142259631104	142258366464	1264640	512	7.134654
103564733952	103563335680	1398272	512	7.180930
122966052864	122964249088	1803776	512	4.240837
80699292672	80698170368	1122304	512	7.772783
113656720384	113654630400	2089984	512	12.699413
140605743616	140603771904	1971712	512	3.392068
72223259136	72221393920	1865216	512	12.958237
91032588800	91031391232	1197568	512	3.599409
62124525568	62122868224	1657344	512	9.302246
48056416768	48054728704	1688064	512	3.336932
151051527680	151049532416	1995264	512	6.070807
121018715136	121017496576	1218560	512	9.787165
158283679232	158281583104	2096128	512	12.922091
137952310784	137951206400	1104384	512	4.655479
70175380992	70173416448	1964544	512	12.833867
68837197824	68836110336	1087488	512	3.150180
126924097536	126922624512	1473024	512	12.342554
148385354752	148383790080	1564672	512	3.342088
9981381120	9979575296	1805824	512	8.361139
142086212096	142084195840	2016256	512	11.283559
77640330752	77638543872	1786880	512	6.217115
22561183744	22559393280	1790464	512	3.828235
25527362048	25525810176	1551872	512	3.645094
64848645632	64846836224	1809408	512	4.631287
88818866176	88816843776	2022400	512	5.659462
11042569728	11040624128	1945600	512	7.355871
119915552256	119914447360	1104896	512	7.534951
150619059712	150617642496	1417216	512	5.222812
60964668416	60963505152	1163264	512	7.625170
15628559872	15626496512	2063360	512	5.416158
103945763840	103943955968	1807872	512	11.834925
154893295616	154891374080	1921536	512	4.351216
35846910976	35845833728	1077248	512	12.885333
131653022720	131650977792	2044928	512	7.626941
16993156608	16991952896	1203712	512	11.895119
15699406848	15698018304	1388544	512	3.335081
57485518848	57483459072	2059776	512	3.591227
100360717312	100358794240	1923072	512	8.926224
75238958080	75237274624	1683456	512	11.775272
90662699520	90660882432	1817088	512	2.070147
53542731776	53540817408	1914368	512	11.948391
59092383744	59090653184	1730560	512	6.153433
122976914432	122975075328	1839104	512	3.302845
106701518848	106699458560	2060288	512	3.192501
136829385216	136827792896	1592320	512	8.187666
101860126720	101858626560	1500160	512	9.123340
108173424640	108172246016	1178624	512	2.855222
61832581632	61831478784	1102848	512	8.739333
28926564352	28925307392	1256960	512	7.862628
109104606208	109103472128	1134080	512	9.200779
11886233600	11884925952	1307648	512	3.081712
155739827712	155738622464	1205248	512	9.069001
65626470912	65624611840	1859072	512	3.691034
26353183232	26351601152	1582080	512	13.354300
119748107264	119746896384	1210880	512	4.486297
9210490368	9209269760	1220608	512	4.712603
12751323136	12749989888	1333248	512	8.054500
29192104960	29190931968	1172992	512	9.326890
58769716224	58768664576	1051648	512	6.835601
66118259200	66117208576	1050624	512	4.531369
68991084544	68989405184	1679360	512	7.121737
107332735488	107331353600	1381888	512	2.644185
58186649088	58184606720	2042368	512	9.503312
142861105664	142859197440	1908224	512	4.736333
131289150464	131287137792	2012672	512	8.846902
13158595072	13157009408	1585664	512	11.646154
25156062208	25154336768	1725440	512	5.109405
134566470656	134564873216	1597440	512	8.922966
25134015488	25132961280	1054208	512	9.036743
34529568768	34527620608	1948160	512	5.402294
150823250944	150821937664	1313280	512	10.926079
157384438272	157383238656	1199616	512	9.270390
138215266304	138214069248	1197056	512	6.560662
138351368192	138349521408	1846784	512	9.324787
97365062144	97363174400	1887744	512	6.986871
44982854656	44981058560	1796096	512	12.253617
130870160896	130868867072	1293824	512	6.237285
63330109952	63328271360	1838592	512	4.100805
153653041664	153651657728	1383936	512	6.821181
24820521472	24819329536	1191936	512	9.754456
100394764288	100393649152	1115136	512	4.418188
13099139584	13097313792	1825792	512	7.348918
148893337088	148891666944	1670144	512	10.783484
101964141056	101962624512	1516544	512	5.780744
28247393792	28245520384	1873408	512	6.552341
4539874304	4538426880	1447424	512	13.771483
106374280704	106372420096	1860608	512	5.951608
74915786752	74914032640	1754112	512	4.728922
107547977216	107546341376	1635840	512	3.198426
17159559680	17158299136	1260544	512	7.919462
154317506560	154316434944	1071616	512	6.840974
9344372736	9342435328	1937408	512	7.489433
121326742528	121325521408	1221120	512	10.953151
30443641856	30441688064	1953792	512	6.257805
159736987648	159735817216	1170432	512	7.556912
9798316544	9796347904	1968640	512	5.600681
108693525504	108691814912	1710592	512	9.400519
9890988544	9889657856	1330688	512	8.091123
83987167744	83986026496	1141248	512	2.764442
40445065728	40443185664	1880064	512	9.400757
81364279296	81362977280	1302016	512	3.499650
22494128640	22492344320	1784320	512	10.915153
27114452480	27112386560	2065920	512	2.621715
1145095168	1143390720	1704448	512	10.089002
41249902080	41248300544	1601536	512	11.325697
3306182144	3304145408	2036736	512	4.446384
39675582464	39673702912	1879552	512	6.524262
111095632384	111094157824	1474560	512	5.398847
41046319616	41044595712	1723904	512	11.035916
63793112576	63791910400	1202176	512	6.911647
79258287104	79256754688	1532416	512	2.867364
23485497856	23484274176	1223680	512	3.861057
121221208064	121219112960	2095104	512	7.237106
74458503168	74457091584	1411584	512	11.442241
2696578048	2695520768	1057280	512	3.198397
48450107392	48448336896	1770496	512	7.996847
132833481216	132831388160	2093056	512	6.406235
151066357760	151064971264	1386496	512	6.758713
132605284352	132603617280	1667072	512	5.140871
58398502912	58397321216	1181696	512	7.256798
92409318912	92407307264	2011648	512	5.893796
133426317824	133424896000	1421824	512	5.106788
44519063040	44516980224	2082816	512	4.419596
131527871488	131526284288	1587200	512	7.215626
75097640960	75095756288	1884672	512	2.203525
27281008640	27279719936	1288704	512	7.354999
72265445888	72264025088	1420800	512	12.037418
4483689472	4481717760	1971712	512	5.566834
153766163456	153764550144	1613312	512	9.211723
19054626816	19052559360	2067456	512	11.689329
61992510976	61990831104	1679872	512	2.488708
7324995072	7323938304	1056768	512	9.632134
99495484416	99494253568	1230848	512	1.967126
158662913024	158661218304	1694720	512	2.409522
51015606272	51013894144	1712128	512	6.466485
33543959552	33542725120	1234432	512	7.750030
3095528960	3093580288	1948672	512	5.960485
123499615232	123498494464	1120768	512	2.299609
12545326592	12543513088	1813504	512	4.557056
115195837952	115194611200	1226752	512	5.443853
113229665792	113228224512	1441280	512	6.197807
143212036096	143210348032	1688064	512	11.282683
122885185024	122883430912	1754112	512	9.408334
77551258624	77550060544	1198080	512	6.279688
104767416320	104765709312	1707008	512	11.236206
58007842816	58005854208	1988608	512	12.365727
153963471360	153961773568	1697792	512	3.864769
3386473472	3385424384	1049088	512	3.275178
106537197056	106536121856	1075200	512	9.171359
151076946432	151075547136	1399296	512	6.362021
147808913920	147807498240	1415680	512	5.261805
37286465536	37284733952	1731584	512	12.377826
145827862016	145826448896	1413120	512	8.031794
27052537856	27051012096	1525760	512	3.222110
40462603264	40460614656	1988608	512	8.895599
150131329024	150129756160	1572864	512	3.511372
53551608832	53550297600	1311232	512	4.775991
69493731840	69492117504	1614336	512	2.215180
157007225344	157005611008	1614336	512	6.932255
126880187392	126878138880	2048512	512	5.977425
35222467584	35221008384	1459200	512	4.531467
73867783680	73866085376	1698304	512	5.829643
104239477760	104238365696	1112064	512	4.359404
121848562176	121847075840	1486336	512	12.030446
128200587264	128199223296	1363968	512	5.702563
109900304384	109898756608	1547776	512	5.074156
132228753920	132227190272	1563648	512	12.862195
128866051584	128864296448	1755136	512	3.894120
122490166784	122488976384	1190400	512	9.904899
37059875840	37058549248	1326592	512	11.551366
155959116800	155957295616	1821184	512	9.388221
114581105152	114580052480	1052672	512	5.714762
140005771264	140003751936	2019328	512	12.278842
73794132992	73792147456	1985536	512	3.051798
112247701504	112245651968	2049536	512	2.654842
143824106496	143822860800	1245696	512	7.680591
85196609536	85194954240	1655296	512	11.056203
129394566656	129392975872	1590784	512	5.747815
146054692864	146052673536	2019328	512	20.158422
142385775104	142384455680	1319424	512	10.735158
42811664384	42810484736	1179648	512	10.483158
49330336768	49329113088	1223680	512	8.299959
110097155072	110095130624	2024448	512	2.111065
20944376320	20942939136	1437184	512	12.638862
129658445312	129656771072	1674240	512	4.961451
94633002496	94631299072	1703424	512	3.717707
118764808704	118762841088	1967616	512	12.676806
143550219776	143548980736	1239040	512	9.745960
100228199936	100226208256	1991680	512	6.326837
69646048256	69644034048	2014208	512	11.892150
20481258496	20479508480	1750016	512	5.736089
80086785024	80084717568	2067456	512	9.704152
43601490944	43600243712	1247232	512	3.818440
82527696384	82526424576	1271808	512	4.487576
110867767808	110866232320	1535488	512	7.170288
55887108096	55885380096	1728000	512	6.198410
88788488704	88786917888	1570816	512	5.883251
126532194816	126530851328	1343488	512	4.991645
113001378816	113000283648	1095168	512	2.967907
37010232832	37008800256	1432576	512	4.964650
61892998656	61891313664	1684992	512	7.833171
154278048256	154276572672	1475584	512	17.305698
134164006912	134162234880	1772032	512	12.816861
154381244416	154379374592	1869824	512	10.694005
63871802368	63870311424	1490944	512	5.753536
49033688576	49032118272	1570304	512	12.136764
74535985664	74534877184	1108480	512	8.097391
139785977344	139784740864	1236480	512	5.012165
123252459008	123250913280	1545728	512	2.315789
81471036416	81469638656	1397760	512	6.057364
130358828544	130357331968	1496576	512	3.821380
92276565504	92274902016	1663488	512	7.660449
83596481536	83595254272	1227264	512	10.071395
82723194880	82722073600	1121280	512	7.481637
141923458048	141921668096	1789952	512	13.456666
86410711552	86408839168	1872384	512	12.080202
142646314496	142644305408	2009088	512	11.490795
65086092800	65084269056	1823744	512	7.739777
24187248640	24185358848	1889792	512	11.147110
93635666432	93633638912	2027520	512	8.065375
119238400512	119236703744	1696768	512	11.083115
94255974400	94254535168	1439232	512	9.238523
9600050688	9597959680	2091008	512	4.953540
21945202176	21943172608	2029568	512	3.818341
4285870592	4284761600	1108992	512	10.889341
124460350464	124458513920	1836544	512	12.935025
16431788032	16429754880	2033152	512	3.916116
70405000192	70402956800	2043392	512	11.324542
77347114496	77345655808	1458688	512	12.289833
82993853440	82992640512	1212928	512	5.044882
673824256	671944192	1880064	512	7.195358
27459872256	27458033152	1839104	512	12.199019
51241274880	51239414272	1860608	512	4.604764
63644848640	63643150336	1698304	512	10.550055
86031584768	86029919744	1665024	512	6.002724
75850425344	75848844288	1581056	512	12.211386
66889805824	66888638464	1167360	512	7.532713
57637777408	57635893248	1884160	512	4.133022
80855884800	80854464512	1420288	512	5.491538
85173200384	85171899392	1300992	512	8.324633
84122293760	84121045504	1248256	512	2.535392
109451604992	109449540608	2064384	512	3.297448
149033016320	149030919680	2096640	512	5.278703
79914576384	79912626176	1950208	512	10.215171
26412179456	26410831360	1348096	512	5.304664
127725730304	127723719680	2010624	512	8.490115
39524169216	39522671616	1497600	512	11.662510
19421393408	19420060672	1332736	512	8.028755
100020940288	100019570688	1369600	512	11.914508
147907077120	147905059328	2017792	512	11.219017
81220949504	81219064320	1885184	512	10.942900
124200328704	124198618624	1710080	512	10.658281
33807293952	33806211072	1082880	512	10.987609
47742325248	47740600832	1724416	512	8.791658
40166144000	40164949504	1194496	512	9.129949
105067449856	105065384448	2065408	512	3.027147
63668933120	63666839552	2093568	512	8.651256
50695881728	50694324224	1557504	512	6.182270
78282587648	78281032192	1555456	512	11.693094
147674775552	147673522688	1252864	512	12.011710
33610893824	33609211904	1681920	512	11.770093
98595117056	98593829888	1287168	512	6.448918
76194613248	76192922624	1690624	512	5.945466
33721014272	33719612416	1401856	512	15.199644
139714340352	139713148416	1191936	512	11.273806
1350504448	1348771840	1732608	512	8.328872
64554841088	64553208832	1632256	512	8.027004
33967084032	33965718016	1366016	512	5.404619
130889884672	130888180224	1704448	512	5.169437
69452434432	69451211264	1223168	512	1.858728
64525911040	64524235776	1675264	512	7.180292
144438382080	144436942848	1439232	512	10.533239
100794467840	100793312768	1155072	512	5.319304
75419732480	75418106880	1625600	512	1.973515
133492824064	133491495936	1328128	512	4.776327
119978151936	119977020928	1131008	512	3.059548
33763060736	33761649152	1411584	512	4.542720
105795579392	105793654272	1925120	512	6.185181
29972361216	29971213312	1147904	512	12.249025
13705417728	13703502336	1915392	512	7.848984
64322647552	64321057792	1589760	512	8.808716
126727746560	126726641152	1105408	512	6.150432
52409052160	52407097856	1954304	512	5.882067
111960415232	111958949376	1465856	512	5.546908
109103890944	109102169088	1721856	512	2.925863
136557378560	136556081664	1296896	512	3.850773
144946080256	144944659968	1420288	512	7.863660
86941509120	86940382720	1126400	512	2.127377
149543195136	149541485568	1709568	512	5.731536
152208689664	152207468544	1221120	512	4.277497
51983010816	51981072384	1938432	512	6.165783
95023388160	95021934592	1453568	512	8.929706
113657742848	113656025600	1717248	512	2.253512
7916984832	7915811840	1172992	512	10.613016
93439758848	93438577664	1181184	512	10.155005
141792995328	141791039488	1955840	512	1.889773
73458368000	73456722432	1645568	512	6.832742
127865712128	127863871488	1840640	512	3.325943
109821327872	109819655168	1672704	512	4.280888
50150481408	50149388288	1093120	512	9.955951
44899997696	44898731520	1266176	512	7.496313
948446720	946762752	1683968	512	10.439276
148758578688	148756837376	1741312	512	8.298958
56324691968	56323302912	1389056	512	12.654164
46496134656	46494081536	2053120	512	5.020927
149665006080	149663745536	1260544	512	11.784859
55050860032	55048915968	1944064	512	2.062665
87430829056	87429394944	1434112	512	14.738009
46919800832	46918251520	1549312	512	6.366052
109386317824	109384535552	1782272	512	9.524151
22320974336	22319053312	1921024	512	12.375883
93431559168	93430167040	1392128	512	4.975548
13458996736	13456982016	2014720	512	6.206993
85887795712	85886610944	1184768	512	6.192850
93628956672	93627252224	1704448	512	6.742266
158200707072	158199411200	1295872	512	6.115275
123750811136	123749425152	1385984	512	6.100545
82116634624	82115036160	1598464	512	7.338254
127483444224	127481854976	1589248	512	9.867528
60152709120	60151530496	1178624	512	7.313430
1549038080	1547376128	1661952	512	7.449979
134730878976	134729003008	1875968	512	11.127152
64779516416	64778170368	1346048	512	4.114530
112840280576	112838552576	1728000	512	8.954167
99255288320	99253462528	1825792	512	2.076797
155555577344	155553527296	2050048	512	7.858222
111383427584	111381370880	2056704	512	2.461683
56465676288	56464272384	1403904	512	8.510372
97495192576	97493281280	1911296	512	6.450700
143660469760	143658447360	2022400	512	11.092664
29418602496	29417077760	1524736	512	3.242616
55256517120	55254574080	1943040	512	2.134631
37058235392	37056284672	1950720	512	7.925385
57611575296	57609487360	2087936	512	9.350702
67136980992	67134968832	2012160	512	11.865268
10370908160	10369495552	1412608	512	6.738916
115961218560	115959503872	1714688	512	7.896394
157030930432	157029043712	1886720	512	7.232150
69415105536	69413782016	1323520	512	4.617079
79329179648	79327368704	1810944	512	3.689211
112434603008	112432973824	1629184	512	4.617647
55682535936	55680822784	1713152	512	6.477528
10863240192	10861652480	1587712	512	8.848755
22390142464	22388282368	1860096	512	6.747271
126530044928	126528710656	1334272	512	5.241767
104355844096	104354506240	1337856	512	9.706057
9581073920	9579283968	1789952	512	11.703735
112459748352	112458679808	1068544	512	5.368515
75529513472	75527602688	1910784	512	12.816324
117620290048	117618316288	1973760	512	3.370176
72312155648	72310193152	1962496	512	12.860385
65890646016	65889472512	1173504	512	7.434631
16207696384	16206139904	1556480	512	2.833938
31761831936	31760276480	1555456	512	11.374571
58826033152	58824288256	1744896	512	5.833064
56987312128	56986153472	1158656	512	8.289584
128472874496	128470997504	1876992	512	12.914994
30061223936	30059272192	1951744	512	11.786681
149630510080	149628684288	1825792	512	5.623849
133736122880	133734279680	1843200	512	12.746835
59816545280	59815343616	1201664	512	12.937966
103299681280	103298451968	1229312	512	2.768438
37957920256	37956469248	1451008	512	9.044945
53195732992	53193914880	1818112	512	5.417822
22217531392	22216002560	1528832	512	2.309667
71415086080	71413700096	1385984	512	3.365268
48438348288	48437170688	1177600	512	9.042018
82452678656	82451299840	1378816	512	6.493398
73634747904	73633167360	1580544	512	2.953948
62984105472	62982567424	1538048	512	4.790708
6280638976	6278814208	1824768	512	9.325993
48286391808	48284392448	1999360	512	6.159725
147056758784	147055106560	1652224	512	10.877229
43760371200	43758784512	1586688	512	11.653863
106516135424	106514937856	1197568	512	3.500934
99241686528	99240202240	1484288	512	10.747928
34714651648	34713007104	1644544	512	10.642577
145294729216	145293164544	1564672	512	3.717486
109887523840	109885705728	1818112	512	8.258558
77854904832	77852941312	1963520	512	1.983145
148407594496	148406134272	1460224	512	6.767267
54907714560	54906340352	1374208	512	4.253539
126572715520	126570699264	2016256	512	8.733680
10477359616	10476248576	1111040	512	10.864597
139305800192	139304537600	1262592	512	9.046541
105375743488	105374565376	1178112	512	7.977102
69276603392	69275302912	1300480	512	11.145862
99495875584	99494557184	1318400	512	1.911870
87614593536	87612591104	2002432	512	7.597498
149562581504	149560784896	1796608	512	4.576692
53638098432	53636691968	1406464	512	3.711656
48182573568	48181003776	1569792	512	11.527643
123567989760	123566375424	1614336	512	10.072480
101989362176	101987934720	1427456	512	12.190712
134585658368	134584207872	1450496	512	11.925071
59739194368	59737689600	1504768	512	11.221953
93076812800	93074845696	1967104	512	11.415386
74745452032	74743514624	1937408	512	12.269348
117269269504	117267935744	1333760	512	10.420604
50132578816	50131160064	1418752	512	2.020981
31665489408	31663968768	1520640	512	7.558524
3341411840	3340148736	1263104	512	9.157670
84423905280	84422685184	1220096	512	10.258566
74521780736	74520567808	1212928	512	6.028442
155869608960	155867860480	1748480	512	11.777392
107302295552	107300761600	1533952	512	4.057517
128373823488	128371763200	2060288	512	7.279036
84683044352	84681075712	1968640	512	11.090519
148137227264	148135198208	2029056	512	7.622157
24265264640	24263661568	1603072	512	1.943144
72070529536	72068871168	1658368	512	7.558381
62731513344	62729891840	1621504	512	8.208673
72082747392	72081663488	1083904	512	9.113474
99090130944	99088365056	1765888	512	12.866931
109733892096	109732665344	1226752	512	12.885045
37517994496	37516872192	1122304	512	6.447180
120463413760	120462239744	1174016	512	13.094227
70509544448	70507752448	1792000	512	7.519793
76414173696	76412457984	1715712	512	5.467006
139212769280	139211086848	1682432	512	3.995666
27626517504	27624447488	2070016	512	2.526637
94145914368	94144330240	1584128	512	5.147217
6660782080	6659720704	1061376	512	11.681243
143479736832	143477711360	2025472	512	13.036375
52388559872	52386720768	1839104	512	8.372200
92226226688	92224658944	1567744	512	5.962198
145091195392	145089802752	1392640	512	8.615109
110625189888	110623924736	1265152	512	10.193560
117917042176	117915348992	1693184	512	1.960245
27204915712	27203663872	1251840	512	5.090106
25229667840	25227972608	1695232	512	9.606777
73227164160	73225762816	1401344	512	7.074172
152545162752	152543890944	1271808	512	8.022858
1358666752	1356818432	1848320	512	7.698581
106132098560	106130360320	1738240	512	10.245352
154004694528	154003146240	1548288	512	12.851701
134332245504	134330327040	1918464	512	14.957832
126011468288	126010044416	1423872	512	8.368248
119813664768	119811847680	1817088	512	5.460365
129748637696	129747159552	1478144	512	4.322197
123436358656	123435051520	1307136	512	7.993125
124717063168	124715216896	1846272	512	3.191450
63640360960	63638658048	1702912	512	10.448784
51483249664	51481896448	1353216	512	4.668086
88225190912	88223492608	1698304	512	12.484227
91578446336	91577395200	1051136	512	10.131608
24990024192	24988465152	1559040	512	2.654180
14051222016	14050146304	1075712	512	12.943055
72552304640	72550228480	2076160	512	14.970311
53505641472	53504210432	1431040	512	2.597507
87690096640	87688940032	1156608	512	10.760112
34127232512	34125373952	1858560	512	11.611221
92393738240	92392574976	1163264	512	6.026156
27434403840	27432827392	1576448	512	7.980212
23958905344	23957067264	1838080	512	12.215084
7592041472	7590535680	1505792	512	4.156012
130892878848	130891659264	1219584	512	7.445112
159640487936	159638836736	1651200	512	9.003782
135678137856	135676728832	1409024	512	11.268084
79025511936	79023495168	2016768	512	9.534811
113741625856	113740395520	1230336	512	12.760327
18052779008	18051090432	1688576	512	6.929071
158970736640	158968999936	1736704	512	3.691291
41029181952	41027724800	1457152	512	2.807326
87380018176	87378921472	1096704	512	7.406702
143942095360	143940636672	1458688	512	6.656276
95707614208	95706464256	1149952	512	10.519062
94048726016	94046899200	1826816	512	12.292133
106418188800	106416288256	1900544	512	5.083161
75118648832	75117392384	1256448	512	5.270219
111200709120	111199323136	1385984	512	12.976737
123935733760	123933755392	1978368	512	12.486290
1554908160	1553331712	1576448	512	9.107246
152248822784	152246790656	2032128	512	7.775298
101200973312	101199282688	1690624	512	1.962342
35295545344	35294386688	1158656	512	5.713800
31887865856	31886659072	1206784	512	4.866277
96678657536	96677198336	1459200	512	8.797367
48396121088	48394417664	1703424	512	10.951520
22633675776	22632441344	1234432	512	8.323111
22237179904	22235438592	1741312	512	11.656775
112052384256	112051240448	1143808	512	8.371131
151377550848	151375962624	1588224	512	7.321439
72025092608	72024032768	1059840	512	11.420308
47192091648	47190844416	1247232	512	12.757454
32980306432	32978795008	1511424	512	7.759141
88930987008	88929478144	1508864	512	10.131791
77768207360	77766229504	1977856	512	8.542938
100250160128	100248699392	1460736	512	8.177092
74579691008	74577882624	1808384	512	3.662230
59873377280	59872009728	1367552	512	9.327447
158489094656	158487301120	1793536	512	7.320715
42103483904	42101724672	1759232	512	7.719954
118676964864	118674896896	2067968	512	8.000355
40130703360	40128720384	1982976	512	4.774205
142499990528	142498534400	1456128	512	6.839780
94450660352	94448615936	2044416	512	5.990282
79989328384	79988186112	1142272	512	4.965088
90560325632	90558641152	1684480	512	7.173688
36868214784	36866166784	2048000	512	5.928567
17644174848	17642087936	2086912	512	2.950611
15844495360	15843333120	1162240	512	10.777642
69173191680	69172032512	1159168	512	7.706966
33619654656	33618150400	1504256	512	3.723572
85208919040	85206867968	2051072	512	9.257028
68443068928	68441956864	1112064	512	4.375603
156528075776	156526586368	1489408	512	9.196431
128733979648	128732024320	1955328	512	9.927641
88566889472	88565051392	1838080	512	12.717198
109188179968	109186107904	2072064	512	2.928506
94506837504	94504916480	1921024	512	9.056952
143971415040	143970210304	1204736	512	10.859436
40584949760	40583337984	1611776	512	11.204044
139304531968	139302815232	1716736	512	4.245310
119859391488	119858215424	1176064	512	12.546202
55925777920	55924394496	1383424	512	2.339975
141551183872	141549910016	1273856	512	6.826916
14753926656	14752537600	1389056	512	3.322402
2442294784	2441040896	1253888	512	9.260931
8648400384	8646925312	1475072	512	5.695705
58579674112	58577767936	1906176	512	8.663739
33257203200	33255294976	1908224	512	8.751816
39524319744	39523050496	1269248	512	3.398370
94101108736	94099595776	1512960	512	7.699104
92782707200	92781394432	1312768	512	2.005592
35211584000	35210242560	1341440	512	4.798734
70001799680	70000544768	1254912	512	5.862863
101729285120	101727756288	1528832	512	5.514308
27692672000	27690917376	1754624	512	4.547776
74978394112	74976576512	1817600	512	3.451000
133120550400	133119437824	1112576	512	5.150000
88127411712	88126117376	1294336	512	3.339178
81746741760	81745574400	1167360	512	5.968026
133392335360	133391193088	1142272	512	8.982802
65386503680	65384579584	1924096	512	11.629444
89591020032	89588998656	2021376	512	5.657270
148092482560	148091194368	1288192	512	9.218199
58263243264	58262060032	1183232	512	7.820881
85365971456	85364478464	1492992	512	10.445805
80231793152	80230016000	1777152	512	6.426041
100365967360	100364604416	1362944	512	4.560482
33363268096	33361951232	1316864	512	6.995886
2755434496	2754270720	1163776	512	7.614335
8156023808	8154775040	1248768	512	9.355745
99973566464	99972011008	1555456	512	8.955621
71126777856	71125463040	1314816	512	10.875926
52084513280	52083019776	1493504	512	10.617850
155344944128	155343163392	1780736	512	5.105602
103100654592	103099279872	1374720	512	12.148354
62185271296	62184061952	1209344	512	12.231289
133673254400	133671264768	1989632	512	5.279681
54573248000	54571153408	2094592	512	10.287368
66269158400	66267912704	1245696	512	4.296433
51514721280	51513556992	1164288	512	8.240135
106701727744	106700483584	1244160	512	11.777788
61451166720	61449730048	1436672	512	12.882284
84263794176	84261805568	1988608	512	10.674824
130594339840	130592603136	1736704	512	3.322671
19331593216	19330206720	1386496	512	5.793979
73791643136	73790098944	1544192	512	3.846664
55442084864	55440415232	1669632	512	7.353744
96656693248	96655306240	1387008	512	4.654224
155235279872	155233747968	1531904	512	5.727427
77177920000	77176257024	1662976	512	6.520164
118162871808	118161763328	1108480	512	3.606190
158893733376	158891750912	1982464	512	6.643120
141953685504	141952233984	1451520	512	6.980939
7375051264	7373356544	1694720	512	10.250392
158686763520	158685115392	1648128	512	3.964758
72526993408	72525665792	1327616	512	2.679951
118616509952	118614939136	1570816	512	11.308651
137471589888	137470048768	1541120	512	6.494153
103157736448	103155726336	2010112	512	4.303765
5408431616	5406616576	1815040	512	2.735524
133340809728	133339542528	1267200	512	6.363210
39006348800	39005113344	1235456	512	8.350833
54940528640	54939348480	1180160	512	2.316228
158584923648	158582888448	2035200	512	8.359963
20062496768	20060481536	2015232	512	4.231642
97499516928	97497527296	1989632	512	4.748917
63000829952	62999281152	1548800	512	4.572690
112162403328	112161299968	1103360	512	4.555368
46187358208	46185738240	1619968	512	12.425476
135959297536	135957689344	1608192	512	4.671625
149855793664	149854347776	1445888	512	7.088348
96954557440	96953276928	1280512	512	2.323740
30966025728	30964732928	1292800	512	4.345380
139940573184	139939400704	1172480	512	5.620838
86894635520	86893076480	1559040	512	6.144955
123922404864	123921116160	1288704	512	10.231531
38266689024	38265097216	1591808	512	10.701267
73002894848	73001392640	1502208	512	4.771428
136815526912	136813999104	1527808	512	8.113103
52240649728	52239488512	1161216	512	7.664487
21468226048	21466200576	2025472	512	3.900861
15687335424	15685492224	1843200	512	3.970319
26989994496	26988740608	1253888	512	5.073511
143329617920	143327770112	1847808	512	6.787619
108551737856	108550554112	1183744	512	9.689831
19696819200	19695639552	1179648	512	10.517012
93477315072	93475233792	2081280	512	5.962078
31545763328	31544217088	1546240	512	2.935744
111177991168	111176662528	1328640	512	10.532380
5689506304	5688258048	1248256	512	8.529978
146903459840	146901776896	1682944	512	10.528896
15708063744	15706987520	1076224	512	9.291378
34666437632	34664993792	1443840	512	4.020319
39405534720	39404238848	1295872	512	6.651794
12746706944	12745566720	1140224	512	11.175631
3800354304	3798704640	1649664	512	11.075141
127635035136	127633473024	1562112	512	10.524431
128562972160	128561748480	1223680	512	8.032574
143111183360	143109648896	1534464	512	9.449192
22896899584	22894910976	1988608	512	4.597595
142568673792	142567350272	1323520	512	5.209281
30337019904	30335955456	1064448	512	1.919909
110207846912	110205996544	1850368	512	6.118389
98714567168	98713227776	1339392	512	10.055194
104827311104	104826157568	1153536	512	3.426532
65878965760	65877066240	1899520	512	12.262521
20305255936	20304184320	1071616	512	11.243515
72370262528	72368561664	1700864	512	11.334279
67775682560	67773811200	1871360	512	3.453838
123140451840	123138917888	1533952	512	10.801715
13940569088	13939372032	1197056	512	10.096604
24931763200	24929967616	1795584	512	7.895495
136336498688	136334955008	1543680	512	11.368873
59905180672	59904001024	1179648	512	5.498857
13103631872	13102289408	1342464	512	6.544544
1901943808	1900156928	1786880	512	8.679896
74732678144	74730639360	2038784	512	8.464034
3212827648	3211171840	1655808	512	7.581646
95484840448	95483563008	1277440	512	11.730123
49138365952	49136658432	1707520	512	3.001135
74757642752	74756220416	1422336	512	11.220267
63051421696	63049344000	2077696	512	10.645810
11532676096	11531509248	1166848	512	10.735288
82568106496	82566646784	1459712	512	9.332949
35863276544	35861450752	1825792	512	7.531822
145981814272	145980515328	1298944	512	1.951006
44883963904	44881872384	2091520	512	2.355408
81045648384	81044442112	1206272	512	12.416534
143883887104	143882048512	1838592	512	7.071670
22064937472	22063488512	1448960	512	10.565508
132753758208	132752163840	1594368	512	7.954764
127728539648	127726510080	2029568	512	8.000932
2793643008	2792542208	1100800	512	11.036112
80230547456	80228904448	1643008	512	11.404243
33843388928	33842108928	1280000	512	7.653697
8346755072	8345283072	1472000	512	4.739447
151055628800	151054541312	1087488	512	9.119442
102923020800	102921369088	1651712	512	4.857238
13842305024	13840598528	1706496	512	9.551242
57163533312	57161477632	2055680	512	11.038591
69849012736	69846919680	2093056	512	8.615195
127082493952	127080985600	1508352	512	2.136850
17385604096	17384532480	1071616	512	11.219051
15688752128	15687428096	1324032	512	2.763010
57540795904	57538873344	1922560	512	2.500404
18101487616	18100111360	1376256	512	5.960007
77646551040	77645177856	1373184	512	6.650319
124926701056	124925032448	1668608	512	6.075309
16223766016	16222109696	1656320	512	12.182196
134057810944	134056653824	1157120	512	3.836101
32308457984	32306861568	1596416	512	5.969442
111461549056	111459606528	1942528	512	4.052319
72049913856	72048585728	1328128	512	4.465305
30969205760	30967404544	1801216	512	13.408623
150026169856	150024396288	1773568	512	7.125428
88577170944	88575254016	1916928	512	15.329385
80711532032	80709644288	1887744	512	11.407492
18341064704	18339688960	1375744	512	5.986807
2748370944	2746564608	1806336	512	4.733497
29612685824	29610800128	1885696	512	6.295038
99783954432	99782552576	1401856	512	3.475501
152399859200	152398111232	1747968	512	2.281304
132281938432	132280210944	1727488	512	4.589841
45514914816	45513032192	1882624	512	6.011006
115831186944	115829448192	1738752	512	7.329628
50387431424	50386315776	1115648	512	10.228478
128008944128	128007373824	1570304	512	12.671112
5568569344	5566891008	1678336	512	2.394047
94856519168	94855423488	1095680	512	7.018840
52758844928	52757498368	1346560	512	4.814336
67263595520	67262359552	1235968	512	6.244214
24804804096	24803368448	1435648	512	5.655636
26038270976	26037061632	1209344	512	5.962266
139144019968	139142332416	1687552	512	5.105920
71507685888	71505617920	2067968	512	9.033146
79867957760	79865982976	1974784	512	12.848492
137642966016	137641639936	1326080	512	6.973107
30880017408	30878371328	1646080	512	2.098546
55508009984	55506532352	1477632	512	2.375888
145237434368	145235941376	1492992	512	9.352169
79406718464	79405370880	1347584	512	2.584418
68887657984	68886008320	1649664	512	7.656652
82046261760	82044273152	1988608	512	10.774992
112279147008	112277157888	1989120	512	3.000491
105774228992	105772921856	1307136	512	10.401852
3140276736	3138809344	1467392	512	5.782140
11434152448	11432747520	1404928	512	5.759956
120554014720	120552615936	1398784	512	8.479949
79330848768	79329742848	1105920	512	8.218913
3372058624	3370663424	1395200	512	6.999088
1071885824	1070291456	1594368	512	8.721428
52097180160	52095589888	1590272	512	9.611984
144610393600	144608436736	1956864	512	3.817787
27376403456	27374414336	1989120	512	5.706286
143294451200	143292647424	1803776	512	4.452000
18300648960	18298839552	1809408	512	4.661984
51810480128	51808947712	1532416	512	11.690243
148484981248	148483401728	1579520	512	2.842975
1274884608	1272950784	1933824	512	7.562875
112901152256	112899325440	1826816	512	6.682158
49215005696	49212911104	2094592	512	11.953606
15921079296	15919964160	1115136	512	8.542603
58421024768	58419137536	1887232	512	3.169416
118182363648	118180556800	1806848	512	4.949135
147720715776	147719268352	1447424	512	9.197614
23549298688	23547620864	1677824	512	9.938516
72504230400	72502403072	1827328	512	2.528503
30595565568	30593914880	1650688	512	10.381155
120597977600	120596125696	1851904	512	4.645042
128960852480	128958993408	1859072	512	2.295413
62473678848	62472022528	1656320	512	7.573088
101366543360	101365021184	1522176	512	5.670001
102676772864	102675659776	1113088	512	2.562605
31225036288	31223869440	1166848	512	6.767571
17277035008	17275760128	1274880	512	8.946628
26940727808	26939666944	1060864	512	2.592329
101213912064	101212682752	1229312	512	12.116088
49742802432	49741464064	1338368	512	6.266681
111818061312	111816164864	1896448	512	5.094445
104749478912	104747737600	1741312	512	10.196596
34630492672	34629176832	1315840	512	6.238512
4738368000	4737011200	1356800	512	6.674968
152271719936	152270263296	1456640	512	11.606090
150227929088	150226691584	1237504	512	5.364034
51523275776	51522001408	1274368	512	6.134549
15155820544	15154433536	1387008	512	7.130380
14696065536	14694112256	1953280	512	1.904082
124423028736	124421349888	1678848	512	7.287712
116161731072	116160461824	1269248	512	10.899282
126674604544	126673536512	1068032	512	11.981613
38738487808	38737295872	1191936	512	8.560243
129779596288	129777546752	2049536	512	5.712151
159739824640	159737837056	1987584	512	11.651223
51881447424	51879441408	2006016	512	11.231068
78652582912	78651018752	1564160	512	2.104855
31902694400	31901622272	1072128	512	7.550562
97020427776	97018799616	1628160	512	9.762106
108159914496	108158303232	1611264	512	11.611487
146279387648	146277726720	1660928	512	12.090761
113274970112	113273700864	1269248	512	4.976794
17430787584	17429515264	1272320	512	7.749884
24606914048	24605685760	1228288	512	9.146689
140955728896	140954082816	1646080	512	12.516227
68578297344	68576934912	1362432	512	2.037896
131752292864	131750554624	1738240	512	5.932221
84382113280	84380306432	1806848	512	6.348714
85916723712	85915039744	1683968	512	4.717599
125105205248	125103950336	1254912	512	7.249970
92847378944	92846154240	1224704	512	9.108731
115279489536	115278337536	1152000	512	2.525518
94551890432	94550345728	1544704	512	10.051442
75415698944	75414589952	1108992	512	2.678411
3763844096	3762376192	1467904	512	4.770416
61296835072	61295442432	1392640	512	2.165790
37744791040	37743529984	1261056	512	3.593362
67907079680	67905203712	1875968	512	3.381845
62848801280	62847087104	1714176	512	6.441225
18679630848	18677985792	1645056	512	2.885318
152938440192	152936394752	2045440	512	2.172774
74360964096	74359473152	1490944	512	9.861055
31676154880	31674289152	1865728	512	11.465597
19372860416	19371049984	1810432	512	9.550785
82451513856	82449942016	1571840	512	1.969429
153779076096	153777909760	1166336	512	2.239727
82572103680	82570017792	2085888	512	5.882400
71871060992	71869270016	1790976	512	4.979685
117423448064	117421478400	1969664	512	3.797754
141069293568	141067702784	1590784	512	4.551194
131148750848	131146867712	1883136	512	4.136624
72995297792	72993679360	1618432	512	2.103316
63502819840	63501252096	1567744	512	9.237894
17303057920	17301048320	2009600	512	6.281529
28480214016	28478399488	1814528	512	7.513300
143283100672	143281643008	1457664	512	12.012958
64975947776	64974237696	1710080	512	6.537271
158257813504	158256536576	1276928	512	6.383270
129881959424	129880439296	1520128	512	3.086010
11836162048	11834952192	1209856	512	6.736994
143820304896	143818269696	2035200	512	9.532062
128853933568	128852541952	1391616	512	4.988567
57418548736	57417385984	1162752	512	8.187071
30515161088	30513204224	1956864	512	9.879776
21639052800	21637917696	1135104	512	7.336247
145702152192	145700684288	1467904	512	6.509568
125149505024	125147680256	1824768	512	3.266435
60283523584	60282152448	1371136	512	11.002947
40661126656	40659987456	1139200	512	6.115259
84699215360	84697675776	1539584	512	10.275849
81839720448	81838409728	1310720	512	8.112850
99824402944	99822557184	1845760	512	9.448232
151524557312	151522476544	2080768	512	12.153171
118459983360	118458606592	1376768	512	6.541701
52898876416	52897257984	1618432	512	8.248841
153311704064	153310519296	1184768	512	12.621913
126967126016	126965231616	1894400	512	11.455650
21700655616	21699381248	1274368	512	7.588455
32553408000	32551543808	1864192	512	11.512943
61165332992	61163814400	1518592	512	10.178407
154729100288	154727437824	1662464	512	11.821011
28563337728	28561285632	2052096	512	2.843897
87166026240	87164863488	1162752	512	10.643448
147423134208	147421434880	1699328	512	7.357934
25877189120	25875902464	1286656	512	7.429822
148621593600	148619949056	1644544	512	11.666890
62469878272	62468627456	1250816	512	5.943550
8868921344	8867160576	1760768	512	12.118191
9439089664	9437242368	1847296	512	3.918290
66577140736	66576006656	1134080	512	4.477552
132202792448	132201548288	1244160	512	11.311146
88336048128	88334312960	1735168	512	3.706618
114266527744	114265246720	1281024	512	11.653335
66421427712	66419826176	1601536	512	8.610632
140506553344	140505378304	1175040	512	5.548597
150595044352	150593389056	1655296	512	9.091936
26366697984	26365111808	1586176	512	11.491962
34417685504	34415784960	1900544	512	5.162582
43946678272	43944684544	1993728	512	3.528904
36376529920	36375106560	1423360	512	11.363026
40446610944	40444601856	2009088	512	8.476233
135637244928	135636099072	1145856	512	11.319226
158931039744	158929403904	1635840	512	6.553074
7099381248	7098309632	1071616	512	11.545890
17267236352	17266095616	1140736	512	11.174813
53249533952	53248197632	1336320	512	9.989965
84011283968	84009969664	1314304	512	8.025254
94247535616	94245723136	1812480	512	12.594254
101665107968	101663865344	1242624	512	12.861796
137451321344	137449996288	1325056	512	12.407297
2642271232	2640423936	1847296	512	8.941469
76802586112	76801397760	1188352	512	6.465978
58185402368	58184103936	1298432	512	5.055742
48147770368	48146363392	1406976	512	4.017232
39329891328	39328588288	1303040	512	12.044722
46966500352	46964908544	1591808	512	5.424594
53842174464	53841095680	1078784	512	9.751039
90831488000	90830265856	1222144	512	4.820437
78183247872	78181569024	1678848	512	5.215900
150887916544	150885910016	2006528	512	5.918647
115192152064	115190224896	1927168	512	4.880607
99521281536	99519299072	1982464	512	4.883825
41625329664	41623370240	1959424	512	4.112679
75717017600	75715731968	1285632	512	4.585887
122398048256	122396399616	1648640	512	10.644406
74833837056	74832082432	1754624	512	10.131855
109842199040	109841069568	1129472	512	5.405998
133967118336	133965690368	1427968	512	2.227229
146789025280	146787832320	1192960	512	5.041238
42307616256	42306388992	1227264	512	7.884292
114522597376	114521541120	1056256	512	10.090923
137366225920	137364676608	1549312	512	11.229566
86896111104	86894338560	1772544	512	12.710327
73867535360	73865792000	1743360	512	4.941378
101158461952	101157344256	1117696	512	6.123293
71727385088	71725965312	1419776	512	6.666048
157749754368	157748561920	1192448	512	9.460942
15765867520	15764628992	1238528	512	8.320548
97029414912	97027414016	2000896	512	9.865367
62972139008	62970935808	1203200	512	6.873915
95811119104	95809668608	1450496	512	8.010537
102408468480	102407019008	1449472	512	10.289583
13092667904	13090763264	1904640	512	6.144815
16602424320	16600443392	1980928	512	12.512135
11219147776	11217353728	1794048	512	8.519561
95803721728	95801968128	1753600	512	10.869989
130246567424	130245050880	1516544	512	11.702262
106788385792	106786565632	1820160	512	9.738049
22920073728	22918080512	1993216	512	5.590002
146919209472	146917287424	1922048	512	2.403581
100361612800	100360481280	1131520	512	10.366059
14537599488	14536322048	1277440	512	7.621829
91588037632	91585956352	2081280	512	5.985406
34770211328	34768355328	1856000	512	6.945199
10215709184	10214008832	1700352	512	11.957775
86905364992	86903537664	1827328	512	9.765804
79357511680	79355421696	2089984	512	12.540739
131063008256	131061157888	1850368	512	11.524027
9727952896	9725877248	2075648	512	5.367065
54582451712	54581308416	1143296	512	7.966201
127725012992	127723090944	1922048	512	12.437034
64052488192	64050680832	1807360	512	9.969130
16458004992	16456632320	1372672	512	6.021916
1807383552	1805896704	1486848	512	10.783788
82458267136	82456657408	1609728	512	12.128791
44782258688	44780762112	1496576	512	11.778620
80487739392	80486149120	1590272	512	7.951002
159063097344	159061517824	1579520	512	6.459705
46868796416	46867610112	1186304	512	8.927443
100940959232	100939876352	1082880	512	6.872521
63818476032	63816763392	1712640	512	11.995690
19516360192	19514643968	1716224	512	6.399868
32452591616	32450727936	1863680	512	6.863011
76423558656	76421911040	1647616	512	12.602626
152569497600	152567724544	1773056	512	4.808787
122226626560	122224827904	1798656	512	6.376612
62396952064	62395637248	1314816	512	11.551109
67276136960	67275011584	1125376	512	8.382183
85792229376	85790425600	1803776	512	5.740768
141197467136	141195738112	1729024	512	11.866661
34300920320	34299118080	1802240	512	9.673808
23837217280	23835701248	1516032	512	3.429444
58024037376	58022461440	1575936	512	9.038470
155999661568	155998121984	1539584	512	6.724948
125663786496	125662657536	1128960	512	11.445994
118211093504	118209290240	1803264	512	5.009812
159116128768	159114745344	1383424	512	10.863286
82881159680	82879896576	1263104	512	4.702761
24150364160	24149069312	1294848	512	8.042894
6147758592	6145738752	2019840	512	4.695925
123867979264	123865932800	2046464	512	10.407954
39459060224	39457210368	1849856	512	7.099867
69950262272	69948847616	1414656	512	2.822220
54746338304	54745187840	1150464	512	4.714239
101258398720	101256767488	1631232	512	7.025138
22331618816	22330120704	1498112	512	9.538599
176712704	175191552	1521152	512	3.900158
3033624576	3032562688	1061888	512	11.667975
143330188800	143328183296	2005504	512	2.444210
3538768896	3536693760	2075136	512	2.017221
146920378368	146918993408	1384960	512	4.730768
86499340800	86497290752	2050048	512	5.039782
15492428800	15490930176	1498624	512	3.808790
22905116160	22903861760	1254400	512	8.699004
43589539840	43588238336	1301504	512	2.761580
1017009664	1015090176	1919488	512	7.782637
75097771008	75096055296	1715712	512	5.490150
65442208768	65440518656	1690112	512	6.908734
25804440064	25802350592	2089472	512	7.314809
151947197440	151945709056	1488384	512	5.740886
53620804096	53618900992	1903104	512	3.785995
51386992128	51385280512	1711616	512	8.262005
123336282112	123334597632	1684480	512	8.957461
75668056064	75667003392	1052672	512	9.172665
52558645760	52556552192	2093568	512	11.427245
123925983744	123924108288	1875456	512	3.823510
36767654400	36766486528	1167872	512	9.571235
34671506944	34669682688	1824256	512	6.509983
19498552320	19496494080	2058240	512	11.017691
117412316160	117410363904	1952256	512	4.159348
2675750912	2674129408	1621504	512	12.692012
49086154752	49085071360	1083392	512	10.752626
20186182656	20184091648	2091008	512	8.571305
48616789504	48615076864	1712640	512	8.987235
127626620928	127624591872	2029056	512	8.082348
148214406656	148212921856	1484800	512	3.221866
13816937984	13815105536	1832448	512	7.426613
155234553344	155233101312	1452032	512	10.703194
75246218240	75244974592	1243648	512	12.478291
29182924800	29181175296	1749504	512	8.690114
11191569408	11190123008	1446400	512	5.140071
122278693376	122277491200	1202176	512	12.268128
137975450624	137973923840	1526784	512	11.912755
138011087872	138009176576	1911296	512	9.120644
127153110528	127152014848	1095680	512	11.263656
63923996672	63922081792	1914880	512	2.572378
49256484864	49255016448	1468416	512	12.238810
134902477824	134900475392	2002432	512	4.949420
106400068096	106398336512	1731584	512	10.646843
137684093440	137682700288	1393152	512	9.068315
89740883456	89739387904	1495552	512	7.519862
146776324096	146774267904	2056192	512	9.115290
8642955776	8641797632	1158144	512	10.876459
99150351872	99148583936	1767936	512	11.379507
91990155264	91988645888	1509376	512	8.333320
69186272768	69184430080	1842688	512	4.029298
118910395904	118908890624	1505280	512	5.426649
114060310528	114059205632	1104896	512	2.767699
109175606784	109174325760	1281024	512	10.998065
118957525504	118955868672	1656832	512	11.028887
141943014912	141941257216	1757696	512	9.176371
138772734976	138771330560	1404416	512	11.404174
11030020096	11027997696	2022400	512	6.096409
112821573632	112820304384	1269248	512	11.895637
156668504576	156666556928	1947648	512	3.499753
121000227840	120998709760	1518080	512	2.538117
46060082176	46058413568	1668608	512	3.801961
105823430656	105821538304	1892352	512	8.676405
108560887808	108558910976	1976832	512	5.641789
111255438848	111253959680	1479168	512	5.321925
34556677120	34555505664	1171456	512	20.563165
154177740288	154176409088	1331200	512	8.373035
143552838144	143550829056	2009088	512	12.586456
146848914944	146847462912	1452032	512	5.408457
118002624512	118001144832	1479680	512	5.284618
58836448768	58834733568	1715200	512	6.418236
152049649664	152047703040	1946624	512	5.318079
9175046144	9173708288	1337856	512	7.947178
114358740992	114356900352	1840640	512	10.061928
11297149440	11296038400	1111040	512	11.635599
6519101440	6517411328	1690112	512	11.511845
26978604544	26977434624	1169920	512	6.719817
56530299392	56529192448	1106944	512	8.719833
119519826432	119518439424	1387008	512	5.675502
64885181440	64883777024	1404416	512	7.778954
104000886784	103999120384	1766400	512	11.434577
82455334912	82454057472	1277440	512	8.887131
100485133824	100483607040	1526784	512	5.564837
48975078400	48973038592	2039808	512	12.802657
93083327488	93082001408	1326080	512	6.597828
52192827904	52191491584	1336320	512	11.781234
59683372032	59681808896	1563136	512	11.111801
134261547008	134260016128	1530880	512	8.901660
130405032960	130403185664	1847296	512	12.668081
79728191488	79727005696	1185792	512	6.456062
145611007488	145609478656	1528832	512	3.175619
56335081472	56333203968	1877504	512	11.544982
48670879744	48669613568	1266176	512	7.499809
72610084864	72608964608	1120256	512	4.170317
33019859968	33018665472	1194496	512	5.078837
145780908544	145779631616	1276928	512	12.539464
22463225856	22461776384	1449472	512	3.611430
79482522624	79480432640	2089984	512	10.235618
57928467456	57926432256	2035200	512	4.135709
25372723200	25371388416	1334784	512	3.475198
20833530368	20831754752	1775616	512	9.286778
117999289344	117997651968	1637376	512	11.073744
135302961664	135301237760	1723904	512	3.861419
35681063424	35679372288	1691136	512	9.865906
124028585984	124026702336	1883648	512	3.967146
103164182528	103162945024	1237504	512	2.582012
17089737216	17088526336	1210880	512	6.704420
147525271040	147523679232	1591808	512	12.419227
113706025472	113704087552	1937920	512	4.161282
87331929600	87330220544	1709056	512	6.587499
38716713984	38715004928	1709056	512	10.378591
141837536768	141836073984	1462784	512	10.023276
149911658496	149909950464	1708032	512	5.694350
71895310336	71894191616	1118720	512	8.462546
32692857856	32691704832	1153024	512	9.789810
50522587648	50521250816	1336832	512	5.354669
121141616640	121139995648	1620992	512	10.115333
27660568064	27659233280	1334784	512	7.459042
70608506368	70607094784	1411584	512	12.145312
64533821952	64532705792	1116160	512	8.517804
9176393216	9175077376	1315840	512	8.215639
94128557568	94126955008	1602560	512	4.815759
127348413440	127346813440	1600000	512	11.816275
128539931648	128538050560	1881088	512	11.709337
68809084416	68807078912	2005504	512	10.275628
159761832960	159760008192	1824768	512	2.907759
18627821056	18626202112	1618944	512	11.092522
87848391680	87846953984	1437696	512	8.578020
62992324608	62990700032	1624576	512	12.156233
105873951744	105872180224	1771520	512	7.885488
81374530560	81372897280	1633280	512	6.178558
133942466048	133940551680	1914368	512	10.014756
152096745472	152094703616	2041856	512	5.757335
6156632064	6154893824	1738240	512	9.560898
152862997504	152861322240	1675264	512	7.372120
47253010944	47251763712	1247232	512	7.074178
124514212352	124512888832	1323520	512	8.979807
43863029248	43861534720	1494528	512	9.835694
35366776832	35365392384	1384448	512	5.066153
66546058240	66544360448	1697792	512	10.546176
26206982144	26205382144	1600000	512	12.227459
120380486144	120379280896	1205248	512	2.880123
43426383872	43425327616	1056256	512	18.948996
64936153088	64934427648	1725440	512	6.169243
51951208448	51949353984	1854464	512	4.742396
10943049728	10940966912	2082816	512	3.605093
135798333952	135796562944	1771008	512	2.715359
128835543040	128833655808	1887232	512	2.216464
87284262400	87282403840	1858560	512	9.130553
30903308800	30901771264	1537536	512	3.929514
96109904384	96108701184	1203200	512	9.240051
91795715072	91793760768	1954304	512	8.594704
72335771136	72333864448	1906688	512	2.801575
135217894912	135215801344	2093568	512	4.331345
33099875328	33098130432	1744896	512	7.924239
60186708480	60184880640	1827840	512	5.206936
40506247680	40504477696	1769984	512	7.512008
152464408576	152462984704	1423872	512	8.081269
150712642048	150711573504	1068544	512	6.550428
106877437440	106875765760	1671680	512	11.699887
113741607424	113739996160	1611264	512	2.284040
14698589184	14696930816	1658368	512	7.551255
56190579200	56189143040	1436160	512	3.146783
283001856	281614336	1387520	512	7.116584
112273013760	112271811584	1202176	512	6.780744
132462631936	132460850688	1781248	512	2.169676
72671649280	72670080000	1569280	512	9.210161
132776231936	132774174720	2057216	512	4.371623
145123363328	145121477632	1885696	512	5.510746
109198691840	109196734976	1956864	512	3.741807
89396678144	89395177472	1500672	512	7.360251
125997910528	125996425728	1484800	512	2.691454
78452628480	78451293184	1335296	512	7.539323
12803597824	12801642496	1955328	512	12.946041
61074809344	61073284096	1525248	512	10.813162
75247890944	75245828608	2062336	512	10.647967
5939073536	5937129984	1943552	512	6.029275
107606646784	107604837376	1809408	512	8.874549
47507634688	47506220544	1414144	512	4.915545
11707506176	11706173952	1332224	512	6.833495
70553717248	70552595968	1121280	512	8.428329
95357533696	95355850752	1682944	512	6.601131
14193062912	14191994368	1068544	512	12.301032
58393898496	58392211968	1686528	512	6.975788
51680134656	51678743040	1391616	512	3.984629
116117347840	116116131840	1216000	512	11.322070
2023887360	2021924352	1963008	512	12.844451
109625597952	109623881216	1716736	512	3.163912
143805703680	143804227072	1476608	512	6.127240
9659376640	9657494016	1882624	512	15.614043
34791502848	34789993472	1509376	512	7.772682
48387855872	48386007552	1848320	512	6.643564
20864002560	20862330880	1671680	512	11.028369
45916417024	45914929664	1487360	512	11.922288
94389516288	94387548160	1968128	512	8.880222
66092216320	66090494976	1721344	512	6.312003
43347005440	43345389568	1615872	512	11.122010
147159111680	147157213184	1898496	512	3.335786
23557382656	23555976704	1405952	512	5.322342
94346579456	94344818688	1760768	512	12.501760
35489954816	35488612864	1341952	512	11.309770
19981518336	19980336640	1181696	512	7.257533
41013317120	41011495424	1821696	512	8.396360
28468113408	28466637312	1476096	512	4.086362
29285656576	29284380672	1275904	512	8.321978
104905275392	104903807488	1467904	512	6.879616
158124531200	158122593792	1937408	512	11.747223
57892713472	57891551744	1161728	512	8.251316
11282905600	11281061376	1844224	512	8.994036
144771477504	144769867776	1609728	512	2.542083
142686015488	142683966976	2048512	512	11.303961
131872480256	131870712320	1767936	512	2.565590
107875356672	107873850368	1506304	512	8.685719
12763801600	12762161152	1640448	512	12.340123
53015315968	53014177280	1138688	512	19.769585
41180170240	41178939392	1230848	512	7.798837
132961708032	132959709184	1998848	512	5.021180
80065316352	80063724544	1591808	512	12.615381
99714457600	99712464384	1993216	512	4.643801
40207930880	40206119936	1810944	512	12.613050
99550086144	99548697600	1388544	512	8.572355
82758501888	82757004288	1497600	512	8.573507
23038934528	23037041664	1892864	512	12.897399
112332744704	112330776576	1968128	512	3.498079
97818034688	97816359936	1674752	512	3.695702
34145332224	34144072704	1259520	512	3.601083
132075732992	132074076672	1656320	512	8.400423
75955641856	75954430976	1210880	512	4.284973
67280414208	67278573056	1841152	512	3.988589
3339710976	3337622016	2088960	512	13.121448
8242627584	8241442304	1185280	512	7.209725
73119954944	73118547456	1407488	512	2.218925
1751927808	1749876224	2051584	512	5.614908
71186693632	71185164288	1529344	512	11.772677
28402469888	28400515584	1954304	512	11.726584
23190164480	23188623360	1541120	512	3.834867
111089751552	111087674880	2076672	512	11.999316
52182895616	52180923392	1972224	512	5.496536
126312208384	126310833664	1374720	512	5.372268
53069968896	53068585472	1383424	512	10.743392
53728461824	53726512128	1949696	512	11.323027
136596438528	136594954240	1484288	512	9.855951
127550531584	127548823552	1708032	512	6.629564
97903794688	97902565376	1229312	512	2.757498
29556560896	29554726912	1833984	512	2.927349
55174886400	55173084160	1802240	512	9.145594
40583739904	40581670912	2068992	512	3.278023
86893150208	86891122176	2028032	512	5.553531
78872266752	78870766592	1500160	512	3.611413
69676690944	69674649088	2041856	512	12.890597
121832935424	121831755776	1179648	512	11.996639
140486511616	140484926464	1585152	512	6.489825
86309363712	86308251648	1112064	512	6.268723
151229450752	151228395008	1055744	512	7.325405
125842835968	125841534464	1301504	512	7.254059
114332039680	114330796032	1243648	512	5.668030
39358348288	39356727808	1620480	512	5.418568
42501589504	42500484608	1104896	512	6.818753
16348218880	16346932224	1286656	512	8.800846
109612674048	109610851328	1822720	512	11.656309
38102579712	38101488128	1091584	512	10.861233
95422057984	95419966976	2091008	512	5.054193
30885111296	30883942400	1168896	512	10.164688
1256628736	1255501312	1127424	512	11.449870
55172234240	55170710016	1524224	512	5.941985
115539580416	115537630208	1950208	512	4.202692
23239511040	23237481472	2029568	512	8.408995
143335807488	143334389248	1418240	512	11.113585
158992032256	158990260736	1771520	512	4.740335
53797158912	53795526656	1632256	512	8.817117
133846872576	133845069312	1803264	512	10.185138
1490991104	1489311744	1679360	512	11.631804
27286473728	27284606976	1866752	512	6.643643
132315917824	132314616832	1300992	512	5.352272
83724746240	83723304960	1441280	512	9.744304
21225854976	21224042496	1812480	512	7.517694
153857996800	153856023552	1973248	512	6.906445
16712122368	16710215168	1907200	512	6.118461
26039675904	26037782528	1893376	512	11.120510
20658682368	20656962560	1719808	512	5.204942
108619294720	108617302016	1992704	512	4.696770
146588210688	146586956288	1254400	512	11.233433
140949724672	140948498432	1226240	512	2.369465
20732928512	20731233280	1695232	512	11.401804
117938469888	117936512000	1957888	512	4.049081
39215246848	39213642240	1604608	512	9.746873
138288722944	138287021568	1701376	512	3.536085
19674303488	19672793088	1510400	512	5.118873
17760474112	17758834176	1639936	512	12.356800
95640521216	95638448640	2072576	512	4.031021
92562624000	92560715264	1908736	512	9.538931
52801927680	52800860672	1067008	512	9.990026
596594176	595260928	1333248	512	4.384885
142929431040	142928312320	1118720	512	7.163595
87376972288	87375876608	1095680	512	7.445767
52052061184	52050222592	1838592	512	4.076173
29801655808	29799667712	1988096	512	9.239652
119571672576	119570407424	1265152	512	2.963481
31965047296	31963917312	1129984	512	9.592387
91274919936	91273551360	1368576	512	10.141041
140682866688	140681326592	1540096	512	4.351154
113066316800	113065081856	1234944	512	10.869459
78242893312	78241767424	1125888	512	3.149143
102787094528	102785308160	1786368	512	10.954044
46502589440	46500731904	1857536	512	9.156651
92299877888	92298817536	1060352	512	3.785600
25862288384	25860253696	2034688	512	19.469148
4181128192	4179969536	1158656	512	7.623743
95178505728	95177237504	1268224	512	3.420295
32267725824	32265771520	1954304	512	5.292672
22320152576	22318361088	1791488	512	2.033366
72384074752	72382721024	1353728	512	8.155296
46062299648	46060789248	1510400	512	7.117337
56589901312	56588311552	1589760	512	11.360559
82827161088	82825683456	1477632	512	2.376663
155332581376	155330963968	1617408	512	2.291649
138046462464	138044764672	1697792	512	2.268358
14434079232	14432769536	1309696	512	8.284267
52461510144	52459466752	2043392	512	9.530814
41077415424	41075826176	1589248	512	11.590922
154826558464	154824825344	1733120	512	9.425348
84889750016	84887946240	1803776	512	3.205157
118975321088	118973765120	1555968	512	2.398390
117076396032	117074700800	1695232	512	1.894097
81930429440	81928781312	1648128	512	6.356278
141264684544	141263416320	1268224	512	9.990771
116493577216	116491563520	2013696	512	11.918666
34154305024	34152860672	1444352	512	9.134154
130478546432	130477069312	1477120	512	11.854758
71473120768	71471548928	1571840	512	9.155831
158425245696	158424024576	1221120	512	10.361510
121905505792	121904113152	1392640	512	8.674171
141475355648	141474104320	1251328	512	4.612464
4527990784	4526161408	1829376	512	9.763405
69226973184	69225402368	1570816	512	9.155923
1101871616	1099904512	1967104	512	12.774810
151963155968	151961103360	2052608	512	6.198791
134283931136	134281857536	2073600	512	3.065094
62399368192	62397714944	1653248	512	2.238879
116215779840	116214152192	1627648	512	3.762741
147618578944	147617024000	1554944	512	4.009219
103475017728	103472942592	2075136	512	2.864421
153984381440	153982749184	1632256	512	9.863171
116762201600	116761140224	1061376	512	5.529892
3934063104	3932044288	2018816	512	9.998937
82042832384	82040834048	1998336	512	12.302303
15655279616	15653607936	1671680	512	7.306962
148315040768	148313559040	1481728	512	6.121575
120495928832	120494548480	1380352	512	5.804066
117280617984	117278742528	1875456	512	5.575460
60646697472	60645155328	1542144	512	12.286873
47323017216	47321144832	1872384	512	6.207586
87644243456	87642475008	1768448	512	10.989121
79978129920	79976521728	1608192	512	6.681969
11726281216	11725004288	1276928	512	7.669674
93561026048	93559939584	1086464	512	6.772831
6875314176	6873408000	1906176	512	6.761719
126017225216	126015995904	1229312	512	9.661887
108214620160	108212663296	1956864	512	6.158156
40507670016	40506415616	1254400	512	7.369728
4626705920	4624617984	2087936	512	7.451263
25169034240	25167082496	1951744	512	5.167239
146221066240	146219679744	1386496	512	12.899582
36167502848	36166274048	1228800	512	2.491090
96676939776	96674854912	2084864	512	4.399648
43298987008	43297669632	1317376	512	6.920656
90105127424	90103169024	1958400	512	12.199877
114336021504	114334716928	1304576	512	4.029962
52503725568	52501665792	2059776	512	10.971522
34294070784	34292352512	1718272	512	9.337576
46388929024	46387714560	1214464	512	7.560507
48835006464	48833885184	1121280	512	10.097676
154738304512	154736520192	1784320	512	6.704694
99524469760	99523379200	1090560	512	5.866785
58395026432	58393479680	1546752	512	9.660831
59040024576	59038132736	1891840	512	3.068430
36612221952	36610669056	1552896	512	6.865590
93177850880	93176549888	1300992	512	2.250360
60904237568	60902429184	1808384	512	9.050997
125855146496	125853595136	1551360	512	10.840591
116186289152	116185152512	1136640	512	12.206006
159647398400	159646063616	1334784	512	12.582490
148146443264	148144542208	1901056	512	3.460449
48853811712	48852761600	1050112	512	11.302103
105181027840	105179280896	1746944	512	8.520844
54921906688	54920420352	1486336	512	11.556506
101929935360	101928077312	1858048	512	7.619074
157278561280	157277091840	1469440	512	11.541556
141370060288	141368870912	1189376	512	5.137608
62328987136	62327591424	1395712	512	12.528765
120469459456	120467747840	1711616	512	9.747043
18319345664	18317421056	1924608	512	2.419147
146204491776	146203029504	1462272	512	8.576332
147441742848	147440516608	1226240	512	9.007354
152623302144	152621676544	1625600	512	10.687206
138454176256	138452907008	1269248	512	5.516648
94594962944	94593019392	1943552	512	11.269880
125398102016	125396043264	2058752	512	7.311656
57297550848	57296310784	1240064	512	2.739180
94200094208	94198723584	1370624	512	5.051232
44155653632	44153644032	2009600	512	11.708838
61489892864	61488193536	1699328	512	9.360002
143921870848	143919973376	1897472	512	3.550017
27480075776	27478600192	1475584	512	9.983058
41882995712	41881825792	1169920	512	8.902389
85574471680	85573374976	1096704	512	2.021009
127629309952	127627775488	1534464	512	11.268949
51355083264	51353598464	1484800	512	6.778874
103173311488	103171233280	2078208	512	12.098042
60268786688	60267191296	1595392	512	4.444107
110611831296	110609943552	1887744	512	7.153090
22359103488	22357540352	1563136	512	2.584279
69149659136	69147643904	2015232	512	10.061820
27569978880	27567930880	2048000	512	3.489273
133579439616	133578154496	1285120	512	9.278439
112735064576	112733846016	1218560	512	11.307136
76514965504	76513166336	1799168	512	2.042196
50361944576	50360636928	1307648	512	5.870523
44267202560	44265738240	1464320	512	8.131654
127225974784	127223918080	2056704	512	9.138832
81923334656	81921870848	1463808	512	10.072265
116600478208	116598973952	1504256	512	4.778170
12376495104	12374823936	1671168	512	10.156812
59023782400	59022161920	1620480	512	3.798588
98051477504	98050305024	1172480	512	3.987769
147368676352	147367184896	1491456	512	5.803933
146532459520	146530652160	1807360	512	7.904029
136663930880	136662809088	1121792	512	9.516852
121603031552	121601417728	1613824	512	10.011693
36095607808	36094044160	1563648	512	2.705129
72536406016	72534630912	1775104	512	5.295894
117802344448	117800702464	1641984	512	10.932416
69919922176	69917889024	2033152	512	14.692058
139545042432	139543550976	1491456	512	5.851577
159810621440	159809015296	1606144	512	5.849476
154749774848	154747740672	2034176	512	6.028580
48445657088	48444241408	1415680	512	3.069381
26251181056	26249873408	1307648	512	7.761557
111779072512	111777738240	1334272	512	8.650040
152856009728	152854727168	1282560	512	2.028642
122378546176	122376917504	1628672	512	1.870375
14648908800	14646814720	2094080	512	4.965273
122163890176	122161849344	2040832	512	7.776549
1599729152	1598342656	1386496	512	6.191488
125012593664	125010806272	1787392	512	4.652286
4611317760	4609662976	1654784	512	2.781269
141435816448	141434156032	1660416	512	3.521756
146232026112	146230565376	1460736	512	10.423507
118810529792	118808735744	1794048	512	6.024346
41106696704	41105625600	1071104	512	7.531189
17686736384	17685592064	1144320	512	9.959174
85758230016	85756691456	1538560	512	7.743530
59889251840	59887439872	1811968	512	4.581788
158537610240	158536054272	1555968	512	8.692159
115033659392	115032217088	1442304	512	10.655355
105005415424	105004025856	1389568	512	5.586143
76714876928	76713265152	1611776	512	7.487391
90020873216	90018911744	1961472	512	11.499528
139644052480	139642120704	1931776	512	4.547934
113345166848	113343988224	1178624	512	12.195458
98988944896	98987587584	1357312	512	9.283340
14358304256	14357162496	1141760	512	11.767662
149141042176	149139969536	1072640	512	6.366484
97129136640	97127281152	1855488	512	8.695321
84914528256	84912528896	1999360	512	7.649382
60474191360	60472965120	1226240	512	12.382594
105982535168	105981277696	1257472	512	2.217703
30516881920	30515395072	1486848	512	9.816367
67526587904	67524983808	1604096	512	8.556617
5677336064	5676005376	1330688	512	7.039402
52031142912	52029935104	1207808	512	6.765621
70829454336	70827382272	2072064	512	8.966416
149857693184	149856571392	1121792	512	8.879661
130688000	129463296	1224704	512	6.417088
31518586368	31517498880	1087488	512	10.351991
75100726272	75099311104	1415168	512	11.370463
147494652416	147493149696	1502720	512	5.513454
87394640896	87393567744	1073152	512	7.938399
41267696640	41265718272	1978368	512	4.859227
6633780736	6632003584	1777152	512	8.855824
18215864320	18214132736	1731584	512	12.610868
149887002624	149884914176	2088448	512	7.451077
132035917312	132034101760	1815552	512	3.614593
134191115264	134189235200	1880064	512	11.574349
147191540736	147189569024	1971712	512	11.931433
52857876480	52856195584	1680896	512	2.446199
36221254144	36219704832	1549312	512	2.107471
69390312960	69388293632	2019328	512	9.965147
143960175104	143959098880	1076224	512	8.337343
128844127232	128842932224	1195008	512	11.626236
60275745280	60273746432	1998848	512	4.900994
24737718784	24736540672	1178112	512	9.301416
139351424000	139350248960	1175040	512	8.158047
158284499456	158282787840	1711616	512	9.693923
49255820800	49254327808	1492992	512	11.812772
72649450496	72647438848	2011648	512	11.898239
37963671552	37961632256	2039296	512	5.974979
71888460800	71887294464	1166336	512	7.530834
133035088896	133033188864	1900032	512	10.492528
19774425088	19772493824	1931264	512	5.661639
84678826496	84676960256	1866240	512	1.982525
71577481728	71576054784	1426944	512	2.611394
116955353088	116954198016	1155072	512	12.739388
58834308608	58832684544	1624064	512	9.951337
97718160896	97716554752	1606144	512	3.831622
60169866240	60168257024	1609216	512	9.298708
103492281856	103490893824	1388032	512	8.635611
19329276416	19327890432	1385984	512	3.980893
140961195520	140959903744	1291776	512	2.211045
14066378752	14064633344	1745408	512	8.890806
65239842816	65238521344	1321472	512	4.624716
109649561600	109647656960	1904640	512	9.232174
147190596096	147188722176	1873920	512	4.043783
144013551616	144011814400	1737216	512	11.650471
77284662272	77283281920	1380352	512	7.586804
83136363008	83134985216	1377792	512	12.829731
18312265728	18310978048	1287680	512	5.275984
91543825408	91542076928	1748480	512	5.583758
112389037056	112387700736	1336320	512	8.601092
48697643008	48695838208	1804800	512	12.037861
89156346368	89154683392	1662976	512	3.996662
97849488384	97847938048	1550336	512	6.287520
80120823808	80119732736	1091072	512	10.172333
101413439488	101411401216	2038272	512	3.667460
45420939264	45419086336	1852928	512	11.016783
133312323072	133311016960	1306112	512	8.677546
111514249216	111512393216	1856000	512	5.989213
98274370560	98273177088	1193472	512	12.862497
9552122368	9551017984	1104384	512	12.740395
111307402240	111305305088	2097152	512	11.635038
70901486592	70899918848	1567744	512	12.663139
51387859968	51386459648	1400320	512	3.110410
3266436608	3265283072	1153536	512	11.924441
14296120832	14294654464	1466368	512	4.383598
74164806144	74162712576	2093568	512	7.403861
51623274496	51621893120	1381376	512	3.449316
140839251456	140838135808	1115648	512	14.295465
300987392	298920448	2066944	512	5.367144
93276689408	93275189248	1500160	512	11.705038
135737593856	135736294400	1299456	512	10.601825
61005562368	61003490304	2072064	512	10.742777
42502523904	42501212672	1311232	512	11.859756
138808953344	138807035392	1917952	512	5.591372
72666397184	72665339904	1057280	512	9.608629
108170443264	108168484352	1958912	512	3.684594
122714073088	122712482304	1590784	512	3.021635
157936681472	157935531008	1150464	512	2.316007
150136555520	150134688256	1867264	512	4.438062
11833644032	11832180224	1463808	512	11.110341
42413844480	42412085248	1759232	512	8.762871
37054038016	37052840448	1197568	512	4.919826
65962080768	65960547840	1532928	512	4.910522
110610715648	110609571840	1143808	512	3.640222
97657908224	97656059904	1848320	512	9.367402
110986690560	110985384960	1305600	512	10.987734
156261641728	156259587584	2054144	512	2.408427
67271767552	67270080512	1687040	512	6.947737
2040967680	2039075840	1891840	512	3.066927
121007686656	121006442496	1244160	512	9.171356
25649243648	25647746560	1497088	512	1.992941
110516992512	110515831808	1160704	512	7.886007
19002096640	19000305152	1791488	512	4.965840
26900605440	26899427328	1178112	512	10.002772
52583580160	52581719552	1860608	512	4.614006
128775324672	128773892608	1432064	512	5.677652
71694895616	71693316608	1579008	512	10.817397
109967234048	109965307904	1926144	512	7.803471
148858307072	148857226240	1080832	512	6.162039
58290999296	58289382912	1616384	512	10.905198
47049391104	47048102912	1288192	512	6.238854
56159667200	56157981184	1686016	512	9.559006
98238834176	98237547008	1287168	512	10.826362
57834512384	57832765952	1746432	512	6.716850
129565708288	129563839488	1868800	512	2.006370
21920691200	21919413760	1277440	512	7.572287
57460722688	57459389952	1332736	512	3.298246
22691099136	22689243648	1855488	512	7.920939
37197514752	37195996160	1518592	512	3.471396
37859985920	37858205184	1780736	512	7.328529
59018868224	59017617920	1250304	512	2.524976
116460685824	116458972672	1713152	512	9.275607
155869570048	155867726848	1843200	512	6.925137
84100170240	84099037696	1132544	512	7.258234
103794000896	103792927744	1073152	512	10.807123
69177213952	69175598080	1615872	512	8.323056
12282668032	12281364992	1303040	512	8.503297
155189124608	155187662336	1462272	512	7.564681
101508715520	101506702336	2013184	512	5.881458
26588955136	26587491328	1463808	512	4.291608
154099385856	154097882624	1503232	512	11.832949
118645693952	118644070400	1623552	512	10.060349
40304478208	40302865408	1612800	512	10.375618
92132803584	92131643904	1159680	512	10.678056
49986644992	49984954880	1690112	512	11.209728
50958524928	50956745216	1779712	512	5.225858
117826969600	117825754112	1215488	512	1.949293
57423849472	57422065664	1783808	512	6.047441
116382987776	116381353472	1634304	512	3.596836
136729061376	136727097856	1963520	512	4.358780
41187376128	41185604608	1771520	512	7.472079
146557341696	146556199424	1142272	512	5.240904
467943936	466312704	1631232	512	11.361530
