base_offset	offset	absdelta	probe_length	millis
157403623936	157403091456	532480	512	11.544387
75057188864	75056281088	907776	512	12.016372
39867021824	39866488832	532992	512	10.905358
107455855616	107455296000	559616	512	5.900229
1390748672	1389756416	992256	512	3.642728
89600910336	89600090624	819712	512	9.687233
64909313024	64908676608	636416	512	6.249709
139038488064	139037811200	676864	512	2.654483
144866666496	144866115072	551424	512	5.211364
97560798720	97559845376	953344	512	5.581157
135705001472	135704097280	904192	512	5.999084
155597070336	155596039168	1031168	512	5.400696
140303931904	140303117312	814592	512	12.461014
113149941760	113149256704	685056	512	2.994691
59016062976	59015480832	582144	512	7.777050
39334885888	39334016000	869888	512	11.693334
104203401728	104202634752	766976	512	3.566030
149967091712	149966387712	704000	512	5.273276
69000552960	68999932416	620544	512	6.740715
115987636736	115986756096	880640	512	8.881566
30892936192	30892102144	834048	512	6.422023
25254676992	25253896704	780288	512	7.364460
64535063040	64534273024	790016	512	5.360866
21320883200	21319918080	965120	512	4.238412
29994363904	29993708544	655360	512	9.445588
61678610944	61677663744	947200	512	12.305124
138647446016	138646846976	599040	512	2.389376
6582969344	6582074880	894464	512	3.415853
117140773888	117139854336	919552	512	8.760261
57547373056	57546398720	974336	512	11.214326
30351903232	30351298048	605184	512	9.913029
52944878080	52944046592	831488	512	3.214521
23495302144	23494298624	1003520	512	10.003107
15247603712	15246577152	1026560	512	13.777583
137944342528	137943763968	578560	512	11.747010
148697727488	148696786432	941056	512	12.159856
15989582336	15989035520	546816	512	10.907524
83301861376	83301117952	743424	512	3.891622
88192690176	88191745024	945152	512	10.489218
78873368576	78872505856	862720	512	11.135630
45377456128	45376432128	1024000	512	8.112622
73920529920	73919980032	549888	512	9.643843
132729921024	132729100288	820736	512	8.930059
89303547392	89302788096	759296	512	4.943998
87549007360	87547980800	1026560	512	4.663871
140292158464	140291416576	741888	512	5.541664
62526653440	62525629952	1023488	512	10.250250
30623708160	30622912512	795648	512	7.095277
105070113792	105069527040	586752	512	5.768175
124554932224	124554105344	826880	512	9.509134
42541783040	42541113344	669696	512	6.723407
92276217856	92275475968	741888	512	11.616627
157940293632	157939245568	1048064	512	6.446604
65137630720	65136922624	708096	512	6.928057
88547343360	88546765312	578048	512	6.887517
121287855616	121287224832	630784	512	5.529378
54412688384	54411686912	1001472	512	12.475244
74080934400	74080255488	678912	512	7.131812
4619726848	4619076096	650752	512	9.816156
37520716288	37519958528	757760	512	4.717831
20448544768	20447933440	611328	512	6.979421
95658698240	95657662976	1035264	512	7.532226
20283888640	20283099648	788992	512	6.771836
127892358144	127891334144	1024000	512	2.896894
121593152512	121592325120	827392	512	10.056225
124577054720	124576293888	760832	512	11.095966
103691651072	103690887680	763392	512	1.806167
69778475008	69777668096	806912	512	5.092924
98313703424	98312807424	896000	512	7.010172
112835251200	112834576384	674816	512	5.032595
109278022144	109277284352	737792	512	10.322248
49484503552	49483708928	794624	512	5.880527
29805070848	29804220928	849920	512	1.916575
119829440000	119828630016	809984	512	10.260737
54451985408	54451109376	876032	512	4.215602
82605874176	82605247488	626688	512	3.822298
100491088896	100490497536	591360	512	7.508446
137127120896	137126576640	544256	512	6.049708
110214962688	110214275584	687104	512	4.712661
116506873344	116505881600	991744	512	6.315521
39371328512	39370783232	545280	512	10.703469
133492992000	133492426752	565248	512	5.840439
147673780224	147673052672	727552	512	7.616639
28114570752	28113566208	1004544	512	3.571940
49298904576	49298289664	614912	512	9.662525
128459117056	128458342400	774656	512	6.706915
36301991936	36301092864	899072	512	4.887404
23021297664	23020599808	697856	512	6.694614
2954956288	2954124800	831488	512	4.607406
32387910144	32386967040	943104	512	12.940446
120103616512	120103036928	579584	512	6.716798
113181851648	113180829184	1022464	512	6.426044
29668382208	29667678208	704000	512	8.168523
122767643136	122766801408	841728	512	9.833814
22687571968	22686984704	587264	512	10.554249
138337636352	138336674304	962048	512	1.843352
18258947584	18258288640	658944	512	9.696038
42959177728	42958150656	1027072	512	8.450334
136886038016	136885344256	693760	512	10.928782
46460726784	46460046336	680448	512	8.464180
97171977216	97170986496	990720	512	8.593675
54618574848	54617829376	745472	512	6.236915
82840292864	82839361024	931840	512	7.694558
59941649408	59940652544	996864	512	10.782036
113876552192	113875737088	815104	512	11.270677
128870229504	128869675520	553984	512	6.334992
87486225408	87485416448	808960	512	12.697703
122133576192	122132549120	1027072	512	11.131729
32748113920	32747294720	819200	512	6.277381
30103383040	30102766080	616960	512	9.697415
124147210752	124146196480	1014272	512	4.945954
59159906304	59159365632	540672	512	12.218615
98457003520	98455966720	1036800	512	6.998931
60555911168	60555075584	835584	512	2.712842
101402510848	101401848320	662528	512	5.890398
102095070720	102094188544	882176	512	14.170792
45754403328	45753689600	713728	512	7.895044
68516251136	68515532800	718336	512	6.739512
41622881280	41622308352	572928	512	10.230484
84178833920	84178060288	773632	512	2.898845
96211787776	96211118080	669696	512	4.268306
155210758656	155210067456	691200	512	11.446978
152155213824	152154435584	778240	512	5.053458
9277074944	9276172800	902144	512	3.276084
51885949952	51885144576	805376	512	5.502376
89761127936	89760340480	787456	512	3.787279
118945335808	118944548352	787456	512	12.907754
37470165504	37469519360	646144	512	9.233313
104223626752	104222865408	761344	512	3.699995
68586508288	68585731072	777216	512	3.847893
40395331072	40394567168	763904	512	7.203854
114163225600	114162270208	955392	512	4.070121
13637908992	13637339136	569856	512	10.573706
4934677504	4934115328	562176	512	9.742014
80152727552	80151987200	740352	512	4.147030
34398871040	34398319104	551936	512	10.566120
36099705856	36099048960	656896	512	8.617922
117771494912	117770795008	699904	512	12.358910
30944385536	30943373312	1012224	512	9.837216
73911605248	73910694400	910848	512	7.237023
130585423360	130584498688	924672	512	5.769264
22013519872	22012953088	566784	512	10.913057
128805540864	128804847104	693760	512	9.062742
63537734144	63537111552	622592	512	8.568182
26726333952	26725452800	881152	512	3.074869
128293828608	128292845568	983040	512	11.656706
61389905408	61389169152	736256	512	6.433112
92363758592	92362990080	768512	512	4.783269
89326526464	89325574144	952320	512	10.347612
82150316544	82149777408	539136	512	9.423592
63788291584	63787381248	910336	512	3.178147
141028418560	141027561472	857088	512	6.108423
20994961408	20994314752	646656	512	9.152211
12733819392	12732978176	841216	512	4.949623
32452656640	32451933184	723456	512	7.920772
69164096512	69163437568	658944	512	7.865276
70257864704	70256818688	1046016	512	9.804930
116606667264	116605794816	872448	512	9.842673
34563552768	34562950144	602624	512	7.846596
50999657472	50998925824	731648	512	4.742246
47982313472	47981703680	609792	512	9.601131
58095187968	58094390272	797696	512	5.635743
129810521600	129809810432	711168	512	11.278949
28317571584	28316726272	845312	512	4.451514
42822082048	42821400576	681472	512	8.266968
83747813376	83747164160	649216	512	7.165865
113253430272	113252872704	557568	512	7.692189
39350296576	39349526016	770560	512	2.646319
49198648320	49198009856	638464	512	8.790497
17686521344	17685536768	984576	512	12.720965
95373769216	95372808192	961024	512	11.619130
152402761216	152402220544	540672	512	12.594861
79091575296	79090930176	645120	512	7.792580
59289928704	59289403904	524800	512	10.454747
53285662720	53285018624	644096	512	4.614935
54519946240	54519234048	712192	512	4.945190
92856883200	92856149504	733696	512	11.803376
15558979584	15558234112	745472	512	6.512006
73156752384	73156064768	687616	512	6.967777
15670030848	15669106176	924672	512	12.156886
5245268992	5244725248	543744	512	11.150350
5790174720	5789544448	630272	512	10.177980
114451868160	114451137024	731136	512	3.255176
74613896704	74612947968	948736	512	8.112883
69417542144	69416909824	632320	512	8.385568
146740328960	146739723264	605696	512	11.816669
127788813824	127788136960	676864	512	12.596586
142149511680	142148956160	555520	512	11.612282
101371043328	101370272768	770560	512	3.527937
105336247808	105335544320	703488	512	4.362249
157962494464	157961544704	949760	512	8.075328
131976228352	131975403008	825344	512	8.781424
148362995712	148362005504	990208	512	2.869275
19129475072	19128910848	564224	512	10.685879
104670266368	104669469184	797184	512	8.774563
73747619840	73746876416	743424	512	5.837168
851149824	850217984	931840	512	2.650653
97314790400	97314176512	613888	512	6.947686
128031790592	128030883328	907264	512	7.585689
118521684480	118520948736	735744	512	2.721931
68901309952	68900288512	1021440	512	12.071696
17245283840	17244530688	753152	512	8.169745
53589555200	53588636672	918528	512	3.401086
23856313344	23855348224	965120	512	4.195685
22859548672	22858782208	766464	512	7.067624
151146348544	151145332736	1015808	512	8.603936
143817067008	143816202240	864768	512	5.075154
97827673600	97826863616	809984	512	3.299115
3883667968	3882942976	724992	512	8.629365
28529944576	28528904192	1040384	512	3.011297
51134114816	51133205504	909312	512	9.968380
102672295936	102671469056	826880	512	12.640672
1485130240	1484463104	667136	512	9.551223
110320091648	110319492608	599040	512	4.322304
76095781888	76094828032	953856	512	12.862922
21230528512	21229873152	655360	512	9.036663
157325898240	157324878848	1019392	512	9.367513
52142213632	52141310976	902656	512	3.732901
76891339776	76890570752	769024	512	5.358233
96757299200	96756446208	852992	512	11.487735
89032968704	89032072704	896000	512	7.781699
109620986368	109620312064	674304	512	2.665514
25643363328	25642582016	781312	512	6.879061
67726874624	67726077952	796672	512	5.237660
118467432960	118466577920	855040	512	9.542770
113471179264	113470315520	863744	512	4.743372
4999285760	4998393856	891904	512	3.461978
64558278144	64557627904	650240	512	8.074206
74177644544	74177108992	535552	512	9.988434
7434346496	7433760256	586240	512	10.965864
10243602944	10242993664	609280	512	10.112812
67013067776	67012228096	839680	512	2.656571
68892667904	68891649024	1018880	512	10.407218
155702961664	155702038528	923136	512	11.418906
21262792704	21261777408	1015296	512	2.771990
71982797312	71981923840	873472	512	9.891241
64850994176	64849966592	1027584	512	10.216117
29192150016	29191159808	990208	512	3.200284
16989038080	16988469248	568832	512	1.803913
2998702080	2997655040	1047040	512	9.831325
131088189952	131087596032	593920	512	5.025617
36881457664	36880769024	688640	512	8.143642
66961449472	66960572928	876544	512	10.200518
129559232000	129558494720	737280	512	7.760468
22236897280	22236098048	799232	512	7.052994
144347051520	144346082816	968704	512	2.104179
72821518336	72820857856	660480	512	6.038789
132813388288	132812755968	632320	512	12.737018
93553042432	93552152576	889856	512	10.953893
136213346816	136212794368	552448	512	5.865774
19308997632	19308127744	869888	512	5.406296
121872606720	121871841280	765440	512	7.910689
131619829760	131618799616	1030144	512	3.614055
6203813376	6203029504	783872	512	7.092672
114605824000	114604809728	1014272	512	4.036299
350691840	349654016	1037824	512	10.011740
151270816256	151270088192	728064	512	6.682958
12481982976	12480943104	1039872	512	3.463155
68491022848	68490159104	863744	512	3.995884
136077741056	136076914176	826880	512	7.953392
37673659904	37672988160	671744	512	8.810143
85355258880	85354298880	960000	512	10.145965
1977252864	1976408576	844288	512	4.880325
19116689408	19115737600	951808	512	2.149607
49785892864	49784998912	893952	512	4.691158
84600948224	84600371200	577024	512	4.996733
153901864960	153901269504	595456	512	2.523167
148838183424	148837655040	528384	512	4.320745
95476695552	95476054016	641536	512	6.651798
120558819328	120557846528	972800	512	1.942421
20322680832	20321874944	805888	512	6.490698
25549769216	25548739072	1030144	512	12.516297
105399403520	105398408192	995328	512	3.488534
98264783360	98263914496	868864	512	10.694408
148775811584	148774959104	852480	512	11.241205
114806600704	114806075904	524800	512	8.083212
4055536640	4054990336	546304	512	12.929898
1062464000	1061510656	953344	512	2.380261
88398053888	88397023744	1030144	512	7.987270
31559781376	31559032320	749056	512	7.469633
74537128960	74536359936	769024	512	5.360063
101153794560	101153059840	734720	512	4.869144
128970447360	128969599488	847872	512	8.982575
70974673920	70974118912	555008	512	9.893057
37742863360	37742215168	648192	512	6.991925
107517704704	107516934144	770560	512	9.443690
106946888192	106946157056	731136	512	3.713307
151858686976	151858055168	631808	512	10.775118
33242465280	33241725440	739840	512	5.094651
11303696896	11302996992	699904	512	9.009498
16853662208	16852818944	843264	512	4.359230
3394728448	3393978880	749568	512	8.236723
78603637248	78602821120	816128	512	2.192849
14966769664	14965820928	948736	512	11.723139
115100254208	115099691008	563200	512	7.548420
56988133888	56987192832	941056	512	12.331060
72376013312	72375236096	777216	512	2.669357
102735422976	102734528512	894464	512	6.188777
156510787072	156510209536	577536	512	6.591882
132371623936	132370646528	977408	512	9.930026
120225333248	120224676864	656384	512	10.990229
148218450944	148217618432	832512	512	4.361833
91232517120	91231859200	657920	512	7.011122
53059388416	53058759680	628736	512	5.028290
15845596160	15844716032	880128	512	6.042848
44277617152	44277084160	532992	512	9.146657
2010984960	2010148352	836608	512	4.488386
87978347008	87977501696	845312	512	3.172612
144752790016	144752095744	694272	512	10.632477
13314555392	13313609216	946176	512	2.400923
53489145344	53488261120	884224	512	10.488542
37796298240	37795424768	873472	512	4.798784
19916219904	19915563520	656384	512	9.737182
66175564288	66174638592	925696	512	2.832625
28361689600	28360856064	833536	512	6.445360
18622767616	18621759488	1008128	512	12.353582
121043251712	121042453504	798208	512	6.987595
53715756544	53715122176	634368	512	6.615723
35067129344	35066542592	586752	512	8.240632
141699200512	141698573312	627200	512	9.239240
147837980160	147837350912	629248	512	7.873297
18457330176	18456306688	1023488	512	1.940843
26192896000	26191933440	962560	512	2.468244
12071090176	12070540800	549376	512	9.991291
86420830208	86419862016	968192	512	10.031138
102254029824	102253084160	945664	512	9.763636
91631191040	91630245888	945152	512	11.567234
128864087040	128863541760	545280	512	8.692123
47729963520	47729425920	537600	512	1.628714
82548221440	82547656192	565248	512	8.898345
26084414976	26083847168	567808	512	9.198911
80614870528	80613960192	910336	512	11.417573
131911556096	131910745088	811008	512	5.572689
105351925760	105351094272	831488	512	10.760144
71588558336	71587515904	1042432	512	9.918078
18354855424	18354096128	759296	512	7.280330
42855380480	42854475776	904704	512	4.775595
146407893504	146407032832	860672	512	5.155192
103094519808	103093559808	960000	512	4.444962
73676955648	73676175360	780288	512	5.152482
137721536000	137720685056	850944	512	7.292242
77590639104	77589691904	947200	512	12.446408
93371598848	93370983424	615424	512	7.317759
59902906368	59901900288	1006080	512	10.754144
5949257216	5948705792	551424	512	1.743475
109339879936	109339148800	731136	512	4.423237
157529028608	157528200704	827904	512	10.659954
26122653696	26121970176	683520	512	8.553583
133525356032	133524399104	956928	512	2.740952
11411223040	11410585600	637440	512	6.052179
7595694080	7594849792	844288	512	6.105195
117930090496	117929328640	761856	512	8.841004
95415793152	95414873088	920064	512	10.680825
136367114752	136366414848	699904	512	13.074291
101162027008	101161068032	958976	512	9.517203
139926101504	139925219840	881664	512	5.460890
145340775936	145340040192	735744	512	7.992608
27155378176	27154558464	819712	512	6.665605
80218121728	80217441280	680448	512	6.722739
127959518720	127958836224	682496	512	3.072158
52762211328	52761250304	961024	512	2.619543
118168241664	118167342592	899072	512	14.553464
108978910208	108978343936	566272	512	6.204573
79582522368	79581801984	720384	512	5.896877
133615614464	133614640640	973824	512	9.404635
146940333056	146939493888	839168	512	5.779039
35660681728	35659902464	779264	512	6.995254
15499540480	15498642432	898048	512	4.872665
137143774720	137143099392	675328	512	11.385803
76747145728	76746604544	541184	512	11.612184
39159783424	39158823424	960000	512	12.619167
79317480960	79316888576	592384	512	8.823510
150382572544	150381556736	1015808	512	3.756418
146825274880	146824449024	825856	512	6.170921
93398375424	93397496832	878592	512	12.988491
18773737984	18772722176	1015808	512	10.459822
150332639232	150331659776	979456	512	9.233301
77167917568	77167110656	806912	512	2.837111
90363332608	90362502144	830464	512	9.405604
107697331712	107696702976	628736	512	2.056610
22314871808	22314272256	599552	512	8.645518
141741366784	141740717568	649216	512	11.859565
55810384896	55809799168	585728	512	7.752302
133578639872	133577734656	905216	512	2.190636
111034089472	111033263616	825856	512	7.531135
91545276928	91544367616	909312	512	7.501631
40635780608	40634817024	963584	512	1.984280
101270201856	101269503488	698368	512	12.033529
10646471168	10645566464	904704	512	12.490445
96952005632	96951172096	833536	512	2.573744
95712381440	95711433216	948224	512	4.405827
84925157376	84924329984	827392	512	12.881508
157009695744	157008695808	999936	512	6.425499
48079218176	48078239232	978944	512	9.094886
92182205440	92181501952	703488	512	4.322113
13619079680	13618147840	931840	512	4.275922
110865356288	110864604672	751616	512	9.566366
45863561216	45862706688	854528	512	11.739162
141587525120	141586607104	918016	512	10.948380
81881904128	81880990208	913920	512	11.588271
98764957696	98764372992	584704	512	8.085911
154297170432	154296415744	754688	512	7.071171
48973878784	48972910080	968704	512	12.010284
26061220864	26060283904	936960	512	11.302967
127644313600	127643649536	664064	512	12.915495
68331665920	68330822656	843264	512	9.092044
72254909952	72254283776	626176	512	8.511877
24185009152	24184368640	640512	512	7.817841
115642571264	115641679872	891392	512	8.729581
128164841984	128164213248	628736	512	12.772863
18703980544	18703008256	972288	512	2.768912
124092959744	124091984384	975360	512	6.556452
22945577472	22944803328	774144	512	7.424766
44510661120	44510123520	537600	512	9.001911
22555151872	22554292736	859136	512	12.857153
4744827904	4743902720	925184	512	4.679694
83590694912	83589824512	870400	512	11.987062
30689147392	30688545280	602112	512	10.306049
88532432384	88531456512	975872	512	9.864030
18686815232	18686161408	653824	512	9.758230
86439200768	86438250496	950272	512	12.130558
29641775104	29640920064	855040	512	5.529341
140520115200	140519415808	699392	512	9.781445
43248669184	43247819776	849408	512	5.289673
7373370880	7372454912	915968	512	4.823315
145525720576	145525046784	673792	512	7.115614
158414918144	158414199808	718336	512	10.341199
112407332864	112406443008	889856	512	5.862643
66987226112	66986426880	799232	512	11.955404
151772349440	151771602432	747008	512	6.028354
57507768320	57507096576	671744	512	5.826577
121736302080	121735364096	937984	512	2.974986
131543654400	131542627328	1027072	512	12.385498
108928406016	108927430144	975872	512	4.012960
101065215488	101064229888	985600	512	4.761864
71884005888	71883240448	765440	512	5.829826
20944485888	20943640576	845312	512	3.794008
152967089664	152966220800	868864	512	7.667718
81681719808	81680813568	906240	512	11.997265
64867591680	64866924544	667136	512	3.736513
149633894912	149633083392	811520	512	5.026688
147929446912	147928594944	851968	512	1.994060
56578147840	56577157120	990720	512	11.392957
22649068032	22648393216	674816	512	8.718413
139165722112	139164764672	957440	512	9.070966
7649211904	7648253440	958464	512	2.310953
65863227904	65862479872	748032	512	4.382916
115908148736	115907195392	953344	512	7.984801
38935581184	38934919680	661504	512	8.609406
110527504896	110526677504	827392	512	7.526954
33977687552	33976690688	996864	512	2.635041
27372024320	27371013632	1010688	512	3.467197
5959289856	5958678528	611328	512	10.049509
60124544000	60123659264	884736	512	3.597300
40068501504	40067911168	590336	512	9.858744
7044649984	7043639296	1010688	512	12.325281
150862386688	150861678080	708608	512	8.176561
49066108416	49065076224	1032192	512	2.287302
30238085632	30237344256	741376	512	5.859413
36771063296	36770338816	724480	512	7.954618
118399512576	118398525952	986624	512	12.697410
21583134720	21582355968	778752	512	7.371395
126442488832	126441924608	564224	512	6.610781
83794208768	83793631232	577536	512	4.995012
45328153088	45327330816	822272	512	5.967140
151313730048	151313049088	680960	512	5.171816
48607740928	48607123968	616960	512	9.602379
51275511808	51274909184	602624	512	9.282382
47370965504	47369930752	1034752	512	7.890509
4814578176	4813675520	902656	512	3.957339
36979758592	36979088896	669696	512	8.841649
94303008768	94302307328	701440	512	5.371123
36111113216	36110373888	739328	512	7.613745
87297763840	87297204224	559616	512	8.615727
108796360192	108795342336	1017856	512	7.421972
153503344640	153502700032	644608	512	6.487622
26814927872	26814303232	624640	512	9.562580
134765789696	134764795392	994304	512	12.869939
52099949568	52098911232	1038336	512	10.518235
151983015936	151982419456	596480	512	2.483564
148803639808	148803047936	591872	512	12.846776
8359356928	8358820352	536576	512	11.299249
34285741056	34285108224	632832	512	9.564681
1804998656	1804278272	720384	512	6.741803
40999588352	40998783488	804864	512	6.069325
153383739392	153383078912	660480	512	9.908222
46100353536	46099470848	882688	512	4.276864
22058825216	22058300416	524800	512	10.109665
123286575104	123285934080	641024	512	2.958921
81952990720	81952377856	612864	512	7.945701
62044672000	62043899904	772096	512	4.005987
106427253760	106426686464	567296	512	5.490880
88689298944	88688772096	526848	512	7.527795
117098339328	117097651712	687616	512	2.936646
146681970176	146681111552	858624	512	5.214713
88234410496	88233792512	617984	512	7.355829
128226366464	128225479168	887296	512	7.985647
100127613440	100126825984	787456	512	12.462810
112511966208	112511315968	650240	512	5.549115
156919909888	156918938112	971776	512	7.380247
78722705408	78722128384	577024	512	9.132758
157612054016	157611371520	682496	512	7.506045
109657573376	109656607232	966144	512	4.303368
122596084224	122595209216	875008	512	10.731849
125088926720	125088381952	544768	512	6.568773
75675941376	75675273216	668160	512	7.244272
67419685888	67418763776	922112	512	10.986913
61426062848	61425046528	1016320	512	10.402400
110638555136	110637862400	692736	512	4.606788
11363413504	11362375168	1038336	512	10.024465
16224292864	16223611904	680960	512	8.655992
14157664768	14156892672	772096	512	7.862977
94965924864	94965001728	923136	512	6.826203
22566711808	22565933568	778240	512	5.076035
80895241216	80894702592	538624	512	9.907106
99655343616	99654774272	569344	512	8.382905
123847013888	123846007808	1006080	512	10.494430
154787488768	154786782208	706560	512	6.722466
104854509056	104853981184	527872	512	4.749653
10160592896	10159889920	702976	512	7.046933
136826632704	136826051072	581632	512	5.076503
124811110400	124810253824	856576	512	4.248050
29037293568	29036613120	680448	512	9.029213
153162998272	153162186752	811520	512	5.491256
104968899072	104968037888	861184	512	10.037802
13254875136	13254138880	736256	512	6.405674
20161526272	20160889344	636928	512	9.980248
106727652352	106726985728	666624	512	5.194221
92925938688	92925239808	698880	512	6.116250
78167849472	78167209472	640000	512	5.842744
115074667008	115074106368	560640	512	7.631794
110197031936	110196338176	693760	512	4.593912
27370470912	27369688576	782336	512	7.288300
34312669696	34311936512	733184	512	7.780457
130595331072	130594584576	746496	512	10.358562
16014941696	16014016000	925696	512	4.471531
127602720256	127601706496	1013760	512	2.240996
72937786368	72936739328	1047040	512	9.815062
117364519936	117363948032	571904	512	6.808110
86138701312	86137829888	871424	512	12.023184
64142011904	64141111296	900608	512	3.289543
61550623232	61549794304	828928	512	11.737794
18143443968	18142456320	987648	512	3.312707
82846743552	82845918208	825344	512	10.365613
40792976384	40792106496	869888	512	4.914273
24684247552	24683218944	1028608	512	9.515696
46451749376	46451165184	584192	512	10.073063
105450169344	105449218048	951296	512	8.896654
10568244224	10567683584	560640	512	11.263484
67530827776	67530066432	761344	512	5.912295
32430946304	32430110208	836096	512	5.622166
70271736320	70270978560	757760	512	12.456758
85187770880	85186847744	923136	512	7.967149
53554513920	53553929728	584192	512	9.303526
84834471936	84833612800	859136	512	3.501287
12362612736	12361942016	670720	512	7.652858
90692896768	90691954688	942080	512	9.876323
598963200	598432768	530432	512	10.234144
72903209984	72902393856	816128	512	3.074469
145598985728	145598131200	854528	512	2.681455
22335579648	22334929920	649728	512	7.652950
75360539136	75359644672	894464	512	2.915383
149913938432	149913328640	609792	512	11.136707
79124992	78569984	555008	512	11.364430
68088558080	68087561728	996352	512	12.466779
9074122240	9073461760	660480	512	9.158856
34829192704	34828264448	928256	512	10.543973
29867044864	29866453504	591360	512	10.164040
123123838464	123123003392	835072	512	9.323527
80015940608	80015161856	778752	512	2.977612
61254992384	61254368768	623616	512	8.864116
28492682240	28492078592	603648	512	9.947696
3281533440	3280547840	985600	512	3.656090
51273623040	51272733696	889344	512	2.076130
106300892672	106300114432	778240	512	12.678972
157794354688	157793468416	886272	512	8.672364
82651141632	82650316800	824832	512	10.260046
64484975104	64484212736	762368	512	3.458523
136096381440	136095743488	637952	512	12.915659
45998705152	45997888512	816640	512	6.068939
66249523200	66248744448	778752	512	5.625752
3089173504	3088480768	692736	512	8.664537
58822138880	58821510144	628736	512	6.660939
91021138944	91020318208	820736	512	13.008430
17266531328	17265651200	880128	512	4.332410
122758383616	122757539328	844288	512	11.443286
44066876928	44065962496	914432	512	10.456127
114814737920	114814199296	538624	512	7.681154
106157180416	106156542464	637952	512	6.427266
154309267968	154308673024	594944	512	11.847469
136763568128	136762826240	741888	512	4.820216
141081071616	141080152064	919552	512	3.469607
140284354048	140283352064	1001984	512	6.401123
86082095616	86081463296	632320	512	7.870981
26027729408	26027192832	536576	512	9.872839
119564775424	119563826688	948736	512	11.992587
127401371648	127400808448	563200	512	4.909974
55182054400	55181458432	595968	512	5.686962
77503177216	77502321664	855552	512	1.915616
82837119488	82836591616	527872	512	7.978848
2282553344	2281757184	796160	512	3.499875
113320528896	113319485952	1042944	512	5.958059
75751944704	75751392256	552448	512	9.627003
95563883008	95562883584	999424	512	9.017420
116087990272	116087304704	685568	512	4.772457
19610309632	19609482752	826880	512	10.202001
84190679552	84190103040	576512	512	5.037848
153333747712	153332792320	955392	512	8.770419
130519752704	130519096320	656384	512	10.192356
37537556992	37536659456	897536	512	11.121845
53816205312	53815505920	699392	512	7.480582
60655587328	60655028224	559104	512	10.057994
136497759744	136496886272	873472	512	6.740782
108487430656	108486798336	632320	512	6.092128
3069206528	3068252672	953856	512	2.437110
76199099904	76198076928	1022976	512	11.517473
4557569024	4556854784	714240	512	7.018405
7205513216	7204531712	981504	512	2.636219
134543404544	134542557184	847360	512	7.903523
122683890688	122683083264	807424	512	21.139142
110384931328	110384196608	734720	512	3.663156
68537355776	68536819200	536576	512	10.249507
76736293376	76735355392	937984	512	2.055660
124264491520	124263498240	993280	512	6.163963
45597521920	45596553216	968704	512	9.307829
17677206016	17676434432	771584	512	7.097794
113351038976	113350305280	733696	512	1.870308
66429543936	66428717056	826880	512	4.705019
1790532608	1789870592	662016	512	7.825243
53967652864	53967113216	539648	512	10.203440
99093083136	99092553728	529408	512	9.228959
40719537152	40718802944	734208	512	7.336642
120142131200	120141365760	765440	512	11.712835
101459205120	101458675712	529408	512	6.959893
148052156416	148051536384	620032	512	2.739186
159115710464	159114831360	879104	512	8.178126
60109419520	60108502016	917504	512	12.326921
41981075456	41980171776	903680	512	2.986320
26723425280	26722517504	907776	512	5.188068
138795678208	138795038720	639488	512	12.336449
104867596288	104866968576	627712	512	2.116477
48259396096	48258748416	647680	512	6.774522
43621214208	43620444672	769536	512	4.476476
43562817024	43561851904	965120	512	3.748053
63875230720	63874647040	583680	512	7.433174
47925417472	47924837376	580096	512	9.824586
62903460352	62902697984	762368	512	4.151661
21802762240	21801790976	971264	512	2.367374
118694903296	118694346752	556544	512	7.016802
10798131200	10797396992	734208	512	8.451551
151713131520	151712343040	788480	512	6.081760
97957345792	97956654592	691200	512	12.075974
89148973056	89148001792	971264	512	15.019902
53272439296	53271428608	1010688	512	7.718501
22900442624	22899694080	748544	512	7.432593
63252849664	63252299264	550400	512	11.751150
134155776000	134154962944	813056	512	8.313039
48138803712	48137884672	919040	512	3.643903
143654891520	143654215168	676352	512	10.454950
143013567488	143012985856	581632	512	4.367974
87449096704	87448196096	900608	512	10.702915
51409918976	51409296384	622592	512	8.542409
10036586496	10035719680	866816	512	5.699819
123319436800	123318619136	817664	512	9.728411
51227189760	51226578432	611328	512	8.799757
117487692800	117486882816	809984	512	11.297842
139226320896	139225755648	565248	512	5.095991
3618430464	3617662976	767488	512	7.893706
4769636864	4768609792	1027072	512	2.996034
10879642624	10878916096	726528	512	6.585275
7463274496	7462682624	591872	512	10.766687
48738419712	48737825792	593920	512	6.095960
74195489280	74194488832	1000448	512	5.174056
77028358656	77027559424	799232	512	4.945496
14543900160	14543183360	716800	512	8.044489
82277268480	82276413440	855040	512	3.437505
93059534848	93058839552	695296	512	3.453067
150200687104	150200151040	536064	512	2.343452
66440873472	66439900672	972800	512	11.253084
104426545664	104426010624	535040	512	8.226413
22002441728	22001904128	537600	512	11.422013
20111042560	20110023680	1018880	512	2.043191
93578464256	93577464832	999424	512	8.640649
7817861120	7817277952	583168	512	10.542774
13086063616	13085502976	560640	512	10.770977
3231639040	3230670336	968704	512	2.012988
142667981312	142667020288	961024	512	11.643188
87965851136	87965080064	771072	512	4.723078
50908940800	50908275200	665600	512	5.979777
119018222080	119017540608	681472	512	4.027821
106817209856	106816451072	758784	512	9.746043
90654880768	90653880832	999936	512	9.373847
104321091072	104320467968	623104	512	2.204837
14781190144	14780606976	583168	512	10.359630
132157233664	132156677120	556544	512	5.997365
56904783872	56903743488	1040384	512	9.976691
125477434368	125476444160	990208	512	9.580643
19781630976	19781056512	574464	512	10.497852
77087768576	77086987776	780800	512	11.922539
35569036288	35568110592	925696	512	3.909722
68045917696	68045297152	620544	512	6.263291
84198905856	84198216704	689152	512	4.120976
137164100096	137163291648	808448	512	7.758787
99044642816	99043954688	688128	512	2.982675
5878290944	5877303296	987648	512	11.002448
93721436672	93720870912	565760	512	8.912488
6942635520	6941963264	672256	512	9.461945
14230782464	14230159872	622592	512	8.578969
145503385088	145502569984	815104	512	3.834895
2474597888	2473572864	1025024	512	1.959929
125751822336	125751155200	667136	512	9.892741
23590519808	23589757952	761856	512	7.192764
130255183872	130254263296	920576	512	6.420513
83208407040	83207750656	656384	512	4.933733
29189794304	29188837376	956928	512	1.980173
106956084736	106955077120	1007616	512	3.139717
46578285056	46577602560	682496	512	7.993927
2896642560	2895707136	935424	512	5.180447
31610084352	31609426944	657408	512	9.047966
11247073280	11246204416	868864	512	3.882412
72619524608	72618998784	525824	512	10.426178
76363819520	76362842624	976896	512	12.425718
75922996736	75922278400	718336	512	6.348307
1885006336	1884104192	902144	512	3.272474
53492096000	53491349504	746496	512	2.360624
117090034688	117089090048	944640	512	2.048051
93801147904	93800106496	1041408	512	2.134528
5338728960	5337719808	1009152	512	2.173134
9230361600	9229377536	984064	512	11.022510
53061381120	53060640768	740352	512	4.318847
154135137792	154134395392	742400	512	12.100809
69676620288	69675790336	829952	512	10.751841
48370269184	48369392128	877056	512	2.652653
80175219712	80174560256	659456	512	7.133350
109731438080	109730667520	770560	512	12.156332
99916790272	99916000256	790016	512	12.385902
105180062720	105179210240	852480	512	10.305868
116673047040	116672312832	734208	512	12.403312
88252423168	88251656704	766464	512	2.372253
103860307968	103859385856	922112	512	9.549435
44387711488	44386768896	942592	512	12.546673
27854184960	27853187584	997376	512	3.674263
128487853056	128487221760	631296	512	12.251838
50311857664	50310991872	865792	512	4.614005
111024717824	111023930368	787456	512	8.616174
118867331072	118866504704	826368	512	11.656924
127340317184	127339394560	922624	512	11.569355
72465871872	72465086464	785408	512	5.496189
67994752512	67993940480	812032	512	1.885661
129586667008	129585626112	1040896	512	9.861650
48305526784	48304902656	624128	512	9.008726
54430405120	54429561344	843776	512	4.797234
78262262784	78261343744	919040	512	8.147765
116552868352	116552243712	624640	512	3.405727
20360500224	20359683072	817152	512	7.068923
102483509248	102482958848	550400	512	6.075098
123600769024	123599890432	878592	512	8.864579
56197920768	56196999680	921088	512	3.358383
33050780160	33050032128	748032	512	7.078437
86754278400	86753684992	593408	512	4.112620
90592589312	90591734784	854528	512	8.821428
898866176	897820672	1045504	512	11.984230
28875406848	28874695168	711680	512	4.622474
112811018240	112810275840	742400	512	3.492097
66097916416	66096905216	1011200	512	10.506640
59059810304	59059041280	769024	512	5.767578
54547146752	54546143232	1003520	512	7.942951
110266139648	110265108480	1031168	512	6.213703
8819665920	8818940416	725504	512	8.050393
55899042304	55898000896	1041408	512	11.694994
26935968768	26935099392	869376	512	5.814891
95118102016	95117265408	836608	512	8.931037
138049511424	138048825856	685568	512	12.900445
58158769664	58157791744	977920	512	8.448351
103254044160	103253177856	866304	512	6.930793
81938442240	81937595392	846848	512	12.925152
140060303872	140059641856	662016	512	11.483740
129044932608	129044321280	611328	512	4.952983
139737073664	139736046080	1027584	512	5.544627
77964849664	77964278784	570880	512	8.904926
6223320064	6222369792	950272	512	4.947917
43732498944	43731606528	892416	512	5.036677
2820239872	2819379200	860672	512	5.768176
45839993856	45839035904	957952	512	9.492108
86520206848	86519279616	927232	512	10.163073
47750658560	47749853696	804864	512	6.289031
148739427328	148738634752	792576	512	5.533869
87731009024	87730015232	993792	512	5.403930
50963351040	50962332160	1018880	512	12.114269
105039662080	105038625280	1036800	512	2.414636
112419238912	112418252288	986624	512	12.576819
34631495168	34630785536	709632	512	7.728160
106990298624	106989564928	733696	512	12.205620
18438056960	18437352960	704000	512	7.187244
28993539072	28992849408	689664	512	8.844150
13985388032	13984462848	925184	512	2.796707
61328758272	61328129024	629248	512	6.739052
110201486336	110200861696	624640	512	4.382945
86148494336	86147773952	720384	512	3.936513
80773615104	80772596736	1018368	512	9.238671
50832152064	50831545344	606720	512	9.196924
151050844672	151050143232	701440	512	4.407073
30990953472	30990104064	849408	512	3.712541
97569485824	97568726528	759296	512	10.510945
105267921920	105267091968	829952	512	2.211226
92152326656	92151360000	966656	512	10.074318
26705678848	26705093632	585216	512	10.614419
137003559424	137002592256	967168	512	12.798751
70253421056	70252744704	676352	512	7.582089
102632753152	102631954944	798208	512	12.094460
147875620864	147874611712	1009152	512	10.236966
61498159104	61497139200	1019904	512	12.615036
123121004544	123120301056	703488	512	12.538163
4497356288	4496473088	883200	512	3.624228
67428322816	67427741184	581632	512	9.364197
111828534784	111827978240	556544	512	5.916708
51132435968	51131623936	812032	512	12.074690
138854650880	138854050816	600064	512	12.838937
77960282624	77959374848	907776	512	2.613035
50024770560	50023981056	789504	512	3.751722
95806503936	95805860864	643072	512	6.657680
156284461056	156283431424	1029632	512	7.180299
39535831040	39535121408	709632	512	3.945869
51779420160	51778717184	702976	512	3.342519
75898632192	75898011136	621056	512	8.260207
75684535296	75683509760	1025536	512	9.642436
31626214400	31625407488	806912	512	1.889565
145247355904	145246501376	854528	512	10.353919
41354159104	41353379840	779264	512	4.272650
54111619072	54110999552	619520	512	6.949948
159370264576	159369295360	969216	512	2.144164
85272057856	85271437312	620544	512	8.111971
99103301120	99102674432	626688	512	7.172966
155883004928	155881979904	1025024	512	3.947160
23350915584	23350078464	837120	512	5.884252
26265819648	26264867328	952320	512	11.026348
89589295616	89588313600	982016	512	9.018957
42646613504	42645780992	832512	512	4.296001
106040734720	106039898624	836096	512	12.454252
33966476800	33965904896	571904	512	10.222073
127802958848	127802391040	567808	512	6.036847
76873426944	76872434176	992768	512	7.113524
132195624960	132195018752	606208	512	11.651897
9707982848	9707292160	690688	512	7.275141
151558614528	151557756928	857600	512	8.055962
79168557568	79167675392	882176	512	11.983322
128012347392	128011512320	835072	512	3.098253
95132721152	95132165120	556032	512	6.555934
108017403904	108016698368	705536	512	1.817243
104765475840	104764810240	665600	512	5.822381
23468063232	23467163136	900096	512	12.030937
109434946048	109434221568	724480	512	10.987631
38603296768	38602497536	799232	512	4.826142
12937065472	12936165376	900096	512	5.738817
33304074752	33303109632	965120	512	3.216890
134590927360	134590091776	835584	512	7.654482
11578738688	11577697792	1040896	512	6.402123
102657313792	102656744960	568832	512	5.672817
63820450304	63819649536	800768	512	11.904613
23377015296	23376354816	660480	512	9.341085
30310584320	30309777408	806912	512	6.422583
29815804928	29815181824	623104	512	8.219469
157716122112	157715419648	702464	512	6.785262
59429167616	59428412416	755200	512	4.010675
47635761152	47634712576	1048576	512	7.584023
134015036416	134014466048	570368	512	3.591108
124962757120	124961923584	833536	512	4.895407
110840602624	110839710720	891904	512	5.776072
154757950976	154757332480	618496	512	4.971823
92355891712	92355053568	838144	512	12.694511
103722022912	103721320448	702464	512	4.377799
33028485120	33027776512	708608	512	5.707965
99492103680	99491112448	991232	512	8.783944
82618525696	82617854464	671232	512	2.796913
61116884480	61116279808	604672	512	7.287752
41901739520	41901107712	631808	512	9.180044
136511155200	136510134784	1020416	512	2.823804
40777068032	40776178176	889856	512	2.670691
18091131904	18090428928	702976	512	5.245724
96528218624	96527523840	694784	512	5.987984
157962174464	157961567232	607232	512	9.944219
107814159360	107813157376	1001984	512	6.855249
96067973120	96067073024	900096	512	7.404368
91502303232	91501373440	929792	512	10.155921
60530836992	60529872896	964096	512	11.418252
90513680384	90512771072	909312	512	10.518250
48270159360	48269323776	835584	512	2.754438
32756859904	32755883520	976384	512	11.289088
94202042880	94201098752	944128	512	6.228698
70485220352	70484313600	906752	512	9.027056
5998737920	5997934592	803328	512	7.336827
24957730816	24957125120	605696	512	11.663534
78892850688	78892270080	580608	512	9.068869
38550609920	38549582336	1027584	512	2.636503
98024429056	98023854080	574976	512	8.283206
111054056448	111053157888	898560	512	5.612558
420475392	419652096	823296	512	6.421404
120070517760	120069606912	910848	512	3.736322
126129479680	126128510464	969216	512	6.033480
142322173440	142321465344	708096	512	12.007195
64911692800	64910905344	787456	512	2.868829
102388610560	102387759104	851456	512	8.156473
103806237696	103805267456	970240	512	2.383072
11279241728	11278519296	722432	512	8.676548
9503933952	9503034880	899072	512	3.355235
4187392000	4186378752	1013248	512	10.466000
34976327168	34975716352	610816	512	9.892514
134445263872	134444289024	974848	512	4.042389
107941251072	107940715008	536064	512	8.683225
61228657152	61227883008	774144	512	6.084597
102766542336	102765569536	972800	512	8.427567
153020666880	153019825152	841728	512	4.466544
78897560064	78896911872	648192	512	7.739668
139297594368	139296903680	690688	512	8.227834
84674562048	84673522176	1039872	512	9.089581
70623809024	70622927872	881152	512	1.876474
7240956416	7240343552	612864	512	10.429613
77356104704	77355309056	795648	512	4.820209
52233863168	52233280512	582656	512	9.340179
38134707712	38134106112	601600	512	9.986549
118984002048	118983145984	856064	512	9.488575
41454758912	41454161408	597504	512	9.795647
15900772352	15899958272	814080	512	4.872059
121380875776	121380054528	821248	512	6.322157
70395644416	70394888704	755712	512	6.042132
53529881600	53528834560	1047040	512	9.825550
84058259456	84057411072	848384	512	12.896616
159056377344	159055589888	787456	512	10.879146
77640768000	77640031232	736768	512	2.958108
33891146752	33890543104	603648	512	7.906316
100629760000	100628778496	981504	512	8.177808
139799989248	139799063552	925696	512	3.351704
134388603392	134387639296	964096	512	4.889927
8479595008	8478722048	872960	512	3.793086
3478887936	3478166016	721920	512	6.729854
61256061952	61255186432	875520	512	2.425582
34814199808	34813384704	815104	512	12.838066
12983150592	12982442496	708096	512	8.835240
110553023488	110552397824	625664	512	4.343940
127829715456	127828914176	801280	512	5.888912
4761134592	4760288768	845824	512	6.031661
4808427008	4807760384	666624	512	9.534048
4028987904	4028261376	726528	512	8.057442
133470277120	133469280256	996864	512	4.045996
33903235584	33902276608	958976	512	9.863000
150101275648	150100232704	1042944	512	2.820803
94645903360	94644977664	925696	512	10.542302
30150747136	30150037504	709632	512	8.490693
147933122560	147932460032	662528	512	9.511244
10574311424	10573621248	690176	512	9.170908
34265453568	34264590848	862720	512	5.489146
46687610880	46686983168	627712	512	9.409041
13489847296	13489071104	776192	512	5.652887
18682698752	18681877504	821248	512	5.249786
107693021184	107692188672	832512	512	7.734377
117110553600	117109770752	782848	512	11.902382
130665994240	130665186816	807424	512	5.702749
138210990080	138210046464	943616	512	2.323669
69923916800	69923310592	606208	512	8.903404
44823076864	44822130176	946688	512	12.477563
39510320128	39509792256	527872	512	11.306135
136764695552	136763997696	697856	512	7.995156
96257338880	96256336384	1002496	512	3.110882
107974300160	107973410816	889344	512	11.204685
95423602176	95422977024	625152	512	5.651709
97014128128	97013356544	771584	512	12.399149
151685300736	151684295168	1005568	512	12.087381
7032821248	7031784448	1036800	512	9.991116
106631612416	106630873600	738816	512	11.980663
78885849088	78885044224	804864	512	10.755645
7483229184	7482449408	779776	512	7.733195
152795940864	152795304960	635904	512	9.567533
37736071680	37735038464	1033216	512	8.334545
81729036800	81728338432	698368	512	6.776845
138118895104	138117882880	1012224	512	9.303773
63802264064	63801234432	1029632	512	10.135051
93071035392	93070150144	885248	512	8.103682
143120460800	143119843840	616960	512	9.575486
57127736832	57126786560	950272	512	11.649563
72375835136	72375288320	546816	512	7.942953
28976432128	28975449088	983040	512	12.729691
68005184512	68004460544	723968	512	2.150652
20704839168	20704212480	626688	512	8.191451
34541140480	34540478464	662016	512	9.010662
15260651008	15260078080	572928	512	10.523623
128713501696	128712580096	921600	512	6.351491
135868205056	135867214336	990720	512	9.916161
62644808192	62644186624	621568	512	8.568252
33220953088	33219954176	998912	512	9.034630
90380715008	90379735552	979456	512	5.797942
71066392064	71065495552	896512	512	12.688309
89487878656	89487288832	589824	512	8.407978
29600091136	29599501824	589312	512	10.169923
89267137536	89266206208	931328	512	6.976784
159432529408	159431497728	1031680	512	2.825196
89711294976	89710564864	730112	512	5.545245
59074069504	59073381888	687616	512	7.363002
127473164800	127472486400	678400	512	12.564932
60509897728	60509124096	773632	512	12.909741
87168628736	87167684096	944640	512	6.654724
22345116160	22344576000	540160	512	9.948895
64670451712	64669804544	647168	512	5.991234
116669899264	116669219840	679424	512	4.362466
35553789440	35552786432	1003008	512	11.861171
100389306368	100388732928	573440	512	8.279868
93203021312	93202414080	607232	512	7.575571
108186423296	108185640960	782336	512	11.898592
150577521664	150576975872	545792	512	3.772954
116915348480	116914659840	688640	512	10.861636
76470862848	76470008320	854528	512	12.024581
99857878528	99856894976	983552	512	9.000499
17979396096	17978480128	915968	512	5.483100
37047015936	37046490624	525312	512	9.530301
90670430208	90669664256	765952	512	4.812338
55939422720	55938500096	922624	512	3.335640
37243137024	37242301440	835584	512	4.192349
146731220480	146730579968	640512	512	12.566729
81577393152	81576625152	768000	512	4.967498
44027565568	44026539520	1026048	512	2.387869
69558278144	69557415936	862208	512	4.017162
158874685952	158874011648	674304	512	10.205008
135642796032	135641903104	892928	512	6.750448
37445231104	37444560896	670208	512	8.835893
144662025216	144661390848	634368	512	11.641822
87198946816	87198026240	920576	512	10.999198
1913902080	1913122304	779776	512	7.694432
84121123840	84120579584	544256	512	9.322048
157686718464	157686139392	579072	512	6.563363
14043629568	14042740224	889344	512	3.184556
74220520960	74219795968	724992	512	2.095653
102608226304	102607676416	549888	512	8.329534
83860462080	83859864064	598016	512	8.557845
115898624512	115897619456	1005056	512	6.802448
3146393600	3145502720	890880	512	4.112008
86262202880	86261484032	718848	512	6.137151
2262279168	2261425152	854016	512	2.383579
28085140480	28084363776	776704	512	7.394889
107347638784	107347113984	524800	512	6.595958
109543582720	109543022080	560640	512	8.100397
88552889856	88552164352	725504	512	3.925623
146736553472	146735791616	761856	512	7.203986
109234994176	109234417664	576512	512	5.473585
66185798656	66185166848	631808	512	8.400081
21395047936	21394278912	769024	512	5.185081
42426945024	42426214400	730624	512	7.710116
127378328576	127377643008	685568	512	11.113460
148267142656	148266439680	702976	512	5.301296
157842374144	157841356800	1017344	512	5.887667
109984600064	109983621632	978432	512	3.479725
80484273152	80483257344	1015808	512	9.840586
105612256768	105611318784	937984	512	9.177509
38612256256	38611538944	717312	512	6.234490
112096501760	112095620096	881664	512	6.089371
5146950656	5146136576	814080	512	3.136025
96163785728	96162808832	976896	512	9.494074
98091073024	98090385408	687616	512	3.577629
9496624640	9495757312	867328	512	5.652283
80100285440	80099255296	1030144	512	9.577881
51999106048	51998516224	589824	512	7.593898
27976214016	27975384064	829952	512	5.990124
27309190656	27308616192	574464	512	10.442737
54992136704	54991488512	648192	512	8.110903
79003593216	79002735104	858112	512	12.487960
36424080384	36423296512	783872	512	4.148924
57991564288	57990741504	822784	512	4.788030
11669227520	11668609024	618496	512	9.738147
11615518720	11614752256	766464	512	4.071077
54461129216	54460416000	713216	512	5.432690
22399072768	22398215168	857600	512	3.741498
7407547904	7406966784	581120	512	10.487109
63971083776	63970212352	871424	512	3.824892
90427701248	90426787840	913408	512	12.918342
155141437440	155140855808	581632	512	10.773849
90483971072	90483271680	699392	512	4.413186
131576691712	131576141824	549888	512	2.232412
21179448320	21178818048	630272	512	8.037072
26412868608	26412055040	813568	512	4.988458
104427831296	104427218432	612864	512	4.656913
133847859200	133846843392	1015808	512	2.942705
9621794816	9620849152	945664	512	4.990920
147020627968	147019828224	799744	512	12.185789
76402916352	76402299904	616448	512	8.333506
98700399616	98699409920	989696	512	4.619596
2678166528	2677585920	580608	512	1.608672
28976622592	28975655936	966656	512	3.621686
131371304960	131370430464	874496	512	7.096815
85502629888	85501862400	767488	512	3.090291
131490088960	131489209344	879616	512	7.447085
51388475392	51387784192	691200	512	7.287939
124419138560	124418505728	632832	512	4.944336
50738498560	50737854976	643584	512	6.821178
4749306880	4748611584	695296	512	8.592112
6551114240	6550452736	661504	512	7.857592
120039828992	120039249408	579584	512	6.467457
112996650496	112995999744	650752	512	3.777847
141225188864	141224342016	846848	512	3.796495
145694297088	145693386752	910336	512	3.765830
127671683072	127670935552	747520	512	7.468365
150110715904	150109893632	822272	512	12.324548
20334682112	20333707776	974336	512	2.739514
22971667968	22971114496	553472	512	11.115960
39508709888	39508064256	645632	512	9.237520
119227572736	119227038208	534528	512	3.398618
79103349248	79102501888	847360	512	3.922271
63885389824	63884455936	933888	512	11.993117
142753991680	142753030144	961536	512	3.244815
53104923136	53104315392	607744	512	8.826231
146967114240	146966221312	892928	512	4.265156
159470803456	159469767680	1035776	512	10.735667
159125697536	159125149184	548352	512	10.460933
115730347008	115729666048	680960	512	4.867712
68197548544	68196929024	619520	512	8.652983
142417351168	142416590336	760832	512	4.882381
98047897088	98047016448	880640	512	10.424956
142760772608	142760247296	525312	512	4.162550
38541042176	38540065792	976384	512	12.878210
60489415168	60488879616	535552	512	8.785464
36951757824	36951076864	680960	512	8.277636
113856250880	113855291392	959488	512	7.860683
143685571072	143684622336	948736	512	8.114785
74398003200	74397217792	785408	512	11.833239
4369697792	4368798720	899072	512	4.014373
130753524224	130752949760	574464	512	5.550742
141472395776	141471826944	568832	512	2.935868
118381238272	118380350464	887808	512	8.361994
79003021824	79002371584	650240	512	5.438280
42337832960	42336988160	844800	512	3.572482
141308772352	141307985408	786944	512	8.098939
128778841600	128778097152	744448	512	7.573456
106160982528	106159966208	1016320	512	7.461646
124158164992	124157279232	885760	512	8.078546
98374991360	98374141440	849920	512	2.423621
122118624256	122117842432	781824	512	11.110311
92492254720	92491274240	980480	512	5.742951
6044089344	6043227648	861696	512	6.364273
135964781568	135963860480	921088	512	2.943489
158170155520	158169254912	900608	512	12.343619
85193532416	85192824832	707584	512	1.900733
48449358336	48448815616	542720	512	10.863325
52283287552	52282516480	771072	512	5.781535
88248913408	88248172032	741376	512	2.979648
63025645568	63025022464	623104	512	6.528713
149971510784	149970500608	1010176	512	3.987491
149387712000	149387017216	694784	512	8.578325
111080522240	111079923200	599040	512	6.767222
69419843072	69419213824	629248	512	8.465385
62699491840	62698898432	593408	512	9.113719
156369940992	156369216000	724992	512	3.102577
13378856448	13377957888	898560	512	3.066405
83958824960	83958067200	757760	512	4.989978
33072295424	33071398400	897024	512	4.428362
2588974080	2587948032	1026048	512	12.340709
145705015808	145704390656	625152	512	11.881082
123099313152	123098663936	649216	512	5.001276
25887414784	25886770688	644096	512	9.208116
40811960320	40810985472	974848	512	12.899168
79661530112	79660539392	990720	512	6.327179
121716127232	121715529216	598016	512	3.358339
30748701696	30747917312	784384	512	4.961376
131659948544	131658950656	997888	512	4.418362
65874194432	65873607680	586752	512	9.252547
159858182656	159857414144	768512	512	12.050100
143830474240	143829647360	826880	512	2.790288
27084143616	27083409920	733696	512	7.653292
66687848960	66686962176	886784	512	3.567557
146377001472	146376071168	930304	512	12.535930
159136954368	159136281600	672768	512	4.127904
130611930624	130611321344	609280	512	2.813920
107972690432	107971945472	744960	512	3.506035
54424345600	54423359488	986112	512	12.764952
82148188160	82147440128	748032	512	3.393295
92656950784	92656424960	525824	512	7.571212
45773276160	45772427264	848896	512	3.739525
13365632512	13365057536	574976	512	10.488360
4246264320	4245441024	823296	512	6.417508
69658724352	69657946112	778240	512	11.968255
59144852480	59144276480	576000	512	9.761874
152353459712	152352549888	909824	512	2.413087
69091041792	69090503680	538112	512	10.205392
93760151552	93759538176	613376	512	7.323410
55212774400	55211766272	1008128	512	12.409416
55145442816	55144730624	712192	512	3.138528
124710607360	124710026240	581120	512	6.229885
26505963008	26505375744	587264	512	8.844016
143919760384	143918762496	997888	512	10.605988
98497534976	98496734208	800768	512	9.451423
67941736448	67941014016	722432	512	6.654429
131919306240	131918572544	733696	512	9.651220
16214680064	16213970944	709120	512	8.171532
123004328960	123003381248	947712	512	4.793356
80850417664	80849422848	994816	512	6.241482
62899807232	62899246080	561152	512	9.750180
49443270656	49442309632	961024	512	12.207154
138500876800	138500085760	791040	512	8.255621
134333758976	134332851712	907264	512	2.110804
2300312064	2299293184	1018880	512	10.368334
22531575296	22530574848	1000448	512	10.034996
23612704768	23611684864	1019904	512	12.577055
116542050816	116541035008	1015808	512	11.216464
155872272384	155871704576	567808	512	13.767441
125960879104	125960150528	728576	512	11.929394
15401194496	15400576512	617984	512	10.345741
142484338688	142483639808	698880	512	12.269623
48921490432	48920546304	944128	512	9.824216
136356968448	136356003840	964608	512	4.330694
14744826368	14743897600	928768	512	2.717247
22713183232	22712539136	644096	512	9.650514
93147306496	93146436608	869888	512	11.987833
42737812480	42736857600	954880	512	9.952044
19400949248	19400012800	936448	512	3.355720
126916857856	126916235264	622592	512	3.403591
71321808384	71320774656	1033728	512	6.136381
53166825472	53166223872	601600	512	9.280565
54753139200	54752464896	674304	512	3.991325
110030398464	110029600768	797696	512	11.562096
117683949568	117683268096	681472	512	2.549001
63233076224	63232221696	854528	512	10.699065
115190744064	115189783040	961024	512	12.708658
92469889024	92469211136	677888	512	2.042206
46693082112	46692449792	632320	512	7.039376
68624975872	68624146944	828928	512	10.856660
130303107072	130302064128	1042944	512	2.681485
45421148672	45420459520	689152	512	4.063375
151567590912	151567065088	525824	512	10.740746
115933147648	115932196864	950784	512	8.101961
113028278784	113027719168	559616	512	7.644517
4146756608	4145892352	864256	512	3.989296
150804805632	150804017664	787968	512	7.244193
43406224384	43405495296	729088	512	5.323278
48136791040	48135804928	986112	512	11.757173
97171017216	97170305024	712192	512	3.432294
71268579840	71267914240	665600	512	5.908554
23798297600	23797708800	588800	512	11.984384
61364243456	61363330560	912896	512	12.365258
39695740928	39695082496	658432	512	9.032736
22985460224	22984744960	715264	512	8.451547
8070278656	8069714432	564224	512	10.823690
52403037696	52402009600	1028096	512	7.427081
126378713088	126377846272	866816	512	7.774004
149162085376	149161115136	970240	512	5.321784
113140733440	113139915776	817664	512	7.753135
44090633728	44089924608	709120	512	5.428762
124441264128	124440548864	715264	512	2.256228
140642417664	140641610752	806912	512	7.528133
98880515584	98879788544	727040	512	11.281238
147688621568	147687976960	644608	512	10.116296
41283555328	41282926592	628736	512	9.565989
11886262784	11885348352	914432	512	12.349272
146051036672	146050317824	718848	512	8.477175
48191761408	48191025664	735744	512	7.531972
13738839552	13738067456	772096	512	3.937044
105685420544	105684488704	931840	512	8.411396
12290108416	12289152000	956416	512	4.811241
113381590016	113380574720	1015296	512	4.819532
146471362048	146470315008	1047040	512	3.851167
35408078848	35407318016	760832	512	7.233864
35190559232	35189741568	817664	512	6.304814
77182511616	77181650944	860672	512	3.616549
3478674432	3477713408	961024	512	11.449810
37073270272	37072573440	696832	512	5.979917
64789006336	64788147712	858624	512	4.066200
136361828352	136360998912	829440	512	7.875604
104762739200	104761798144	941056	512	9.112374
26903835648	26902932992	902656	512	3.471055
155602120192	155601138176	982016	512	6.989192
19184550912	19183990272	560640	512	11.267907
85936236032	85935478784	757248	512	5.010777
2007982592	2007356928	625664	512	8.508106
88226963968	88226137088	826880	512	2.952992
100727296	99722752	1004544	512	10.589380
61634130432	61633556992	573440	512	9.521499
100737531392	100736977408	553984	512	6.361754
7852967936	7852279296	688640	512	8.731651
154223582720	154222568448	1014272	512	6.905802
47391002624	47390318080	684544	512	6.000518
77140273664	77139685376	588288	512	8.870149
137893280256	137892419072	861184	512	6.363190
145784812032	145784188928	623104	512	8.783738
146720864768	146720003072	861696	512	2.434911
5732050432	5731156992	893440	512	3.415237
72476204544	72475481600	722944	512	4.879179
107243402240	107242359296	1042944	512	6.861741
80333673984	80332930048	743936	512	4.205349
47519330304	47518615040	715264	512	7.823489
91046154752	91045586432	568320	512	8.833249
23376750592	23375754752	995840	512	3.725568
126253522944	126252765696	757248	512	7.204362
37179361792	37178488832	872960	512	4.837298
95325107200	95324414976	692224	512	3.227139
108678785536	108678139392	646144	512	5.710467
106780670464	106779735552	934912	512	5.088581
127367517184	127366903808	613376	512	13.263736
42311673344	42310676480	996864	512	11.957415
156271426560	156270614528	812032	512	6.586458
59243897856	59242982400	915456	512	3.041976
30930996736	30929979392	1017344	512	3.257808
146880923136	146880064000	859136	512	12.164883
74514078720	74513206784	871936	512	12.661793
77769883136	77769150464	732672	512	5.668382
35119896576	35118958592	937984	512	3.694093
57675986944	57675019776	967168	512	2.479864
587828736	586970624	858112	512	4.076992
5282858496	5281914880	943616	512	3.279397
73162067968	73161528832	539136	512	9.858371
15660742656	15660044288	698368	512	5.342511
101658594816	101657922048	672768	512	12.686785
70689627648	70688965120	662528	512	5.298982
129731991552	129730958336	1033216	512	8.261333
84457719808	84457109504	610304	512	8.303606
101715533312	101714923520	609792	512	7.517099
51196986880	51196277248	709632	512	6.995000
30896312320	30895300608	1011712	512	12.764888
91669702656	91669098496	604160	512	7.650609
67385596928	67385025024	571904	512	7.652424
150036454400	150035599360	855040	512	5.357454
9755522560	9754884608	637952	512	9.586530
28423067136	28422354432	712704	512	6.370410
152337001472	152336147968	853504	512	8.248431
138074391552	138073784320	607232	512	3.900245
81870785536	81869791744	993792	512	6.277286
137675158528	137674583040	575488	512	2.445702
130164574720	130163873280	701440	512	11.469796
26302028288	26300980736	1047552	512	9.150362
22531592704	22530792448	800256	512	2.910752
43005035008	43004416000	619008	512	9.362882
129764890624	129764087808	802816	512	9.355489
126921392128	126920755712	636416	512	3.177452
104273315840	104272307200	1008640	512	6.705809
69000396800	68999521280	875520	512	3.739912
59058877440	59057948160	929280	512	2.740476
159237067776	159236219904	847872	512	11.022226
6003461632	6002596864	864768	512	4.558867
5954767872	5954176512	591360	512	10.369959
85281513984	85280663040	850944	512	12.865715
145824963072	145824296960	666112	512	10.662615
135090930176	135090266624	663552	512	2.896336
129704159744	129703574016	585728	512	2.959774
155331239424	155330376192	863232	512	4.528570
18933353984	18932574208	779776	512	7.721572
102239168000	102238336512	831488	512	12.293612
89308648960	89307888128	760832	512	4.928000
113035086336	113034481664	604672	512	6.624637
29173985280	29173026816	958464	512	1.985869
106798520832	106797906944	613888	512	2.458549
133872988160	133871970816	1017344	512	12.236383
96038880256	96037984768	895488	512	10.602125
91731854336	91731011584	842752	512	9.148191
65534295040	65533332992	962048	512	8.243368
57491692544	57490696704	995840	512	8.063821
159597006848	159596155904	850944	512	8.503895
80187598336	80186739712	858624	512	12.496065
19049025024	19048033792	991232	512	10.865815
148927968768	148926977536	991232	512	10.773839
43321608704	43320581632	1027072	512	2.650135
8300296192	8299258368	1037824	512	2.764326
132068167680	132067434496	733184	512	7.884897
53356183552	53355410432	773120	512	5.702179
139314590720	139313919488	671232	512	8.801059
154312866304	154311976448	889856	512	12.322639
136708063744	136707448832	614912	512	1.920703
84336769536	84336001024	768512	512	4.776270
1114893312	1114160640	732672	512	8.065319
145249799168	145248958976	840192	512	12.615166
130783355904	130782818304	537600	512	4.674906
94168416768	94167669248	747520	512	2.600371
68277982720	68277130240	852480	512	2.375964
131036826624	131035905024	921600	512	6.369421
51366794240	51365998080	796160	512	12.425935
8866503168	8865497600	1005568	512	2.237899
57495694848	57495157248	537600	512	8.679790
75675040768	75674267136	773632	512	5.278068
147713553408	147712915968	637440	512	7.608383
68375290368	68374502400	787968	512	5.430744
47190939136	47189937664	1001472	512	8.582358
28627033088	28626341376	691712	512	6.844449
101316338688	101315720704	617984	512	7.361157
103946752	103031808	914944	512	3.028752
459475968	458903552	572416	512	10.692315
83655789568	83654950400	839168	512	1.956558
53611815424	53610913792	901632	512	3.738465
76613378048	76612745728	632320	512	8.002366
83391165440	83390309376	856064	512	12.322839
157896272384	157895678976	593408	512	9.304978
87293726720	87293123072	603648	512	7.695206
31721715200	31720693248	1021952	512	2.185337
32377326080	32376620544	705536	512	7.843261
108174063616	108173420544	643072	512	3.949052
91304406528	91303863296	543232	512	8.945542
154546732032	154545796096	935936	512	9.360040
132581650432	132580972032	678400	512	3.191374
89206011392	89205384704	626688	512	7.219992
116851997696	116851244032	753664	512	2.610430
72973275648	72972736512	539136	512	8.108450
21357381120	21356443136	937984	512	1.996231
81092149760	81091309568	840192	512	4.010307
159637797376	159636792320	1005056	512	14.015720
90278664192	90277620736	1043456	512	10.261958
90948184576	90947322880	861696	512	8.699080
155666350080	155665689088	660992	512	7.052234
18861114880	18860308480	806400	512	6.488337
46709001216	46708092416	908800	512	12.389072
135226170880	135225295360	875520	512	6.637787
9463991296	9463084032	907264	512	12.464218
119419347456	119418371584	975872	512	11.211233
78726721536	78725766656	954880	512	12.857727
17446691328	17445678592	1012736	512	12.224584
70924281856	70923324416	957440	512	7.907558
113928769024	113928008192	760832	512	3.053658
89400254976	89399434240	820736	512	12.397680
147841709568	147840797184	912384	512	7.388706
68166816256	68165972480	843776	512	4.382211
157803079680	157802492928	586752	512	6.240978
156664055296	156663385088	670208	512	7.872806
64032495616	64031757312	738304	512	3.990593
116432022528	116431161344	861184	512	10.135721
50998694912	50997946368	748544	512	6.146282
44034250752	44033452544	798208	512	6.384549
122577226240	122576178688	1047552	512	4.836368
155745073152	155744423936	649216	512	8.546502
113710460416	113709443072	1017344	512	6.503809
9524419072	9523836416	582656	512	10.550162
81609853952	81609160192	693760	512	6.454015
150352048128	150351151616	896512	512	22.883042
133095962112	133095061504	900608	512	4.255422
110404979712	110404006400	973312	512	7.542754
132887821824	132887195136	626688	512	4.549257
132992686592	132991837696	848896	512	2.162259
144846786560	144845961216	825344	512	2.796423
140511726592	140511165440	561152	512	2.591369
12635553280	12634805248	748032	512	7.475759
132739256832	132738324480	932352	512	6.111110
32828766208	32827810816	955392	512	12.640022
101366012928	101365192192	820736	512	2.354356
2608958976	2607999488	959488	512	4.044198
106516453888	106515666944	786944	512	12.489874
5415038976	5414240768	798208	512	5.247304
5378153472	5377416704	736768	512	4.612857
23802736128	23801703936	1032192	512	2.467310
88300057088	88299218944	838144	512	9.241839
20327733248	20326821376	911872	512	8.310126
95230716928	95229982720	734208	512	3.359545
141441637888	141440639488	998400	512	4.738068
74292222464	74291366400	856064	512	12.984610
105108680192	105107744768	935424	512	9.245777
110914357760	110913510400	847360	512	10.376203
110198668288	110197908480	759808	512	12.385692
89816240128	89815496192	743936	512	2.211159
52687721984	52686820352	901632	512	3.274459
93947263488	93946549248	714240	512	5.137541
128884206080	128883594240	611840	512	4.884402
37300516352	37299983360	532992	512	9.359815
17191414784	17190702080	712704	512	6.292315
1589073920	1588312576	761344	512	4.126059
58685999104	58685281792	717312	512	5.370911
137977449472	137976668160	781312	512	5.357300
80519802880	80519008768	794112	512	3.076945
75996644352	75995753472	890880	512	12.334977
40430319104	40429471232	847872	512	12.186044
21154156544	21153159680	996864	512	10.138307
65908737536	65908083200	654336	512	5.847938
74350535168	74349793280	741888	512	4.111497
107711517184	107710743552	773632	512	11.111282
30944159232	30943340032	819200	512	4.305399
2883258880	2882670592	588288	512	12.614895
8241475072	8240734208	740864	512	6.305496
148467801600	148467142656	658944	512	11.438323
32166578688	32165772800	805888	512	6.081333
155117952512	155117192704	759808	512	8.682928
65177635328	65176846848	788480	512	3.708580
100161354240	100160556544	797696	512	9.512593
51413704192	51413108736	595456	512	9.115425
68657340928	68656400896	940032	512	8.303074
143429408256	143428882944	525312	512	12.611089
139966563840	139965864448	699392	512	9.761409
69641723904	69640715776	1008128	512	10.582370
107511493632	107510594560	899072	512	6.045991
277884928	277245952	638976	512	9.985734
149597069312	149596410880	658432	512	10.952786
90351432704	90350405120	1027584	512	8.108720
153455925248	153455124480	800768	512	4.377613
30237735424	30237096960	638464	512	7.867336
37020314112	37019474944	839168	512	5.933366
48190903808	48190347776	556032	512	10.627224
1895090688	1894543360	547328	512	11.118012
38591779840	38590962176	817664	512	4.497541
145946616832	145945998848	617984	512	9.008165
126865163776	126864227328	936448	512	12.961941
48893528576	48892571136	957440	512	12.921604
34143952384	34143135232	817152	512	12.781843
87367716352	87367163392	552960	512	9.151053
114113406976	114112385024	1021952	512	6.423621
45300243456	45299228160	1015296	512	11.905793
132683781632	132682981376	800256	512	5.875148
157076760064	157076083712	676352	512	6.557974
38410336256	38409753088	583168	512	8.322580
31523249152	31522495488	753664	512	6.985880
157649944064	157649406464	537600	512	11.325837
1721249280	1720227840	1021440	512	2.041965
130777077760	130776245248	832512	512	8.173714
139912489984	139911497728	992256	512	2.396238
112867677696	112866697728	979968	512	7.341265
100699915776	100699082240	833536	512	8.649891
109288605696	109287719936	885760	512	6.396155
37088504832	37087528448	976384	512	11.277681
118646980096	118646000128	979968	512	6.601156
103134711296	103133778432	932864	512	9.302272
142951221248	142950183936	1037312	512	9.449894
19077331456	19076591616	739840	512	7.618358
20694070784	20693369344	701440	512	6.641065
106310984704	106310287872	696832	512	5.150694
114650592768	114649928192	664576	512	2.901923
22112516608	22111545856	970752	512	10.629110
138188864512	138188294144	570368	512	3.115622
20497115648	20496565248	550400	512	10.902155
157391639552	157391052288	587264	512	10.601359
107775576064	107774530560	1045504	512	6.957953
89913225728	89912605696	620032	512	12.152456
98711756800	98711229440	527360	512	7.041832
52218864128	52218158080	706048	512	5.014771
47051334656	47050729984	604672	512	9.362836
72679486976	72678735360	751616	512	4.327506
67772909056	67772118528	790528	512	5.387343
148176003072	148175079424	923648	512	3.382447
27094807040	27093946880	860160	512	5.456925
19918646272	19917648384	997888	512	4.113815
116136163840	116135444992	718848	512	3.418090
159974190080	159973310976	879104	512	9.949419
84151365120	84150700032	665088	512	6.882671
137703165952	137702167552	998400	512	3.431817
76180741632	76180004864	736768	512	6.013627
26352289792	26351290880	998912	512	3.020946
46223727104	46222887936	839168	512	3.902225
24203371520	24202716160	655360	512	7.523858
47076020736	47075142656	878080	512	3.222199
96640799744	96640270848	528896	512	7.337646
46429820416	46429192192	628224	512	9.407035
987613184	986694656	918528	512	3.702460
102110615040	102109833216	781824	512	12.569929
1017736704	1016793088	943616	512	3.238558
123243626496	123242643968	982528	512	6.398929
150576798208	150575895040	903168	512	2.267881
52089628672	52089016832	611840	512	5.085166
156782606848	156781641728	965120	512	7.573320
125474446336	125473822208	624128	512	11.173179
71701535744	71700500480	1035264	512	10.042589
157727099392	157726436352	663040	512	8.105249
124729447424	124728690176	757248	512	1.868190
3060549120	3059783680	765440	512	7.405349
39818833408	39818140672	692736	512	8.038514
81130716160	81130140672	575488	512	9.145446
83451207168	83450198528	1008640	512	5.841279
33381473792	33380820480	653312	512	9.105467
102748647424	102748084736	562688	512	5.578302
44096888320	44095851520	1036800	512	7.866963
29129430528	29128465408	965120	512	12.529940
57401124864	57400411648	713216	512	7.239675
128918749184	128918069760	679424	512	3.276543
145026387456	145025749504	637952	512	2.832397
71301520896	71300992512	528384	512	10.363047
146200993792	146200146944	846848	512	12.406726
27244978688	27244166656	812032	512	4.458359
73801575936	73800722432	853504	512	10.258099
87903426560	87902384128	1042432	512	4.259808
137625552896	137624858624	694272	512	10.882070
7581880320	7581148672	731648	512	7.987888
25839844864	25839045632	799232	512	4.673636
77620018688	77619183616	835072	512	12.928161
146293800960	146293120000	680960	512	9.589283
113415843840	113414979072	864768	512	10.010197
42301160960	42300260352	900608	512	2.572725
82115786240	82114797568	988672	512	10.123944
1908393984	1907554304	839680	512	6.122535
36759920640	36758939136	981504	512	3.383851
129889774592	129889239552	535040	512	4.485754
133177973760	133177093632	880128	512	7.037761
110123949568	110123401728	547840	512	7.933685
38329982464	38329129472	852992	512	5.645866
56380918272	56379872256	1046016	512	10.366603
121506279936	121505606144	673792	512	3.994425
80257074176	80256449024	625152	512	5.662969
1721576448	1720672256	904192	512	5.697335
36378548224	36377916416	631808	512	7.366168
7970101248	7969306112	795136	512	7.452521
30704343552	30703633408	710144	512	6.501541
137494980608	137493942784	1037824	512	6.718756
18718545408	18717778944	766464	512	7.999976
78659792384	78658777600	1014784	512	5.766734
33364401664	33363433984	967680	512	3.700939
110616622592	110615729664	892928	512	9.344893
113485824512	113485259264	565248	512	5.248259
54560633344	54559661056	972288	512	8.590490
124840071680	124839034368	1037312	512	8.112258
93211767296	93210871296	896000	512	10.841060
109485055488	109484470272	585216	512	5.027839
131840108032	131839145472	962560	512	4.774444
159939810816	159939253248	557568	512	5.845501
156978249216	156977301504	947712	512	12.196433
87019784704	87019056128	728576	512	5.653611
26729867776	26729111040	756736	512	5.626047
1317562880	1316689920	872960	512	3.779196
68978293248	68977604608	688640	512	7.323628
538830336	538195968	634368	512	11.853999
64842365952	64841716736	649216	512	8.092351
115474853376	115474148352	705024	512	2.071042
45910451200	45909775872	675328	512	8.114607
157639405568	157638808064	597504	512	9.235052
49666727936	49666186240	541696	512	10.535481
82518450176	82517708288	741888	512	5.702122
47074573824	47073895424	678400	512	6.712318
68874234368	68873452032	782336	512	11.924097
158702907904	158702178304	729600	512	4.751653
8515248640	8514231808	1016832	512	12.187212
17478002688	17477009408	993280	512	4.225067
139917030400	139916071936	958464	512	12.658606
145561515008	145560925696	589312	512	12.950207
26186560512	26185653760	906752	512	5.196249
111628141056	111627144192	996864	512	7.026836
100863487488	100862458880	1028608	512	7.198688
147739526144	147738978304	547840	512	10.957153
37590021120	37589183488	837632	512	5.499081
94221814272	94220830208	984064	512	3.573225
94224168448	94223536640	631808	512	2.928338
48640574976	48639805952	769024	512	6.928319
29442589696	29442009600	580096	512	12.112509
133389165568	133388440064	725504	512	12.398643
10597699072	10596849152	849920	512	6.603703
146370614784	146369592320	1022464	512	9.501554
34011644928	34010822656	822272	512	5.776202
33048046592	33047398912	647680	512	8.857894
87519573504	87518907392	666112	512	4.133173
69989372928	69988424192	948736	512	11.694741
81190433792	81189622784	811008	512	2.282587
116521337344	116520685568	651776	512	5.045596
13840027136	13839126528	900608	512	4.824518
153052398592	153051818496	580096	512	2.013591
141009589248	141008617472	971776	512	7.373895
160028756480	160027854848	901632	512	4.721614
10805539840	10805002752	537088	512	11.669367
8571462144	8570595328	866816	512	5.666494
46377738752	46376925696	813056	512	5.581609
67635773440	67634998784	774656	512	12.489714
159194769920	159193850368	919552	512	8.949497
91168206848	91167544832	662016	512	2.435667
92823756800	92822864384	892416	512	10.887867
47523046912	47522349568	697344	512	8.175898
32859869184	32858838016	1031168	512	11.322807
103801548288	103800631808	916480	512	5.597219
74457927168	74456947200	979968	512	10.510371
111626361856	111625528832	833024	512	12.529938
147685205504	147684430848	774656	512	4.374088
130714344448	130713730560	613888	512	4.866000
25174272512	25173557248	715264	512	7.970573
143746662400	143746103296	559104	512	3.239893
38553577984	38552609280	968704	512	3.675570
104843425792	104842459136	966656	512	4.276452
58748655104	58747999744	655360	512	14.111134
34408502272	34407938560	563712	512	10.389937
101997559296	101996961280	598016	512	5.241768
146192000000	146191040512	959488	512	12.447429
10796888576	10796186112	702464	512	8.974930
156286236672	156285487616	749056	512	9.126250
142882292224	142881549312	742912	512	9.287959
85985599488	85984844288	755200	512	11.909175
82954804736	82953785344	1019392	512	9.001824
98139646976	98138631168	1015808	512	3.986171
63040656896	63039612928	1043968	512	6.488723
150675213312	150674563584	649728	512	11.218248
129984551424	129983697920	853504	512	7.607310
129865428480	129864423936	1004544	512	9.108984
49705277440	49704268288	1009152	512	1.964682
53499962880	53499418112	544768	512	8.590818
116742235136	116741211136	1024000	512	10.984923
53302099968	53301483008	616960	512	8.678728
103348914688	103348374016	540672	512	8.045177
102270201856	102269336576	865280	512	11.593398
133252529664	133251884544	645120	512	3.442623
69831737856	69830935552	802304	512	5.144085
401411072	400429568	981504	512	1.927226
94780058112	94779461632	596480	512	5.618303
22069905408	22068975104	930304	512	11.398266
129106285568	129105608704	676864	512	9.602793
117342830080	117342039040	791040	512	11.054847
49153143296	49152586240	557056	512	8.647133
57024847872	57024246784	601088	512	9.300391
27345057280	27344260096	797184	512	5.235637
108719341056	108718419968	921088	512	8.743274
30756097024	30755317248	779776	512	5.091529
91243579392	91242840576	738816	512	5.361581
154498713088	154497778688	934400	512	3.404086
31696646144	31695898624	747520	512	7.081441
80945501184	80944859136	642048	512	7.841010
13275045888	13274455552	590336	512	9.194872
88543282688	88542424576	858112	512	2.959308
48947539456	48946842112	697344	512	5.671004
114756774912	114755811328	963584	512	7.777687
127831476224	127830895104	581120	512	3.084786
10058675200	10057679872	995328	512	2.403305
156572261888	156571590144	671744	512	7.828219
35550401024	35549804032	596992	512	9.791147
2590433280	2589689344	743936	512	7.766280
64130397184	64129805312	591872	512	9.174901
48491027456	48490061824	965632	512	9.375444
30394533888	30393648128	885760	512	5.567636
39392290304	39391309824	980480	512	12.269968
36871045632	36870054400	991232	512	9.194777
123539811328	123538985984	825344	512	4.386187
134254972928	134254158336	814592	512	8.577607
125381123072	125380192768	930304	512	6.117653
19359645696	19358598656	1047040	512	11.626949
68852852736	68852044288	808448	512	11.296574
95259796480	95258988032	808448	512	12.483015
100667302400	100666675712	626688	512	6.663818
28320591360	28320061952	529408	512	11.524937
15307372032	15306818048	553984	512	10.865471
127542069760	127541430784	638976	512	4.809522
51721082368	51720194048	888320	512	3.965936
125530483200	125529439232	1043968	512	4.166110
61922619904	61921607680	1012224	512	10.926399
122968268288	122967667200	601088	512	5.672899
24829058048	24828227584	830464	512	6.484827
66668156416	66667236864	919552	512	2.929357
11730051072	11729014784	1036288	512	2.503733
153988702720	153988107264	595456	512	8.236934
79454154752	79453275136	879616	512	8.965122
62676210176	62675627520	582656	512	9.335400
39965039104	39964510720	528384	512	11.270111
48969586176	48968799232	786944	512	6.046569
34109411840	34108868096	543744	512	9.207175
137296600576	137295748608	851968	512	6.592561
141461358080	141460395520	962560	512	3.217006
17001921024	17001368576	552448	512	11.451724
136133379584	136132737536	642048	512	2.972250
30244976640	30244264960	711680	512	4.647017
26858913792	26857984000	929792	512	2.481358
99595398144	99594686976	711168	512	2.394586
23677896704	23677344768	551936	512	11.150522
124568560640	124567710720	849920	512	8.946740
157424774144	157424180224	593920	512	9.379540
124915502592	124914599936	902656	512	6.823166
14809840128	14809009152	830976	512	4.227828
71331716608	71331072000	644608	512	5.715535
70805906432	70805000704	905728	512	12.532234
153594544128	153593777152	766976	512	5.380823
97908308992	97907584512	724480	512	4.487869
155615954432	155614908928	1045504	512	5.028552
114325835264	114324986368	848896	512	6.912519
120177098752	120176369152	729600	512	12.193912
145106275328	145105615872	659456	512	8.182001
20783407104	20782763520	643584	512	9.189490
21696194048	21695213568	980480	512	12.753939
99863122432	99862299136	823296	512	3.012253
140076461568	140075661824	799744	512	7.699384
21777491968	21776578560	913408	512	3.460407
127277748224	127277070336	677888	512	3.828006
74569200128	74568643072	557056	512	9.510351
82664799744	82664015872	783872	512	4.840836
137193439232	137192730624	708608	512	7.635158
37193844224	37193214464	629760	512	9.559445
62538048000	62537430016	617984	512	8.661232
41788128256	41787351552	776704	512	4.225140
89895601664	89894885376	716288	512	4.030499
116481707520	116480970240	737280	512	12.345072
115783589888	115782812160	777728	512	2.694299
80346049536	80345239040	810496	512	4.530636
30364327424	30363356672	970752	512	12.875651
93753411072	93752508928	902144	512	12.211209
13680553984	13679616000	937984	512	3.348322
100517882368	100517226496	655872	512	2.021984
22618465280	22617748480	716800	512	7.942223
18385062912	18384167936	894976	512	4.981334
92555054592	92554186240	868352	512	12.043928
94077671424	94076932096	739328	512	3.337443
50917947904	50917173760	774144	512	12.918493
38721520128	38720640000	880128	512	4.726928
120185272832	120184276992	995840	512	5.845911
27904865792	27904034816	830976	512	4.060005
102742638592	102741593600	1044992	512	2.191938
34060027392	34059006464	1020928	512	12.093453
109147322368	109146625024	697344	512	5.130055
52671857152	52671286784	570368	512	9.593493
63530415104	63529639936	775168	512	5.678485
129401035776	129400209920	825856	512	5.112693
85621892096	85621362176	529920	512	6.139528
139200995328	139199956480	1038848	512	2.374207
43768354816	43767570432	784384	512	6.836459
36650246144	36649393664	852480	512	12.052459
38520061952	38519535616	526336	512	11.006336
74394635264	74394070016	565248	512	7.476412
34363575296	34362733056	842240	512	2.942299
53223822336	53223214080	608256	512	9.131435
7900965888	7900114944	850944	512	4.692624
20976379392	20975492608	886784	512	5.020446
113313492992	113312903680	589312	512	2.820602
110411716096	110410802688	913408	512	10.671862
157271123968	157270374400	749568	512	5.278239
95411294720	95410569728	724992	512	3.621002
20503052800	20502470656	582144	512	10.363211
130125859328	130124976640	882688	512	6.876246
138631221760	138630442496	779264	512	8.593275
60740701184	60739802112	899072	512	3.315191
122551404032	122550681088	722944	512	9.115691
147088722944	147087780352	942592	512	2.861359
106735438848	106734596608	842240	512	10.511334
48138401280	48137483264	918016	512	1.855573
93810333696	93809290240	1043456	512	3.862031
97924824576	97923961856	862720	512	7.892669
3242915328	3242206720	708608	512	5.148461
97053921280	97053107200	814080	512	12.882806
16315529216	16314738176	791040	512	7.524519
154185489920	154184813056	676864	512	9.401573
136505626624	136504953856	672768	512	2.593009
14346188800	14345306624	882176	512	5.153627
102329436672	102328521216	915456	512	11.490572
89625718784	89624908288	810496	512	11.749693
113431689216	113430789120	900096	512	9.191256
124588421632	124587790848	630784	512	4.449028
71754189312	71753657344	531968	512	8.279668
6358708224	6358066688	641536	512	8.228220
76476354560	76475588096	766464	512	12.272358
57836820992	57835810304	1010688	512	12.899184
56028150272	56027165696	984576	512	8.317823
145947779072	145946790912	988160	512	5.885807
101788555264	101787987456	567808	512	7.926776
125886255104	125885250048	1005056	512	4.238125
155326110208	155325508608	601600	512	3.866342
61963976192	61963402752	573440	512	7.956454
73248886272	73248156672	729600	512	6.149549
9292847104	9292199424	647680	512	9.506895
158606731264	158606004736	726528	512	3.043781
51180989952	51180118528	871424	512	3.842437
32207803904	32206781440	1022464	512	11.483523
58363399680	58362510848	888832	512	10.286563
73137112576	73136506880	605696	512	8.566292
85991107584	85990371840	735744	512	3.052598
26794773504	26793818112	955392	512	12.732912
23081776128	23080933376	842752	512	5.777138
61040612352	61040077824	534528	512	10.535629
31653583360	31652860416	722944	512	3.676440
29338522112	29337568768	953344	512	10.998323
83015076352	83014139904	936448	512	7.636130
22442799616	22442123264	676352	512	9.084463
26520311296	26519314944	996352	512	11.931600
16417064448	16416407552	656896	512	6.153442
124311170560	124310492672	677888	512	3.221018
154194836992	154194297344	539648	512	2.435961
20628071424	20627267584	803840	512	6.920995
148872792576	148872169984	622592	512	12.574268
138162512896	138161757696	755200	512	11.646069
97428372480	97427428864	943616	512	9.822731
34674425856	34673593856	832000	512	3.790137
63980494848	63979742208	752640	512	4.298236
9769019392	9768342016	677376	512	8.885885
112437741056	112436999168	741888	512	11.610896
92179385344	92178401792	983552	512	9.746977
82053603840	82052786688	817152	512	10.456983
90619862016	90618861056	1000960	512	11.112229
77503021568	77502006272	1015296	512	9.862469
10623428096	10622530560	897536	512	3.322367
50143507968	50142790144	717824	512	7.321320
18002632192	18001659904	972288	512	4.573142
69250223616	69249344512	879104	512	9.682961
49851060736	49850191872	868864	512	11.397148
151341250560	151340369920	880640	512	12.595947
42610233344	42609216000	1017344	512	12.165977
127799363584	127798342144	1021440	512	2.069603
144565128192	144564197888	930304	512	8.716676
8759618048	8758672896	945152	512	2.444503
21429998080	21429222400	775680	512	6.952870
144869306880	144868617728	689152	512	10.731102
73366255104	73365533184	721920	512	6.209177
39817702400	39816888832	813568	512	5.898307
75201340416	75200797696	542720	512	8.031348
114060429824	114059860480	569344	512	7.443362
25880022528	25879353344	669184	512	8.838850
145213283840	145212372480	911360	512	2.758661
44931941888	44931329024	612864	512	7.459626
92257432576	92256736768	695808	512	5.757047
53729253376	53728448512	804864	512	5.076279
30464482816	30463473664	1009152	512	3.515866
143268107776	143267351040	756736	512	5.066510
59406003200	59405032960	970240	512	8.641148
103195668480	103195031040	637440	512	5.830765
105034935808	105034188800	747008	512	10.071784
67228448256	67227833856	614400	512	8.719855
118885798912	118884898816	900096	512	8.094989
89135265792	89134279168	986624	512	9.670534
96445959680	96445278720	680960	512	3.518858
51204752896	51204141568	611328	512	8.802758
17693764608	17692852224	912384	512	4.650068
140206493184	140205919232	573952	512	4.590924
111774440448	111773595648	844800	512	12.227549
124572656640	124571876352	780288	512	10.666189
94687597056	94686950912	646144	512	6.581627
30377514496	30376771584	742912	512	5.706229
115851598848	115850983424	615424	512	12.874806
74630771200	74630141440	629760	512	4.272396
96888825856	96888035840	790016	512	2.283508
133620714496	133620105728	608768	512	2.936032
67880217088	67879273472	943616	512	11.747915
5773406208	5772426752	979456	512	2.684659
79951285760	79950434304	851456	512	1.970059
76523229696	76522500608	729088	512	6.149539
18547492864	18546941952	550912	512	9.917692
57128771072	57128220672	550400	512	9.985305
143997314048	143996711936	602112	512	11.925117
137467749888	137466875904	873984	512	6.001190
66654303232	66653391360	911872	512	12.391989
35355081728	35354132480	949248	512	3.524348
29313779712	29312919040	860672	512	3.485626
72792067072	72791384064	683008	512	3.049203
101948199424	101947450880	748544	512	2.203393
681134080	680236032	898048	512	3.378623
103036599808	103035726336	873472	512	9.836119
56365907968	56365194752	713216	512	7.247080
116563222016	116562472960	749056	512	9.195444
70109144064	70108191232	952832	512	8.019628
63881314816	63880378880	935936	512	12.022818
145720288256	145719290368	997888	512	12.394119
3527899136	3526952448	946688	512	4.322835
25338392576	25337638400	754176	512	5.569624
41868309504	41867622400	687104	512	6.383306
9055647232	9054864384	782848	512	7.130230
50107581440	50106732032	849408	512	3.063346
148750207488	148749611008	596480	512	9.014867
14449350656	14448666624	684032	512	7.432935
152096168448	152095412224	756224	512	7.026193
25223233024	25222349824	883200	512	5.101182
29812651008	29812007424	643584	512	7.769514
86099192320	86098363904	828416	512	3.555533
97726376960	97725557248	819712	512	11.773721
36425975808	36425025536	950272	512	10.056191
28179328512	28178530816	797696	512	4.703727
134230092800	134229463552	629248	512	2.334340
135453740544	135452996096	744448	512	12.328640
121275548160	121274727936	820224	512	10.401360
126709790720	126709092864	697856	512	8.942253
10476510720	10475474432	1036288	512	12.177025
65428110848	65427548160	562688	512	9.696440
126640352256	126639563264	788992	512	10.420165
150729593344	150728823296	770048	512	6.271447
123694988800	123693955072	1033728	512	11.363515
53352226816	53351526400	700416	512	7.245733
64363439104	64362419200	1019904	512	10.361075
151946574336	151945527296	1047040	512	12.361469
133886291456	133885506048	785408	512	5.824804
62582026240	62581097472	928768	512	10.824947
101425196032	101424305152	890880	512	7.158051
12793205248	12792299008	906240	512	12.534603
78923722240	78923135488	586752	512	8.953899
89276174336	89275288064	886272	512	11.727031
91074962432	91074266112	696320	512	3.998443
138846919168	138846013952	905216	512	10.869314
47450684928	47450083840	601088	512	9.446714
81349426688	81348426752	999936	512	9.627611
121388174336	121387312128	862208	512	5.134671
113235808256	113234863104	945152	512	8.174144
114082954240	114082093056	861184	512	10.095394
667254272	666476544	777728	512	5.449268
99209814528	99209179648	634880	512	4.720390
111481837056	111481171456	665600	512	5.264323
49716488704	49715744256	744448	512	7.339375
13521374208	13520728064	646144	512	8.098480
69666605056	69666033664	571392	512	7.389225
11640441856	11639686656	755200	512	6.076098
13289211904	13288534528	677376	512	7.516275
114299709952	114299073024	636928	512	5.887215
122729635328	122729061376	573952	512	2.250324
33166062080	33165209088	852992	512	3.901850
98632357376	98631534592	822784	512	2.340326
4841829888	4840914944	914944	512	3.748714
112008946176	112008140288	805888	512	11.356130
155037599744	155037001216	598528	512	10.228792
119003984896	119003294208	690688	512	2.020175
28118766592	28118040576	726016	512	6.452772
23292729344	23291953664	775680	512	9.985962
121987001344	121986452480	548864	512	6.987448
34693890048	34693315584	574464	512	10.200302
86092627968	86091869184	758784	512	4.985894
77539286016	77538376192	909824	512	11.877218
137748070400	137747464192	606208	512	2.165342
115654458368	115653688832	769536	512	11.574329
85373254656	85372340736	913920	512	8.134917
120518545408	120517567488	977920	512	6.236606
50204566528	50203764224	802304	512	6.324892
24225859072	24225205248	653824	512	7.553808
48182380544	48181679616	700928	512	8.030212
108100121088	108099238400	882688	512	10.431880
42945263104	42944485376	777728	512	2.461745
18318549504	18317503488	1046016	512	11.655090
104895144448	104894468096	676352	512	5.594713
66786477056	66785689088	787968	512	2.852624
88399812608	88398985216	827392	512	2.925986
152170826752	152170289152	537600	512	3.365057
153102216192	153101342720	873472	512	7.533685
101564033024	101563438592	594432	512	5.591676
122969360896	122968771072	589824	512	5.998550
50077386240	50076521984	864256	512	2.861844
64138012160	64137474560	537600	512	10.187556
58480629760	58479638528	991232	512	2.056617
69183753216	69182736896	1016320	512	10.410273
111483809792	111483060736	749056	512	12.626721
72334454784	72333834752	620032	512	8.612462
36337555968	36336724992	830976	512	6.082487
7346667008	7345707520	959488	512	4.089615
67657574400	67656694784	879616	512	3.702698
6060361728	6059732480	629248	512	10.105468
85260995072	85260455424	539648	512	9.851727
31610707456	31610124288	583168	512	10.305543
74910191616	74909557760	633856	512	8.018178
66462199808	66461209600	990208	512	12.692242
14753802752	14752997376	805376	512	3.296633
18160692736	18159723520	969216	512	1.871977
81042999296	81042038272	961024	512	7.048494
94468196352	94467377152	819200	512	12.766435
130543098368	130542223360	875008	512	7.589334
134634204672	134633234432	970240	512	4.207537
134093918208	134092940800	977408	512	2.745022
104014974976	104014171648	803328	512	12.155267
83343522304	83342479360	1042944	512	8.540081
7702985728	7702366720	619008	512	10.281135
145438385664	145437801472	584192	512	1.933432
38113502720	38112919040	583680	512	10.306655
135866443776	135865757184	686592	512	8.311344
13510884352	13509887488	996864	512	10.779488
26369420800	26368427008	993792	512	12.472839
153792441344	153791463424	977920	512	9.648418
20912293376	20911667712	625664	512	8.108164
45492308480	45491482624	825856	512	3.563410
101646918656	101645989888	928768	512	6.156558
40331862528	40331284480	578048	512	10.112189
158781051904	158780291072	760832	512	4.853895
147368945152	147368019456	925696	512	3.331502
102950356992	102949673472	683520	512	3.637393
50989705216	50988978176	727040	512	4.820783
97042862080	97041867264	994816	512	5.068220
80032535552	80031731200	804352	512	12.555023
58256276992	58255330816	946176	512	2.900969
125194288128	125193747968	540160	512	7.197562
147770949120	147770113024	836096	512	4.110421
72777691136	72776934400	756736	512	3.151594
122373095936	122372132864	963072	512	2.229798
69497913344	69497338880	574464	512	7.302031
59739953664	59739112960	840704	512	4.830096
79496666112	79495849984	816128	512	4.391838
69869942272	69869305856	636416	512	5.905867
2724631552	2723768320	863232	512	3.983673
123949090304	123948441088	649216	512	4.528238
150043383808	150042762240	621568	512	10.801461
98590750720	98589834752	915968	512	12.176589
8071936000	8071283712	652288	512	9.342508
71920877568	71919928320	949248	512	2.376173
84268212736	84267220480	992256	512	11.839722
153745263616	153744346624	916992	512	5.875427
30960871936	30960242176	629760	512	8.030978
4523731968	4522744832	987136	512	1.866781
83914022400	83912978944	1043456	512	9.020750
139156696576	139155893248	803328	512	2.917446
29041544192	29040846848	697344	512	8.712084
3155854848	3155321344	533504	512	11.751443
126174652416	126173975040	677376	512	12.551359
108070289408	108069681152	608256	512	7.100097
128402447872	128401428480	1019392	512	3.850945
53545725440	53544793088	932352	512	12.028612
68329365504	68328784384	581120	512	9.370119
36800594432	36799968256	626176	512	9.615673
52344782848	52343810048	972800	512	11.743057
154938935296	154937899008	1036288	512	12.737889
101749049856	101748523520	526336	512	8.872301
140613669376	140613041664	627712	512	12.489237
121887723520	121887133184	590336	512	3.585431
23818145792	23817529856	615936	512	9.724369
71814881792	71814073856	807936	512	3.267270
51175322112	51174414336	907776	512	12.460344
43545841664	43545019392	822272	512	6.218254
121076557824	121075673600	884224	512	2.685050
122476743168	122476203008	540160	512	5.451004
55536501248	55535788032	713216	512	7.224785
156186828800	156186044416	784384	512	4.202618
106960023552	106959199232	824320	512	8.019357
58657939968	58657396736	543232	512	10.110062
74225746432	74225015296	731136	512	1.995319
45469474816	45468572672	902144	512	3.980276
25936750592	25935756288	994304	512	12.499844
81473103872	81472254464	849408	512	9.709732
158668976128	158667980800	995328	512	6.592087
70752964096	70752411136	552960	512	9.909888
82722090496	82721318912	771584	512	3.278645
15192784896	15192210944	573952	512	9.497056
72826744832	72825861632	883200	512	3.612091
157590752256	157589803008	949248	512	12.198829
145282302976	145281590784	712192	512	9.442894
66149590528	66149053952	536576	512	8.466411
22045335040	22044515328	819712	512	6.696586
1605376512	1604431872	944640	512	2.538138
58044385792	58043666944	718848	512	7.079251
19369572864	19368803328	769536	512	7.091833
99574807040	99573837312	969728	512	8.461795
75108669440	75107966976	702464	512	6.679538
40648777728	40647822848	954880	512	3.916139
143081914368	143080870912	1043456	512	9.268762
6107219968	6106378752	841216	512	4.410636
120222344192	120221695488	648704	512	11.140950
124692448256	124691650560	797696	512	10.205254
98574578688	98573711872	866816	512	11.429714
73272042496	73271312896	729600	512	6.135433
142310858752	142310304256	554496	512	5.155795
123002722304	123001786880	935424	512	6.858604
136254109696	136253181952	927744	512	2.748814
131221172224	131220374528	797696	512	9.049844
158527532032	158526818304	713728	512	12.256315
118121962496	118121347584	614912	512	5.884519
113342336000	113341600768	735232	512	12.965457
44693949440	44693263360	686080	512	8.383334
5490903040	5490267136	635904	512	11.381436
107328531968	107327483904	1048064	512	11.445474
22021639680	22021056000	583680	512	10.631705
19203864064	19203305984	558080	512	11.349058
89441792512	89440783872	1008640	512	4.995173
76950311424	76949354496	956928	512	12.797231
67567313408	67566545408	768000	512	4.041952
71979134976	71978425856	709120	512	4.242564
27223100416	27222414848	685568	512	5.170463
156907602944	156906834944	768000	512	4.692945
59203830784	59202902528	928256	512	9.581288
94007761408	94006721536	1039872	512	2.155964
75254740480	75253731328	1009152	512	6.712249
146574599680	146573562368	1037312	512	10.089992
37920273408	37919438848	834560	512	5.996462
60585841664	60585043968	797696	512	3.865016
12152213504	12151379968	833536	512	6.092632
151276975616	151275963392	1012224	512	6.951904
43439404544	43438491648	912896	512	4.161188
106968366080	106967433728	932352	512	5.219932
29503485952	29502508544	977408	512	2.221110
72628205056	72627610624	594432	512	9.109536
139956528640	139955594752	933888	512	3.097498
157319509504	157318819328	690176	512	6.059220
125477048320	125476360704	687616	512	9.240066
93103441920	93102446592	995328	512	11.290348
1736140288	1735340544	799744	512	7.401676
39454202880	39453574144	628736	512	9.555739
72731604992	72730822656	782336	512	3.765955
152744044032	152743106048	937984	512	12.693977
13885044224	13884239872	804352	512	7.286162
134111024128	134110374912	649216	512	3.636297
82130104320	82129333248	771072	512	3.322775
40073958912	40072979968	978944	512	12.318564
150154925568	150153944064	981504	512	11.040124
74794433536	74793649152	784384	512	2.528620
106189174272	106188226048	948224	512	8.208473
47840089088	47839200256	888832	512	10.999205
22870221824	22869382144	839680	512	5.826179
152270934528	152270391808	542720	512	3.237743
101385653248	101384830464	822784	512	11.704691
51896246784	51895546368	700416	512	7.431251
21950554624	21949881856	672768	512	8.743879
65310537728	65309924864	612864	512	6.754407
78100148736	78099197952	950784	512	11.087705
184500224	183660032	840192	512	6.168817
154220310528	154219402752	907776	512	10.273042
45678308352	45677543424	764928	512	6.431673
73631598592	73631019008	579584	512	5.478642
4052454912	4051900928	553984	512	11.017652
58892299264	58891770880	528384	512	10.612911
72925549056	72924910592	638464	512	8.283720
62269369344	62268447744	921600	512	12.243670
113925302784	113924379648	923136	512	8.667899
32483162112	32482546176	615936	512	9.781149
117392745984	117392217600	528384	512	5.905021
120422031360	120421071360	960000	512	2.345986
137072973312	137072040960	932352	512	10.007425
151650792448	151650113024	679424	512	8.177239
34310105600	34309375488	730112	512	7.793392
121993036800	121992439296	597504	512	5.806809
146500506112	146499761152	744960	512	4.704958
47735169024	47734156288	1012736	512	11.951034
81534516736	81533503488	1013248	512	9.901653
137632618496	137631572992	1045504	512	12.417437
37730196480	37729541120	655360	512	6.807737
135823629312	135822765568	863744	512	6.310494
17740308480	17739289600	1018880	512	3.801053
137443400192	137442372608	1027584	512	12.911273
154743199744	154742632960	566784	512	7.056181
63359665664	63358877696	787968	512	5.428899
42263876096	42262835712	1040384	512	8.174482
114363370496	114362795520	574976	512	7.304179
149327512064	149326739456	772608	512	7.683827
157264846848	157264290304	556544	512	11.594359
1537913856	1537196032	717824	512	6.766975
95793761792	95792860672	901120	512	11.065512
144901962752	144901311488	651264	512	11.858118
78517316096	78516326912	989184	512	10.412600
84298761728	84298021888	739840	512	5.712653
143891587072	143890728448	858624	512	6.122586
99511493632	99510865408	628224	512	7.173224
99084853760	99083915264	938496	512	9.954220
143926445568	143925700096	745472	512	8.443499
140991381504	140990376960	1004544	512	6.303066
121184828928	121184092672	736256	512	12.052632
33803315712	33802616320	699392	512	8.322232
104683935744	104682905600	1030144	512	13.702992
144301879296	144301163008	716288	512	10.051409
42895713792	42894705152	1008640	512	3.015164
93112549888	93111589376	960512	512	10.189551
141513742336	141512903168	839168	512	5.808452
90891735040	90891183616	551424	512	8.722960
150668934144	150667981312	952832	512	2.575323
143075674624	143074706944	967680	512	11.457699
137225233920	137224372224	861696	512	2.939594
151184195584	151183522304	673280	512	5.439192
110233224192	110232621568	602624	512	6.709962
88208810496	88208056832	753664	512	2.706971
101493810688	101493204992	605696	512	7.619726
153422822912	153421839360	983552	512	10.096658
158280612352	158279704576	907776	512	2.732313
18172823552	18171816960	1006592	512	12.351752
135768945664	135767923712	1021952	512	3.390209
35530091520	35529231872	859648	512	5.070327
46378483712	46377761792	721920	512	7.286215
126145707520	126144734208	973312	512	5.913986
87265915392	87264952832	962560	512	9.403399
17810401792	17809542656	859136	512	4.100973
78519358976	78518495232	863744	512	12.918744
40944206848	40943652352	554496	512	12.320604
95770533888	95769941504	592384	512	8.234507
44806699008	44806077952	621056	512	9.088424
89531186176	89530606592	579584	512	13.227492
13767505920	13766673408	832512	512	4.609868
98545884160	98545022976	861184	512	11.569666
23911887872	23911054336	833536	512	6.437853
150563418112	150562467328	950784	512	11.948413
7119944704	7119284224	660480	512	9.212912
34392369152	34391484928	884224	512	11.429156
158986903552	158985898496	1005056	512	6.008710
157520933888	157520365568	568320	512	10.277143
155186294784	155185438208	856576	512	9.638177
56208196608	56207239680	956928	512	8.962409
4170030080	4169385472	644608	512	8.144838
148951615488	148950839296	776192	512	7.603434
66299458560	66298921472	537088	512	10.144928
9503117312	9502267904	849408	512	5.985938
34693810176	34692846080	964096	512	12.559150
7858056192	7857498112	558080	512	1.565236
150294554624	150293509632	1044992	512	9.216675
48285772288	48285046784	725504	512	5.090434
47278883328	47278066688	816640	512	6.081416
143879994880	143879392768	602112	512	3.840534
15076264448	15075686400	578048	512	9.740703
128547255296	128546375168	880128	512	9.960544
27203808256	27202786816	1021440	512	11.440747
74731872256	74731061760	810496	512	4.552864
702225408	701483008	742400	512	7.785305
74227256832	74226696704	560128	512	7.658786
157842474496	157841649152	825344	512	12.115836
115099128320	115098568704	559616	512	7.615891
86539722240	86539069952	652288	512	6.651190
105077946368	105076968960	977408	512	8.400604
56789463040	56788678144	784896	512	5.823331
105234960896	105234422272	538624	512	14.450882
103373147648	103372412416	735232	512	1.878829
136860373504	136859781632	591872	512	4.369965
39310567424	39309765632	801792	512	2.013871
77319742464	77318962688	779776	512	3.361972
143148174848	143147283456	891392	512	9.986946
86460873216	86460126208	747008	512	5.203384
17320062976	17319415808	647168	512	8.133668
76500321280	76499791360	529920	512	10.045999
17430765056	17430004224	760832	512	7.289777
33730580992	33730022400	558592	512	10.467369
54535292928	54534678016	614912	512	7.048783
113163170816	113162169856	1000960	512	6.903728
73473621504	73472851456	770048	512	5.348211
27457902592	27457188352	714240	512	6.360160
120479002624	120478394880	607744	512	4.277436
27441320448	27440667648	652800	512	7.573865
2143907328	2143087104	820224	512	6.502149
112260591616	112259738112	853504	512	6.891558
144048301568	144047512576	788992	512	8.053171
67854934016	67854105088	828928	512	2.898914
11888733184	11888182272	550912	512	9.939106
106265294336	106264547328	747008	512	10.038172
142842498560	142841830912	667648	512	7.943116
44693159936	44692253184	906752	512	2.714647
48795286016	48794635264	650752	512	8.560231
134075157504	134074467328	690176	512	11.872807
130525970944	130525171200	799744	512	9.247785
96347393024	96346473472	919552	512	10.693139
48228775936	48228017152	758784	512	7.123429
60290273792	60289427968	845824	512	2.037850
10649110528	10648153600	956928	512	2.211178
62546504192	62545866752	637440	512	8.307113
130226398208	130225359360	1038848	512	3.363756
133043078656	133042355200	723456	512	11.125411
64747592704	64746683392	909312	512	12.438609
103327258112	103326640640	617472	512	6.912506
127648465408	127647465984	999424	512	4.434726
49612237312	49611488256	749056	512	2.831729
36269433344	36268612096	821248	512	3.948668
126814007808	126813377024	630784	512	4.292898
18983144960	18982602752	542208	512	10.190068
137505988096	137505164800	823296	512	4.106662
23778186240	23777199616	986624	512	12.587804
60780584448	60779744256	840192	512	2.629367
35939067904	35938187776	880128	512	11.542165
128615260672	128614673920	586752	512	2.906704
18156533760	18155618816	914944	512	4.614670
154462829056	154462073856	755200	512	5.115529
79697417216	79696682496	734720	512	6.070638
70740636672	70739647488	989184	512	7.190989
141941828096	141940927488	900608	512	4.045253
35052946432	35052276224	670208	512	6.502597
37233184256	37232520704	663552	512	8.949229
68678801408	68678179328	622080	512	8.598206
63150419456	63149442560	976896	512	11.154415
98604695040	98603814400	880640	512	10.461526
48688453632	48687493120	960512	512	11.214354
1675635200	1674807296	827904	512	6.894156
94810201600	94809419264	782336	512	4.176622
116465977344	116465213952	763392	512	12.333857
149540803072	149539930112	872960	512	12.499767
78997719552	78996865536	854016	512	12.555226
128812220416	128811476480	743936	512	11.539613
74921443328	74920698880	744448	512	5.836636
8555846144	8555019776	826368	512	6.358574
149022981120	149022117376	863744	512	9.069582
31039877120	31038982656	894464	512	4.868532
146042808832	146041952256	856576	512	4.324425
26394989568	26394398208	591360	512	10.155343
15657147392	15656519168	628224	512	6.704717
78949347840	78948737536	610304	512	8.578354
143810748928	143810140672	608256	512	2.901707
80198351872	80197495296	856576	512	3.133894
71057665024	71056699392	965632	512	11.388139
125091946496	125090972672	973824	512	4.957426
137700715008	137700157952	557056	512	5.723989
155788120576	155787253248	867328	512	9.301032
39765756416	39764764160	992256	512	9.168242
136589361152	136588786176	574976	512	4.808429
111740968960	111740233728	735232	512	10.012110
113357257216	113356337664	919552	512	10.589385
153433610752	153432870400	740352	512	6.236661
136923057664	136922167808	889856	512	11.320560
53423654912	53422610432	1044480	512	10.296347
132063006720	132062091776	914944	512	2.466958
117330737152	117329708032	1029120	512	5.396446
78320389632	78319619584	770048	512	5.292835
121994313216	121993450496	862720	512	8.650545
120839214592	120838329344	885248	512	8.446392
152553604608	152553023488	581120	512	11.326829
47052233728	47051460096	773632	512	6.303965
100453401088	100452392960	1008128	512	7.618961
109654674432	109653679104	995328	512	3.499673
13419701248	13418961920	739328	512	8.222360
121097476096	121096543232	932864	512	7.746282
1653782528	1653054464	728064	512	8.025833
8618258432	8617505280	753152	512	8.176662
30362947584	30361935360	1012224	512	12.174580
38242444800	38241688576	756224	512	5.179295
95121087488	95120507904	579584	512	6.057698
43543045632	43542460928	584704	512	10.316447
129915096064	129914056704	1039360	512	3.392115
54882525696	54881856000	669696	512	8.025087
52587352064	52586757632	594432	512	9.406496
66077149696	66076364288	785408	512	5.485494
38816380928	38815789056	591872	512	10.198799
148781379072	148780410368	968704	512	11.446743
59471713280	59470906880	806400	512	3.303675
32152493056	32151498752	994304	512	2.747382
29937521664	29936640000	881664	512	3.860531
13791873024	13791105024	768000	512	4.029006
135918848000	135918124544	723456	512	12.485117
71962198016	71961347072	850944	512	12.126427
22280420864	22279527936	892928	512	3.655125
87417213952	87416458240	755712	512	4.986492
14266337792	14265566208	771584	512	5.767260
149235077632	149234034176	1043456	512	7.417120
9857022464	9856101888	920576	512	3.614848
108981595648	108980762112	833536	512	11.476349
120938298368	120937314816	983552	512	4.753795
36885935104	36885379072	556032	512	10.509988
139409064960	139408329216	735744	512	8.777764
121690011648	121689239040	772608	512	12.613788
51494108672	51493371392	737280	512	6.779247
110430742016	110429747200	994816	512	6.568492
14165646336	14165014016	632320	512	10.178598
133152501760	133151896576	605184	512	11.310253
86228914176	86228193792	720384	512	4.317696
95595816448	95595259392	557056	512	8.844185
145252730368	145251954688	775680	512	3.690380
125587143168	125586385920	757248	512	12.237292
42101985280	42101150720	834560	512	5.619959
55276222464	55275504640	717824	512	7.091174
136707087872	136706284032	803840	512	7.896754
146651369984	146650370560	999424	512	12.352646
99943677952	99942958080	719872	512	4.612201
24501901312	24501309952	591360	512	10.163264
4477847040	4477096448	750592	512	5.893884
68279433728	68278461952	971776	512	11.259487
100439539712	100439000576	539136	512	8.615303
75038885376	75038280704	604672	512	6.603949
36569366016	36568456192	909824	512	2.937295
143374938112	143373969408	968704	512	1.998301
111220510208	111219790848	719360	512	10.317975
45348627968	45347969024	658944	512	7.058873
144925049856	144924127744	922112	512	3.268475
137126492160	137125731328	760832	512	9.781921
35520794112	35519762944	1031168	512	8.359386
98191979520	98191061504	918016	512	12.117447
38033938944	38033118720	820224	512	5.776575
65874210304	65873567232	643072	512	6.377002
20018191360	20017209344	982016	512	3.438188
142791258624	142790236672	1021952	512	9.848963
3067527168	3066629120	898048	512	5.206112
10575025152	10574376448	648704	512	9.865342
1011366400	1010367488	998912	512	2.373148
64790937600	64790328320	609280	512	8.819617
51372865024	51371937792	927232	512	9.532347
48508389376	48507579392	809984	512	3.314060
98421900800	98421179904	720896	512	4.574139
14829460480	14828567040	893440	512	4.997905
40064539136	40063730176	808960	512	5.986458
43371138560	43370372096	766464	512	2.742297
45874889216	45874184192	705024	512	5.770618
54395406848	54394548224	858624	512	2.326070
85418479616	85417640960	838656	512	9.871381
121106858496	121106176512	681984	512	2.564372
25142693888	25141971968	721920	512	6.247546
28370667008	28369868288	798720	512	4.685446
111835804160	111834756096	1048064	512	4.079057
29945382400	29944530432	851968	512	4.333033
151360276992	151359341056	935936	512	12.734937
126663774208	126663157760	616448	512	4.781101
3978061312	3977376768	684544	512	8.809998
50198460416	50197676032	784384	512	6.685571
38427579904	38426855936	723968	512	3.651428
78116113408	78115507200	606208	512	8.561964
32490277376	32489710592	566784	512	10.648383
97020812288	97020038144	774144	512	10.553201
121934278656	121933373440	905216	512	8.227523
14895068672	14894530048	538624	512	11.669360
47991315456	47990587904	727552	512	5.870489
139882311168	139881456640	854528	512	11.189380
112370006528	112369017856	988672	512	7.180245
75260522496	75259682304	840192	512	3.955812
145963785728	145962847744	937984	512	12.333097
29243117568	29242584576	532992	512	11.526466
26214749184	26213874176	875008	512	3.967390
91374778880	91374022144	756736	512	4.998940
87782944256	87782107136	837120	512	3.372032
73676005376	73675375616	629760	512	6.328494
2300198400	2299338240	860160	512	2.282145
41352631296	41351917056	714240	512	5.639024
78657744896	78656762880	982016	512	6.543045
77034332672	77033548800	783872	512	2.507936
19201668608	19200691712	976896	512	4.503756
18224921600	18224045056	876544	512	4.365070
116234747904	116233997824	750080	512	9.179788
62201213440	62200184832	1028608	512	6.843252
24662334976	24661602304	732672	512	4.191581
42244224000	42243471872	752128	512	4.823357
120844034048	120843466240	567808	512	6.773213
29707268608	29706397184	871424	512	5.762796
133289006592	133288321024	685568	512	8.902670
130269993984	130269226496	767488	512	5.144581
66574503936	66573905408	598528	512	7.086932
123744600064	123743598592	1001472	512	5.969537
149687540736	149686672896	867840	512	8.947016
138393956864	138393133056	823808	512	2.278919
141039250944	141038375936	875008	512	3.863114
14771273728	14770740224	533504	512	11.200474
102886675456	102886149632	525824	512	6.576865
52741543936	52740851712	692224	512	7.612831
123473665024	123473021440	643584	512	4.654564
43307822592	43307273216	549376	512	10.820319
93227964928	93226961920	1003008	512	5.190516
23863905792	23863239168	666624	512	9.241444
105036356096	105035763200	592896	512	3.004863
14404774912	14404218368	556544	512	11.356647
75566542848	75565914112	628736	512	8.121283
140323664896	140322753024	911872	512	2.836098
132135831552	132134945280	886272	512	6.758146
149849405440	149848685568	719872	512	2.940909
136831644672	136830767616	877056	512	6.616054
80926575104	80926032384	542720	512	9.803844
54011331584	54010692608	638976	512	8.611279
37176759808	37176212480	547328	512	10.694212
32374606336	32373874176	732160	512	7.332966
156909923840	156908890112	1033728	512	5.357192
73530118656	73529579520	539136	512	9.869662
117134934528	117134338048	596480	512	6.828862
127892418048	127891666432	751616	512	11.386070
46563967488	46563384320	583168	512	9.757291
8617635328	8616884224	751104	512	6.411289
7996227072	7995327488	899584	512	12.551462
146507497472	146506530304	967168	512	6.569561
80106432000	80105636352	795648	512	4.870860
121829259264	121828214784	1044480	512	4.194703
80721324032	80720752640	571392	512	9.230731
90400007168	90399118848	888320	512	8.032118
122462222336	122461565952	656384	512	10.213712
131389584384	131388655104	929280	512	5.657075
149669643264	149669079552	563712	512	12.603032
123248907776	123248097792	809984	512	10.528285
153543301632	153542448128	853504	512	2.312521
116563541504	116562973696	567808	512	3.053167
14277381632	14276604928	776704	512	5.611288
143605110784	143604084736	1026048	512	10.764991
123485989888	123484964352	1025536	512	4.642817
55495260160	55494349312	910848	512	3.529794
132840294400	132839705600	588800	512	12.201480
106347907584	106346992640	914944	512	9.700038
93791505920	93790692864	813056	512	12.385862
81726628352	81725947392	680960	512	7.068630
125363154944	125362205184	949760	512	6.494085
158333955072	158333052928	902144	512	9.635455
51694723072	51693819392	903680	512	3.705256
82436102656	82435405824	696832	512	3.938861
21434305024	21433723392	581632	512	10.316532
29254663168	29253642752	1020416	512	12.612089
20237033472	20236489728	543744	512	10.094024
98840666624	98839674880	991744	512	8.031199
113945670144	113944842240	827904	512	12.659784
91964177408	91963268096	909312	512	1.893845
15414923264	15413977088	946176	512	2.395855
51539794432	51538983424	811008	512	12.111889
8534657536	8533984256	673280	512	8.997067
109744835584	109744102400	733184	512	1.903060
155946266624	155945303040	963584	512	11.631272
18533696000	18532721152	974848	512	1.855886
133825998848	133825193472	805376	512	8.543699
71697075200	71696157696	917504	512	12.289360
135374118400	135373489664	628736	512	3.867914
121897293824	121896695808	598016	512	12.697723
122105366528	122104764928	601600	512	4.316229
78604384768	78603807232	577536	512	8.748337
33873304576	33872412672	891904	512	3.171789
150735994368	150734969856	1024512	512	7.866441
6377803264	6376791040	1012224	512	3.216352
34022742016	34022209024	532992	512	10.907508
6243969536	6243101184	868352	512	6.288457
128038278144	128037302784	975360	512	5.884019
81301840896	81300818944	1021952	512	9.783088
132654990848	132654436864	553984	512	3.903459
117733181440	117732196864	984576	512	12.114764
98909936128	98909320704	615424	512	7.408494
9894627328	9893964288	663040	512	9.617737
8893579776	8892775936	803840	512	5.518034
27421292032	27420543488	748544	512	7.862783
119888998400	119887972864	1025536	512	9.821783
131930676736	131930053120	623616	512	4.597988
64489377792	64488716288	661504	512	5.650561
88060662272	88059944448	717824	512	5.248149
143981966336	143981169664	796672	512	3.740801
115197886976	115197343744	543232	512	5.524643
67310439424	67309625856	813568	512	4.944327
70401523200	70400861184	662016	512	7.839848
76275968000	76274957312	1010688	512	6.360928
115018839552	115018122240	717312	512	10.071561
105439008768	105437977088	1031680	512	7.117036
28460792320	28459784192	1008128	512	12.236106
51058936320	51058022912	913408	512	12.863808
11273803776	11273149952	653824	512	9.775936
108105159168	108104335360	823808	512	11.670216
43308835840	43307833856	1001984	512	3.094865
130271149568	130270480896	668672	512	3.081297
119024675840	119024028160	647680	512	4.828802
73915497472	73914488320	1009152	512	11.802588
149057510912	149056572416	938496	512	12.303442
12858703872	12857870336	833536	512	6.007926
147431247360	147430515712	731648	512	3.374168
12171425792	12170853376	572416	512	10.578141
135314900992	135314181120	719872	512	12.967695
24525656576	24525001728	654848	512	9.065823
87561543680	87560604672	939008	512	12.409033
77806149632	77805162496	987136	512	9.835675
124844016128	124843376128	640000	512	10.655221
48985396224	48984444928	951296	512	12.373707
123640791552	123639751680	1039872	512	2.514204
93680318976	93679473664	845312	512	3.194088
146097105920	146096504320	601600	512	12.611658
153360483328	153359907328	576000	512	8.926553
2530136576	2529200640	935936	512	11.940242
121550897664	121550325248	572416	512	2.320045
140220507136	140219738624	768512	512	19.657124
3434193920	3433321472	872448	512	3.776724
74339930624	74339139584	791040	512	4.917853
53151848960	53150991872	857088	512	10.525731
158195960832	158195312640	648192	512	8.595486
101236495360	101235801088	694272	512	5.172448
109761790464	109761020928	769536	512	2.857623
45665059328	45664245248	814080	512	3.753538
6258435072	6257898496	536576	512	11.664153
116922733568	116922004480	729088	512	2.021930
71706665472	71705761792	903680	512	12.585538
102874069504	102873069056	1000448	512	6.966795
2249075200	2248347136	728064	512	6.572798
1796735488	1795725824	1009664	512	12.405476
11393503232	11392539136	964096	512	13.207660
136896602112	136895939584	662528	512	9.098688
118734021120	118733421056	600064	512	12.679381
114958795264	114958012928	782336	512	1.943313
81287867904	81287014912	852992	512	3.720739
115899995648	115899376128	619520	512	6.234713
81605527552	81604555264	972288	512	11.924824
67049058304	67048322560	735744	512	6.431023
89630145536	89629150208	995328	512	5.357033
120569330688	120568557056	773632	512	7.674246
43439479808	43438913536	566272	512	10.347529
81981656064	81980623360	1032704	512	8.689579
119547435520	119546797056	638464	512	5.073412
25706639360	25705613312	1026048	512	2.172437
33671266816	33670279168	987648	512	9.263572
50479159808	50478501376	658432	512	6.489540
89448261120	89447266816	994304	512	5.386206
60062758400	60061873152	885248	512	10.483939
65488975360	65488147968	827392	512	11.799478
144271373824	144270679552	694272	512	7.005441
95365743104	95364695552	1047552	512	7.987696
4657973760	4657064960	908800	512	12.458577
29126294016	29125258240	1035776	512	9.374703
50827059712	50826149888	909824	512	3.542887
147873115648	147872416768	698880	512	5.487375
97323699712	97323095552	604160	512	7.263986
119671033344	119670304768	728576	512	2.870114
133707283456	133706731008	552448	512	5.896804
65176979968	65175949312	1030656	512	11.924630
9567346688	9566424064	922624	512	2.949008
91994279936	91993686528	593408	512	8.323151
155770718208	155770146304	571904	512	10.151207
76407641088	76406614528	1026560	512	9.662894
116467024896	116466045952	978944	512	7.455657
86112683008	86112150528	532480	512	9.582681
59655258624	59654519296	739328	512	2.578498
71700508160	71699919360	588800	512	9.226556
29232723456	29232179200	544256	512	11.288318
20237264384	20236424704	839680	512	4.442745
27013786624	27012831232	955392	512	10.961607
146099902464	146098973696	928768	512	12.580640
42709333504	42708371968	961536	512	9.794389
87773918720	87773156352	762368	512	3.121149
146482210304	146481349632	860672	512	10.164961
11776750080	11775849472	900608	512	5.755245
82416625664	82415672832	952832	512	7.286110
85499410432	85498684416	726016	512	5.645528
67580726784	67579846144	880640	512	11.914226
144179812864	144178883072	929792	512	2.334106
4004169728	4003618816	550912	512	11.070644
97140246528	97139220992	1025536	512	7.813924
148291454464	148290799616	654848	512	12.835963
118794351104	118793694720	656384	512	3.137786
90300364800	90299396608	968192	512	9.290573
119445227520	119444319744	907776	512	8.285092
30876995072	30875992064	1003008	512	12.918496
13688863232	13688226304	636928	512	10.052843
13924276224	13923480064	796160	512	7.437943
132404361216	132403563520	797696	512	9.498958
71921542656	71920502784	1039872	512	11.773515
49313395200	49312622592	772608	512	6.823870
114723227648	114722243072	984576	512	7.287619
28911564288	28910573056	991232	512	3.203427
65977986048	65977318912	667136	512	7.730998
142074484736	142073518080	966656	512	2.025446
28336326144	28335546368	779776	512	7.361363
96569828864	96569094144	734720	512	4.754651
141942981632	141942408704	572928	512	4.076016
137473723904	137472866816	857088	512	6.427784
41477321728	41476582400	739328	512	7.652974
31305073664	31304358400	715264	512	7.997267
53796628992	53796100608	528384	512	10.639967
127693485056	127692614144	870912	512	1.978186
62675890688	62675126784	763904	512	5.884614
94463528960	94462693376	835584	512	3.072898
90026212864	90025516032	696832	512	12.682652
67221694976	67221048320	646656	512	8.111766
126082277376	126081259008	1018368	512	10.522486
94650158592	94649554944	603648	512	7.927687
73302746112	73302159360	586752	512	8.950717
136663395840	136662390784	1005056	512	12.569443
60173597696	60172718080	879616	512	2.336104
132795685376	132795108864	576512	512	3.705511
61295835136	61294817792	1017344	512	10.897471
131714761216	131713832448	928768	512	5.669046
10453485568	10452449280	1036288	512	2.784862
148905154048	148904628736	525312	512	2.192082
4558814208	4558234112	580096	512	1.627343
43694786048	43694203392	582656	512	10.025686
157865346048	157864742912	603136	512	10.070065
142758666752	142757791232	875520	512	3.884605
107747823616	107746812416	1011200	512	7.549423
67089496576	67088449024	1047552	512	9.809171
123257581056	123256657408	923648	512	7.803091
88762833920	88762091520	742400	512	5.278101
109526225408	109525323776	901632	512	11.736149
33303133184	33302087680	1045504	512	11.092354
105642592768	105641610752	982016	512	8.153163
119879534592	119878720512	814080	512	10.181926
154533659648	154532720128	939520	512	9.241642
64088747520	64088138240	609280	512	8.802856
79503668224	79502988288	679936	512	5.304827
71485760000	71485160960	599040	512	9.032822
158406690304	158405925376	764928	512	10.098984
56736485376	56735664640	820736	512	3.002186
97490914816	97489946624	968192	512	14.968922
42075245056	42074196992	1048064	512	12.848460
33761015808	33760475136	540672	512	10.763723
4760273408	4759478784	794624	512	6.907590
44554761728	44553800192	961536	512	12.169874
93542466560	93541452800	1013760	512	8.322038
116908423168	116907728896	694272	512	10.697570
59392090624	59391264768	825856	512	2.458093
147694661120	147693968384	692736	512	8.648528
46764682240	46764152832	529408	512	10.764056
95622326272	95621331456	994816	512	8.484824
63907615232	63907061248	553984	512	9.862818
6429087744	6428106240	981504	512	1.971676
128831767552	128830830080	937472	512	6.817458
151022864384	151022044160	820224	512	5.000073
129089933824	129089397248	536576	512	2.612255
49843285504	49842343424	942080	512	9.862884
75770416128	75769455104	961024	512	12.729467
51540064256	51539205120	859136	512	11.051389
65701765632	65701221888	543744	512	8.303601
75450922496	75450314240	608256	512	6.570180
17541292544	17540660224	632320	512	10.131671
117280110592	117279097856	1012736	512	6.624327
55910006784	55909136384	870400	512	3.853193
65986374656	65985575424	799232	512	3.432958
122542909952	122541877248	1032704	512	9.609364
138102605312	138101815296	790016	512	5.124948
82496146944	82495384064	762880	512	3.506472
84845728256	84844967936	760320	512	5.316437
135285825536	135284940800	884736	512	2.792217
148461306880	148460428800	878080	512	12.342156
45126855680	45125945856	909824	512	4.426689
48613746688	48612959232	787456	512	6.571181
11129456128	11128449536	1006592	512	10.563595
126008111104	126007455744	655360	512	2.625457
86013123072	86012172800	950272	512	7.292009
26413002240	26412351488	650752	512	9.509500
73054738944	73053831168	907776	512	12.455610
67748179456	67747369984	809472	512	3.240319
113197864448	113196947456	916992	512	8.820889
8194392576	8193354240	1038336	512	3.492988
58546429440	58545677312	752128	512	4.043547
25364314624	25363465216	849408	512	3.677190
71288750592	71287907840	842752	512	4.357390
15962138112	15961203712	934400	512	2.421043
66144940544	66144107008	833536	512	11.216802
157533427200	157532489216	937984	512	6.924309
134731677184	134731047424	629760	512	2.394641
90145298944	90144533504	765440	512	4.238938
7584134656	7583604224	530432	512	11.406379
1736139264	1735423488	715776	512	8.742415
100695706112	100694871552	834560	512	10.342220
91097259008	91096695296	563712	512	8.528942
136192289280	136191365632	923648	512	10.276198
98523225088	98522485760	739328	512	12.845243
30283809792	30282975232	834560	512	4.114988
16728420352	16727796224	624128	512	9.650024
151609453568	151608456192	997376	512	10.906497
130880914944	130880135680	779264	512	9.996198
18511203840	18510278656	925184	512	12.135158
152963953152	152963235328	717824	512	3.826231
81246371328	81245586432	784896	512	11.190763
83672899584	83671899648	999936	512	9.904698
68646799360	68646054400	744960	512	12.883176
139111597056	139110982656	614400	512	1.963827
65067081728	65066501120	580608	512	9.367764
93767059968	93766019584	1040384	512	7.492620
142776693248	142775972352	720896	512	10.952640
75780195328	75779585536	609792	512	6.613745
145433022464	145432474112	548352	512	2.945543
120720335360	120719401984	933376	512	12.446109
7582099968	7581214720	885248	512	5.363112
118453687808	118452951040	736768	512	12.360080
158397591552	158396739584	851968	512	3.168927
151939812352	151939100672	711680	512	4.059236
113158304256	113157688320	615936	512	6.361058
160026514944	160025487872	1027072	512	11.076558
40187092992	40186486272	606720	512	9.934322
155396637696	155396098048	539648	512	2.843010
19021924864	19020931584	993280	512	12.649232
136201421824	136200431616	990208	512	3.654914
103342063616	103341431296	632320	512	6.528721
93402622464	93402041856	580608	512	8.187242
155306127872	155305518592	609280	512	8.855098
112968573952	112968046592	527360	512	6.319534
112835768320	112834938368	829952	512	12.623440
130301256192	130300388864	867328	512	7.296115
134904588288	134903781376	806912	512	8.509674
4525011456	4524160512	850944	512	5.936482
109195062784	109194485248	577536	512	7.745398
28897265664	28896488448	777216	512	5.116414
92634983936	92634281984	701952	512	5.590580
89462157312	89461343232	814080	512	9.843332
40755403776	40754841600	562176	512	10.416894
33943797248	33943060480	736768	512	5.118525
75027268608	75026549248	719360	512	2.247377
1286594048	1285750784	843264	512	4.433369
74834819584	74834132992	686592	512	4.765900
48979256320	48978347008	909312	512	2.041814
73388739072	73387715072	1024000	512	6.422180
64783973376	64783395840	577536	512	9.480127
12245435904	12244452864	983040	512	2.628954
40903292928	40902751744	541184	512	9.189119
26951261696	26950400000	861696	512	5.959580
76466350080	76465382912	967168	512	7.672345
50919137792	50918308864	828928	512	11.746935
31994248192	31993665536	582656	512	10.351398
71135330816	71134540800	790016	512	11.751099
26803676160	26803072512	603648	512	11.715887
39766748672	39765704704	1043968	512	8.123923
143912013824	143911340032	673792	512	10.524501
18653525504	18652553728	971776	512	12.970637
88337092608	88336394240	698368	512	6.203630
33677830656	33677088256	742400	512	5.033008
9411843072	9411258880	584192	512	10.919005
39411177984	39410261504	916480	512	4.052488
39162653696	39162023936	629760	512	9.254867
158259860992	158259247616	613376	512	8.707347
151648437760	151647434752	1003008	512	7.272055
131262704640	131262047744	656896	512	11.938596
43394627072	43394065408	561664	512	8.792599
79274242048	79273552384	689664	512	2.349445
104743249920	104742597632	652288	512	6.108778
99272306176	99271294976	1011200	512	10.152409
63360372736	63359584768	787968	512	3.667003
91035318784	91034315776	1003008	512	9.312808
4805458432	4804583936	874496	512	6.182897
151176552448	151175849984	702464	512	4.441911
69054929408	69054373376	556032	512	7.790702
55870845952	55870045184	800768	512	5.167032
27921996800	27921210880	785920	512	3.162791
134772064768	134771515904	548864	512	5.975926
133690741248	133690187776	553472	512	5.851667
100768054272	100767152640	901632	512	10.715196
67084611072	67083799040	812032	512	4.967328
25406648832	25405933056	715776	512	8.000151
77385481216	77384799232	681984	512	7.074808
80142947328	80142002176	945152	512	1.875993
27602578944	27601986048	592896	512	10.474055
122405048832	122404076544	972288	512	6.618007
64759968768	64759387648	581120	512	9.401571
86042516480	86041682944	833536	512	3.921983
159260769792	159259823104	946688	512	3.013765
78418952704	78417993728	958976	512	10.418065
127780436992	127779890688	546304	512	6.579954
10958189568	10957328384	861184	512	3.959982
78315125760	78314136064	989696	512	10.407634
13663830528	13662860288	970240	512	4.562058
102597235200	102596625408	609792	512	7.057984
104304385024	104303455232	929792	512	5.241228
43630095360	43629472256	623104	512	7.496661
102389125120	102388348416	776704	512	11.839307
37743613952	37742678528	935424	512	10.301627
37098418688	37097608704	809984	512	12.967552
73099962880	73099034624	928256	512	11.602947
105818525696	105817983488	542208	512	6.842952
82970177024	82969275904	901120	512	2.021511
33020033024	33019367424	665600	512	6.628074
35655383040	35654362112	1020928	512	12.093813
6211197952	6210504704	693248	512	8.612366
109808071680	109807139840	931840	512	3.464887
56737754624	56736962560	792064	512	3.570966
120634742272	120634202112	540160	512	5.871138
127382755840	127381886976	868864	512	10.240141
1617136128	1616467968	668160	512	9.058413
130672095744	130671529472	566272	512	3.480576
62432248320	62431287808	960512	512	11.480213
70583715328	70583006720	708608	512	6.909150
112826584576	112826048512	536064	512	8.199437
8673814016	8673268736	545280	512	11.523472
112297106944	112296102912	1004032	512	6.826875
45911909376	45911139840	769536	512	6.362908
105194979840	105194412544	567296	512	5.441537
6833368064	6832605696	762368	512	5.912646
55629523456	55628950528	572928	512	9.524016
113267879424	113267056640	822784	512	7.085659
82509964800	82509169152	795648	512	4.601782
127175990784	127175003136	987648	512	4.695297
95882241536	95881362432	879104	512	8.020975
81577527808	81576758272	769536	512	3.152811
5780158976	5779429888	729088	512	6.737211
71465837056	71464976384	860672	512	4.042353
119082176512	119081269760	906752	512	2.083253
148161475584	148160701952	773632	512	7.679664
157369670656	157369008128	662528	512	8.139369
60639351808	60638544384	807424	512	5.485720
62888799232	62887979520	819712	512	4.853261
58774212608	58773344768	867840	512	12.628389
94283910656	94283019776	890880	512	1.924917
31368386048	31367787008	599040	512	11.846694
159732691968	159732040704	651264	512	12.950946
136003344384	136002783232	561152	512	2.932061
33958113280	33957452288	660992	512	8.607618
95240366080	95239443456	922624	512	9.989361
10158779904	10158215168	564736	512	9.678934
111525343744	111524802560	541184	512	8.187398
118355369984	118354709504	660480	512	2.718455
77110159360	77109133824	1025536	512	9.673629
118482663424	118482070528	592896	512	6.398383
119954045440	119953335808	709632	512	3.659009
134785344000	134784552960	791040	512	8.901811
138049624576	138048946176	678400	512	11.232778
30471778304	30470878720	899584	512	12.052235
76458521600	76457553408	968192	512	7.685427
101942039040	101941477376	561664	512	8.113541
68576901632	68575940096	961536	512	2.092930
116535760896	116535029248	731648	512	9.659706
38833797632	38832971776	825856	512	6.138575
8217760256	8217231360	528896	512	10.398263
136599562240	136598571008	991232	512	8.118575
149078388224	149077612032	776192	512	7.586141
95652475392	95651505152	970240	512	8.990254
156028411904	156027686912	724992	512	4.867273
59543357440	59542688768	668672	512	8.067781
29567718912	29566782464	936448	512	11.328295
14997125120	14996346368	778752	512	7.086386
87407124480	87406202368	922112	512	10.980747
89590085120	89589140992	944128	512	9.825762
70242651136	70241800704	850432	512	2.450504
104284016640	104283469824	546816	512	7.928353
132397469184	132396579840	889344	512	7.301141
71884370944	71883437568	933376	512	11.990014
9247273472	9246459904	813568	512	3.166671
118896841728	118896273408	568320	512	4.206156
140565506560	140564583936	922624	512	8.966504
28281758208	28281220608	537600	512	2.066357
90233931776	90232941568	990208	512	11.344551
33508813312	33507936256	877056	512	4.787177
78463662080	78463001088	660992	512	4.802467
122011098624	122010260480	838144	512	9.222989
84469771264	84469014016	757248	512	5.398891
5574807552	5574219776	587776	512	10.859268
105633272832	105632742400	530432	512	8.776466
114459315200	114458627072	688128	512	4.166619
138912374784	138911702528	672256	512	2.704533
130582275072	130581492736	782336	512	9.438479
147167428608	147166733824	694784	512	6.431363
40282695680	40281788928	906752	512	2.452906
31441691648	31440793600	898048	512	11.126998
9089550336	9088713216	837120	512	6.184779
42449116160	42448322048	794112	512	4.897742
7402787328	7402177536	609792	512	10.077606
92991526912	92990976000	550912	512	8.792616
47017400832	47016614912	785920	512	4.287309
29317400576	29316670976	729600	512	4.267439
92311105024	92310095872	1009152	512	5.042810
154151115264	154150534656	580608	512	12.321330
94178983424	94178453504	529920	512	7.306894
75121590784	75120925696	665088	512	5.719291
124785678336	124785113600	564736	512	6.088273
157767200256	157766441984	758272	512	3.709558
139779641344	139778883584	757760	512	8.862696
73097784320	73096757248	1027072	512	21.317390
39834235392	39833483776	751616	512	7.043727
93939240960	93938256384	984576	512	8.700052
141636612608	141636028928	583680	512	4.352048
74048341504	74047673344	668160	512	7.259075
29868055552	29867502080	553472	512	10.801154
28641198080	28640297984	900096	512	12.027640
26984063488	26983104512	958976	512	12.672892
2263683072	2263013376	669696	512	7.699114
157124072448	157123414016	658432	512	9.236730
36948369920	36947439616	930304	512	2.028616
21218780160	21218174976	605184	512	9.948789
28317231104	28316428800	802304	512	6.941548
128393543168	128392706048	837120	512	8.530283
98616627712	98616044032	583680	512	7.585754
63120249856	63119383552	866304	512	3.953762
6919950336	6919244800	705536	512	6.638985
58966373888	58965644288	729600	512	2.748871
127250190848	127249248768	942080	512	6.700662
143289644032	143288787456	856576	512	12.923748
156327258112	156326714368	543744	512	2.697693
10830150656	10829389824	760832	512	8.030088
98788303360	98787707392	595968	512	5.550297
32027525632	32026653696	871936	512	5.294359
108132748800	108132006400	742400	512	12.809640
137897464832	137896631296	833536	512	7.073831
79086084096	79085326336	757760	512	2.537190
90173334016	90172782080	551936	512	6.930607
158049125888	158048184832	941056	512	10.676592
126441282048	126440694784	587264	512	4.265450
103879192064	103878649344	542720	512	8.552086
152859373568	152858396672	976896	512	3.798573
5317921792	5316879872	1041920	512	3.388411
89783808000	89783229952	578048	512	8.231987
23136889856	23136250368	639488	512	9.427439
22382669312	22382061568	607744	512	9.894140
123152179712	123151627264	552448	512	6.929653
105203185152	105202476544	708608	512	11.074339
131736222208	131735535104	687104	512	9.278599
147185891840	147185235968	655872	512	7.689717
3901425152	3900739072	686080	512	9.235763
131590449664	131589438464	1011200	512	10.694984
98698335744	98697748480	587264	512	3.744551
43913148416	43912517120	631296	512	9.175956
20205050368	20204361728	688640	512	7.303135
130644561920	130643567616	994304	512	11.113691
41006244352	41005609472	634880	512	9.113766
549798912	549233664	565248	512	11.237345
125089209856	125088485376	724480	512	11.373684
28912575488	28912015360	560128	512	10.682394
65128635904	65127903744	732160	512	4.103723
106428194816	106427441152	753664	512	9.886381
94016868864	94015911936	956928	512	5.976965
110008296960	110007507456	789504	512	8.549343
105472215552	105471173120	1042432	512	6.863820
83889637888	83889064448	573440	512	8.982812
93625890304	93624995840	894464	512	7.861371
108608043520	108607376896	666624	512	5.828162
24655742464	24654930432	812032	512	4.455105
69841118720	69840537088	581632	512	9.327413
7492667392	7491835392	832000	512	6.861362
58612136960	58611388416	748544	512	4.407975
134114586624	134113595392	991232	512	2.384427
52653633536	52652953600	679936	512	5.627468
7092210176	7091276800	933376	512	11.995775
5543800320	5542863360	936960	512	3.400410
76614314496	76613618688	695808	512	5.030151
43644488192	43643455488	1032704	512	8.343789
35689257984	35688419328	838656	512	12.361935
25712627712	25711755776	871936	512	4.047794
7582028288	7581284352	743936	512	7.777758
99451908608	99450891776	1016832	512	8.281346
64664018432	64663176192	842240	512	12.748260
69399937536	69399089664	847872	512	4.275579
6599019520	6598243328	776192	512	5.637253
70707358720	70706824704	534016	512	8.234103
112262770176	112261793280	976896	512	12.831682
80019169792	80018534400	635392	512	7.614407
16067359744	16066403328	956416	512	3.050538
99958952960	99958156288	796672	512	9.531800
51392187904	51391436288	751616	512	6.095247
84237971968	84237179904	792064	512	11.040976
66031463424	66030671360	792064	512	5.309162
65418292224	65417633792	658432	512	7.887093
833543680	832821248	722432	512	6.657004
25740186112	25739360256	825856	512	6.551322
107547030528	107546189312	841216	512	11.345338
88639803904	88638996992	806912	512	12.707980
71143275520	71142483456	792064	512	2.322084
96646791168	96645759488	1031680	512	2.361483
125065759232	125065147392	611840	512	4.884865
104294369792	104293750272	619520	512	4.485876
46449495040	46448895488	599552	512	9.949873
18955853312	18955066368	786944	512	7.594572
25225342976	25224550400	792576	512	6.669281
68001525760	68000479232	1046528	512	5.858937
140133820928	140132856320	964608	512	7.594367
87055821824	87054910464	911360	512	10.492095
63139694080	63138672128	1021952	512	12.074236
120474256896	120473315328	941568	512	7.526172
61996341248	61995732480	608768	512	5.387789
112487754240	112486710784	1043456	512	4.154196
72726719488	72726172160	547328	512	11.774262
3484985856	3484255744	730112	512	6.506012
65520129024	65519253504	875520	512	10.215357
78085167104	78084474368	692736	512	4.047318
14703026176	14702183424	842752	512	2.590258
7805075456	7804106240	969216	512	11.324378
39624524288	39623775232	749056	512	7.070867
114379977728	114379430400	547328	512	7.946557
134920226304	134919333376	892928	512	6.234061
55378600960	55377564672	1036288	512	5.407338
20422630912	20421844480	786432	512	5.449395
112436690944	112435920896	770048	512	9.054717
93089241600	93088249856	991744	512	3.690104
70881982464	70881280000	702464	512	7.103425
109747783680	109746762752	1020928	512	6.486670
49772723200	49771721728	1001472	512	2.797377
34453806080	34453026304	779776	512	6.542354
22605109760	22604061184	1048576	512	2.191711
75140301824	75139472384	829440	512	2.401751
25866626560	25865745920	880640	512	3.365071
148345499648	148344817152	682496	512	10.705002
40687652352	40686724608	927744	512	10.524232
41727053312	41726153216	900096	512	3.088431
95641255936	95640291328	964608	512	9.090507
107238216192	107237352448	863744	512	10.782917
103539552256	103538917376	634880	512	6.017941
50638538752	50637927936	610816	512	9.687642
136079616512	136078985216	631296	512	3.774169
99093062656	99092492288	570368	512	8.371726
140901007872	140900018176	989696	512	2.492260
134015275520	134014364672	910848	512	5.741927
98817893376	98816931840	961536	512	8.610905
69871035904	69870021632	1014272	512	6.574616
114708816384	114707971584	844800	512	12.255140
98205969408	98205052928	916480	512	10.401383
108143398400	108142852096	546304	512	7.951182
113972712960	113972057600	655360	512	2.779018
100171764736	100170745344	1019392	512	2.114234
15167157248	15166234624	922624	512	12.167249
111666963968	111666234880	729088	512	1.970215
674338304	673632256	706048	512	8.544528
94548161536	94547401216	760320	512	4.152239
23457844224	23457014272	829952	512	4.092734
92650163712	92649538560	625152	512	7.234049
61776528896	61775984640	544256	512	8.588283
47109538816	47108784128	754688	512	7.157973
65586148352	65585476096	672256	512	7.619306
118461933056	118461403136	529920	512	7.905204
84048455168	84047728640	726528	512	5.990196
72587059712	72586285568	774144	512	12.097607
114689887232	114689012224	875008	512	5.735978
81799588864	81798851072	737792	512	5.408592
43410568192	43409675776	892416	512	11.237085
118420689408	118419707392	982016	512	11.065656
159895949824	159895396352	553472	512	8.671932
110132257280	110131237888	1019392	512	4.678455
14017466880	14016785408	681472	512	7.456048
24978935808	24978048512	887296	512	3.209955
51092121600	51091594752	526848	512	10.643525
19322259456	19321244672	1014784	512	12.212412
55345152	54562816	782336	512	7.679831
22693871104	22692956160	914944	512	3.293446
129924132352	129923566080	566272	512	6.031452
87584513536	87583888384	625152	512	5.943045
45811555840	45810722304	833536	512	12.133197
144312695296	144312120832	574464	512	4.602342
147702907392	147702072320	835072	512	11.799325
158032774144	158031973376	800768	512	7.027365
12625259520	12624521216	738304	512	7.654379
148644653056	148643706368	946688	512	10.140242
14934673408	14933962752	710656	512	6.940742
148766799872	148766011904	787968	512	2.352911
96764266496	96763607552	658944	512	6.323637
74025378816	74024362496	1016320	512	6.530001
151017618432	151016736768	881664	512	11.113503
34970590208	34969708032	882176	512	3.445788
27592446976	27591556096	890880	512	5.528113
103521595392	103521042432	552960	512	8.307775
23859585024	23858991616	593408	512	10.487790
143271145472	143270554624	590848	512	10.487213
81159368192	81158818304	549888	512	9.343970
146084628992	146083596800	1032192	512	4.366156
23704900096	23704102912	797184	512	2.924899
150585242112	150584638976	603136	512	13.152173
119107238400	119106259456	978944	512	4.843668
27677947392	27676902912	1044480	512	9.201436
11588637696	11587636224	1001472	512	10.701187
86100853760	86100295168	558592	512	9.045137
152217588736	152216950272	638464	512	6.684859
69669040128	69668417024	623104	512	6.200172
52794213888	52793631232	582656	512	9.651502
109371213312	109370331136	882176	512	12.209723
86675439104	86674568192	870912	512	11.320271
57082821120	57081972224	848896	512	11.286830
140714878976	140713862656	1016320	512	5.932775
53157992448	53157302272	690176	512	7.659790
5005277184	5004615680	661504	512	9.165829
57826866176	57826029568	836608	512	3.136322
50707495424	50706471424	1024000	512	8.112645
58423818752	58423148544	670208	512	7.693116
86662848512	86662019584	828928	512	3.525660
150916201472	150915187712	1013760	512	3.819820
108038937088	108038298624	638464	512	3.489818
157204023808	157203168768	855040	512	9.864487
130673334272	130672714240	620032	512	11.274887
39934219264	39933463040	756224	512	7.320767
4947569152	4946759168	809984	512	6.613904
28082137600	28081383936	753664	512	7.787150
110523850752	110522866688	984064	512	3.303117
49039293440	49038671360	622080	512	9.032682
16373484032	16372567552	916480	512	12.351197
117525420544	117524760064	660480	512	4.840930
63939901440	63938864128	1037312	512	9.987747
7734457344	7733682688	774656	512	7.782419
40243329536	40242339328	990208	512	10.984867
53555927040	53555056640	870400	512	3.862697
113927388672	113926707712	680960	512	3.072402
82466937344	82466083840	853504	512	3.427109
75087828992	75087158272	670720	512	7.315900
117843249152	117842488320	760832	512	2.434384
84871722496	84870726144	996352	512	9.921294
63985053696	63984162304	891392	512	3.458177
73843410432	73842763776	646656	512	7.790765
33639015936	33638258176	757760	512	7.334720
146810067456	146809099264	968192	512	2.105670
12892927488	12892136960	790528	512	6.747371
15298397184	15297709568	687616	512	6.748930
89755947520	89755053056	894464	512	12.643719
78748618752	78747858944	759808	512	5.580317
16707832832	16706856448	976384	512	3.546691
12825694208	12824735744	958464	512	2.165821
109123162112	109122614272	547840	512	4.225993
40216860160	40215931904	928256	512	10.461667
119826747392	119825921024	826368	512	9.927193
37616545280	37615708672	836608	512	5.492655
17879317504	17878387200	930304	512	4.382084
58583468544	58582486528	982016	512	8.427796
108052792320	108051894784	897536	512	6.110214
5114141184	5113263104	878080	512	3.721094
77043537920	77042904576	633344	512	5.988678
67419188736	67418627584	561152	512	7.942816
132741392384	132740824576	567808	512	6.019671
133253715456	133253123072	592384	512	4.813564
132895958016	132895089152	868864	512	7.701331
60215877632	60215000064	877568	512	4.200658
137129516032	137128729088	786944	512	9.037605
23242031104	23241101824	929280	512	2.120884
129814806016	129814053888	752128	512	10.251145
62556423168	62555507712	915456	512	12.316371
68940226048	68939424768	801280	512	5.193899
143299607552	143298603520	1004032	512	13.174002
63447042560	63446202368	840192	512	11.032958
101946971648	101946001920	969728	512	8.464367
150674468864	150673432064	1036800	512	11.285655
46513972736	46513385472	587264	512	6.208887
27469669376	27468634112	1035264	512	9.370119
107854141440	107853460992	680448	512	2.465096
101976502784	101975631360	871424	512	7.652411
65297251840	65296228864	1022976	512	6.915265
123663641600	123662796800	844800	512	9.057416
108779268608	108778664448	604160	512	7.178234
84646216704	84645486080	730624	512	4.118582
126819747840	126818715136	1032704	512	3.522595
66466874880	66466048000	826880	512	4.694781
5095000576	5094358016	642560	512	9.944016
150227543040	150226633728	909312	512	7.466952
159098273792	159097624576	649216	512	6.981668
115136753152	115136132096	621056	512	3.986430
151715772928	151714944512	828416	512	4.826151
29195629568	29194975744	653824	512	9.020015
42057312256	42056357888	954368	512	9.938578
8098047488	8097001984	1045504	512	11.950380
47526582784	47525912064	670720	512	8.676791
159015531520	159014485504	1046016	512	2.294481
22743007232	22742206976	800256	512	7.037422
42838699520	42837745152	954368	512	4.058940
96165849600	96164993024	856576	512	11.945497
91938956288	91938411008	545280	512	7.076046
107889338368	107888331264	1007104	512	3.183376
132768768	132126720	642048	512	8.135656
70310176768	70309149696	1027072	512	6.312749
78603960832	78603072512	888320	512	2.570230
48489152000	48488461824	690176	512	4.071844
114445700096	114444903424	796672	512	10.921767
109055662080	109054841856	820224	512	12.784131
95370301440	95369635328	666112	512	6.570729
102305932288	102305264640	667648	512	5.763444
150741762560	150740966400	796160	512	5.493067
73865860608	73865067008	793600	512	4.862697
130663239168	130662540800	698368	512	8.868410
24809421312	24808710144	711168	512	8.450004
44541806080	44540871168	934912	512	10.006835
73182183936	73181203456	980480	512	7.424721
37033262080	37032244736	1017344	512	2.830236
146154643456	146153659392	984064	512	11.669291
35101293568	35100572160	721408	512	7.524849
63549145088	63548256256	888832	512	3.519782
113632499712	113631630336	869376	512	6.398354
40805643264	40804779520	863744	512	5.453916
48722231296	48721518592	712704	512	3.578019
103717161984	103716478976	683008	512	4.799504
136277656576	136276844544	812032	512	7.677091
77955127296	77954088960	1038336	512	9.379433
80545485824	80544806400	679424	512	7.148777
77105891328	77105103360	787968	512	5.008656
25258524672	25257516544	1008128	512	3.530166
54689238016	54688614400	623616	512	8.879233
22794909696	22793861632	1048064	512	9.131896
113997075456	113996362240	713216	512	12.340818
49227115520	49226279424	836096	512	5.150928
96644877824	96643915264	962560	512	5.743309
127373699584	127372766208	933376	512	1.943076
19390189056	19389566976	622080	512	10.282166
48415467008	48414614528	852480	512	5.448155
144614236672	144613590528	646144	512	11.984612
138979921408	138978897920	1023488	512	7.194610
71992473600	71991794688	678912	512	7.055259
54632960000	54632000512	959488	512	11.405810
137153995776	137153239552	756224	512	9.199520
65527406592	65526710272	696320	512	4.851856
89090773504	89089726976	1046528	512	8.454124
124764932608	124764268032	664576	512	3.596060
26938037760	26937499136	538624	512	2.070634
77015457792	77014818304	639488	512	7.941919
122986298368	122985457152	841216	512	9.181982
94818456576	94817799680	656896	512	6.796685
60837926400	60836983296	943104	512	12.308416
44645732864	44645109248	623616	512	11.282905
30225585152	30224572416	1012736	512	12.738081
25230027776	25229321216	706560	512	8.134373
136159184384	136158491136	693248	512	8.128897
121916879360	121916197888	681472	512	2.444441
60610124800	60609448448	676352	512	7.899345
91818071040	91817486336	584704	512	8.530329
41715189248	41714189312	999936	512	3.113065
82222129664	82221545472	584192	512	6.614009
42292212736	42291560960	651776	512	6.903882
60966120448	60965142016	978432	512	11.132874
157455914496	157454935040	979456	512	10.998229
118586262016	118585636352	625664	512	11.863103
37280742400	37280164352	578048	512	8.447954
61267317760	61266313728	1004032	512	11.182718
116228011520	116227478528	532992	512	5.803593
71620055040	71619346432	708608	512	6.938320
20464186368	20463305216	881152	512	3.669668
42586728960	42586035200	693760	512	8.053349
31808594944	31807721984	872960	512	5.324981
14264160256	14263556608	603648	512	8.924721
77297515008	77296969728	545280	512	9.775616
147057471488	147056866304	605184	512	12.470969
116812276224	116811554816	721408	512	12.718641
127634988544	127633990656	997888	512	4.417961
110473687040	110473034752	652288	512	3.755968
56976901632	56976131072	770560	512	6.150779
16742682624	16741784576	898048	512	3.093657
7293655552	7293041152	614400	512	8.789667
152380929024	152380087808	841216	512	4.445357
102888328192	102887499264	828928	512	7.908837
136675397120	136674748416	648704	512	12.671293
145210681344	145209754112	927232	512	2.261172
82795268608	82794648064	620544	512	6.010682
3598196736	3597513216	683520	512	9.266561
62513166848	62512243200	923648	512	12.174339
30955529216	30954739712	789504	512	4.848016
135904488960	135903941632	547328	512	5.949372
9780503552	9779744768	758784	512	5.760096
5699606016	5698636288	969728	512	2.159719
149197533184	149196512256	1020928	512	9.946966
58750149120	58749363200	785920	512	3.354416
157838530560	157837573120	957440	512	7.861108
55169081856	55168393728	688128	512	5.487523
122633726976	122632990720	736256	512	11.742639
158419674624	158418699264	975360	512	7.241752
128909024256	128908367872	656384	512	1.992607
141207272448	141206636544	635904	512	2.901908
56810117120	56809493504	623616	512	8.863664
138514200576	138513183232	1017344	512	11.449703
197955072	197280256	674816	512	8.948428
70644656128	70644072448	583680	512	9.349347
133472375296	133471790592	584704	512	5.343345
155004606976	155004055552	551424	512	12.645652
34373439488	34372525056	914432	512	10.771984
95478243840	95477548544	695296	512	5.517517
60376914944	60376000512	914432	512	12.843539
90250718208	90249927680	790528	512	4.321351
74383786496	74383164416	622080	512	8.241620
86765644800	86765033984	610816	512	3.702150
52913468928	52912740352	728576	512	6.568763
25234337280	25233619456	717824	512	7.955031
63006508032	63005891584	616448	512	6.666831
140460532736	140459908096	624640	512	12.559328
130424626688	130423911936	714752	512	11.650698
55005765120	55005004800	760320	512	4.155334
129350292480	129349624320	668160	512	12.426254
109996600832	109995831296	769536	512	10.858286
74803582464	74802545664	1036800	512	6.053929
89997910016	89996959232	950784	512	4.664524
90186830848	90185889792	941056	512	6.920222
70546695680	70545747968	947712	512	11.739495
20248763904	20247953408	810496	512	6.337888
47174553600	47173756928	796672	512	3.605586
122684752896	122683939840	813056	512	7.929791
58096135168	58095206400	928768	512	12.552222
40860055040	40859331584	723456	512	7.918221
104494747136	104493891072	856064	512	7.201864
47502623744	47501651968	971776	512	3.342274
105856541696	105855926272	615424	512	6.406889
19046440448	19045500928	939520	512	2.577296
59416395264	59415758336	636928	512	6.526336
34191512064	34190848512	663552	512	8.536485
121792915968	121792089600	826368	512	10.115952
66961642496	66960937472	705024	512	2.907550
115232013312	115231054336	958976	512	7.820738
102679867392	102679290880	576512	512	7.238499
9751486464	9750678016	808448	512	6.663315
123937741312	123937032704	708608	512	3.564478
32483453440	32482516992	936448	512	4.215895
11934596608	11933983744	612864	512	9.824727
12258756096	12257900032	856064	512	6.463212
53813932032	53813081088	850944	512	4.654973
54934775808	54934172672	603136	512	7.225353
103972101120	103971296256	804864	512	8.525796
108674096128	108673487360	608768	512	4.731980
124881490944	124880849408	641536	512	4.670584
131944780800	131943740928	1039872	512	3.364358
5896718336	5896057344	660992	512	9.191634
51770728448	51769711616	1016832	512	7.651707
129959692288	129959054848	637440	512	10.190122
71105818624	71104980992	837632	512	10.614017
82311676928	82310938624	738304	512	3.978341
11486401536	11485861376	540160	512	11.235430
76015537152	76014928896	608256	512	6.560226
95228361728	95227414528	947200	512	11.904031
130643013632	130642205696	807936	512	5.671118
71912986624	71912201728	784896	512	3.709147
5627084800	5626234880	849920	512	4.244114
125841545216	125840668672	876544	512	8.302051
10819873792	10819102720	771072	512	7.861139
122730400768	122729797120	603648	512	12.501352
152316331008	152315591680	739328	512	3.015257
122183664128	122183005696	658432	512	4.280483
130102392320	130101731840	660480	512	3.667440
68448800256	68448246784	553472	512	7.831986
117159220736	117158387200	833536	512	10.071593
10068089856	10067239936	849920	512	6.598507
153916182528	153915280384	902144	512	2.639593
127701630976	127700832256	798720	512	10.227321
80737368064	80736726528	641536	512	7.863004
11425678848	11425112064	566784	512	10.779608
14900640256	14900028416	611840	512	10.464562
81758282240	81757697536	584704	512	8.528277
69214243328	69213261312	982016	512	12.864249
152572649472	152571628544	1020928	512	11.499920
22780384256	22779776000	608256	512	8.450384
6632788480	6632187904	600576	512	10.202575
24284252672	24283282432	970240	512	12.876848
44933630464	44933089280	541184	512	8.999216
63890406400	63889875456	530944	512	10.329256
150202659840	150201781248	878592	512	2.981706
31756876288	31756237312	638976	512	9.019918
151575822848	151574958592	864256	512	13.800842
59146056704	59145250304	806400	512	5.491253
96850781184	96850246656	534528	512	7.146048
85299313152	85298374656	938496	512	10.576551
54587943424	54587230720	712704	512	5.068455
39229529088	39228718080	811008	512	6.408846
75788600320	75787951104	649216	512	7.713788
86487976448	86486991872	984576	512	8.951722
62866923520	62866149376	774144	512	5.698942
98787234816	98786394112	840704	512	2.033385
81481273856	81480673792	600064	512	8.607295
69248543232	69247995904	547328	512	6.158123
6093473792	6092654592	819200	512	3.047349
60524001792	60523467264	534528	512	10.246679
133979639808	133978695680	944128	512	4.833987
44797581312	44796611072	970240	512	12.070166
23723826688	23723077120	749568	512	5.675985
24445841408	24444867072	974336	512	5.218792
50555289088	50554492416	796672	512	4.021485
115185751552	115184906752	844800	512	6.571053
134457369600	134456640000	729600	512	10.521625
73211983360	73211364352	619008	512	4.528245
148386438144	148385460736	977408	512	5.114439
158756193280	158755203584	989696	512	8.792556
102744168960	102743246848	922112	512	5.446442
159193771008	159193089024	681984	512	9.863782
9277614592	9276882432	732160	512	7.959715
86345572352	86344658944	913408	512	12.242937
82840428032	82839721984	706048	512	1.964843
77466513408	77465973248	540160	512	8.073003
84840097280	84839479296	617984	512	8.153467
151656483840	151655704064	779776	512	4.987624
41266868736	41266100736	768000	512	7.173544
109241910784	109241290752	620032	512	6.212027
31939711488	31939174400	537088	512	10.828087
134744180736	134743296512	884224	512	6.443793
31780247040	31779367936	879104	512	3.445921
51000322048	50999499776	822272	512	3.008715
15583120896	15582206464	914432	512	5.525834
60621616128	60621012992	603136	512	9.277461
60117248512	60116700160	548352	512	9.993556
41629596672	41629071360	525312	512	11.050068
68024015360	68023280128	735232	512	3.660168
108298293248	108297274368	1018880	512	7.406492
46097673216	46097078784	594432	512	9.589157
66982624768	66982076928	547840	512	8.205590
1092670464	1091982848	687616	512	7.361890
29854513664	29853529088	984576	512	3.332815
111248375808	111247849472	526336	512	8.384646
152620241408	152619580416	660992	512	9.878595
105249340928	105248537600	803328	512	12.115681
126713689088	126713026048	663040	512	11.773864
46619033600	46618133504	900096	512	4.614176
44029596160	44028568576	1027584	512	11.685144
26670979072	26670256128	722944	512	8.279602
136521104896	136520492544	612352	512	2.484169
137854136832	137853304832	832000	512	7.806080
134256411648	134255385600	1026048	512	12.599965
67839156224	67838415360	740864	512	2.148173
56336913920	56336311296	602624	512	9.236185
43379233792	43378355200	878592	512	11.535600
134625264640	134624706560	558080	512	5.651236
22920296960	22919407104	889856	512	3.661901
59827208192	59826410496	797696	512	12.403616
57425339392	57424790528	548864	512	10.231650
113203533312	113202698240	835072	512	10.695177
63555215872	63554668544	547328	512	10.061483
53932685312	53932109824	575488	512	9.498768
141775283200	141774360064	923136	512	2.527426
9213744128	9213032960	711168	512	6.886681
97554364928	97553831936	532992	512	8.699386
47033900544	47033277440	623104	512	9.032836
131269808640	131268822016	986624	512	11.443355
4020937728	4020064256	873472	512	5.554796
33652719616	33651971584	748032	512	5.732821
114332358144	114331514368	843776	512	5.308837
32082727424	32081955840	771584	512	4.428001
30813741568	30813171712	569856	512	10.510256
134484170752	134483207680	963072	512	13.971443
142732155904	142731542528	613376	512	12.877963
138342268928	138341696000	572928	512	4.833402
102900077056	102899065856	1011200	512	3.082304
85333630464	85332681216	949248	512	10.395100
145488491008	145487870464	620544	512	11.395893
23992466944	23991911936	555008	512	9.540128
94513614336	94512693760	920576	512	10.006988
107681583616	107680583168	1000448	512	3.415053
75388696576	75387929088	767488	512	5.373406
17150217216	17149467136	750080	512	7.437835
58978909184	58978185728	723456	512	4.698628
50919831552	50919074304	757248	512	4.033572
30803291136	30802335744	955392	512	2.028599
65612449792	65611521024	928768	512	12.114829
76466960384	76466376704	583680	512	7.089698
37910416384	37909770752	645632	512	9.160228
47061307904	47060484096	823808	512	4.190181
31978058752	31977065984	992768	512	12.051666
90397787648	90397253632	534016	512	7.347220
158228787200	158228089856	697344	512	5.829689
123374061056	123373130752	930304	512	12.505272
154665144320	154664562176	582144	512	10.744616
150694126080	150693387264	738816	512	8.657524
132272505856	132271690752	815104	512	10.854985
6726699008	6725916160	782848	512	7.674478
57725737984	57724698112	1039872	512	7.153568
72981310464	72980735488	574976	512	7.319901
4488194048	4487425024	769024	512	7.343479
4310400000	4309854720	545280	512	11.545416
152632399360	152631573504	825856	512	3.152183
159396423680	159395430912	992768	512	7.637898
70256982528	70256259584	722944	512	6.676327
2145959424	2145184768	774656	512	7.241479
152998904320	152997882880	1021440	512	8.364102
80185455104	80184740864	714240	512	6.043362
131855170560	131854198784	971776	512	4.582529
80053506048	80052526080	979968	512	6.617291
104583601152	104582858752	742400	512	4.123316
26051054592	26050102272	952320	512	11.010915
68291661312	68290898944	762368	512	5.927753
84515328512	84514659840	668672	512	6.794850
156345402368	156344857088	545280	512	11.027238
27686351872	27685530112	821760	512	2.486372
69189799936	69189017600	782336	512	5.547852
58089071104	58088279040	792064	512	3.983054
133553970688	133553245696	724992	512	10.612027
121280261632	121279250944	1010688	512	5.872534
62118584320	62117782016	802304	512	5.129124
11700921344	11699931648	989696	512	3.252694
72160806400	72160016384	790016	512	2.353328
114099451392	114098685952	765440	512	12.280022
50372608000	50371883520	724480	512	18.281602
155237585920	155236685824	900096	512	3.048384
114019507712	114018603008	904704	512	9.119282
118274027008	118273252352	774656	512	7.616354
148665921536	148665340928	580608	512	2.070759
64231985664	64231166464	819200	512	2.940302
123027523072	123026684416	838656	512	5.819523
3224351744	3223674368	677376	512	7.542092
27333856768	27333190144	666624	512	8.860607
2550825472	2549784064	1041408	512	9.836917
101591645184	101590626304	1018880	512	7.318788
21191134208	21190103552	1030656	512	2.497438
109213810176	109213188096	622080	512	6.208159
114188664832	114187851776	813056	512	8.703114
124089557504	124088734720	822784	512	10.179293
24421593600	24420774912	818688	512	2.546743
3620920320	3619917312	1003008	512	2.278369
16182357504	16181665792	691712	512	7.309988
9751754752	9750948352	806400	512	6.723147
132265388032	132264395776	992256	512	4.594397
141667731968	141667199488	532480	512	3.418415
19806129152	19805288960	840192	512	5.899617
20148878848	20147875328	1003520	512	4.048076
121601633280	121601098240	535040	512	7.715133
139195180544	139194364928	815616	512	8.247882
122399537152	122398899712	637440	512	2.205197
156282089984	156281298944	791040	512	7.365998
40325202432	40324280832	921600	512	2.186793
139879477760	139878772224	705536	512	6.709422
22992852480	22992213504	638976	512	7.858985
36286518784	36285661184	857600	512	5.608983
41639970304	41638964736	1005568	512	2.522571
95325203968	95324444672	759296	512	10.900305
129192395264	129191648256	747008	512	10.780444
118030281216	118029308416	972800	512	6.316960
26530593280	26530036736	556544	512	9.487890
52724963840	52723953664	1010176	512	10.535384
65017183232	65016188416	994816	512	10.816695
102148468224	102147691008	777216	512	12.682990
145061354496	145060435456	919040	512	3.524067
65996436992	65995601920	835072	512	4.568519
58541074432	58540184064	890368	512	10.367725
61577175552	61576479232	696320	512	5.383691
61040513024	61039567360	945664	512	12.212189
81672249344	81671458304	791040	512	11.040361
9300156928	9299297280	859648	512	5.880178
86814761984	86813999104	762880	512	4.855540
110064333312	110063794688	538624	512	8.132832
97695848960	97694806528	1042432	512	6.895022
73796086784	73795544064	542720	512	8.036057
144275641856	144274631680	1010176	512	6.092600
4848755712	4847846400	909312	512	5.616098
149685896192	149685061632	834560	512	10.056031
157620594176	157619573760	1020416	512	5.770590
58593441280	58592495104	946176	512	9.167808
19681723392	19680811520	911872	512	3.792854
7768636928	7767780352	856576	512	2.346326
30929538560	30928523776	1014784	512	3.383116
93289998336	93289001472	996864	512	9.439825
106908153344	106907181568	971776	512	7.546871
152160323072	152159312896	1010176	512	7.030569
78236174336	78235484672	689664	512	2.338200
113222002688	113221331968	670720	512	3.353647
47851001344	47850272256	729088	512	5.053564
123736833536	123736161792	671744	512	2.629845
129421275136	129420279296	995840	512	11.187612
62695716864	62695191552	525312	512	1.106996
17630217728	17629608960	608768	512	9.904067
84552721920	84552060416	661504	512	6.942793
133706131456	133705083904	1047552	512	11.460327
21610887168	21610294272	592896	512	8.745564
140910560256	140909784576	775680	512	8.421789
58510720000	58509839360	880640	512	4.067865
121068195328	121067447808	747520	512	8.402209
14416061952	14415155712	906240	512	5.694561
100865897472	100864897536	999936	512	7.778506
100850263040	100849687552	575488	512	7.799893
119616693248	119615647232	1046016	512	5.068987
41210078208	41209366528	711680	512	7.745934
39893185024	39892394496	790528	512	6.752621
106739366400	106738407936	958464	512	7.896628
39127820800	39126894592	926208	512	10.570000
35036508672	35035810816	697856	512	5.946799
102128705536	102127870976	834560	512	11.472943
73923149824	73922528768	621056	512	8.245580
147606020096	147605467136	552960	512	13.528044
4970541056	4969644032	897024	512	3.387970
70259088384	70258446848	641536	512	8.186739
84584723456	84583817216	906240	512	8.379944
80818783744	80817907712	876032	512	2.805954
71969930240	71969374720	555520	512	7.664082
155381172736	155380273152	899584	512	9.691456
122801732096	122801064960	667136	512	2.298393
31595936256	31595187712	748544	512	7.461837
79146146304	79145522688	623616	512	6.466138
72656365056	72655379968	985088	512	11.024741
26638560768	26637706240	854528	512	5.526711
127433915904	127433056768	859136	512	8.709076
109775308288	109774566912	741376	512	3.499406
23578440192	23577901568	538624	512	1.645467
3061190656	3060214272	976384	512	3.822275
10844123648	10843539456	584192	512	10.922997
48285089792	48284149248	940544	512	9.905156
109521923072	109521020416	902656	512	9.959108
83696501760	83695698944	802816	512	2.692369
53060350976	53059344896	1006080	512	7.880046
9303854080	9302860800	993280	512	12.873435
77972838400	77972037632	800768	512	4.241276
121969280512	121968388096	892416	512	14.527597
109662193152	109661608448	584704	512	5.003113
32975398400	32974860800	537600	512	1.797960
158183559680	158182640128	919552	512	10.846592
68192712704	68192091648	621056	512	8.598436
118511200256	118510537728	662528	512	2.716362
106998935552	106998018048	917504	512	5.557059
93766589440	93765689856	899584	512	10.509166
114555525632	114554716672	808960	512	1.957366
109639088640	109638470656	617984	512	4.114941
90935068672	90934344192	724480	512	5.198116
80947090432	80946317312	773120	512	3.529717
3858590720	3857757696	833024	512	5.070472
61471366144	61470620672	745472	512	4.764651
18096361984	18095453696	908288	512	12.469948
136367472128	136366637056	835072	512	7.702021
54287232000	54286243840	988160	512	11.473519
104829357056	104828541440	815616	512	8.277432
65952803328	65951825408	977920	512	7.861982
104641484288	104640890368	593920	512	5.115112
126938618880	126937704960	913920	512	7.365778
2301438976	2300708352	730624	512	6.505629
43218309632	43217475584	834048	512	3.735023
138085899776	138085292544	607232	512	10.766833
55680752640	55679977984	774656	512	5.680622
130481568768	130480783872	784896	512	6.365823
81529588224	81528553472	1034752	512	11.254986
145126315008	145125669888	645120	512	8.677810
72614505472	72613640704	864768	512	3.983171
109232142848	109231262720	880128	512	9.661314
5907632128	5907068416	563712	512	10.864434
141351631872	141350760448	871424	512	5.751754
74558065152	74557503488	561664	512	9.442038
81965983744	81965458944	524800	512	9.740804
112064333312	112063306240	1027072	512	11.501264
43307405824	43306742272	663552	512	8.950957
105994704896	105994150912	553984	512	8.296489
49094821376	49094283264	538112	512	11.000916
78268288000	78267273216	1014784	512	5.803377
138126776320	138126066176	710144	512	7.592791
136843687424	136842944512	742912	512	11.362193
77883200512	77882509312	691200	512	4.110710
61403423232	61402862592	560640	512	9.759489
127768677376	127767633920	1043456	512	12.614645
46238327296	46237428224	899072	512	2.857879
79759520256	79758503936	1016320	512	9.272326
109729523200	109728515584	1007616	512	6.781216
128884740608	128883830784	909824	512	4.904765
2165702656	2164909568	793088	512	7.532165
12539821568	12538799104	1022464	512	10.302226
82513812480	82512865792	946688	512	10.924939
149724866048	149723999744	866304	512	5.027148
89628404736	89627553792	850944	512	8.922122
74297768448	74297158144	610304	512	8.483393
84758495232	84757953024	542208	512	9.363809
136173242880	136172296704	946176	512	9.549338
158254336000	158253754368	581632	512	9.819344
29647783424	29647052288	731136	512	5.911283
3845911040	3845036032	875008	512	6.164252
19303005184	19302216704	788480	512	4.987363
141975900672	141974965760	934912	512	8.602173
48336412672	48335650816	761856	512	6.509182
2353460736	2352793600	667136	512	9.074003
49097515008	49096695808	819200	512	6.051447
6762802176	6761776128	1026048	512	1.932078
8280844800	8280109568	735232	512	6.468177
154744596480	154743727616	868864	512	2.519906
41379500544	41378560512	940032	512	12.047661
93571020288	93570394112	626176	512	7.189946
53299299328	53298352640	946688	512	2.409104
102394030592	102393434624	595968	512	3.521909
50934182912	50933522944	659968	512	6.040612
9296269312	9295322624	946688	512	4.316748
63973838336	63972934656	903680	512	3.225345
61310802944	61310266880	536064	512	8.762096
12880790528	12880123904	666624	512	8.923831
65245936128	65244963328	972800	512	11.210130
150075344896	150074442752	902144	512	11.614784
140405865472	140405274624	590848	512	1.794026
7834633728	7833772032	861696	512	3.987773
16729248256	16728642560	605696	512	9.904097
55408439296	55407857664	581632	512	7.782735
101934550016	101933756928	793088	512	12.363461
64061396480	64060773888	622592	512	6.532393
110677621248	110676825088	796160	512	8.424844
132468271104	132467379712	891392	512	6.619025
85872929792	85872146944	782848	512	3.072909
114664011264	114662980096	1031168	512	10.759603
115421016576	115420226560	790016	512	11.721372
64117075968	64116259328	816640	512	3.087574
126125284352	126124560896	723456	512	12.046204
86550889984	86550343168	546816	512	7.017667
22497769984	22496756736	1013248	512	12.626775
56346830336	56345785344	1044992	512	10.372699
10578213376	10577172480	1040896	512	3.466972
25312232448	25311326208	906240	512	5.094126
144211996672	144211284480	712192	512	9.423848
114467294720	114466471936	822784	512	10.299462
22805424640	22804705280	719360	512	4.485552
59786899968	59786199040	700928	512	7.431335
109114496512	109113921536	574976	512	5.259196
96869442560	96868603904	838656	512	12.339578
26545522176	26544812544	709632	512	6.469097
113317892096	113317143040	749056	512	9.641124
135151160320	135150394368	765952	512	9.986351
144893102080	144892108288	993792	512	11.711105
56051389440	56050345984	1043456	512	9.902358
3732692480	3731739136	953344	512	11.627770
133500555264	133499631104	924160	512	5.896992
64791420416	64790754816	665600	512	5.990134
21873324544	21872618496	706048	512	4.700067
154349042176	154348351488	690688	512	7.823911
35229853184	35229032960	820224	512	6.250496
156636357120	156635814912	542208	512	8.076699
6071655936	6070877184	778752	512	5.622661
19692520960	19691740160	780800	512	5.910674
33603455488	33602574848	880640	512	5.152898
36284806656	36284150272	656384	512	9.010196
45314636288	45313736192	900096	512	2.795028
25654387200	25653393920	993280	512	12.470889
108868705792	108868092928	612864	512	6.457617
52696775168	52695733760	1041408	512	9.940114
131586761728	131586182144	579584	512	12.473299
130134896128	130134189568	706560	512	11.408721
79659016192	79658048000	968192	512	6.879995
21258873856	21258061824	812032	512	6.313339
155957043200	155956407296	635904	512	8.991631
44433287168	44432547840	739328	512	7.446723
102569694208	102568763904	930304	512	5.262734
1545777152	1544858112	919040	512	2.926831
12633033216	12632324096	709120	512	8.242554
155842662912	155841800192	862720	512	10.925866
641095168	640431616	663552	512	9.189440
51419922944	51419315200	607744	512	8.833110
29119308800	29118346752	962048	512	12.610019
131035671552	131034956288	715264	512	11.562600
11690092032	11689105408	986624	512	3.376186
95555478016	95554517504	960512	512	9.735384
143871938048	143871033856	904192	512	4.818316
38817756672	38817163776	592896	512	10.152977
141319415808	141318401024	1014784	512	12.890084
8980337664	8979769856	567808	512	9.629999
18113185280	18112224256	961024	512	2.027897
118295686656	118295027712	658944	512	4.858354
156914472960	156913823232	649728	512	8.559862
134911800320	134911027200	773120	512	9.385776
123005455872	123004814336	641536	512	4.729994
82847323648	82846376960	946688	512	7.401097
110369052672	110368079872	972800	512	7.572207
73194357760	73193796608	561152	512	7.608479
10219316736	10218290688	1026048	512	12.331828
128479522304	128478558208	964096	512	12.111910
48006645760	48005808128	837632	512	3.927572
12020589568	12019970560	619008	512	10.334287
78118030848	78117455360	575488	512	9.134149
55845697024	55844691456	1005568	512	10.656814
115674212352	115673280512	931840	512	7.765896
121799938560	121799220224	718336	512	12.679197
151510647808	151509883904	763904	512	5.485902
14120397824	14119685632	712192	512	8.845820
85982975488	85982211584	763904	512	11.732942
70984495616	70983472640	1022976	512	10.278874
153376427008	153375851520	575488	512	8.238392
48640619008	48639979520	639488	512	9.232301
155279389696	155278629376	760320	512	4.858934
50660237312	50659196928	1040384	512	11.461776
148849959424	148849391616	567808	512	12.469866
110806984704	110806425600	559104	512	7.691510
34701353472	34700662784	690688	512	8.497117
33651743744	33651201536	542208	512	11.064359
20323173888	20322400768	773120	512	5.274027
87888621056	87887724544	896512	512	7.821107
100200054784	100199072768	982016	512	9.014203
118101535232	118100663808	871424	512	4.851505
112576519168	112575950336	568832	512	3.382727
98918351360	98917584384	766976	512	2.442167
136984382464	136983501824	880640	512	6.545319
101111227904	101110346752	881152	512	11.153593
156439855104	156439212032	643072	512	8.764520
809887232	809159680	727552	512	4.751391
74319915008	74318972416	942592	512	11.301593
3356643840	3355777024	866816	512	6.270179
67173954560	67173187584	766976	512	3.349151
101502097920	101501286400	811520	512	12.631806
59229770752	59229093376	677376	512	3.929891
152535592448	152534993920	598528	512	12.610077
22304094208	22303121408	972800	512	10.623912
68816813568	68816155648	657920	512	7.903581
138398977536	138397942784	1034752	512	6.816421
142394808320	142394174976	633344	512	11.672817
20121012736	20120112640	900096	512	5.770295
130506297344	130505604608	692736	512	9.115393
14916598272	14915992576	605696	512	10.568339
157067269120	157066658304	610816	512	8.820391
22371175424	22370200576	974848	512	3.467906
128989377024	128988559360	817664	512	9.744948
24547472384	24546738688	733696	512	8.132674
63215279616	63214453760	825856	512	11.359436
46325620224	46324914176	706048	512	5.733918
89749013504	89748471808	541696	512	8.974142
54605405696	54604871168	534528	512	10.107721
61252204032	61251547648	656384	512	8.275117
87635017728	87634368000	649728	512	6.699047
84164249088	84163696640	552448	512	9.240858
102449649152	102449084416	564736	512	8.481628
6141911040	6141252096	658944	512	9.195409
135396413440	135395704320	709120	512	11.030766
98609894912	98609143296	751616	512	2.167229
9176038912	9175312896	726016	512	8.418416
8773253120	8772386304	866816	512	5.701720
21531381760	21530335232	1046528	512	2.853306
99695801856	99694760960	1040896	512	7.780987
56899188224	56898267648	920576	512	9.735952
144585302016	144584645632	656384	512	11.658706
89061310464	89060401664	908800	512	7.508977
114198537728	114197739520	798208	512	2.214099
39585922560	39585004544	918016	512	12.487580
72545679360	72544962560	716800	512	4.996507
25056296960	25055443456	853504	512	6.116166
35765184000	35764210688	973312	512	12.333016
159220823552	159220202496	621056	512	7.993910
146179595776	146178777600	818176	512	5.516294
69855457280	69854806528	650752	512	7.999292
158446056448	158445506048	550400	512	2.444804
26804575232	26803726336	848896	512	5.655674
37185795584	37185064448	731136	512	7.785266
47249214976	47248356864	858112	512	2.969885
123862315520	123861704704	610816	512	2.989779
33245737472	33245021696	715776	512	5.613859
88511454208	88510703104	751104	512	3.370060
159443622912	159442770944	851968	512	10.896475
27299692544	27299160064	532480	512	11.220342
142427535360	142426624512	910848	512	11.170669
6426898432	6426119680	778752	512	7.167673
2075424768	2074889728	535040	512	11.412965
6670892544	6670151680	740864	512	7.814142
115444018688	115443469824	548864	512	7.859964
65642796544	65642210816	585728	512	9.308238
27435509248	27434652160	857088	512	12.887920
109592275456	109591662080	613376	512	6.431148
69690626560	69689653248	973312	512	7.547153
112250579456	112249588224	991232	512	3.031749
94788207104	94787404288	802816	512	11.639373
75629110784	75628534784	576000	512	5.519020
133243430400	133242393088	1037312	512	11.707928
131998100992	131997515776	585216	512	5.285416
128558738944	128557810688	928256	512	6.212206
98875642368	98874849280	793088	512	9.655501
2938808832	2938034688	774144	512	7.776788
26939146752	26938303488	843264	512	6.277481
152021297664	152020554752	742912	512	6.182257
79076265472	79075623936	641536	512	5.235337
89798966272	89798356992	609280	512	5.525280
33327597056	33326848000	749056	512	7.046905
24997983232	24997310976	672256	512	8.776045
106685716480	106685169152	547328	512	8.381521
87376601088	87376025600	575488	512	8.701436
151598544896	151597685248	859648	512	2.159529
12401749504	12400869376	880128	512	5.186304
36031279616	36030604800	674816	512	8.405564
86141489664	86140783616	706048	512	6.008637
81287682560	81286736384	946176	512	11.233677
95130097664	95129484288	613376	512	5.223185
144507689984	144507158528	531456	512	5.281960
34380788736	34380149248	639488	512	7.161226
125695208448	125694298624	909824	512	6.663307
147577582080	147576629248	952832	512	7.147123
52279973376	52279035904	937472	512	11.923480
130198283264	130197742592	540672	512	2.505416
1236560896	1235646464	914432	512	5.439393
11814320640	11813306880	1013760	512	3.897287
30862089728	30861475328	614400	512	10.114131
96450954752	96450250240	704512	512	12.251534
51774176256	51773576704	599552	512	5.581180
133957833728	133957135872	697856	512	11.729287
23840667136	23839760896	906240	512	3.440649
52465686016	52465047552	638464	512	8.278324
38750583808	38749537280	1046528	512	11.093340
37454355456	37453792768	562688	512	10.694438
106709376512	106708711424	665088	512	4.039766
90727404544	90726372864	1031680	512	7.992060
36362718208	36361740288	977920	512	14.548003
86725202432	86724430848	771584	512	2.324074
57208296960	57207454720	842240	512	4.807844
76150776832	76150171136	605696	512	8.518019
139863936000	139863378944	557056	512	11.566340
672135680	671302656	833024	512	6.247131
134314580992	134314028544	552448	512	4.088860
53615280640	53614445568	835072	512	4.971890
30238988800	30238123008	865792	512	12.714662
20023308288	20022528512	779776	512	6.952115
149185049088	149184040448	1008640	512	10.266104
91310452736	91309617664	835072	512	2.806606
115735934976	115735047680	887296	512	11.277109
63875626496	63874850304	776192	512	12.442124
36150630400	36149698560	931840	512	10.427822
44769127936	44768226816	901120	512	2.189235
58770286080	58769237504	1048576	512	5.136679
76561082880	76560228352	854528	512	1.913548
144193932800	144193183744	749056	512	9.110370
81169169408	81168628224	541184	512	9.529671
145599119872	145598393344	726528	512	8.240606
138123907072	138123121664	785408	512	3.501952
109738553856	109737930240	623616	512	4.422945
22766163968	22765196288	967680	512	10.803685
46159162880	46158422528	740352	512	6.923547
97360446464	97359844864	601600	512	7.197569
21543757312	21543168512	588800	512	10.551190
19246851072	19246210048	641024	512	8.246670
84167682560	84166952448	730112	512	5.589299
33902168064	33901438464	729600	512	3.487665
109923789312	109923112448	676864	512	5.037089
28214255616	28213483008	772608	512	6.932558
75617728000	75616738304	989696	512	7.159985
126061837312	126061291520	545792	512	6.543407
139290172928	139289646080	526848	512	2.214724
136404954112	136404344320	609792	512	2.071230
157973885440	157972856832	1028608	512	5.527964
14033755648	14032754176	1001472	512	12.451089
109973495808	109972929536	566272	512	5.173276
15502214656	15501636096	578560	512	10.456121
47929146368	47928135680	1010688	512	11.318988
54143561728	54143005184	556544	512	9.786182
54236680704	54235985408	695296	512	5.745921
118326104064	118325262336	841728	512	9.868470
64430290432	64429584896	705536	512	5.213451
140654227968	140653412352	815616	512	6.447107
2684269568	2683321856	947712	512	4.967859
74256615936	74255838208	777728	512	5.192296
35249283072	35248742912	540160	512	9.223367
158739907584	158739143680	763904	512	8.510173
142470882816	142469920256	962560	512	3.185641
76325597696	76325047808	549888	512	9.690897
92095035392	92094488576	546816	512	5.251607
16609166336	16608339456	826880	512	4.681993
143649834496	143648799744	1034752	512	9.525596
147510291456	147509445120	846336	512	5.567262
137070854144	137070095872	758272	512	6.122294
66664592896	66663948288	644608	512	14.629829
82947667456	82946863616	803840	512	4.049495
126107923456	126107272192	651264	512	10.325584
131704788992	131704236544	552448	512	4.301821
29689067008	29688031744	1035264	512	12.404797
53445989888	53445293568	696320	512	3.464555
68166167552	68165514240	653312	512	7.991268
70600458240	70599841280	616960	512	8.689731
148859757568	148858773504	984064	512	9.096751
67734914560	67734170112	744448	512	6.302012
78426935808	78426182144	753664	512	5.239355
81458231296	81457508864	722432	512	12.698326
123868644352	123867990016	654336	512	11.068203
3369296896	3368315904	980992	512	2.651412
43275380736	43274395648	985088	512	2.839722
151635697152	151635057664	639488	512	11.252106
77199462912	77198466048	996864	512	10.244885
117276086784	117275172352	914432	512	10.679016
132390809088	132389952512	856576	512	8.028069
59923805184	59922880000	925184	512	2.850304
159576125440	159575130624	994816	512	10.524392
34881228800	34880257536	971264	512	3.090613
83810018304	83809093632	924672	512	7.890319
78677776896	78677212672	564224	512	7.067497
29660585472	29659903488	681984	512	8.572564
50046934528	50046406144	528384	512	9.250445
92688247296	92687549952	697344	512	12.692113
123327131136	123326100480	1030656	512	4.555472
18920790528	18919782400	1008128	512	3.959018
13563460096	13562530816	929280	512	2.575226
11049508352	11048906240	602112	512	10.606994
107125215744	107124299776	915968	512	8.842219
70780732928	70779775488	957440	512	13.317206
137881388544	137880361472	1027072	512	2.673577
1686757888	1686218752	539136	512	11.630577
87669761536	87668723200	1038336	512	7.833700
112950551040	112949987840	563200	512	5.321229
129556652544	129555928576	723968	512	8.174406
98856539648	98855735296	804352	512	9.320060
110340131328	110339355136	776192	512	10.685430
93290851840	93289945600	906240	512	11.277609
36384919040	36383949312	969728	512	9.644458
108282755584	108281980928	774656	512	12.767079
123626012160	123625457152	555008	512	6.861384
49097345024	49096505344	839680	512	3.897675
138267666432	138266655744	1010688	512	7.570798
126685727744	126684982784	744960	512	12.607280
67503980544	67503441920	538624	512	10.166950
77593359360	77592569856	789504	512	4.508233
112245756928	112245139456	617472	512	3.820888
132347915776	132347036672	879104	512	12.862707
123388572160	123387680768	891392	512	4.300253
137276845056	137276187136	657920	512	3.089518
153102216192	153101344256	871936	512	7.603436
130816606208	130815920128	686080	512	11.104482
106105271296	106104543744	727552	512	10.553270
67295049216	67294440960	608256	512	8.861823
31862699520	31861810688	888832	512	11.314212
138793172992	138792450560	722432	512	11.837024
30979924992	30979188736	736256	512	4.154437
106535817216	106535275008	542208	512	8.556586
62895148544	62894185472	963072	512	2.108933
157563286016	157562396160	889856	512	3.470217
58821428736	58820478464	950272	512	2.320986
54542817280	54541931520	885760	512	10.474526
159799293952	159798559744	734208	512	11.111845
86034518528	86033952256	566272	512	9.203601
9630848512	9629971456	877056	512	6.148153
31808212992	31807458304	754688	512	7.375929
54095728128	54095099392	628736	512	6.751748
1256219136	1255648768	570368	512	11.078631
104833242112	104832560640	681472	512	2.487638
52000019968	51999314944	705024	512	3.283620
39351326208	39350647296	678912	512	4.568550
32847659008	32846986240	672768	512	8.458466
96739386368	96738466304	920064	512	12.435098
78117531136	78116497920	1033216	512	9.498017
154001927168	154000878592	1048576	512	12.290405
18004889600	18003852288	1037312	512	12.925805
156017181184	156016473088	708096	512	3.672362
126456902656	126456049664	852992	512	8.890231
14442943488	14442089984	853504	512	4.708119
105348689408	105347648000	1041408	512	5.981369
119118532608	119117798400	734208	512	12.440181
95197014528	95196161024	853504	512	12.085809
84796770304	84795858432	911872	512	10.021944
14554733056	14553752576	980480	512	12.808993
157633949184	157633049600	899584	512	9.710774
91139362816	91138427392	935424	512	6.806024
110381608448	110381006336	602112	512	6.692576
101150611456	101149855744	755712	512	4.469034
128282475008	128281893376	581632	512	5.661406
9236153344	9235282944	870400	512	2.059272
158747656704	158746651648	1005056	512	8.173425
62632084480	62631553536	530944	512	12.098340
156015818752	156015219200	599552	512	9.236379
62505043968	62504352768	691200	512	5.486145
82841307136	82840332800	974336	512	6.697128
59597152256	59596419584	732672	512	6.876271
36045808640	36045215744	592896	512	9.861129
94594808832	94593986048	822784	512	9.362850
106661698048	106661156352	541696	512	6.737720
65389652992	65388784640	868352	512	4.088114
6301728256	6300871168	857088	512	5.188801
69274320896	69273546240	774656	512	12.100775
61900529152	61899608576	920576	512	12.695049
126021593088	126020883456	709632	512	13.510982
49488464384	49487695360	769024	512	6.906178
58644484608	58643905536	579072	512	9.457209
149104054784	149103091200	963584	512	9.694095
5680845312	5680163328	681984	512	8.965366
89627345920	89626459648	886272	512	8.079865
531101184	530438656	662528	512	9.645533
89420108800	89419535872	572928	512	6.443152
42496248832	42495299072	949760	512	10.069448
106219613696	106219028480	585216	512	5.282306
96955435008	96954509312	925696	512	9.949767
130116421120	130115592192	828928	512	8.279969
45820630528	45819871744	758784	512	4.381421
110233430016	110232481792	948224	512	8.135136
134566471680	134565593600	878080	512	7.136714
136843986432	136843138560	847872	512	6.703290
3704352768	3703686656	666112	512	7.736335
87895166976	87894208000	958976	512	6.289019
46598208000	46597262848	945152	512	12.487825
50844645376	50843852288	793088	512	3.945251
139990636544	139989669888	966656	512	7.570075
43366812160	43366161920	650240	512	6.855863
87248230912	87247464448	766464	512	4.215317
38880253952	38879687168	566784	512	8.651244
5673725952	5672950272	775680	512	7.321188
30883394048	30882421248	972800	512	4.072302
14353803776	14353166336	637440	512	9.429975
148225419264	148224825344	593920	512	2.324530
66008954880	66008173056	781824	512	3.752256
155018192896	155017152000	1040896	512	5.077139
80749169152	80748578816	590336	512	8.855359
7106913792	7106267648	646144	512	9.406838
150353923584	150353168384	755200	512	12.824165
2112884736	2112258560	626176	512	9.765479
64653514752	64652856832	657920	512	5.767065
148872738304	148871851008	887296	512	2.694959
140118889984	140118292480	597504	512	12.678416
92329494016	92328552960	941056	512	12.365062
117288990208	117288379392	610816	512	6.487500
19248960512	19248266752	693760	512	5.440941
9957747712	9956750336	997376	512	10.757691
39926090752	39925253120	837632	512	5.967288
136212939776	136212326400	613376	512	4.268993
117527355904	117526470144	885760	512	8.820214
11887989248	11887444480	544768	512	10.075219
132697154048	132696148992	1005056	512	10.903191
90900464128	90899766272	697856	512	5.648035
69883362816	69882392064	970752	512	7.600849
109407290880	109406444544	846336	512	12.195858
42865206784	42864386560	820224	512	4.352152
55153323520	55152688640	634880	512	6.613906
82137664512	82136812544	851968	512	3.495385
155412851200	155412096512	754688	512	3.819682
21771869184	21771160064	709120	512	8.529289
158735411712	158734823424	588288	512	8.778804
65940244480	65939421696	822784	512	2.090616
40276778496	40276082176	696320	512	7.998400
124688277504	124687441408	836096	512	9.259778
36153947648	36153225216	722432	512	5.426271
26295907328	26295252480	654848	512	7.560881
95739462144	95738496512	965632	512	11.488903
108389822976	108389244928	578048	512	3.377085
18806182400	18805243904	938496	512	2.580898
15449427456	15448522752	904704	512	3.173388
116101101056	116100292096	808960	512	1.989063
91824535040	91823518720	1016320	512	8.279258
81856003584	81854996480	1007104	512	4.239694
90036894208	90036075520	818688	512	9.574258
89814259712	89813345280	914432	512	7.364505
107046912	106042880	1004032	512	10.626936
45510473728	45509512704	961024	512	3.524225
111722304512	111721350656	953856	512	4.133678
106626402816	106625481216	921600	512	5.539144
104618379776	104617674752	705024	512	4.346963
44772975104	44772272640	702464	512	7.573025
84239179264	84238491136	688128	512	2.412464
76059978752	76059115008	863744	512	10.047044
138552802304	138552256512	545792	512	12.745026
61144463872	61143807488	656384	512	6.147696
65947383296	65946674176	709120	512	2.835338
86123576832	86122672640	904192	512	11.321160
8612035584	8611476992	558592	512	1.997340
65004307456	65003581440	726016	512	6.640850
42426368	41638912	787456	512	7.596996
88509832704	88508888064	944640	512	10.488522
133684678144	133683770880	907264	512	5.810900
113345412096	113344469504	942592	512	8.236190
123065956352	123065393664	562688	512	5.265118
155794222592	155793466368	756224	512	3.838104
40308706816	40308130304	576512	512	11.929376
13715104768	13714289664	815104	512	7.142083
99969286144	99968300544	985600	512	4.777369
123499810304	123499046400	763904	512	11.075474
154081811968	154081164800	647168	512	9.212518
48622017536	48621116416	901120	512	4.619910
116131788288	116131141632	646656	512	3.367680
28804955136	28804084736	870400	512	5.840392
148534041600	148533151744	889856	512	4.395441
56111399424	56110821888	577536	512	9.472726
26804248064	26803358720	889344	512	4.931378
128732445696	128731861504	584192	512	3.822118
58740107776	58739556864	550912	512	10.215755
25747249152	25746322944	926208	512	4.882031
106071872512	106071174656	697856	512	11.392412
154351733248	154350747648	985600	512	7.832303
31207655424	31207074304	581120	512	8.911787
90001849856	90000919552	930304	512	6.959010
137222724096	137221963264	760832	512	6.026539
81076856832	81076321280	535552	512	7.761586
31067567616	31066817536	750080	512	5.609741
82503726080	82503102464	623616	512	8.043250
47399251456	47398272000	979456	512	9.051861
128503182336	128502343168	839168	512	9.177850
124107576320	124106615808	960512	512	4.439321
61459806208	61458981376	824832	512	5.130737
95856292864	95855430656	862208	512	11.302271
102420787712	102420038144	749568	512	2.831461
82977292288	82976440320	851968	512	3.075869
153465654784	153464742912	911872	512	10.122064
110879197184	110878362112	835072	512	7.300812
19181493760	19180669952	823808	512	5.198418
119906900992	119905920512	980480	512	11.045414
109139816960	109138769408	1047552	512	6.709812
35056004096	35055072768	931328	512	10.406936
59716737024	59715772928	964096	512	11.433319
59516094464	59515369984	724480	512	6.611380
119929029632	119928157184	872448	512	4.843219
13881384448	13880594432	790016	512	7.531105
138886095872	138885286400	809472	512	8.444929
64785768960	64785128448	640512	512	8.243305
115672451072	115671770112	680960	512	4.322007
78107288064	78106582016	706048	512	6.602786
54621232640	54620315648	916992	512	12.320305
56444800000	56444038656	761344	512	3.857030
108259326464	108258427392	899072	512	9.988778
23335089152	23334245376	843776	512	3.984004
156863793152	156863259648	533504	512	8.385030
24534017536	24533028352	989184	512	3.236707
27798453248	27797810688	642560	512	9.267008
87584396800	87583686144	710656	512	5.951309
29562610176	29561739776	870400	512	12.723797
132618964992	132618264064	700928	512	13.367240
159935908864	159934916608	992256	512	5.863915
19166201344	19165598720	602624	512	10.614845
153812806656	153811893760	912896	512	11.895389
114409687552	114408840704	846848	512	10.465790
105031798272	105031259136	539136	512	4.446495
14571153408	14570470400	683008	512	8.652389
2238088192	2237132288	955904	512	3.095694
83027472896	83026537472	935424	512	7.662183
78248828416	78248070656	757760	512	11.832168
29733853184	29732868096	985088	512	3.903939
99284610048	99283709952	900096	512	10.735845
19786508800	19785640448	868352	512	3.639757
127511731712	127511098880	632832	512	10.902921
108465977344	108464961024	1016320	512	7.433994
61630669824	61629890560	779264	512	5.593064
73045717504	73044907520	809984	512	4.938646
152305036800	152304315904	720896	512	6.857694
131267798528	131266856960	941568	512	12.791645
36601637888	36600750080	887808	512	1.984159
138980952064	138980028416	923648	512	10.240756
49937550336	49936757760	792576	512	4.751386
142262756864	142262094848	662016	512	8.105324
79098446336	79097712128	734208	512	6.055823
150013545984	150012697088	848896	512	5.574182
56314116608	56313367040	749568	512	4.396085
83290952704	83290348544	604160	512	8.453601
147581609984	147580996608	613376	512	9.162893
61476709376	61475959296	750080	512	6.539500
94796978176	94796221952	756224	512	2.959842
31475601920	31474933248	668672	512	8.489474
90554326528	90553636864	689664	512	12.858260
115044928000	115044137472	790528	512	11.743198
108562286080	108561441280	844800	512	7.487931
66472189440	66471300096	889344	512	12.821563
6872220160	6871355904	864256	512	5.735254
37715959808	37715350016	609792	512	9.882180
75373044224	75372258304	785920	512	5.025262
112909515776	112908741632	774144	512	12.090102
135236851712	135235943936	907776	512	5.828836
25202885632	25202251776	633856	512	9.375620
53464264704	53463521280	743424	512	4.236855
92035205120	92034455552	749568	512	4.623199
139950308352	139949454848	853504	512	5.420526
4154603520	4153838592	764928	512	4.026204
45652929536	45652047872	881664	512	2.539903
10866287616	10865440256	847360	512	4.314418
10331107328	10330505216	602112	512	10.609585
82598640640	82597605888	1034752	512	8.678639
36986091008	36985513984	577024	512	10.459656
109807521280	109806813184	708096	512	12.827075
5427204608	5426230784	973824	512	2.091763
136056098304	136055276544	821760	512	8.128759
73010770432	73010120704	649728	512	5.585792
27951999488	27951241728	757760	512	5.504160
108534473728	108533520896	952832	512	7.974988
60554293248	60553479168	814080	512	3.129705
84606581760	84605973504	608256	512	4.280585
107923330048	107922433024	897024	512	10.053063
120421508608	120420937728	570880	512	4.109545
125929759232	125929108992	650240	512	12.162198
71523350016	71522472448	877568	512	9.693464
42018721280	42018085888	635392	512	7.235872
107374163968	107373122560	1041408	512	5.136653
122161652736	122160633344	1019392	512	4.782541
147466674176	147465838080	836096	512	10.951297
47280051712	47279522816	528896	512	11.140534
103308401152	103307446272	954880	512	8.815919
116128290304	116127254016	1036288	512	11.089844
98503702528	98502793216	909312	512	6.701307
87555289088	87554546176	742912	512	5.281499
111786387968	111785781760	606208	512	6.554667
123303974400	123303240704	733696	512	11.780732
149223981056	149223374848	606208	512	12.413510
83766360064	83765313536	1046528	512	8.418415
137689115136	137688300544	814592	512	8.300193
47379842560	47378911232	931328	512	10.068281
146286704640	146285697536	1007104	512	9.256488
8128647168	8127828992	818176	512	4.725541
77817649664	77816822784	826880	512	1.994291
136841790976	136840784896	1006080	512	3.236684
104297783296	104296817152	966144	512	4.297327
12967041024	12966033408	1007616	512	2.211202
145542806016	145541868544	937472	512	7.535915
15180690432	15179961856	728576	512	4.796540
33117197824	33116420096	777728	512	4.903058
73005223424	73004493312	730112	512	1.941733
22653184000	22652398080	785920	512	6.751898
112846828032	112845910016	918016	512	8.776256
5870534144	5869928448	605696	512	8.934644
61266555904	61266013184	542720	512	10.387515
33705797120	33705260544	536576	512	9.330629
85405237248	85404285440	951808	512	7.290697
71966462464	71965848064	614400	512	6.393174
80105359872	80104750080	609792	512	8.468295
126357656576	126356911104	745472	512	10.798634
98756328960	98755727872	601088	512	7.729153
66780141568	66779436544	705024	512	4.728652
144000798720	143999966208	832512	512	11.908427
133827088384	133826166272	922112	512	5.403571
151571606528	151570790912	815616	512	9.581254
67505589760	67504548352	1041408	512	9.922271
76767888384	76767300096	588288	512	8.881931
51036151296	51035314176	837120	512	3.147441
74845865984	74845155328	710656	512	2.425549
123915981312	123914980352	1000960	512	5.925279
75440490496	75439794176	696320	512	2.776346
86174505472	86173458944	1046528	512	3.224126
143918535680	143917691904	843776	512	3.867438
73613665792	73613048832	616960	512	4.549551
57117023232	57116226560	796672	512	3.490975
127048959488	127048423936	535552	512	4.472548
22363066368	22362474496	591872	512	10.094087
39893780480	39892941312	839168	512	5.943112
63428747264	63428218880	528384	512	8.641263
143912910848	143911870464	1040384	512	9.361829
63204465152	63203428864	1036288	512	6.618938
94927526912	94926612992	913920	512	7.051422
136268468736	136267889152	579584	512	2.884849
54185093632	54184072704	1020928	512	12.094184
129780069888	129779432960	636928	512	2.471670
24738258432	24737253376	1005056	512	12.304145
150205379584	150204658688	720896	512	7.772949
69316470272	69315698176	772096	512	5.738890
129335648256	129334910464	737792	512	11.703818
152730562560	152729809920	752640	512	2.563343
112418129408	112417537024	592384	512	2.723237
7160802816	7159820288	982528	512	3.736887
41260259328	41259675136	584192	512	10.329021
112514871808	112514289664	582144	512	7.137681
3794692096	3793679360	1012736	512	3.224639
1178109952	1177080832	1029120	512	2.923101
56805655040	56804920832	734208	512	6.811325
108378128896	108377471488	657408	512	12.407436
138304944128	138304371200	572928	512	5.297409
66646241280	66645689856	551424	512	9.931306
53605710336	53604882944	827392	512	5.078445
60367479296	60366599168	880128	512	1.859814
93013104640	93012226048	878592	512	1.871797
6231697408	6230672896	1024512	512	1.960474
141873086976	141872322560	764416	512	4.778886
142065586688	142064827392	759296	512	13.542262
158430914560	158430000128	914432	512	9.235793
45396684800	45395777024	907776	512	10.572506
159213394432	159212684288	710144	512	4.782114
81906397696	81905546752	850944	512	12.940716
118456592384	118455748608	843776	512	9.850032
43954333696	43953313792	1019904	512	13.940836
145716658176	145715830272	827904	512	6.145507
64433987584	64433060352	927232	512	12.151701
147193280000	147192711680	568320	512	10.658582
55871655424	55870915584	739840	512	4.574722
159061448704	159060822528	626176	512	5.955107
9353879552	9352991232	888320	512	4.146859
79937065984	79936027648	1038336	512	9.443540
80302916608	80302162432	754176	512	5.671833
74404101632	74403570176	531456	512	8.320840
23506095616	23505197056	898560	512	12.034281
39090823680	39089847296	976384	512	9.508769
158098024960	158097190400	834560	512	2.520275
66481828352	66481121280	707072	512	6.950336
73099332096	73098340864	991232	512	10.397482
36136927232	36136250368	676864	512	19.715896
96722067456	96721054208	1013248	512	8.710355
109990852608	109989928960	923648	512	4.964775
417355776	416550400	805376	512	6.638554
118650137600	118649571840	565760	512	7.063597
42615317504	42614387712	929792	512	4.310394
138569763840	138568812032	951808	512	9.374178
5746570240	5745671680	898560	512	5.765526
139381729280	139381184000	545280	512	4.918011
96977270784	96976260608	1010176	512	8.121587
87737552896	87736990720	562176	512	6.619669
136748523520	136747483136	1040384	512	6.654919
104628966400	104628188160	778240	512	11.987780
95583263744	95582500352	763392	512	4.591948
5992473600	5991768064	705536	512	8.913223
45050878976	45050138624	740352	512	6.890659
10316640256	10315997184	643072	512	9.940310
152078749184	152078134272	614912	512	7.605007
72595940864	72595182080	758784	512	12.502038
143674566144	143674011136	555008	512	4.584659
74473257472	74472692224	565248	512	9.362795
15456875008	15456277504	597504	512	9.045323
39721662976	39720908288	754688	512	5.613564
22682329088	22681549312	779776	512	7.362571
74407531520	74406822400	709120	512	2.438849
133198537728	133197793280	744448	512	10.576118
102627376128	102626387456	988672	512	8.051732
68889422336	68888500224	922112	512	2.851273
35989134848	35988159488	975360	512	3.025531
117447156736	117446593024	563712	512	7.570083
17153182720	17152345088	837632	512	5.949554
58560783360	58559767552	1015808	512	7.685307
77045102592	77044098048	1004544	512	6.795487
9885767168	9885154816	612352	512	10.450959
15709433344	15708574720	858624	512	4.058981
110890273792	110889311744	962048	512	7.781789
78039883776	78039316992	566784	512	7.038946
42732934656	42732273664	660992	512	4.980668
73325477376	73324917248	560128	512	9.446464
27722392576	27721730048	662528	512	7.382905
14869919744	14869044736	875008	512	6.139668
121085994496	121084989952	1004544	512	10.385708
159854779904	159853886976	892928	512	9.306712
77807242240	77806698496	543744	512	9.443282
148687257600	148686476288	781312	512	7.447147
116997867008	116996846080	1020928	512	3.866515
116728548864	116727708672	840192	512	6.703030
152669660160	152669022208	637952	512	11.283699
9734051840	9733208064	843776	512	6.092377
67007043072	67006431744	611328	512	5.049567
90548513792	90547553792	960000	512	11.258874
63527291904	63526445056	846848	512	2.516100
19014688256	19013724672	963584	512	11.410835
60720804864	60719947776	857088	512	11.116124
15569624064	15568732160	891904	512	5.886505
38592561664	38592013824	547840	512	10.947023
105011581952	105010539008	1042944	512	11.591059
136079581696	136078838784	742912	512	10.224082
30204934656	30204135936	798720	512	7.008164
140731082752	140730522112	560640	512	2.196426
138833197568	138832214528	983040	512	8.403941
134184869888	134184045056	824832	512	4.630449
117572986368	117572009984	976384	512	12.326769
152849046528	152848129024	917504	512	5.906195
135262089216	135261404160	685056	512	8.940968
105991736832	105991124480	612352	512	5.194003
51191456768	51190786048	670720	512	7.658049
47595602432	47594999808	602624	512	7.709352
93903778816	93902809088	969728	512	9.585134
19512109568	19511185408	924160	512	12.152637
152505733120	152505163264	569856	512	3.342334
47545669120	47545102848	566272	512	10.529079
128081127424	128080176640	950784	512	5.612525
39691245056	39690237952	1007104	512	2.989166
129743260672	129742553600	707072	512	8.694763
79568738816	79568028160	710656	512	6.086560
118943009792	118942347776	662016	512	2.989571
34025017856	34024255488	762368	512	7.266592
105486301184	105485317632	983552	512	7.299888
126705806848	126704869888	936960	512	12.947567
23966113792	23965191680	922112	512	2.259093
21138463744	21137847808	615936	512	8.361350
123282707456	123281799680	907776	512	19.260278
47325360128	47324344320	1015808	512	11.911455
88844739072	88843761664	977408	512	5.854069
28128131072	28127530496	600576	512	10.343136
98381151744	98380114944	1036800	512	7.813959
52439097856	52438511104	586752	512	7.638289
98992428032	98991829504	598528	512	7.239882
159047844352	159046964224	880128	512	5.579485
69611870208	69611253248	616960	512	8.697948
8078255104	8077392384	862720	512	5.726731
18049234432	18048236032	998400	512	10.763318
17203739648	17203169280	570368	512	10.534337
23914512896	23913520640	992256	512	3.756747
147428890112	147428194304	695808	512	6.344893
86718007296	86717108736	898560	512	10.811340
115805832192	115805211136	621056	512	3.999248
80270252544	80269630464	622080	512	3.932351
14483650048	14482743808	906240	512	12.532226
119244875776	119243888640	987136	512	10.874074
118113377280	118112705536	671744	512	2.779841
6937100800	6936381952	718848	512	8.721954
146005641216	146004638720	1002496	512	12.242781
19070769152	19069996544	772608	512	6.974599
45804652032	45804027392	624640	512	9.410432
139837004288	139836474880	529408	512	5.322011
127268300800	127267415552	885248	512	8.053430
93135820800	93135139328	681472	512	6.454582
89387105280	89386069504	1035776	512	7.862873
26790887936	26790277632	610304	512	6.635438
132254627328	132253645824	981504	512	3.060546
17566042112	17565296128	745984	512	6.239263
140740273152	140739644928	628224	512	3.099972
120760261120	120759528960	732160	512	3.113930
68197742080	68197204992	537088	512	11.995808
95212652032	95211653120	998912	512	9.061102
89848027648	89847151616	876032	512	2.552627
65294729216	65293801472	927744	512	10.859604
153244558336	153243531264	1027072	512	1.965510
18892657664	18891840000	817664	512	4.487861
124259934208	124259039232	894976	512	8.500579
54406387200	54405419008	968192	512	11.343664
82692497920	82691456512	1041408	512	9.103578
17287926272	17287035392	890880	512	5.915572
78507152896	78506304512	848384	512	3.810342
63768910848	63768287744	623104	512	8.548547
117373873664	117373259776	613888	512	5.944025
41349242880	41348647424	595456	512	8.043874
136722267136	136721629184	637952	512	3.076243
13916614656	13915770880	843776	512	6.651942
6774836224	6773879808	956416	512	4.843267
85387926528	85386913792	1012736	512	4.061235
133889560576	133888608768	951808	512	11.865491
78323586048	78322709504	876544	512	12.571189
133176064000	133175141376	922624	512	4.146629
19512625152	19511629312	995840	512	10.803895
92235199488	92234556416	643072	512	6.841419
124722513920	124721629696	884224	512	8.153274
154871124992	154870580736	544256	512	7.939740
26399319040	26398740992	578048	512	10.416995
117822982144	117822188544	793600	512	11.651527
137954208768	137953570304	638464	512	9.818659
110847115264	110846211584	903680	512	3.702767
16057544704	16056573440	971264	512	4.571758
71246220288	71245571072	649216	512	8.070224
40828018688	40827453952	564736	512	10.658008
117635660288	117634937856	722432	512	2.142842
32310217216	32309188608	1028608	512	3.703838
67135618560	67134851584	766976	512	3.960971
117707899392	117707334656	564736	512	5.290057
93907985408	93907165696	819712	512	3.403662
141561336832	141560685056	651776	512	10.295944
10740768768	10739981824	786944	512	6.871740
50227057664	50226254848	802816	512	6.345436
62681267712	62680694272	573440	512	9.502808
126918848000	126918056448	791552	512	10.364067
131581473280	131580732416	740864	512	7.693776
25793263104	25792607232	655872	512	7.505302
31158503424	31157570048	933376	512	2.989557
8272926720	8272101888	824832	512	4.735617
69607256576	69606594048	662528	512	7.830292
27254720000	27254039040	680960	512	5.238058
104624832512	104624210944	621568	512	6.235979
63329521664	63328475136	1046528	512	9.819990
103811712000	103810865664	846336	512	7.484237
61893010944	61892100096	910848	512	3.546700
84775045632	84774195200	850432	512	3.088081
64499406848	64498703360	703488	512	4.758493
929809408	929270272	539136	512	1.917399
125377451520	125376728576	722944	512	2.041141
128849469952	128848734208	735744	512	11.747298
65402998784	65402384896	613888	512	8.737975
104274366976	104273807360	559616	512	5.801241
61023540736	61022865920	674816	512	7.904054
52084271104	52083568128	702976	512	7.029357
145601837056	145601156608	680448	512	9.613250
71587828224	71587149824	678400	512	7.541220
112468248064	112467449344	798720	512	2.152229
41487605760	41486558720	1047040	512	2.274123
51857845760	51857041408	804352	512	5.093011
144590987264	144590059008	928256	512	4.201985
54770459648	54769725440	734208	512	2.678583
26567206400	26566454272	752128	512	7.357600
73812300800	73811544064	756736	512	3.134851
128910179840	128909362176	817664	512	9.034412
128473182720	128472406016	776704	512	6.607565
95804636160	95803867136	769024	512	3.894979
47735548416	47734716928	831488	512	5.766070
38848973824	38847938560	1035264	512	8.293652
112534835200	112534138880	696320	512	4.422809
25439396352	25438397952	998400	512	3.073648
118877720576	118876789248	931328	512	7.385573
38592145920	38591450112	695808	512	8.404121
137417374720	137416848896	525824	512	6.587631
135976572416	135975884288	688128	512	12.831675
31012545536	31011719168	826368	512	6.085273
145348179456	145347560960	618496	512	11.426407
138306574336	138305620992	953344	512	4.616782
53476858368	53476202496	655872	512	6.169782
67568674816	67567862784	812032	512	4.985962
127969374720	127968800256	574464	512	3.310210
3425117184	3424546816	570368	512	11.110275
141249711616	141248907776	803840	512	6.800548
103825087488	103824560640	526848	512	8.859697
38275440128	38274582528	857600	512	3.335490
124787490816	124786640384	850432	512	8.159194
152219791872	152219150848	641024	512	10.490609
23049510912	23048719872	791040	512	3.087164
21633219072	21632503808	715264	512	4.552389
41687952384	41687173632	778752	512	6.542349
139552416768	139551823872	592896	512	12.824788
126973161984	126972311552	850432	512	8.169768
68445029376	68444324864	704512	512	4.356298
72469202432	72468290048	912384	512	12.387120
34039662592	34038969856	692736	512	8.469054
15683483136	15682482688	1000448	512	10.703087
80963493376	80962636288	857088	512	3.142093
62236946432	62235925504	1020928	512	10.322563
112084236288	112083264000	972288	512	3.638020
150497355264	150496475136	880128	512	10.240937
158450550784	158449868288	682496	512	7.492403
57350064640	57349188608	876032	512	1.976494
141589871104	141589061120	809984	512	5.743499
8805058560	8804274688	783872	512	5.320104
21899337728	21898600448	737280	512	5.823281
132243091968	132242188800	903168	512	6.855209
43075742720	43074849280	893440	512	4.961923
51279149056	51278272000	877056	512	2.361938
142756694528	142755902464	792064	512	7.945378
118088256512	118087645696	610816	512	12.324952
69596556288	69595955712	600576	512	8.985667
3574995456	3574459904	535552	512	11.348267
148005601792	148004853248	748544	512	5.463749
28171310080	28170360320	949760	512	11.058150
150959299584	150958287872	1011712	512	10.178954
127121500160	127120527360	972800	512	3.315128
84975397376	84974757376	640000	512	3.500325
33469155840	33468121088	1034752	512	8.321131
96229661184	96228680192	980992	512	8.758724
131803588608	131802940416	648192	512	2.213144
73552420864	73551660032	760832	512	5.560875
127496098304	127495461888	636416	512	11.274461
114890836480	114890164736	671744	512	3.325799
44732470784	44731565568	905216	512	12.408504
118551963136	118550950400	1012736	512	5.361805
42179266560	42178430464	836096	512	5.952836
92303239168	92302598144	641024	512	2.970441
40397854208	40397126144	728064	512	7.844415
48424992256	48423956480	1035776	512	11.582494
122992307712	122991427584	880128	512	8.197277
74235065856	74234536960	528896	512	8.321834
93094191616	93093517312	674304	512	6.714722
139735294464	139734301696	992768	512	6.676597
87631594496	87630661632	932864	512	10.025115
38040982528	38040221696	760832	512	5.079019
126273748992	126272710656	1038336	512	2.543411
25563707392	25562920960	786432	512	4.944364
87213131776	87212367360	764416	512	4.840591
125342425088	125341841920	583168	512	6.112070
26040601600	26039797248	804352	512	4.714338
158460681216	158460100608	580608	512	9.822799
51879550464	51878880768	669696	512	7.987101
20303313920	20302367744	946176	512	2.303862
27094444544	27093652992	791552	512	4.847656
147376009216	147375340032	669184	512	10.631408
139122508288	139121826304	681984	512	12.964922
10397001728	10396429312	572416	512	9.554293
82897769472	82896736256	1033216	512	9.254948
118744028160	118743204352	823808	512	6.243665
58278368256	58277403648	964608	512	2.568867
11039073280	11038137344	935936	512	3.387665
122999918592	122999012352	906240	512	7.551176
74579863552	74579180032	683520	512	5.277950
44763609088	44762583040	1026048	512	8.073131
123503390208	123502500352	889856	512	7.983414
135315683840	135314847232	836608	512	8.156471
24700840448	24700166144	674304	512	8.751059
106765183488	106764153344	1030144	512	6.235756
808831488	807840256	991232	512	10.927972
150098425344	150097437184	988160	512	4.742117
130187893760	130186933760	960000	512	10.479064
65403595776	65402847744	748032	512	6.178450
113272648704	113271899648	749056	512	9.613269
99604144128	99603405312	738816	512	12.807424
123601690112	123600902656	787456	512	11.033577
3086294528	3085689856	604672	512	10.123373
37497383936	37496795136	588800	512	8.233135
136995305472	136994529280	776192	512	8.615838
77954060288	77953347072	713216	512	6.477048
93222510080	93221876224	633856	512	7.038966
157764441600	157763767296	674304	512	4.827740
86806200832	86805460992	739840	512	3.619736
43348193280	43347161088	1032192	512	11.908386
104849625088	104848887808	737280	512	10.364780
95727291904	95726253568	1038336	512	3.999666
4192901632	4192370176	531456	512	10.366270
16523345920	16522616832	729088	512	8.538818
46152871936	46152318464	553472	512	10.327585
93328406016	93327609344	796672	512	2.422473
85181186560	85180215808	970752	512	6.827397
136150564864	136149811712	753152	512	9.243210
64191454720	64190814208	640512	512	8.240837
146225155584	146224257024	898560	512	10.677134
144690452480	144689411072	1041408	512	5.077292
34318888448	34318012416	876032	512	5.237633
2654641664	2653873152	768512	512	7.887330
136985777152	136984792576	984576	512	1.991560
85689073664	85688297472	776192	512	4.887402
152236215808	152235609600	606208	512	2.291153
35232590848	35232013824	577024	512	10.463953
61811436032	61810610688	825344	512	4.749098
58118723072	58118121984	601088	512	7.356040
41334520832	41333496832	1024000	512	8.508780
31724284416	31723267584	1016832	512	11.611651
54666817536	54665971712	845824	512	4.739206
13832231936	13831551488	680448	512	8.679680
42614863872	42614273536	590336	512	10.224638
137686931456	137686384128	547328	512	4.284692
102851388928	102850833408	555520	512	7.750839
68590415872	68589500416	915456	512	12.312820
102477211136	102476300800	910336	512	8.989198
46927139840	46926103552	1036288	512	7.852055
17495804416	17494900224	904192	512	5.688185
146462881280	146462197760	683520	512	9.500840
111502533120	111501827072	706048	512	4.322009
142792983040	142792170496	812544	512	6.537830
79081684480	79080807936	876544	512	9.080663
118425684480	118425011200	673280	512	10.519713
126266789376	126266123776	665600	512	9.960228
12530998784	12530041344	957440	512	4.817142
117363155456	117362126848	1028608	512	5.421649
100529573376	100528525824	1047552	512	12.477236
7259662848	7258709504	953344	512	4.907638
89418090496	89417372672	717824	512	12.177563
135230666240	135229927424	738816	512	10.272743
40118706176	40118045696	660480	512	8.985032
95829054976	95828239872	815104	512	3.030945
154226066432	154225416192	650240	512	9.126701
47417530880	47416836096	694784	512	5.746706
25127060480	25126336512	723968	512	6.196494
123453149184	123452341248	807936	512	10.001341
2266803712	2266278400	525312	512	10.418026
30565600256	30564932608	667648	512	8.829817
61711341056	61710462976	878080	512	2.328867
52436515328	52435550208	965120	512	8.780538
48579889152	48578988544	900608	512	3.959683
159524965888	159524407808	558080	512	5.862265
350943232	350312960	630272	512	8.442548
123712680960	123711886848	794112	512	7.080506
70641242624	70640482816	759808	512	5.967389
37436538368	37435614208	924160	512	4.439797
153508071424	153507532800	538624	512	4.198678
35540254208	35539401216	852992	512	5.202527
85046045184	85045385216	659968	512	7.302854
117812035584	117811023872	1011712	512	6.656291
23595592192	23594825728	766464	512	7.106841
61996340736	61995297280	1043456	512	7.027271
105600660480	105599633408	1027072	512	7.200323
1576808448	1576086016	722432	512	4.904538
64599751168	64598797312	953856	512	11.571995
102783286784	102782544896	741888	512	2.374345
17040870400	17040024576	845824	512	6.628027
30364823552	30364209664	613888	512	9.824125
103341316608	103340446208	870400	512	10.651224
82885162496	82884393984	768512	512	5.153989
33307693568	33307021312	672256	512	8.424062
33135042560	33134455296	587264	512	12.065055
63871567872	63870624768	943104	512	8.654522
108052249600	108051356160	893440	512	6.193664
104289774080	104288840704	933376	512	8.453472
150313270784	150312464384	806400	512	5.174270
41073059840	41072379904	679936	512	8.630858
93541544960	93540919808	625152	512	7.232189
13500624896	13499880448	744448	512	6.261864
79256177664	79255397888	779776	512	13.112607
110789088768	110788450304	638464	512	4.061964
28248709632	28248057856	651776	512	9.111720
76932777472	76932115968	661504	512	7.457004
28791466496	28790794752	671744	512	9.144828
54144848896	54144260608	588288	512	9.193742
120916168704	120915555328	613376	512	2.922983
101421845504	101420996096	849408	512	11.114433
34451240960	34450333184	907776	512	2.468886
152459550720	152458725376	825344	512	9.281222
72695911424	72695107072	804352	512	3.329970
41277293056	41276739072	553984	512	1.530861
120026493952	120025759744	734208	512	12.053637
48222518784	48221791744	727040	512	7.658062
24290682880	24289949696	733184	512	7.696152
158978229760	158977635328	594432	512	4.278362
62455300608	62454723584	577024	512	9.449966
157024111104	157023392768	718336	512	6.330810
104155016704	104154190336	826368	512	7.995257
16066501120	16065890304	610816	512	1.095274
53876268032	53875536384	731648	512	4.487529
61434103296	61433270272	833024	512	4.997815
29297549312	29296564224	985088	512	12.139572
112500637184	112499739648	897536	512	9.237644
102896994304	102896419840	574464	512	3.486399
144634646528	144633936896	709632	512	11.288407
82364523520	82363674624	848896	512	3.125962
116270673920	116269972992	700928	512	4.439185
120960041984	120959115776	926208	512	7.911467
93152513024	93151868416	644608	512	7.276753
74091402752	74090558976	843776	512	3.881422
125663965696	125663125504	840192	512	9.187510
145960586752	145959948288	638464	512	2.219174
30286910976	30286110720	800256	512	4.675915
7437981696	7437372416	609280	512	10.493732
9223726080	9223164416	561664	512	9.745106
103832152064	103831358464	793600	512	12.337259
93574688768	93574133760	555008	512	8.711129
83569838592	83569004544	834048	512	3.429490
35581183488	35580236288	947200	512	12.862543
88324927488	88324159488	768000	512	4.777052
68223129600	68222533120	596480	512	6.757745
16694529024	16693634048	894976	512	3.153368
94068668416	94067687936	980480	512	9.425312
110745963008	110745105408	857600	512	10.207835
7962407424	7961843200	564224	512	11.201501
57358113792	57357551104	562688	512	9.725281
145843607552	145843044352	563200	512	4.357410
57860739584	57860168704	570880	512	9.900435
103974590976	103973706752	884224	512	5.995640
134637820928	134637032960	787968	512	5.734056
83099191296	83098151936	1039360	512	9.108413
64075672064	64074683904	988160	512	7.697995
25470095872	25469292544	803328	512	6.495836
42113633280	42112817152	816128	512	5.840016
57166784512	57165785088	999424	512	10.766401
49461817856	49460854272	963584	512	2.802019
93874690048	93873811968	878080	512	11.517675
77378595328	77377783296	812032	512	2.748597
119604483584	119603876352	607232	512	6.047526
44875597824	44875068416	529408	512	11.092603
78767394816	78766777856	616960	512	8.000705
35312523776	35311846912	676864	512	8.344202
97929114624	97928170496	944128	512	5.886948
94567017984	94565988352	1029632	512	2.427385
91053004288	91052034048	970240	512	10.014560
34131433472	34130858496	574976	512	8.449273
71264330240	71263466496	863744	512	3.997372
83700155392	83699232256	923136	512	2.115548
101772340224	101771810816	529408	512	8.802136
100513367552	100512697856	669696	512	12.785434
150187900928	150186978816	922112	512	10.928180
61804431872	61803794944	636928	512	8.323195
47190077440	47189308928	768512	512	4.165975
87226008064	87225014272	993792	512	9.508455
74391170560	74390410752	759808	512	12.447760
139306171904	139305182208	989696	512	8.216446
148659594752	148659054080	540672	512	5.034178
142453084160	142452290560	793600	512	7.895525
69035502080	69034830336	671744	512	5.160040
147846325248	147845359616	965632	512	5.486409
152799013376	152798479360	534016	512	12.783826
152506764288	152505875968	888320	512	3.057730
13295031808	13294211072	820736	512	4.800825
47856588800	47855990784	598016	512	7.797781
36261453312	36260540416	912896	512	2.367487
18104112640	18103587840	524800	512	11.319989
52265193984	52264608768	585216	512	9.274320
105838369280	105837532672	836608	512	10.655835
72865521664	72864991744	529920	512	10.364149
13774090752	13773044736	1046016	512	9.766065
5942254592	5941208576	1046016	512	11.998574
145164848640	145164051968	796672	512	7.833601
3453645824	3453048320	597504	512	9.047258
43991890944	43990848000	1042944	512	11.432136
32560854528	32559929344	925184	512	10.559140
10382405632	10381501440	904192	512	3.215698
19917305344	19916550144	755200	512	8.104602
6763353600	6762804736	548864	512	11.522760
18697478144	18696697856	780288	512	7.718177
63477187072	63476649984	537088	512	10.241150
83946579968	83945543680	1036288	512	10.438050
40088903680	40087866368	1037312	512	11.237185
91459090944	91458447872	643072	512	6.838921
112115393536	112114748416	645120	512	3.887701
140212332544	140211383808	948736	512	12.908754
64154032640	64153063424	969216	512	11.319562
109743514624	109742966784	547840	512	7.909753
81326420992	81325815296	605696	512	8.575920
82241305088	82240779776	525312	512	8.025480
158277706240	158277067264	638976	512	4.181398
145294744576	145293956608	787968	512	7.273781
122695701504	122694856704	844800	512	5.651471
150664567296	150663719424	847872	512	5.584266
138362157568	138361291264	866304	512	6.224170
101153080320	101152470016	610304	512	7.551771
47159108608	47158368256	740352	512	4.780491
143609260544	143608492032	768512	512	8.594550
152980447744	152979550720	897024	512	6.767493
31362472960	31361900544	572416	512	10.511431
108086019072	108085301248	717824	512	4.702145
98129348608	98128503296	845312	512	8.258081
114823920128	114822894080	1026048	512	10.942158
24910742016	24909904384	837632	512	2.132426
49549808128	49548867072	941056	512	2.108046
37447202816	37446616576	586240	512	10.268187
125229867008	125229105152	761856	512	12.171410
159049619456	159048967168	652288	512	4.914984
100616359936	100615572480	787456	512	1.988198
8162792960	8161850880	942080	512	5.070601
277788160	277257728	530432	512	12.243322
12120702464	12120128512	573952	512	9.489577
20334034432	20333219840	814592	512	7.133687
21463835648	21462808576	1027072	512	11.904178
128192543744	128191785472	758272	512	11.154479
133874594816	133873828864	765952	512	11.342912
148151139328	148150216192	923136	512	3.400713
116056293888	116055549952	743936	512	9.337421
144792236032	144791282688	953344	512	2.597752
145748843008	145747844096	998912	512	11.262610
40088259072	40087504896	754176	512	6.983900
86921670144	86921020928	649216	512	6.693769
125656847872	125655961600	886272	512	8.032537
2401832448	2400920064	912384	512	5.524888
83014100480	83013368320	732160	512	3.092037
52919732736	52919087616	645120	512	8.149135
138740337152	138739353600	983552	512	2.024927
158703350272	158702417408	932864	512	7.153345
119581381120	119580490752	890368	512	4.343269
1223677440	1222914048	763392	512	7.986001
139872947712	139872326144	621568	512	9.473280
27304535552	27303836672	698880	512	8.266691
156357037056	156356299264	737792	512	4.451386
61413044736	61412400128	644608	512	8.198170
3887153152	3886139392	1013760	512	3.890497
39721945088	39721307648	637440	512	9.398548
105294698496	105294129664	568832	512	7.962869
133324659712	133323683328	976384	512	4.566848
12865405440	12864392704	1012736	512	2.843354
144596302848	144595521536	781312	512	8.241254
143508230656	143507551744	678912	512	10.489490
95623534080	95622921728	612352	512	7.298771
38986741248	38985958400	782848	512	6.448535
31753911808	31753011712	900096	512	4.358969
48771513344	48770544640	968704	512	2.734545
130081767424	130080741376	1026048	512	3.713708
147775444480	147774432768	1011712	512	11.988192
67006828032	67006062592	765440	512	3.351742
93847623168	93846806528	816640	512	9.502428
91608816128	91608006656	809472	512	3.956575
12594235392	12593289728	945664	512	2.472264
83126235136	83125432320	802816	512	2.680430
54308699648	54307658240	1041408	512	7.071844
78507942400	78506898432	1043968	512	9.286421
60404746240	60404128768	617472	512	8.985477
156636987392	156635942400	1044992	512	6.455550
157449926144	157449298432	627712	512	2.813250
136065088000	136064375296	712704	512	10.948468
44323133440	44322156032	977408	512	11.922943
134040395776	134039525888	869888	512	12.573144
60673654272	60672736256	918016	512	9.773530
95386681856	95385914880	766976	512	2.747457
49635170304	49634291200	879104	512	4.370497
10051710976	10050877440	833536	512	6.810685
104889628160	104888992768	635392	512	6.495244
39545076224	39544361984	714240	512	5.585829
105465440256	105464430080	1010176	512	7.580502
131600748032	131599777792	970240	512	10.129625
25080183808	25079454208	729600	512	8.150843
46240702464	46239720448	982016	512	12.501453
155648222720	155647343616	879104	512	10.710832
120444132864	120443345920	786944	512	13.031191
11362669568	11362091520	578048	512	9.430575
99585005056	99584189952	815104	512	9.043945
127948968960	127948187648	781312	512	11.683256
112800283648	112799573504	710144	512	4.279695
7081474560	7080867328	607232	512	8.892028
32636378112	32635344384	1033728	512	1.948194
38876115456	38875235840	879616	512	2.190467
23903160320	23902256128	904192	512	5.244482
141504474624	141503756288	718336	512	9.238040
99673469440	99672847872	621568	512	7.331154
123135221248	123134275584	945664	512	6.573326
576251392	575636480	614912	512	8.730020
44073137152	44072586240	550912	512	8.791381
109263787520	109262865408	922112	512	5.468076
132103126016	132102113792	1012224	512	4.082676
143420109312	143419578880	530432	512	3.090403
80032393216	80031862272	530944	512	7.948922
121398430208	121397510656	919552	512	12.824668
58173155328	58172175360	979968	512	8.416632
94038961664	94038277632	684032	512	12.767412
64723201024	64722509312	691712	512	7.275992
104121486848	104120839680	647168	512	3.373495
150198715392	150197963776	751616	512	6.827191
135388166656	135387189760	976896	512	2.234990
16125747200	16124812800	934400	512	2.610439
92256190976	92255267328	923648	512	10.235430
92008050176	92007428608	621568	512	7.733462
114229834752	114228917248	917504	512	8.801173
65399579136	65398549504	1029632	512	10.181882
153301820416	153300825088	995328	512	7.491084
19187288576	19186665984	622592	512	10.269160
33325301760	33324500992	800768	512	6.143739
