base_offset	offset	absdelta	probe_length	millis
236099528704	236097492992	2035712	512	8.836911
185461790208	185459909632	1880576	512	9.421814
10162924032	10161698816	1225216	512	5.305994
132943182848	132941906432	1276416	512	9.675301
147333824512	147331992576	1831936	512	3.907068
66768112640	66766831616	1281024	512	2.744994
43478029824	43476577280	1452544	512	8.344313
196359861760	196357881344	1980416	512	7.170613
222209908736	222208294912	1613824	512	8.821548
5482080768	5480586752	1494016	512	1.952456
89529478144	89527600128	1878016	512	5.196739
228491401728	228489657856	1743872	512	5.662866
168047028736	168045615104	1413632	512	5.898668
26292408832	26290511360	1897472	512	6.594096
17128884736	17127661056	1223680	512	3.847842
200095737344	200094089216	1648128	512	2.785654
173756423680	173755159552	1264128	512	8.544400
94643315712	94642102784	1212928	512	2.920269
169267384832	169265764864	1619968	512	4.731018
43321073152	43319608832	1464320	512	2.967689
55849064960	55847997952	1067008	512	6.079137
86327083008	86325381632	1701376	512	8.374515
156922954752	156920904192	2050560	512	9.437273
160134848000	160133361664	1486336	512	6.921922
151417905152	151416787456	1117696	512	3.789056
55850099712	55848014848	2084864	512	4.352766
58137206784	58135838208	1368576	512	10.080419
106977912320	106976557568	1354752	512	10.787252
673894400	671921664	1972736	512	6.425828
111883228160	111881748992	1479168	512	9.718979
226747220992	226745385472	1835520	512	4.438901
132701460992	132700096512	1364480	512	10.088237
41401010688	41398918656	2092032	512	4.665730
75621501952	75619488256	2013696	512	4.232827
185616978432	185615591936	1386496	512	6.703497
116564170240	116562754048	1416192	512	9.932463
54728961536	54726928896	2032640	512	4.856559
151029402624	151027909632	1492992	512	6.864910
158543899136	158542009856	1889280	512	9.771877
77012114432	77010701824	1412608	512	9.529269
60668205568	60667033088	1172480	512	5.186075
182966966272	182965836288	1129984	512	9.541462
240032189440	240030647808	1541632	512	6.136525
238317931520	238316414464	1517056	512	6.503519
4789325824	4788209152	1116672	512	6.336470
136792796160	136791184384	1611776	512	6.286188
184751691264	184750528512	1162752	512	10.553446
153932776960	153931145728	1631232	512	5.473817
122199388160	122198145536	1242624	512	10.256197
47469824512	47468556288	1268224	512	3.014914
15248624128	15246789632	1834496	512	7.116899
216012679168	216010890752	1788416	512	6.180109
210739165184	210737844224	1320960	512	5.664884
32722375168	32720539136	1836032	512	8.135345
140956256256	140954895360	1360896	512	8.858674
119583134720	119581244928	1889792	512	4.137119
111507213312	111505566208	1647104	512	6.757009
155418493440	155416850432	1643008	512	3.958350
147633942528	147631939584	2002944	512	2.211810
217565071872	217564021248	1050624	512	8.626836
144978634752	144976905728	1729024	512	4.898752
120495102976	120493855744	1247232	512	1.948514
11608383488	11606555648	1827840	512	7.149396
12210555392	12209285632	1269760	512	4.880095
224638028800	224636036096	1992704	512	2.334018
161949188096	161947196416	1991680	512	8.174940
98710289408	98708766208	1523200	512	8.308674
66803855872	66802323968	1531904	512	8.799564
225239243776	225237952512	1291264	512	4.801648
126013754880	126011811840	1943040	512	3.593506
201066044928	201064792064	1252864	512	8.809486
90443088896	90441219584	1869312	512	5.191707
8623019008	8621394944	1624064	512	9.182945
29193700864	29192042496	1658368	512	9.620498
132933258240	132932208640	1049600	512	4.972686
106895032320	106893897216	1135104	512	4.576029
193898608128	193896764416	1843712	512	7.920488
21524497920	21522933760	1564160	512	2.408061
121679275008	121677280256	1994752	512	3.090894
228730643968	228729184768	1459200	512	9.490987
116961763840	116960567296	1196544	512	3.803919
169959223296	169957792768	1430528	512	6.744535
202173817856	202171924480	1893376	512	7.567215
233364567040	233362609664	1957376	512	1.989079
189714331648	189712650240	1681408	512	2.895656
49737556480	49736266240	1290240	512	2.820350
1955032576	1953206272	1826304	512	8.946569
17474980864	17473761280	1219584	512	5.238502
245472171520	245471068160	1103360	512	4.731379
7691952128	7690775552	1176576	512	5.895610
102083936256	102082241024	1695232	512	6.267443
203796426240	203794656256	1769984	512	9.037832
1801084416	1799623680	1460736	512	2.345587
222479050240	222477928960	1121280	512	7.072675
70874750464	70873085952	1664512	512	7.701597
216212158464	216210876416	1282048	512	5.630270
78340362240	78338362368	1999872	512	2.910645
84968543744	84967385600	1158144	512	4.912265
93083550720	93081915392	1635328	512	7.299793
220412931584	220411177984	1753600	512	7.963608
113395026432	113393583616	1442816	512	9.964546
126480691200	126479633920	1057280	512	5.161140
229858939904	229857299456	1640448	512	8.407096
205242543104	205241290752	1252352	512	8.340608
21146693120	21145559552	1133568	512	4.287082
104116285952	104115171840	1114112	512	4.758328
29085387776	29083675136	1712640	512	9.221857
200804865024	200802957312	1907712	512	6.634634
101308136448	101306507776	1628672	512	7.362904
113339612672	113338382848	1229824	512	3.716931
193725132800	193723248128	1884672	512	7.466218
144331023360	144329498624	1524736	512	6.923988
117822641152	117821384192	1256960	512	3.209722
98043163648	98041726976	1436672	512	2.218786
61389192192	61387133440	2058752	512	2.928556
46029766656	46028713984	1052672	512	6.423950
85521683968	85519797760	1886208	512	5.364015
109743707136	109742200320	1506816	512	8.032495
6180753920	6179666432	1087488	512	6.534711
158863082496	158861377536	1704960	512	3.333036
114227822592	114226370048	1452544	512	2.031128
16842841600	16841107968	1733632	512	7.932202
173284626432	173283394560	1231872	512	8.869863
56351339008	56349922304	1416704	512	1.768893
36810888192	36809589248	1298944	512	2.997143
222072049664	222070160896	1888768	512	3.715031
44626999808	44625523200	1476608	512	2.890349
67798984704	67797846528	1138176	512	5.358955
109246919168	109244936704	1982464	512	3.585203
65370942464	65369855488	1086976	512	5.785659
113175194624	113173471744	1722880	512	6.031081
90549766656	90547815424	1951232	512	4.463220
188294543360	188292711424	1831936	512	9.401515
247321726976	247320399872	1327104	512	8.344180
182704777216	182702773760	2003456	512	6.800441
152406627328	152404836352	1790976	512	3.823626
247907428864	247905892864	1536000	512	5.109870
119280476160	119278751744	1724416	512	5.651485
133859552768	133858119168	1433600	512	8.133159
67963012608	67961536000	1476608	512	9.272261
14876787712	14875398656	1389056	512	2.466021
200337790976	200336658432	1132544	512	1.898364
212970486784	212968867840	1618944	512	8.613912
22533170176	22531736064	1434112	512	2.081491
184951399936	184950107136	1292800	512	7.740707
246474226176	246472807424	1418752	512	6.952693
81626526720	81624458240	2068480	512	2.399474
123467459072	123466155520	1303552	512	9.656833
167451317248	167450168320	1148928	512	3.179939
162812577280	162810616832	1960448	512	8.596013
7922767360	7921263616	1503744	512	1.875850
56319236608	56318119936	1116672	512	5.739701
172167219712	172165180416	2039296	512	8.500426
141071350272	141070132224	1218048	512	2.009545
56288944640	56287021056	1923584	512	5.716078
213858505728	213857335808	1169920	512	7.531933
87518333440	87516303360	2030080	512	2.737278
116498954752	116497241088	1713664	512	5.771330
43375851008	43374455808	1395200	512	3.540131
47029991424	47028890112	1101312	512	5.998265
241487205376	241485133824	2071552	512	5.198263
157394993152	157393740288	1252864	512	2.413322
85855605760	85853688832	1916928	512	5.113420
37922948096	37921872896	1075200	512	6.153135
117832534016	117830468608	2065408	512	9.248376
100265546240	100263712256	1833984	512	5.488593
132016405504	132014981120	1424384	512	8.220209
217657031168	217655906304	1124864	512	7.694871
72392025088	72389980160	2044928	512	4.419052
234014371328	234013109248	1262080	512	4.529174
219585105408	219583057920	2047488	512	2.878845
77525711360	77524428800	1282560	512	3.797106
111826053632	111824928768	1124864	512	4.608176
12468007424	12466078720	1928704	512	6.364136
121849530368	121848070144	1460224	512	8.197611
107071136768	107069948416	1188352	512	4.094181
117755329024	117754024960	1304064	512	9.637346
79963095040	79961587712	1507328	512	1.818417
103877331968	103876195840	1136128	512	4.589768
156562265600	156560867328	1398272	512	7.801023
173137867264	173136431616	1435648	512	6.670591
24458598400	24457519104	1079296	512	6.375708
163846691328	163844795904	1895424	512	9.143787
230600405504	230598721536	1683968	512	4.140147
221124948992	221123396096	1552896	512	9.141579
4809627648	4807770624	1857024	512	7.336031
156952474112	156950931456	1542656	512	6.363988
214782277632	214780462080	1815552	512	7.802094
113502773248	113500954112	1819136	512	5.132838
75159642624	75158128128	1514496	512	1.752775
18350150144	18348860928	1289216	512	4.661606
88123000832	88120912896	2087936	512	3.595896
13277328896	13275323904	2004992	512	5.705563
187803088384	187801824768	1263616	512	7.624151
95938231296	95936144896	2086400	512	3.246235
137112879104	137111655424	1223680	512	3.281791
241133295104	241132069376	1225728	512	3.986802
145247286272	145245231616	2054656	512	8.574473
125690499072	125688760832	1738240	512	5.516162
201024668160	201023184896	1483264	512	4.692551
219117149696	219115668992	1480704	512	1.804434
92096461312	92094507008	1954304	512	4.412617
116701433344	116699845120	1588224	512	6.950071
86463122944	86461272064	1850880	512	5.683607
55513935872	55512051200	1884672	512	7.407014
21060897792	21059246592	1651200	512	8.656651
104542770176	104541362688	1407488	512	8.930264
55940907520	55939596800	1310720	512	3.989566
167241591808	167240301056	1290752	512	8.598734
125007980032	125006409216	1570816	512	7.109334
187990009344	187988781568	1227776	512	9.411290
58687619584	58686019584	1600000	512	9.805345
117570605056	117568907264	1697792	512	5.855996
102847678464	102846194688	1483776	512	8.228310
75878972928	75877758976	1213952	512	2.971476
29737814528	29735718912	2095616	512	4.608969
9968599040	9966508544	2090496	512	5.491015
61569086976	61567663616	1423360	512	2.846895
243827851776	243826715136	1136640	512	5.232271
145146936320	145145416704	1519616	512	8.383117
194429982720	194428530176	1452544	512	5.499810
122327526400	122326105088	1421312	512	8.522611
80862727680	80861569024	1158656	512	3.528151
155983771136	155981769216	2001920	512	1.764154
167449098240	167447053312	2044928	512	8.995507
4547914752	4546534400	1380352	512	4.208769
100496016896	100494965248	1051648	512	5.676560
103676738560	103675259904	1478656	512	9.656060
40782054400	40780513280	1541120	512	2.329706
141373232640	141371899392	1333248	512	8.815659
115830121984	115829011968	1110016	512	4.828501
157007071744	157004993024	2078720	512	7.814922
174737971200	174735899648	2071552	512	8.139339
95770527744	95769216000	1311744	512	8.729510
222619143680	222617908224	1235456	512	5.569842
149259379200	149257902592	1476608	512	7.375650
182951065088	182949362688	1702400	512	2.060970
33045373952	33043893248	1480704	512	2.843216
233884975616	233883776512	1199104	512	5.353184
132470063616	132468916736	1146880	512	4.005630
19942800896	19941548032	1252864	512	4.878519
109547055616	109545445376	1610240	512	7.042590
173460512256	173459086336	1425920	512	6.788922
102342135296	102340358656	1776640	512	5.506906
153671159808	153669224448	1935360	512	2.358215
52072700416	52070967296	1733120	512	7.308249
52446823424	52445135872	1687552	512	7.736086
82671788544	82670223872	1564672	512	8.178871
130997414400	130995859456	1554944	512	8.339655
150964908544	150963026432	1882112	512	2.981456
27032318464	27030563840	1754624	512	7.467090
164498365952	164497298432	1067520	512	4.033319
222390554112	222389361664	1192448	512	6.060091
103541020160	103539847168	1172992	512	2.879981
77466987520	77464935424	2052096	512	3.881506
30387668480	30385777664	1890816	512	6.337931
140797795328	140795735040	2060288	512	8.966778
4344971776	4343629824	1341952	512	3.151266
74360278528	74358975488	1303040	512	3.620876
246721582592	246720005120	1577472	512	4.468345
44506649088	44504817152	1831936	512	8.204219
243146069504	243144434176	1635328	512	4.736258
11806792192	11805286400	1505792	512	2.879462
97845161984	97843822592	1339392	512	3.077726
175309025792	175307567616	1458176	512	6.441628
107282028032	107279941632	2086400	512	9.529898
161605381632	161603474944	1906688	512	9.072786
3519894528	3518685184	1209344	512	5.572695
120320179712	120318815232	1364480	512	9.074492
114666143232	114664858112	1285120	512	3.178330
39574318592	39573221376	1097216	512	6.024356
212469441024	212468352000	1089024	512	8.543531
179956518912	179955328512	1190400	512	1.981846
167866380288	167864755712	1624576	512	5.111377
41359103488	41357635072	1468416	512	1.948080
34300213248	34298152960	2060288	512	4.937972
248170450432	248169350656	1099776	512	4.987205
71616220160	71614131712	2088448	512	4.079086
196954482688	196952477184	2005504	512	6.860905
93060970496	93059043328	1927168	512	4.677237
69941302272	69939258880	2043392	512	4.422749
26696077312	26694546944	1530368	512	2.686376
96292135424	96290704896	1430528	512	9.258900
245584585216	245582683136	1902080	512	7.715582
116969849856	116967762432	2087424	512	9.040623
132110081536	132108002304	2079232	512	8.792036
69166475264	69164602880	1872384	512	5.929545
98453542400	98451786752	1755648	512	6.195927
7342988800	7340937728	2051072	512	5.795258
128138098176	128136688640	1409536	512	8.645659
229639493120	229638094336	1398784	512	3.360269
46563037696	46561123328	1914368	512	6.114250
187560509440	187558541824	1967616	512	7.953207
159135741952	159133697536	2044416	512	9.526286
100823854592	100821977600	1876992	512	5.121890
107530524672	107528638976	1885696	512	4.506024
1026403840	1024403968	1999872	512	6.199464
160414327296	160412802048	1525248	512	6.181600
246519066624	246517692928	1373696	512	7.605061
41816164352	41814198784	1965568	512	5.691728
38881534976	38880401920	1133056	512	5.717075
70545528832	70544463360	1065472	512	5.948568
210366233088	210364213760	2019328	512	3.840746
249797755392	249795699712	2055680	512	5.332732
175084257792	175083023360	1234432	512	1.937113
129695528448	129693782528	1745920	512	5.462744
68245630464	68244013056	1617408	512	9.471181
119404045312	119402906112	1139200	512	4.326557
67106950144	67105530368	1419776	512	2.888217
236758334464	236756963328	1371136	512	9.900911
106053020672	106051770368	1250304	512	2.177035
228655312896	228653965824	1347072	512	4.055419
4689313280	4687854592	1458688	512	3.591679
49672228352	49670157312	2071040	512	4.443494
220856923136	220854923776	1999360	512	3.462865
134264563200	134263031296	1531904	512	7.166221
64827832832	64826054656	1778176	512	8.114159
103642941440	103641159680	1781760	512	5.490756
197168309248	197166510080	1799168	512	7.919691
132530742272	132529015296	1726976	512	5.299491
30042505216	30040487936	2017280	512	5.299483
82144586752	82143133696	1453056	512	9.205192
21433941504	21432471552	1469952	512	3.195340
102587182592	102585087488	2095104	512	2.573235
136096370688	136095078912	1291776	512	9.509142
220049996288	220048747520	1248768	512	6.103062
130603565568	130602259456	1306112	512	2.484722
249525075968	249523847680	1228288	512	9.923166
94304380928	94302912512	1468416	512	8.758844
118326423552	118325352448	1071104	512	5.022865
249214644224	249212648448	1995776	512	6.264717
63289678848	63288029696	1649152	512	9.194639
146205182464	146203256832	1925632	512	2.874258
35424464896	35422595584	1869312	512	6.526003
73047746048	73045877760	1868288	512	5.923698
174319747072	174317667328	2079744	512	8.073617
53100590592	53099336704	1253888	512	4.468198
162464365056	162462653952	1711104	512	4.239743
140115813888	140114072064	1741824	512	5.256644
160164990976	160163617280	1373696	512	8.080820
174880549376	174878965760	1583616	512	3.489463
34043432448	34041755136	1677312	512	6.442627
41953136640	41951486464	1650176	512	9.706615
170558367744	170556576256	1791488	512	2.875476
112503417344	112501388288	2029056	512	3.182387
29996395520	29994725376	1670144	512	8.162917
179097347072	179095720960	1626112	512	4.075462
163422939648	163421670912	1268736	512	8.834127
34352591360	34351147008	1444352	512	3.154144
182217961984	182216502272	1459712	512	5.900021
150650216448	150648515072	1701376	512	4.729788
234473075712	234471402496	1673216	512	5.700012
98801279488	98799189504	2089984	512	3.197322
117598151168	117596679680	1471488	512	9.311780
694240768	692593152	1647616	512	7.369898
39854770688	39853698560	1072128	512	6.214443
238888001024	238886492160	1508864	512	7.967389
127669049856	127667441152	1608704	512	6.750862
2422887936	2421259776	1628160	512	2.238728
60008654848	60006928896	1725952	512	7.366071
19914760704	19912668672	2092032	512	5.014467
118348062208	118346421760	1640448	512	6.491272
235154444288	235152768512	1675776	512	5.635681
121811922432	121810614272	1308160	512	9.652449
76990345216	76988700160	1645056	512	5.883221
211733326336	211731594752	1731584	512	7.499306
176437457408	176435633664	1823744	512	9.482512
83475603456	83473654784	1948672	512	3.284679
120232437760	120231188992	1248768	512	1.922533
65447952384	65446038016	1914368	512	5.512165
153244549120	153242706944	1842176	512	3.329428
198461438464	198459986432	1452032	512	5.071300
222568359936	222566505984	1853952	512	5.543382
139684978688	139682888192	2090496	512	10.052258
34419946496	34417920512	2025984	512	5.202323
37463080448	37461918208	1162240	512	5.496618
7342683136	7341156864	1526272	512	3.038196
162844993536	162843880448	1113088	512	2.198063
93055112192	93053883904	1228288	512	2.709168
111466867712	111464969728	1897984	512	4.386266
117718992896	117717775872	1217024	512	3.582364
114549979648	114548604928	1374720	512	9.238752
120251481600	120250033664	1447936	512	8.301929
187464295424	187462700032	1595392	512	2.490214
219428267520	219426260480	2007040	512	3.395637
113054217728	113052620800	1596928	512	7.277011
176355602432	176353801728	1800704	512	9.675659
145918297088	145916962304	1334784	512	8.770810
178785143808	178783311360	1832448	512	1.984521
40792218624	40790275072	1943552	512	5.854129
179242363904	179240307200	2056704	512	6.213264
117034356224	117033206272	1149952	512	4.217225
36385037312	36383525888	1511424	512	2.581269
80959007744	80957870592	1137152	512	3.736848
181063061504	181061861376	1200128	512	8.786262
195015983616	195013992960	1990656	512	6.262009
165715170816	165713830912	1339904	512	9.426364
15672525824	15670957056	1568768	512	9.274451
101196398592	101194775040	1623552	512	7.381443
87020347392	87018423808	1923584	512	5.046297
92881402368	92880183296	1219072	512	4.159029
16475801088	16473839616	1961472	512	6.071403
24795469824	24793421312	2048512	512	5.348003
93170230784	93168462336	1768448	512	6.071030
198747351040	198746299904	1051136	512	2.832073
162460103168	162458804224	1298944	512	8.478175
77787044352	77785716224	1328128	512	2.004016
239302481408	239300792832	1688576	512	4.063379
100971585024	100969537536	2047488	512	3.580645
124551128576	124549416960	1711616	512	5.788196
223931098112	223929243648	1854464	512	4.182211
153899814912	153898360320	1454592	512	8.612148
230358900224	230356886528	2013696	512	9.234208
154232939520	154231804928	1134592	512	3.584013
124823403008	124821970944	1432064	512	8.422997
71192073216	71190580736	1492480	512	9.148081
211774572544	211772673024	1899520	512	6.634834
41900755968	41899058176	1697792	512	7.930727
50859350016	50857420800	1929216	512	5.652413
159569068032	159567625728	1442304	512	8.736867
141392099840	141390099456	2000384	512	2.212533
70597590528	70596515840	1074688	512	5.864503
81247895552	81246483456	1412096	512	9.510657
146863355392	146861756928	1598464	512	6.226617
114717186048	114715100160	2085888	512	9.543697
248246016000	248244227584	1788416	512	9.444942
78965084160	78963204608	1879552	512	5.340188
75545572864	75543972352	1600512	512	7.905346
88525340160	88524198912	1141248	512	4.865221
80005275136	80003893248	1381888	512	2.953246
104595540992	104594011136	1529856	512	7.791261
156772613632	156770870272	1743360	512	4.284787
151054994432	151053829632	1164800	512	3.279054
195491859456	195490006016	1853440	512	7.250936
61831843840	61830793216	1050624	512	6.113689
130014040576	130012111360	1929216	512	3.724490
92026496512	92025093120	1403392	512	9.409166
125544071680	125542408704	1662976	512	6.240962
166785121792	166783336448	1785344	512	2.086932
179329043968	179326985216	2058752	512	4.739574
236842608640	236841113088	1495552	512	9.532067
71125410816	71124174336	1236480	512	3.137085
57786144256	57784605696	1538560	512	8.986151
159623353344	159622105088	1248256	512	2.449075
104462619648	104460882432	1737216	512	7.243272
20112723456	20110674432	2049024	512	5.363006
196992226816	196991097344	1129472	512	8.822287
207788311040	207786814464	1496576	512	4.030338
168066402816	168064504320	1898496	512	2.210136
235486495232	235484721664	1773568	512	4.207770
30648492032	30646589952	1902080	512	6.231324
102566706176	102564919296	1786880	512	5.393299
92529788928	92528562688	1226240	512	2.759678
102189629440	102188137984	1491456	512	9.504843
224161494016	224159702528	1791488	512	5.001339
118051438080	118049416192	2021888	512	2.857531
176260002304	176258546176	1456128	512	5.037860
122164176384	122162940416	1235968	512	3.423771
22497956352	22496470528	1485824	512	3.030621
93332843008	93331526656	1316352	512	3.297319
7854064640	7852229120	1835520	512	7.484502
46913787392	46912617472	1169920	512	5.449369
211976239104	211974827520	1411584	512	4.529801
199112842752	199111173120	1669632	512	2.531898
223295438848	223294352896	1085952	512	7.617851
158069297152	158067314688	1982464	512	1.896633
247216334848	247215127040	1207808	512	3.278672
114941844480	114939779584	2064896	512	9.715560
230224831488	230223231488	1600000	512	6.754387
28709868544	28707997184	1871360	512	6.486059
195563446784	195562277376	1169408	512	8.360879
133020345856	133018858496	1487360	512	7.630959
176583324160	176581356544	1967616	512	9.213775
99113345024	99111428096	1916928	512	4.738099
110971364864	110970297856	1067008	512	5.221955
124358915584	124356980224	1935360	512	3.765787
90869860864	90868293632	1567232	512	7.899364
110275000320	110273240576	1759744	512	5.679485
230699856384	230697874432	1981952	512	9.655523
117691986432	117690641920	1344512	512	9.272666
76946869248	76944996352	1872896	512	5.465966
75640379392	75638554112	1825280	512	5.903816
59564050432	59562068992	1981440	512	5.195229
108208797184	108206951936	1845248	512	4.883018
24834750464	24833274368	1476096	512	1.774129
91069440000	91067686912	1753088	512	6.239650
100650223616	100649125888	1097728	512	5.232590
63298626560	63297122816	1503744	512	9.084519
115096169472	115094188032	1981440	512	3.634247
209329386496	209327548416	1838080	512	7.523667
140796162560	140795095040	1067520	512	4.798699
133804096512	133802039808	2056704	512	9.035257
102241569280	102240112640	1456640	512	8.484640
194614808576	194612957184	1851392	512	7.838749
197994365952	197993097216	1268736	512	7.151391
1192427008	1190725120	1701888	512	8.525077
60193870336	60192756736	1113600	512	5.692440
153964910080	153962822656	2087424	512	7.731134
213790425088	213789084672	1340416	512	5.412087
107667040256	107665781248	1259008	512	2.066927
189766697472	189764925440	1772032	512	1.835200
204616771072	204615502848	1268224	512	6.785843
68052346368	68050899968	1446400	512	9.528925
202772659200	202770719744	1939456	512	5.669307
166300409344	166298911744	1497600	512	6.436936
78547402240	78546009088	1393152	512	2.808877
150696687104	150694936576	1750528	512	4.237088
164908489216	164906809344	1679872	512	4.529815
111651537408	111650426880	1110528	512	3.423588
46855831552	46854255104	1576448	512	2.037600
82996383232	82994490880	1892352	512	3.694315
160334078464	160332647936	1430528	512	7.107414
75395657216	75393703424	1953792	512	4.782072
103553821696	103551969792	1851904	512	4.788760
185342456320	185341337600	1118720	512	9.673299
64045208064	64044115968	1092096	512	5.700761
36688676352	36686974976	1701376	512	7.903918
25621160448	25620088320	1072128	512	6.408007
230226492416	230224933376	1559040	512	8.635284
90261122048	90259244032	1878016	512	5.150009
20197418496	20195853824	1564672	512	9.331618
137383559168	137382191616	1367552	512	8.781759
136093266432	136091462144	1804288	512	4.535924
81466970112	81465246720	1723392	512	6.805755
150294827008	150293642752	1184256	512	9.989381
57489017344	57487295488	1721856	512	7.426477
119481298944	119480197632	1101312	512	4.699172
7314292224	7312844288	1447936	512	10.587988
86896509952	86895393280	1116672	512	3.902494
239417228288	239416109568	1118720	512	5.486167
167618787840	167617339392	1448448	512	6.916732
231726617600	231725272064	1345536	512	3.322919
61964304384	61962253824	2050560	512	11.032012
55888541184	55886982656	1558528	512	10.162166
189772270592	189770309632	1960960	512	6.590167
97030501376	97029182464	1318912	512	10.172650
197310769152	197308717568	2051584	512	4.965650
192592509952	192590617088	1892864	512	8.740161
21845648896	21844288000	1360896	512	2.689751
65771363840	65770094592	1269248	512	4.201528
118671661056	118669721088	1939968	512	10.510760
178467555840	178466186752	1369088	512	8.231619
109403106304	109401328128	1778176	512	5.505906
42962677760	42961448448	1229312	512	3.537098
217373086208	217371207168	1879040	512	5.019137
175099027968	175097173504	1854464	512	2.195401
138232584704	138231304704	1280000	512	9.616217
98141138432	98139906048	1232384	512	3.960150
154675606528	154673704448	1902080	512	2.663597
108899189760	108897774080	1415680	512	8.865377
66017194496	66015329792	1864704	512	6.008417
54009566208	54008255488	1310720	512	2.652662
63953715200	63951674368	2040832	512	4.501418
236839685632	236837634048	2051584	512	7.353147
175304315392	175302978560	1336832	512	7.726072
233482626048	233481260032	1366016	512	8.447023
145742132736	145740065792	2066944	512	9.853947
197147804160	197146236928	1567232	512	3.746287
193112112640	193110023680	2088960	512	5.148868
176929987584	176928425472	1562112	512	4.851820
125353645568	125352550400	1095168	512	4.664373
217704030208	217702855680	1174528	512	7.083974
159050486272	159048823296	1662976	512	5.126366
214409240576	214407570432	1670144	512	8.199136
25207152640	25205896704	1255936	512	4.949996
206278379520	206276555776	1823744	512	7.005088
173150695424	173149424128	1271296	512	1.946038
201314413568	201312691200	1722368	512	8.783256
146170262016	146168729600	1532416	512	8.170082
119048354304	119046903296	1451008	512	9.561498
98708715008	98706719744	1995264	512	4.058920
27613356544	27611342848	2013696	512	5.319652
218369536	216673280	1696256	512	8.615385
175033660416	175032392704	1267712	512	8.475689
202731522048	202729882112	1639936	512	2.338862
204067282944	204066147840	1135104	512	8.372200
214731305984	214729395200	1910784	512	5.251208
71417862144	71415899136	1963008	512	5.146302
15209079296	15207662592	1416704	512	2.239748
177936279552	177934800896	1478656	512	5.680734
105984950784	105983790080	1160704	512	4.296407
83883410432	83881676288	1734144	512	6.720911
36478592512	36477495296	1097216	512	6.023243
183926397952	183924631040	1766912	512	2.507821
18826378240	18824934400	1443840	512	3.381739
142131297280	142129765376	1531904	512	5.217777
193869648896	193867623936	2024960	512	5.868567
143944734208	143942702080	2032128	512	1.901539
225999764992	225998019584	1745408	512	5.609748
182561553408	182560164864	1388544	512	8.049215
15859575296	15857702912	1872384	512	6.796624
65796160512	65794770432	1390080	512	3.204090
246048385024	246047335936	1049088	512	5.736424
113084499456	113083293696	1205760	512	2.532435
12174109184	12172387328	1721856	512	8.031795
231794682368	231792974848	1707520	512	5.196786
46067457536	46065972224	1485312	512	2.823660
90409794048	90408646656	1147392	512	4.747852
221685879808	221684274176	1605632	512	7.490715
33355850240	33354667008	1183232	512	3.927218
92833356800	92831319040	2037760	512	3.646082
202777122304	202775089664	2032640	512	4.525542
225220757504	225219201024	1556480	512	9.598938
153966519296	153964834816	1684480	512	3.532666
150648546304	150647118336	1427968	512	7.516021
79469452288	79467392512	2059776	512	2.196814
232097899520	232096422912	1476608	512	9.798200
208882200576	208881053696	1146880	512	9.112461
197560178176	197558259712	1918464	512	6.521414
2372144128	2370096640	2047488	512	5.825465
188562369024	188560840192	1528832	512	4.643512
61566567424	61564866560	1700864	512	7.383922
134262411776	134261099520	1312256	512	9.315314
213838824960	213836796416	2028544	512	3.828408
65238063616	65236578816	1484800	512	2.357207
16768532992	16767382528	1150464	512	5.771824
201334158848	201332156416	2002432	512	5.528281
223316986368	223315868160	1118208	512	7.133126
215431844864	215430205440	1639424	512	9.449482
26287237632	26285480960	1756672	512	7.628388
204486779904	204485249536	1530368	512	3.654789
84454266368	84453212672	1053696	512	5.817532
9387800064	9386037760	1762304	512	8.056955
230798785536	230797461504	1324032	512	3.649165
213026159616	213025049600	1110016	512	8.284099
161425067008	161423855104	1211904	512	2.519135
52789060096	52787172864	1887232	512	6.048023
101852804608	101850821632	1982976	512	3.614627
11969764352	11967943168	1821184	512	7.241941
113248758272	113247394816	1363456	512	9.361670
237561878528	237559832064	2046464	512	6.900463
197725829632	197724161024	1668608	512	2.545846
160121808384	160120338944	1469440	512	7.105918
100689245184	100687572480	1672704	512	6.967351
194419546112	194418452992	1093120	512	9.554508
183795951616	183794620416	1331200	512	7.345971
175645350400	175644215296	1135104	512	3.002007
105632744960	105630966784	1778176	512	5.559417
228798603264	228797183488	1419776	512	3.063062
110910545920	110908493824	2052096	512	2.954906
26504828928	26502927872	1901056	512	6.562148
231848403456	231846427648	1975808	512	8.316397
147182547456	147180931072	1616384	512	6.036281
142221819904	142220052480	1767424	512	4.476799
17548230656	17546529280	1701376	512	9.567622
154682755072	154681374208	1380864	512	6.363350
69575921152	69574073344	1847808	512	6.114250
207072020992	207070332416	1688576	512	2.049856
130656464896	130654977536	1487360	512	8.969347
238514730496	238513132544	1597952	512	3.885304
152877380608	152876151296	1229312	512	2.606493
174358953472	174357628416	1325056	512	7.864668
126611679744	126610388992	1290752	512	2.886475
29572362240	29570356736	2005504	512	5.387690
21708554752	21706927104	1627648	512	8.774972
45496826368	45495592448	1233920	512	4.855681
220012473856	220011328000	1145856	512	7.445854
68441575424	68440250368	1325056	512	2.370871
79944374784	79942346752	2028032	512	2.483230
159705424384	159704370688	1053696	512	4.438938
140977928704	140975927296	2001408	512	2.664474
217809648640	217807831040	1817600	512	5.818810
116079639552	116078225408	1414144	512	7.419757
96198799872	96196802048	1997824	512	4.041566
198441325056	198439268864	2056192	512	4.925525
186059534848	186058378240	1156608	512	9.239568
248797480960	248795696128	1784832	512	6.511097
101574732800	101572731392	2001408	512	2.633394
206499492352	206497626112	1866240	512	7.870145
241493282816	241491679232	1603584	512	5.240928
28982221824	28981014528	1207296	512	3.739759
164808314368	164806299136	2015232	512	6.486407
233252567552	233250708480	1859072	512	3.159041
74764908544	74763814912	1093632	512	5.452471
173399497728	173397687296	1810432	512	2.703665
39126547456	39124476416	2071040	512	4.820056
146701954560	146700019712	1934848	512	2.886478
199307512320	199305886720	1625600	512	3.064388
97933255168	97931986432	1268736	512	3.722703
163705319936	163703248384	2071552	512	7.371383
184596032000	184594035712	1996288	512	8.243094
163239773184	163238637568	1135616	512	3.309008
206315566080	206313722880	1843200	512	6.770220
39421030912	39419899392	1131520	512	5.738423
136975937536	136973862400	2075136	512	8.822080
20675987456	20674234880	1752576	512	7.776397
20576161792	20574693376	1468416	512	1.837149
12827884032	12826634240	1249792	512	3.611435
191272640512	191271483392	1157120	512	8.856994
98737403392	98735990272	1413120	512	2.401810
51686552576	51685456896	1095680	512	5.824445
5230267392	5228856320	1411072	512	2.591469
119171152384	119169912832	1239552	512	3.387601
177110928896	177108944384	1984512	512	6.978631
123946959360	123945153536	1805824	512	4.989285
147877169664	147875653120	1516544	512	6.988829
166074285056	166072715264	1569792	512	5.705851
77325684224	77323888128	1796096	512	6.161372
171169544192	171168140800	1403392	512	7.028825
216410705408	216409106432	1598976	512	2.077526
32901621760	32899965952	1655808	512	8.237459
91536996864	91535592960	1403904	512	2.466476
101611780608	101610679296	1101312	512	5.241723
56794217984	56792264704	1953280	512	5.350470
232151490048	232149566464	1923584	512	2.216806
214091763200	214090659328	1103872	512	6.931249
12437021696	12435172864	1848832	512	7.004847
108443424256	108442253312	1170944	512	4.252393
11976981504	11975886336	1095168	512	6.244236
87575472640	87573626368	1846272	512	5.689458
52789172224	52787589632	1582592	512	8.591124
104972482560	104970970624	1511936	512	7.952947
85307638784	85306206720	1432064	512	9.368111
211297161728	211295333888	1827840	512	7.636859
235030877184	235029362176	1515008	512	9.268614
189529498624	189527668224	1830400	512	9.426197
158726002176	158724215296	1786880	512	3.895830
60813754880	60812148224	1606656	512	8.392326
183980284928	183978869248	1415680	512	6.365582
143029991936	143028881408	1110528	512	4.066717
119240159744	119239015936	1143808	512	2.915062
56542272512	56540926464	1346048	512	3.717413
119308053504	119306866176	1187328	512	2.458466
72592095232	72590614016	1481216	512	9.259808
173472487424	173470985728	1501696	512	5.987357
212564369408	212563028480	1340928	512	5.436644
15370601984	15369477632	1124352	512	6.018843
175848357888	175846430208	1927680	512	8.301385
86483232256	86481387008	1845248	512	7.070789
192495143936	192493913088	1230848	512	8.013189
15922595840	15920549888	2045952	512	5.391898
123458613760	123457180160	1433600	512	9.771724
113140399616	113138979328	1420288	512	8.833449
5887959552	5886779392	1180160	512	4.442923
154443748864	154441729536	2019328	512	8.406870
197423377920	197421510656	1867264	512	7.094544
107655200768	107653237248	1963520	512	3.735023
170991690240	170990469120	1221120	512	9.009307
67469880320	67467886592	1993728	512	3.480409
9663967744	9662542336	1425408	512	2.489838
111503059456	111501648896	1410560	512	7.245456
241398328320	241397072896	1255424	512	2.110914
244823591936	244821588992	2002944	512	6.208579
199005110272	199003264512	1845760	512	7.398821
165356257280	165354365440	1891840	512	2.339774
25029484032	25028298752	1185280	512	5.424990
138659419648	138658257408	1162240	512	3.940893
3318872064	3317415424	1456640	512	2.272176
227064569344	227063095808	1473536	512	2.382943
245221096448	245219660800	1435648	512	9.069917
122296821760	122295745536	1076224	512	3.574496
249425582592	249423587840	1994752	512	4.862103
54668870656	54667764736	1105920	512	5.831646
190128038400	190126522368	1516032	512	4.759307
44256928768	44255674368	1254400	512	4.738278
209657324544	209655666176	1658368	512	9.717424
119691892224	119690152960	1739264	512	5.554192
57283260416	57281670656	1589760	512	1.984540
135116466688	135114999808	1466880	512	9.257935
164470175744	164468778496	1397248	512	7.477560
45056880640	45055439872	1440768	512	1.803085
164448258560	164446306304	1952256	512	8.586785
99659389440	99657774080	1615360	512	7.485509
178827572736	178825542144	2030592	512	6.527811
121180763136	121179602944	1160192	512	4.133949
118246419456	118244439040	1980416	512	3.239460
18465501696	18463637504	1864192	512	6.896500
80417340416	80415584256	1756160	512	6.487883
30562378240	30560530432	1847808	512	6.673891
171839379456	171838196736	1182720	512	2.593416
190112863232	190111797760	1065472	512	2.998942
139367370240	139365845504	1524736	512	7.272225
167334640128	167332938752	1701376	512	4.364028
21019872768	21018314752	1558016	512	9.313100
155653169152	155651819008	1350144	512	9.676080
113298720768	113297352192	1368576	512	9.310362
236021144064	236019734528	1409536	512	9.373016
226516282368	226514322944	1959424	512	2.812966
89271096832	89269263360	1833472	512	5.520823
99634736128	99633677824	1058304	512	5.624161
122186605568	122185338880	1266688	512	3.104980
91991004160	91989894656	1109504	512	5.188293
6049600512	6047577600	2022912	512	6.001223
161515051008	161512982528	2068480	512	7.372752
74560911360	74559736832	1174528	512	3.408873
167089038848	167087507968	1530880	512	6.086595
231324335104	231322907136	1427968	512	9.073631
239851810816	239849869312	1941504	512	7.126607
245695755264	245693671936	2083328	512	3.543433
224268550656	224266473984	2076672	512	9.487332
9579425280	9577509376	1915904	512	6.904278
81414959104	81413199872	1759232	512	6.489859
37805275648	37803346432	1929216	512	5.976692
182990137344	182988799488	1337856	512	7.239417
118444132864	118442841600	1291264	512	2.913515
9890093568	9888277504	1816064	512	9.034132
230856641024	230854716928	1924096	512	9.113282
67129112064	67127273984	1838080	512	6.200167
3280825856	3279010304	1815552	512	9.029138
208296807424	208295055360	1752064	512	8.634488
26601415680	26599577088	1838592	512	7.109183
136919510528	136918129152	1381376	512	10.036850
154761772032	154760479232	1292800	512	1.989802
227755870208	227754140160	1730048	512	5.797940
228676560896	228674724352	1836544	512	4.421362
117005397504	117003561984	1835520	512	4.616928
248747521024	248745799168	1721856	512	2.275457
240224546816	240222763008	1783808	512	2.591241
164722562048	164720610816	1951232	512	8.623681
178303072768	178301673984	1398784	512	6.590157
93481465344	93480033792	1431552	512	9.138137
94373912064	94371966464	1945600	512	4.488929
70949399040	70947315200	2083840	512	4.071573
58184912384	58182843392	2068992	512	4.494913
175824437248	175822540800	1896448	512	8.659404
86829717504	86827862528	1854976	512	5.614055
158653311488	158652224000	1087488	512	4.074546
93456641024	93454989312	1651712	512	8.508564
195068433920	195066988032	1445888	512	5.569703
116783659520	116781590016	2069504	512	2.423791
92159136256	92157913088	1223168	512	2.738773
57273177088	57271948800	1228288	512	4.694119
137264198144	137262906368	1291776	512	9.543176
107140834816	107139524096	1310720	512	1.903499
20682319360	20680974848	1344512	512	4.217292
185364005888	185362126848	1879040	512	8.185546
57918831104	57916971008	1860096	512	6.234329
41532308480	41530993152	1315328	512	4.211684
81092919808	81091304960	1614848	512	7.758734
237193780736	237192109056	1671680	512	4.298872
189692660224	189691048960	1611264	512	3.694328
125167229952	125165638144	1591808	512	6.920801
111494514176	111492578304	1935872	512	4.071627
119101137408	119099712512	1424896	512	8.463722
240137012736	240135648768	1363968	512	8.482906
33067754496	33065843200	1911296	512	6.185753
94870836736	94869676032	1160704	512	3.328638
107825950720	107824779264	1171456	512	2.885015
244617193984	244616043008	1150976	512	5.012961
215554061824	215552935424	1126400	512	7.657018
104775970304	104774550528	1419776	512	8.840814
172199143424	172197150720	1992704	512	9.007558
146030532096	146028478464	2053632	512	8.570190
240141390336	240139892224	1498112	512	8.122582
190973693952	190971866112	1827840	512	8.115216
59703093248	59701268480	1824768	512	6.533200
102684536320	102682790912	1745408	512	5.817614
188693469184	188691589632	1879552	512	7.510204
58962828288	58961721344	1106944	512	5.729340
134160273920	134158656512	1617408	512	6.370263
196810239488	196808538112	1701376	512	2.167781
158561551872	158560296448	1255424	512	2.338320
58426675712	58425157632	1518080	512	2.264538
16272114688	16270580224	1534464	512	2.666481
202290591744	202288900096	1691648	512	2.003569
10822196736	10820573184	1623552	512	8.825061
138844631040	138842716160	1914880	512	2.122625
134831858176	134830380544	1477632	512	7.701325
99970812416	99969325568	1486848	512	8.616572
63117959168	63116907520	1051648	512	6.073516
106186987520	106185575424	1412096	512	8.910750
117270546432	117269066240	1480192	512	7.984740
143208122368	143206608896	1513472	512	7.070124
93275827200	93274288640	1538560	512	9.532851
69275929088	69274051584	1877504	512	5.867749
214670342144	214669029888	1312256	512	5.763133
17488170496	17486628864	1541632	512	2.544229
73940705280	73939555328	1149952	512	4.986968
29283337216	29281959424	1377792	512	2.288660
154945229312	154943698432	1530880	512	6.432243
116402830848	116401357824	1473024	512	8.043954
203967168000	203965544448	1623552	512	2.526643
83282225152	83280312832	1912320	512	3.678689
157895947264	157894433280	1513984	512	6.635790
131970332160	131968860672	1471488	512	7.782769
248810014208	248808857600	1156608	512	4.115273
129727338496	129725791232	1547264	512	7.348984
204138693120	204137006592	1686528	512	8.657953
43592145408	43590444544	1700864	512	7.896525
157897463296	157895714816	1748480	512	2.938571
194833804800	194832702976	1101824	512	9.550872
79062685184	79060865024	1820160	512	5.912957
41626953216	41625152000	1801216	512	7.068406
138481553920	138480220160	1333760	512	9.105989
227011776512	227009988096	1788416	512	5.163247
231849235968	231847288320	1947648	512	1.881416
81106476032	81104540160	1935872	512	4.922995
146454337024	146453211136	1125888	512	3.983455
245899745792	245898333696	1412096	512	7.031339
119590428672	119588459008	1969664	512	3.350016
175255510016	175254420992	1089024	512	2.228201
121752339456	121750526976	1812480	512	4.834301
115079622144	115078568448	1053696	512	3.927845
42617344512	42616079872	1264640	512	4.600704
164267852800	164266461696	1391104	512	7.534226
120673835520	120672375296	1460224	512	8.167279
160684870656	160682945024	1925632	512	8.866866
31146380800	31144812032	1568768	512	2.106612
7418779136	7417084416	1694720	512	8.614698
29974019072	29972737024	1282048	512	4.487573
6366876160	6365174784	1701376	512	1.889876
107581494272	107579759104	1735168	512	7.262063
176402305536	176400403968	1901568	512	1.747461
238699685376	238697588736	2096640	512	6.178274
106670482432	106669150720	1331712	512	9.661359
19180462592	19179321344	1141248	512	5.888892
176115488768	176114361856	1126912	512	3.119289
240655620608	240653780992	1839616	512	9.949851
206372707840	206371465728	1242112	512	7.122387
186990680576	186989287424	1393152	512	5.010408
70698468864	70696968192	1500672	512	2.212544
161476023808	161474300416	1723392	512	2.699721
77165953024	77164880896	1072128	512	5.673261
8780479488	8778742784	1736704	512	9.658379
124056845824	124054969344	1876480	512	4.266425
97467825152	97466174976	1650176	512	7.158773
63690542592	63688508416	2034176	512	4.528566
203132340224	203131184128	1156096	512	9.513854
57438961664	57437723648	1238016	512	4.612437
78911434240	78909913600	1520640	512	1.947690
244452729856	244450796544	1933312	512	7.237842
118415719424	118414068736	1650688	512	6.315862
166415936512	166414221312	1715200	512	4.153495
132278601216	132277101056	1500160	512	8.864248
52136174592	52134324224	1850368	512	6.321747
178932128768	178930056192	2072576	512	6.029544
46270529536	46269285376	1244160	512	4.790840
52565191168	52563833344	1357824	512	2.286415
70622481920	70620532736	1949184	512	3.571967
25287345152	25285807104	1538048	512	2.603749
209514020352	209512197120	1823232	512	7.694851
60838213120	60836824064	1389056	512	2.006044
233370264064	233368394752	1869312	512	2.962483
187862070272	187860942336	1127936	512	9.216469
89671206400	89669949440	1256960	512	3.820148
218087033856	218085537792	1496064	512	9.839160
234856250880	234854344704	1906176	512	2.461893
25035870208	25034208256	1661952	512	8.494017
174312781824	174310975488	1806336	512	2.715780
172677360640	172675911680	1448960	512	6.554395
140178277376	140176185344	2092032	512	1.934523
175327441920	175326235648	1206272	512	9.112640
74365841920	74364434944	1406976	512	2.735662
91479176704	91477502464	1674240	512	6.929214
224572175360	224571026432	1148928	512	6.709374
245156037120	245154146816	1890304	512	9.272081
84148516352	84146458112	2058240	512	3.828020
178230536192	178228725760	1810432	512	2.027902
39043173376	39041966592	1206784	512	3.746793
159264774656	159263254528	1520128	512	6.604836
148142416896	148140721664	1695232	512	5.238094
26510853120	26508961792	1891328	512	6.569997
142933594112	142932212736	1381376	512	8.366213
42656512512	42655336960	1175552	512	5.357723
181905103872	181903704576	1399296	512	6.559038
180836985344	180835822592	1162752	512	2.243460
238951693312	238950119424	1573888	512	5.639488
195615679488	195613740544	1938944	512	6.250485
248313355264	248312282624	1072640	512	5.382913
69954181632	69952820224	1361408	512	3.422103
166716059648	166714111488	1948160	512	8.677666
190697945088	190696330752	1614336	512	3.618606
102128485888	102126558720	1927168	512	4.108755
27734012416	27732409344	1603072	512	1.777592
231301361664	231300266496	1095168	512	6.840061
60025861632	60024447488	1414144	512	3.108865
169863100928	169861464576	1636352	512	4.495646
246502036480	246500116480	1920000	512	6.047008
158943361024	158941953536	1407488	512	9.155615
249954810880	249953701888	1108992	512	4.837812
7229462528	7228049920	1412608	512	2.590871
139006164992	139004868608	1296384	512	2.567807
39921797632	39920059904	1737728	512	8.951615
74780831232	74778788352	2042880	512	3.991348
71223066112	71221777408	1288704	512	4.040820
85965002240	85963402240	1600000	512	7.887541
66340701696	66339631616	1070080	512	5.923587
187158259712	187156370944	1888768	512	8.145016
46935396352	46934229504	1166848	512	5.450899
113405514752	113403437056	2077696	512	9.288830
44659395072	44657860608	1534464	512	2.396809
10972105216	10970377216	1728000	512	8.000096
36765771776	36763774976	1996800	512	5.480081
179851574272	179850254336	1319936	512	7.410083
183986395648	183984542208	1853440	512	8.420621
195593549824	195591824896	1724928	512	8.768946
133123361792	133121384960	1976832	512	2.880079
84102073856	84100355072	1718784	512	8.216179
25776755200	25775351296	1403904	512	3.839457
145589169664	145587520512	1649152	512	5.713862
214667827712	214665771520	2056192	512	3.431071
100721592320	100720382464	1209856	512	4.252008
9251599360	9249676800	1922560	512	6.829165
101928922624	101927257088	1665536	512	6.550506
174628073472	174626066944	2006528	512	8.864933
210355924480	210354132480	1792000	512	8.037122
6557539840	6556194816	1345024	512	4.491342
120017573888	120015898624	1675264	512	6.117607
65549996032	65548004864	1991168	512	4.913001
199322213376	199320812032	1401344	512	5.652341
28046381568	28044448768	1932800	512	5.995380
78506387968	78504676352	1711616	512	6.938264
60560373760	60558330880	2042880	512	4.738521
228246983680	228245078528	1905152	512	3.491329
96535138304	96533648384	1489920	512	8.575105
203846485504	203844547584	1937920	512	5.570129
167529991168	167528844800	1146368	512	3.183233
67058168832	67056667136	1501696	512	2.218712
75301181440	75299166208	2015232	512	2.811921
157532957696	157531095040	1862656	512	3.109607
203484915712	203483616256	1299456	512	6.402891
192715849728	192714709504	1140224	512	2.144258
178702068224	178700361728	1706496	512	3.150995
128435452928	128434327552	1125376	512	3.080105
248958397952	248957041664	1356288	512	7.840690
140718683136	140716911104	1772032	512	4.867720
111249744896	111248361472	1383424	512	9.167571
124552401920	124551201280	1200640	512	3.743930
241960246272	241958634496	1611776	512	3.458063
240908980736	240907517440	1463296	512	7.366836
159521916928	159520838656	1078272	512	4.208579
230881613824	230880147456	1466368	512	8.579544
127012754944	127011050496	1704448	512	5.817598
70561740800	70560445440	1295360	512	2.632305
2260448768	2258707456	1741312	512	8.225227
27875402752	27873579008	1823744	512	8.302128
81238964224	81236902912	2061312	512	3.826088
187817920512	187815832576	2087936	512	5.156503
120076905472	120075204096	1701376	512	4.450343
155552995328	155550951936	2043392	512	8.074520
117063951360	117062547456	1403904	512	1.809934
144926385152	144924609024	1776128	512	4.435457
33089809920	33088424960	1384960	512	3.633375
15116941312	15115700736	1240576	512	5.073985
162035562496	162033962496	1600000	512	5.385721
114439513600	114437810176	1703424	512	6.206179
104728172544	104726955008	1217536	512	3.829657
210566176768	210564499968	1676800	512	8.182976
143316080640	143314053120	2027520	512	1.924228
42944910336	42943532032	1378304	512	2.320296
32959367680	32957349376	2018304	512	5.260997
109119107584	109117033984	2073600	512	2.768543
36415987712	36414580224	1407488	512	3.444064
50126203392	50124976128	1227264	512	4.703272
116882794496	116880809472	1985024	512	3.222795
43919232512	43917817344	1415168	512	1.953879
179064623616	179062883840	1739776	512	2.813364
136876640768	136875358208	1282560	512	2.647316
83816549888	83814612480	1937408	512	4.885588
45899756032	45897793024	1963008	512	5.708172
164567543296	164566321152	1222144	512	2.497234
169098785792	169097733120	1052672	512	3.891618
135920270848	135918363136	1907712	512	3.545200
233367920640	233366662144	1258496	512	4.547583
243099636224	243098045952	1590272	512	5.135703
234130843648	234129748992	1094656	512	8.156723
144911833088	144910035456	1797632	512	4.235705
151567636480	151565810688	1825792	512	3.447852
92572778496	92571604480	1174016	512	3.215429
221258974208	221257794560	1179648	512	7.007843
42339424768	42337522688	1902080	512	6.238929
136830114304	136828907008	1207296	512	2.071104
112997332992	112995623424	1709568	512	4.737219
248443152896	248441944576	1208320	512	3.320853
243157657600	243155796480	1861120	512	8.028019
166065219072	166063293952	1925120	512	1.981191
205324032512	205322768896	1263616	512	6.835209
129393834496	129392620032	1214464	512	3.610907
248887090688	248885121536	1969152	512	5.318513
57265625600	57264233984	1391616	512	3.310915
224387302400	224385466880	1835520	512	4.480499
197019399168	197018037248	1361920	512	6.131429
191986531840	191984535040	1996800	512	6.193449
246759438336	246757440000	1998336	512	3.386003
106926815232	106925324288	1490944	512	8.156610
71667176960	71665625600	1551360	512	1.775157
208597042688	208595983360	1059328	512	8.976975
121507126784	121505314816	1811968	512	4.847936
161426232832	161425182720	1050112	512	4.217170
235798217216	235796531712	1685504	512	5.586517
243521591296	243520173056	1418240	512	7.950679
64076140544	64074750976	1389568	512	1.996794
101275508224	101273651712	1856512	512	5.308416
57554944	55627264	1927680	512	6.761395
209147655168	209146122240	1532928	512	1.964759
161578265088	161577107456	1157632	512	3.075904
246747631104	246746179584	1451520	512	6.423122
172738500608	172737369088	1131520	512	3.049703
124087843328	124086013952	1829376	512	3.297959
39296536064	39294601216	1934848	512	5.989591
232273750016	232272439296	1310720	512	2.440139
206660009984	206658584064	1425920	512	4.903717
196324715008	196322636800	2078208	512	4.633322
153699605504	153697948672	1656832	512	5.177985
163125890048	163124816896	1073152	512	2.606954
4042322432	4040657408	1665024	512	8.865655
199047266816	199045871616	1395200	512	5.731926
202300543488	202299138048	1405440	512	5.173844
129108220416	129106269184	1951232	512	3.451295
175933885952	175931873792	2012160	512	8.780103
79087469568	79085821952	1647616	512	5.861035
144680153600	144678941184	1212416	512	1.606241
24219996160	24218246144	1750016	512	9.175109
73218347520	73217158144	1189376	512	4.904155
76459978752	76457896960	2081792	512	3.644950
61865769984	61864658432	1111552	512	2.770182
150647189504	150645508608	1680896	512	4.977148
149540692480	149539103232	1589248	512	7.680370
212258137088	212256716800	1420288	512	4.418950
94931791872	94929739264	2052608	512	3.567886
71917681152	71916165632	1515520	512	8.987858
14825544192	14824397312	1146880	512	5.791856
177904501760	177902578688	1923072	512	7.696152
49233497600	49231656960	1840640	512	6.370989
134443945472	134442396672	1548800	512	8.391244
245275106304	245273638400	1467904	512	7.536869
137047329792	137046065152	1264640	512	2.888849
34107241472	34105292288	1949184	512	5.814243
64245156352	64243737088	1419264	512	9.802951
170601752064	170599691264	2060800	512	8.189403
106295131136	106293425664	1705472	512	6.181300
110439605248	110437717504	1887744	512	4.520228
33983934976	33982512128	1422848	512	3.346664
152029862912	152028345856	1517056	512	6.607751
175412017152	175410835456	1181696	512	2.504307
214577012224	214575060992	1951232	512	4.819270
210789949440	210788488704	1460736	512	3.934913
211168696832	211166600192	2096640	512	8.408431
153127517184	153125563904	1953280	512	2.151456
42673922048	42671881728	2040320	512	5.084171
202582899200	202581333504	1565696	512	3.244710
161226874880	161225269248	1605632	512	5.325725
236588067328	236586634752	1432576	512	8.993857
46539312128	46537254400	2057728	512	4.929302
216313322496	216311682560	1639936	512	9.414730
195352441344	195351186432	1254912	512	5.736957
226461516288	226459505152	2011136	512	2.105477
225447633408	225446515200	1118208	512	7.106309
4977355264	4975640064	1715200	512	1.938234
220852947968	220851083776	1864192	512	5.177801
67871646208	67870021120	1625088	512	9.387192
82843771392	82842550784	1220608	512	4.380111
219314798592	219312842240	1956352	512	4.030653
116019540480	116018039808	1500672	512	8.076405
206048226816	206046872064	1354752	512	5.819547
134414060032	134412579840	1480192	512	9.035643
197019893248	197018807808	1085440	512	9.343861
15101394432	15100149248	1245184	512	3.638845
243134489088	243132468736	2020352	512	5.942496
185118842368	185117043200	1799168	512	8.992749
98720024576	98718793216	1231360	512	4.028349
160638432768	160636515328	1917440	512	2.067363
84968210432	84966391296	1819136	512	5.944578
137239656960	137237709312	1947648	512	3.149235
191169346048	191167835648	1510400	512	4.807097
144803182080	144801467904	1714176	512	5.032519
226346395136	226344824320	1570816	512	7.945904
32885382656	32884079616	1303040	512	4.239184
153321133568	153319178752	1954816	512	2.156316
80404684800	80403229184	1455616	512	9.168133
200941778432	200940340224	1438208	512	5.238191
109330132480	109328660992	1471488	512	8.298427
6791182848	6790027264	1155584	512	5.993541
79843488768	79842183680	1305088	512	3.617972
100303097856	100302035968	1061888	512	5.580687
81992574464	81990614016	1960448	512	4.700380
221682674176	221681168896	1505280	512	8.806793
123996238336	123995074048	1164288	512	4.088733
242071319552	242069272576	2046976	512	5.543855
21887772672	21886541824	1230848	512	5.117054
39050650112	39048794112	1856000	512	6.629684
119277320192	119275336192	1984000	512	10.020436
190028808704	190026872320	1936384	512	6.886055
238896681984	238895007744	1674240	512	4.158091
221697606656	221696413696	1192960	512	6.130244
172601296896	172599204352	2092544	512	6.567532
45802510336	45800568832	1941504	512	5.895087
51420293120	51418279936	2013184	512	4.926938
12957298176	12955652096	1646080	512	8.636533
103203160576	103201244672	1915904	512	2.868503
164354709504	164352875520	1833984	512	2.950246
67593815552	67592322048	1493504	512	9.170540
221088490496	221087340544	1149952	512	7.376705
98051409408	98049529344	1880064	512	5.107544
189990150656	189988373504	1777152	512	1.910064
234290834944	234288851968	1982976	512	9.660464
34362532352	34360958976	1573376	512	8.943611
21754016256	21752129024	1887232	512	8.071910
57314096128	57312291840	1804288	512	6.740791
137558409216	137556860928	1548288	512	7.016308
241779632640	241778519040	1113600	512	5.553948
154245023744	154243185152	1838592	512	3.334282
247963496960	247961549824	1947136	512	5.615639
224030472704	224029332992	1139712	512	6.845584
232257993728	232256224256	1769472	512	4.360937
33602332672	33600303616	2029056	512	3.821074
240120895488	240119049216	1846272	512	8.508643
103364616192	103363039232	1576960	512	7.333860
48488232448	48486886400	1346048	512	3.732774
141147099648	141146050048	1049600	512	3.382758
66258142720	66256084480	2058240	512	4.316769
113990536704	113989348352	1188352	512	4.115312
62705310208	62703337472	1972736	512	5.031301
15277106176	15275813888	1292288	512	3.298529
184713338880	184712164352	1174528	512	2.165539
180649534464	180647692800	1841664	512	1.988322
155124582400	155122997248	1585152	512	5.890505
56597684224	56596335616	1348608	512	3.698333
205015482880	205014158848	1324032	512	6.107132
173839443456	173837839872	1603584	512	4.882105
122244317184	122243052544	1264640	512	3.130785
245592950272	245591306240	1644032	512	3.441083
50183785984	50182294016	1491968	512	9.255946
158154878976	158153585152	1293824	512	8.849761
35726000128	35723907584	2092544	512	4.686791
241111512064	241109693440	1818624	512	2.077247
91032953856	91031243264	1710592	512	7.999682
242492064768	242490071552	1993216	512	6.324172
225424402944	225422660096	1742848	512	7.032414
132922609152	132920573952	2035200	512	9.235397
220775015424	220773002240	2013184	512	3.295393
225408549376	225406649856	1899520	512	3.551607
198273949184	198272390656	1558528	512	3.821727
218047746048	218046336000	1410048	512	4.028448
214036638720	214035255808	1382912	512	4.961261
38589024256	38587322880	1701376	512	7.884248
223165455360	223164014080	1441280	512	2.757757
235169266688	235167587328	1679360	512	5.518045
121715596800	121713908224	1688576	512	6.022338
163121010688	163119449088	1561600	512	5.758126
22591275520	22589982208	1293312	512	4.605306
57075019776	57072930304	2089472	512	4.300388
205424695808	205422650880	2044928	512	4.362037
180680348160	180678965248	1382912	512	6.721634
169117921792	169116774912	1146880	512	9.762582
179940839424	179939476480	1362944	512	6.935814
147032522240	147031085568	1436672	512	9.199811
18554557952	18553359872	1198080	512	4.025078
106630048768	106627965440	2083328	512	2.703639
215727921152	215726160896	1760256	512	6.505427
183868115968	183866254336	1861632	512	9.740308
156158427648	156157257728	1169920	512	3.230146
108169547776	108167640576	1907200	512	4.270866
243378006016	243376788992	1217024	512	4.057149
122521060352	122519803904	1256448	512	3.213522
14330518016	14329447936	1070080	512	6.424657
87936515072	87934553088	1961984	512	4.694717
130632918016	130631185920	1732096	512	5.237175
18062108160	18060357632	1750528	512	9.141271
5339404800	5338342912	1061888	512	6.758541
161257665024	161255777280	1887744	512	2.382281
212448962560	212447720960	1241600	512	6.655419
182257619456	182256339456	1280000	512	7.840009
128157336064	128156157952	1178112	512	3.955241
117369901568	117368053760	1847808	512	4.516969
55105140224	55103396352	1743872	512	8.591943
167237780992	167235938304	1842688	512	9.758242
144230053376	144228995072	1058304	512	4.654143
125423696896	125421690880	2006016	512	2.981199
82253843968	82252407296	1436672	512	2.419706
80152273920	80150898688	1375232	512	9.859008
72456581632	72455321600	1260032	512	2.926293
180108750336	180107665408	1084928	512	2.113148
65267625984	65265569280	2056704	512	4.308801
128185920512	128183913472	2007040	512	11.337742
181382215680	181380793344	1422336	512	6.315176
235879770624	235878556672	1213952	512	3.730068
24996567552	24994896384	1671168	512	8.453545
65691622400	65689948160	1674240	512	7.600241
89365563392	89364116480	1446912	512	8.997414
95864991744	95863614464	1377280	512	9.623304
198298840576	198297611264	1229312	512	7.647075
133851961344	133850635264	1326080	512	7.734464
189817552896	189815793152	1759744	512	2.026084
242381414400	242379937792	1476608	512	7.046919
99164785664	99162841088	1944576	512	3.155052
48481115136	48479070208	2044928	512	4.689861
124342673920	124340804096	1869824	512	4.308878
194080724992	194078918144	1806848	512	8.350059
213175374848	213173753344	1621504	512	8.823116
186949249024	186947483136	1765888	512	2.521357
55940050432	55938896384	1154048	512	5.352807
43435801600	43433793536	2008064	512	5.375796
242564998144	242563657728	1340416	512	2.230252
46441947136	46440376320	1570816	512	9.018357
30381679616	30380330496	1349120	512	3.875911
55224960512	55223765504	1195008	512	3.622023
176587472384	176586206208	1266176	512	8.544408
248913403904	248912043520	1360384	512	9.228209
104249664512	104247831552	1832960	512	3.382515
157780474880	157778846208	1628672	512	5.480333
93782483456	93780397056	2086400	512	3.271773
5542726144	5541557760	1168384	512	5.890183
161978854400	161977789952	1064448	512	4.097037
146209864704	146207833088	2031616	512	8.766219
56957145088	56955276800	1868288	512	6.165664
45456121344	45454045696	2075648	512	4.819064
239701540352	239700103680	1436672	512	7.608609
229608498176	229607110656	1387520	512	3.492609
58251396608	58249573376	1823232	512	6.501297
199670717440	199668830208	1887232	512	6.806004
227807156224	227805222400	1933824	512	3.125444
99167049216	99165222912	1826304	512	5.503981
171769726464	171768134656	1591808	512	5.092393
83731694080	83729879552	1814528	512	6.059446
127001107968	126999831040	1276928	512	8.465786
69552459776	69551307264	1152512	512	5.222718
210083885056	210082285568	1599488	512	2.223469
230958936576	230957176320	1760256	512	4.497128
29668273152	29666545152	1728000	512	7.698530
143861650944	143860023808	1627136	512	5.922691
9319596544	9317979648	1616896	512	9.241464
25217649664	25215892992	1756672	512	7.744362
53272609792	53271387648	1222144	512	3.402667
121735635968	121734580736	1055232	512	5.112090
42406453248	42404775936	1677312	512	9.457698
109422398976	109420692992	1705984	512	6.195761
196428473856	196426715648	1758208	512	9.703914
135618534400	135616837120	1697280	512	5.565438
126191011328	126189329408	1681920	512	6.049221
183515724288	183513953280	1771008	512	2.348093
98938540032	98937268224	1271808	512	2.281295
203187289088	203186062336	1226752	512	7.278709
198457234944	198455440384	1794560	512	7.954049
174094225408	174092370944	1854464	512	9.113697
199283540992	199281647616	1893376	512	8.151331
137004673024	137002898944	1774080	512	4.826405
42759884288	42758098432	1785856	512	7.203012
53257703424	53255714816	1988608	512	5.101097
15666233856	15664675840	1558016	512	9.378657
126654577664	126653172224	1405440	512	8.698664
115213906432	115211955200	1951232	512	3.896688
39209236992	39208078848	1158144	512	4.156774
82403944960	82402860032	1084928	512	5.536848
99002866176	99001795072	1071104	512	5.491400
5848350208	5847207424	1142784	512	6.115564
245521656832	245520427008	1229824	512	2.992165
231369137152	231367187968	1949184	512	1.859180
73152847872	73151126528	1721344	512	7.192747
63763018752	63761788928	1229824	512	4.530363
228282771456	228281320448	1451008	512	2.671284
125099734528	125098173440	1561088	512	7.192393
130724991488	130723437568	1553920	512	6.976729
65294750208	65293293056	1457152	512	2.576004
58652282368	58650559488	1722880	512	7.400246
45094672896	45093407744	1265152	512	4.643322
142985186304	142983928832	1257472	512	2.657106
177442618368	177440891392	1726976	512	1.929772
167263796224	167261717504	2078720	512	7.303701
7252051456	7250040320	2011136	512	6.109654
72423329792	72421285888	2043904	512	4.445275
20162203136	20161048064	1155072	512	5.737807
237582259712	237581020160	1239552	512	3.710882
42393222656	42391356416	1866240	512	6.520400
14269300224	14267451392	1848832	512	6.990368
73531754496	73530407936	1346560	512	2.168794
209357256704	209355658240	1598464	512	2.228187
87502896640	87501247488	1649152	512	7.553635
170109965312	170108342272	1623040	512	3.301970
216751099392	216749288960	1810432	512	5.876279
132480139776	132478131712	2008064	512	9.477187
133383063552	133381540352	1523200	512	7.272187
136718218240	136716688384	1529856	512	8.585621
198876937216	198875800576	1136640	512	1.785193
83445176320	83443854336	1321984	512	2.077616
72286133248	72284610560	1522688	512	8.917610
124162547200	124161076224	1470976	512	9.458082
126731432960	126729976832	1456128	512	8.215001
25350411776	25348611584	1800192	512	7.424700
99445110784	99443694080	1416704	512	2.372277
133387170304	133385822208	1348096	512	8.962025
221460035072	221458020352	2014720	512	3.277120
240676060672	240674812416	1248256	512	3.596896
43666087936	43664717824	1370112	512	3.745399
218461097472	218459772416	1325056	512	5.165101
14835089920	14833555456	1534464	512	9.557300
245248004096	245246208512	1795584	512	7.999086
240925462016	240924046848	1415168	512	9.377656
168635323392	168633888256	1435136	512	6.705465
173741659648	173739644928	2014720	512	7.376727
168054778880	168053531648	1247232	512	8.774518
93229549568	93228227072	1322496	512	1.901642
152052696064	152051378688	1317376	512	2.017098
86570382336	86568860672	1521664	512	8.620234
74916204544	74914472448	1732096	512	6.758010
206019423232	206018036224	1387008	512	5.380973
1881054720	1879525888	1528832	512	3.042880
51310509056	51309372416	1136640	512	4.149647
239790407168	239789089280	1317888	512	2.532675
166223476736	166221965824	1510912	512	6.322982
34404139008	34402691584	1447424	512	1.825743
165353205248	165351526400	1678848	512	4.600015
68113929728	68111926784	2002944	512	4.730977
90919013888	90917418496	1595392	512	7.674382
141911895040	141910265344	1629696	512	5.885707
143796094976	143794879488	1215488	512	1.630981
134856922624	134855330304	1592320	512	6.609960
176977710592	176975906304	1804288	512	8.951268
172399608320	172397762048	1846272	512	9.131848
244710345728	244708338688	2007040	512	6.176800
190849081344	190847783936	1297408	512	7.242323
115093419520	115091510784	1908736	512	4.298369
74871816704	74869817856	1998848	512	4.360222
91474082304	91472486400	1595904	512	9.009927
23476712448	23474642944	2069504	512	3.824306
47041644544	47040490496	1154048	512	5.567060
156825758208	156824555008	1203200	512	1.921083
40527589888	40526264320	1325568	512	2.782481
62468420096	62466707456	1712640	512	7.232542
184889377792	184887968768	1409024	512	6.485732
35897662464	35896205312	1457152	512	3.049731
12601618944	12600521216	1097728	512	6.204861
160151714304	160150143488	1570816	512	7.445237
58499746304	58498088960	1657344	512	7.878798
173209024512	173207278592	1745920	512	1.981774
183109442560	183107579392	1863168	512	9.663802
226775861760	226774578688	1283072	512	4.916980
198462986240	198460922880	2063360	512	4.803043
24802475520	24801421824	1053696	512	6.551135
44240171008	44238351872	1819136	512	8.270506
52576117760	52574973952	1143808	512	5.444001
25832133120	25830915584	1217536	512	5.240071
108958878720	108957500416	1378304	512	2.316219
125995994112	125994339840	1654272	512	6.311138
201520277504	201518303744	1973760	512	4.415352
152470205440	152468562432	1643008	512	5.275668
115423290880	115421585920	1704960	512	6.201685
175531545600	175530014208	1531392	512	5.695069
61182161920	61180323840	1838080	512	6.422519
235214642688	235212580864	2061824	512	8.572509
31223531008	31222251520	1279488	512	4.510170
29497746432	29496393216	1353216	512	3.913203
91813915648	91812096512	1819136	512	5.639131
54485144576	54483686400	1458176	512	2.745053
59080708608	59079132160	1576448	512	8.660185
83465510400	83464096256	1414144	512	9.555403
238117006336	238115188736	1817600	512	2.025165
186753102336	186751008768	2093568	512	5.782046
171343439360	171342383104	1056256	512	2.482544
52808089600	52806735872	1353728	512	3.653445
231053087744	231051351040	1736704	512	4.819256
195127925248	195126546432	1378816	512	5.917871
244504765952	244503180288	1585664	512	5.476942
222412287488	222410951168	1336320	512	4.194249
121034082304	121032343552	1738752	512	5.579994
74587524096	74585555968	1968128	512	4.617571
226599603712	226598502400	1101312	512	7.347218
111988294656	111986900480	1394176	512	9.089812
47149515776	47147789312	1726464	512	9.052778
145942078976	145940544000	1534976	512	6.831098
243805552128	243803819008	1733120	512	3.322972
77178373120	77176944128	1428992	512	9.365617
223771716096	223769853440	1862656	512	10.680888
223048911360	223047750144	1161216	512	6.610174
50785761792	50784477184	1284608	512	4.250773
236978392064	236976918528	1473536	512	8.483163
39509408256	39507357696	2050560	512	3.619132
88346990592	88345193984	1796608	512	5.821236
82432941568	82431054848	1886720	512	5.361168
168759410688	168757718528	1692160	512	3.943724
220775453696	220774311936	1141760	512	7.495047
111646363648	111644986880	1376768	512	9.217493
1997622272	1996147712	1474560	512	3.451775
206579334144	206577479168	1854976	512	6.665342
169241253376	169239986176	1267200	512	1.923764
9683046400	9681014272	2032128	512	5.942390
124356387328	124355126784	1260544	512	3.165153
80531873792	80529879040	1994752	512	4.441115
239708996096	239707454976	1541120	512	6.105900
130601155584	130599327232	1828352	512	2.951560
42272474112	42270409728	2064384	512	4.791633
39642345472	39641118720	1226752	512	4.944727
84007262208	84005526528	1735680	512	6.698778
49724968960	49723514368	1454592	512	9.667148
27250765312	27248944640	1820672	512	5.281315
127534966784	127533416448	1550336	512	7.300077
10079974912	10077961728	2013184	512	5.647882
197858937856	197857732096	1205760	512	7.930961
64669041152	64667560448	1480704	512	9.268482
129105381888	129103564288	1817600	512	3.463184
118973431296	118972203520	1227776	512	3.486709
69311747072	69310633472	1113600	512	5.521098
104248983040	104247774720	1208320	512	3.909169
22864983552	22863838720	1144832	512	5.842052
151656690176	151655050752	1639424	512	3.943163
157435773952	157433906688	1867264	512	3.026500
151282165248	151280998912	1166336	512	1.892271
191303797760	191302266880	1530880	512	4.576231
31040048128	31038076416	1971712	512	5.667194
131300351488	131298556416	1795072	512	4.634051
224266958336	224264914432	2043904	512	8.555104
192143452672	192141493760	1958912	512	7.847616
210883629568	210882291200	1338368	512	5.400485
73937658368	73936073216	1585152	512	7.982832
166213357568	166211450368	1907200	512	2.257848
211762655744	211761372672	1283072	512	6.134864
229879259136	229877519872	1739264	512	5.718003
140655021568	140653358080	1663488	512	5.892734
77280154624	77278317056	1837568	512	5.775852
105382814720	105381050880	1763840	512	4.201685
226149791744	226148551680	1240064	512	5.585213
231044531200	231042992128	1539072	512	8.943279
46814822400	46812954112	1868288	512	6.484617
233479757824	233478682624	1075200	512	7.089156
105522960896	105521250816	1710080	512	7.522465
240846078976	240844572672	1506304	512	6.625625
49281897984	49279997952	1900032	512	5.895276
111591646208	111590038016	1608192	512	5.449369
128770565120	128769350656	1214464	512	2.243753
58302025216	58300427264	1597952	512	7.031192
211068327424	211066491904	1835520	512	6.173000
91565994496	91564695040	1299456	512	2.089848
249783851520	249782098432	1753088	512	10.010086
190789108224	190787523072	1585152	512	2.595593
114022801408	114020962816	1838592	512	3.575072
105187691008	105185936896	1754112	512	5.683625
199680096256	199678704640	1391616	512	4.137608
64619445760	64617683968	1761792	512	6.865701
143269425664	143267353600	2072064	512	9.760100
161065233408	161063801344	1432064	512	7.099277
117962178560	117960179200	1999360	512	2.981138
27268391936	27266492416	1899520	512	6.237890
194851229184	194850101248	1127936	512	9.149504
81210390016	81208319488	2070528	512	3.729377
214001668096	214000026624	1641472	512	2.060137
241909633536	241907602944	2030592	512	5.782388
41410368512	41409101824	1266688	512	4.611383
231039896064	231038291456	1604608	512	6.644260
90142673408	90141404160	1269248	512	2.321175
77153438720	77152299008	1139712	512	5.056019
3026166784	3024694272	1472512	512	3.486388
242537408512	242536030720	1377792	512	8.540683
116755549696	116753455104	2094592	512	2.179504
107490643456	107489287680	1355776	512	2.532892
1045019648	1043240960	1778688	512	7.969050
3804835328	3803674624	1160704	512	5.948607
191573965824	191572174848	1790976	512	2.000138
124880484864	124878820864	1664000	512	6.242001
212827848192	212825762304	2085888	512	3.075790
161855455232	161853551104	1904128	512	9.077046
7774016512	7772445696	1570816	512	9.511226
2832068608	2830102528	1966080	512	7.860797
202533882368	202532634112	1248256	512	7.031198
7978080768	7976407040	1673728	512	8.793773
214665663488	214664458240	1205248	512	8.447309
244874669568	244873555456	1114112	512	5.565951
238479998976	238478472192	1526784	512	6.334983
170427489792	170425937408	1552384	512	5.428278
156381109760	156379990016	1119744	512	10.552952
219462718976	219461217792	1501184	512	2.902721
245701918208	245700013568	1904640	512	7.549790
50367097344	50365657088	1440256	512	2.906476
231652069888	231650067456	2002432	512	7.988348
231551674368	231549825536	1848832	512	3.267158
158960821760	158959585792	1235968	512	9.486235
86330614272	86329374720	1239552	512	4.166561
141246287360	141244367360	1920000	512	1.967154
84591338496	84590066176	1272320	512	2.524976
68087797760	68086147584	1650176	512	7.825104
163072033280	163070918656	1114624	512	2.172129
79268025856	79266202624	1823232	512	5.941291
240035219968	240033449472	1770496	512	2.705156
166117389312	166116306432	1082880	512	3.854019
126186859520	126184844288	2015232	512	2.912760
74904454656	74902710272	1744384	512	6.609428
191368960000	191367811584	1148416	512	8.956247
108135847936	108134183424	1664512	512	6.558596
166718930432	166716921856	2008576	512	9.366608
47350390272	47348674048	1716224	512	7.784455
127414792192	127413125632	1666560	512	6.289423
86739510784	86738443264	1067520	512	4.340608
213865888768	213863844864	2043904	512	3.613772
207085978112	207084206592	1771520	512	9.011105
146158366720	146157237248	1129472	512	3.966619
207023644160	207021959168	1684992	512	8.660317
209731125760	209730019328	1106432	512	8.321184
106287934976	106286122496	1812480	512	5.213234
43832024064	43830225408	1798656	512	5.675769
83203104768	83202045440	1059328	512	5.758817
52464226304	52463162880	1063424	512	6.119014
213988443136	213986571776	1871360	512	4.036712
58595930112	58594583552	1346560	512	3.712973
248222083584	248220370944	1712640	512	2.372222
21384137216	21382844928	1292288	512	4.607946
15480144896	15478295040	1849856	512	7.011232
70365318656	70363283456	2035200	512	4.543848
46801240064	46799920640	1319424	512	4.187691
248060505088	248059072000	1433088	512	6.715868
206122347520	206121222144	1125376	512	8.503263
120968443392	120966774784	1668608	512	6.209147
195933289472	195931280384	2009088	512	5.471942
75474278400	75472760320	1518080	512	8.668410
19805552640	19804248576	1304064	512	4.639319
97447601664	97446404096	1197568	512	4.347860
153915261952	153913544704	1717248	512	4.578420
77715525120	77713814016	1711104	512	6.896235
7976606720	7975106048	1500672	512	3.274874
174592500224	174590404096	2096128	512	7.822347
242333447680	242331921920	1525760	512	14.611150
55472967168	55470922240	2044928	512	3.039282
34427642368	34426025472	1616896	512	8.612607
163855172608	163853396992	1775616	512	10.454687
11811483648	11810409984	1073664	512	6.432407
153143989760	153142747648	1242112	512	19.019819
226177527808	226175449088	2078720	512	9.452789
41509114368	41507665920	1448448	512	9.993427
240989148160	240987181568	1966592	512	8.110125
39122511872	39120948736	1563136	512	10.404986
2750597120	2749381632	1215488	512	5.519075
131525945856	131524667392	1278464	512	2.736081
159127937024	159126190080	1746944	512	2.891050
111284593664	111282732544	1861120	512	4.738088
34175822336	34174141440	1680896	512	9.418967
242843142656	242841974784	1167872	512	4.724900
90588305408	90586678272	1627136	512	8.747648
158669163008	158668042752	1120256	512	3.770937
68652520960	68650586112	1934848	512	5.428009
235790357504	235788291072	2066432	512	5.740403
200457189376	200455680000	1509376	512	4.555002
155510110208	155508508672	1601536	512	5.682580
225325042688	225323687936	1354752	512	3.946171
247617677312	247615767552	1909760	512	7.586885
163143705088	163142279168	1425920	512	7.157817
221017911296	221015883776	2027520	512	3.086598
25232001536	25230192640	1808896	512	7.319004
70257533952	70255623680	1910272	512	6.934951
236903764992	236902355456	1409536	512	2.414099
232612254208	232610872320	1381888	512	9.739276
87329559040	87328326656	1232384	512	2.863576
10356402688	10354694656	1708032	512	9.528066
108261528064	108260296704	1231360	512	2.341952
60254199296	60252273152	1926144	512	5.692306
67110003712	67108379648	1624064	512	9.431935
78318279168	78316550656	1728512	512	6.780391
169656727552	169655541760	1185792	512	9.350586
127739351552	127738018816	1332736	512	9.374109
242055732736	242054551040	1181696	512	4.607193
242541753344	242540011008	1742336	512	3.175697
87379863552	87378426880	1436672	512	9.322019
15810260992	15808266240	1994752	512	5.829181
196253647872	196251874304	1773568	512	9.577637
221956576768	221954662912	1913856	512	3.392620
51236462592	51235101184	1361408	512	2.176552
15219390464	15217936384	1454080	512	1.946073
31265640960	31264306176	1334784	512	4.027493
165304321024	165302439424	1881600	512	9.351173
17116464128	17114947072	1517056	512	2.772337
163562792960	163561738752	1054208	512	4.093394
232978892800	232977028608	1864192	512	3.050350
55971363328	55969290752	2072576	512	4.476390
201860567040	201858892288	1674752	512	8.790912
27602256896	27600510976	1745920	512	7.532933
41431812608	41430121984	1690624	512	8.000592
118289192960	118287984128	1208832	512	3.681300
149146650112	149144914432	1735680	512	4.843649
24739923968	24738590720	1333248	512	4.297262
213451297792	213450057216	1240576	512	6.657271
9347023360	9345604096	1419264	512	3.902292
169318270464	169316275712	1994752	512	7.605179
105393034752	105391875072	1159680	512	4.362643
202006652928	202004795904	1857024	512	7.982262
169991492608	169989803520	1689088	512	2.457988
92294876672	92293702144	1174528	512	3.188391
203783547904	203781634560	1913344	512	7.301352
118618711552	118617104896	1606656	512	6.780890
105084645376	105082725888	1919488	512	4.177716
107634581504	107633177088	1404416	512	2.091047
238360243712	238358582272	1661440	512	4.360665
86483332096	86481892352	1439744	512	9.234135
112308459008	112307364352	1094656	512	4.931765
98635832320	98634032640	1799680	512	5.854516
164228478976	164227125248	1353728	512	7.922163
71023590912	71022332416	1258496	512	4.271169
237120766976	237119422464	1344512	512	9.052222
176579224064	176577224192	1999872	512	7.555370
115288476672	115287191552	1285120	512	3.302006
211382982656	211380969984	2012672	512	3.989170
70649035776	70647250944	1784832	512	6.614742
241306464256	241305081856	1382400	512	9.827934
21784373248	21782360576	2012672	512	5.580054
6466239488	6464339456	1900032	512	6.982545
152943959552	152942822400	1137152	512	3.551330
228982196224	228980380672	1815552	512	4.709129
175134044160	175132178432	1865728	512	9.005912
54938445824	54936706048	1739776	512	7.259832
184025287168	184023755776	1531392	512	5.129611
209972881920	209971778560	1103360	512	8.363033
141403766784	141401842176	1924608	512	2.988525
151475674624	151473847296	1827328	512	3.444039
66575728128	66573776384	1951744	512	5.163063
222679127552	222677489664	1637888	512	8.570662
51681957888	51680128000	1829888	512	6.470528
20611390976	20609720320	1670656	512	1.878245
161999928832	161998545920	1382912	512	7.613238
103710820864	103708810240	2010624	512	1.981979
89637395456	89635650048	1745408	512	7.678297
78771341312	78769645568	1695744	512	7.086552
88223622656	88221668352	1954304	512	4.456814
170001770496	170000303104	1467392	512	6.338670
42871072768	42869238784	1833984	512	8.197224
246560611328	246558938112	1673216	512	2.987324
96411588096	96410248704	1339392	512	3.060921
167896035328	167894945792	1089536	512	3.780867
119223508480	119221772288	1736192	512	5.570203
45917452288	45915684864	1767424	512	8.715607
101797409280	101795347456	2061824	512	2.811608
191227290112	191225593856	1696256	512	2.737127
19428244992	19426367488	1877504	512	6.767522
29082910208	29081161728	1748480	512	7.491674
103022835200	103021303296	1531904	512	7.795720
236477070336	236475847168	1223168	512	4.990895
105700755456	105698726400	2029056	512	9.856742
100329205248	100327293952	1911296	512	4.883349
163688268800	163687174656	1094144	512	3.748256
122762723328	122760791552	1931776	512	3.696813
20625332736	20624158720	1174016	512	5.581610
99443041792	99441015296	2026496	512	3.745046
205780171776	205778341888	1829888	512	8.232793
27176472064	27174977024	1495040	512	2.706288
146952451584	146951270400	1181184	512	3.438176
242351966720	242350756864	1209856	512	4.174258
215465499648	215463956992	1542656	512	2.403904
85986313728	85985057280	1256448	512	4.056045
137386466304	137384907776	1558528	512	6.943722
239225222656	239223894016	1328640	512	9.032183
193435362816	193434179072	1183744	512	8.222302
226782029312	226780124672	1904640	512	3.529249
181205478400	181203663872	1814528	512	1.989339
210219084288	210217455104	1629184	512	2.183837
97408244224	97406148096	2096128	512	9.770513
90431173120	90429536256	1636864	512	7.306090
213138228224	213136245760	1982464	512	4.328325
123814038016	123812155904	1882112	512	4.177276
74393131008	74391308800	1822208	512	5.946964
233234990080	233233455616	1534464	512	8.952591
171014014464	171012706304	1308160	512	8.055394
76149838336	76148635136	1203200	512	4.490679
150871612928	150870169600	1443328	512	7.372036
158403895808	158402658816	1236992	512	2.558174
139636724224	139635195904	1528320	512	7.214571
123582153728	123580694016	1459712	512	6.537297
171335741440	171334355456	1385984	512	7.239335
39508076544	39506906112	1170432	512	5.389390
216999733248	216997843968	1889280	512	6.245293
218893475840	218891577856	1897984	512	4.739401
70000986624	69999697408	1289216	512	4.029742
70797588992	70795565568	2023424	512	4.620989
241479697920	241478453248	1244672	512	3.607233
82070537728	82069297664	1240064	512	4.193134
59226795008	59225740288	1054720	512	6.215591
122266072064	122264209920	1862144	512	4.364812
203065093632	203063370240	1723392	512	6.779616
148369101824	148367354368	1747456	512	4.717458
131052648960	131050622464	2026496	512	2.412683
113796683264	113794915328	1767936	512	5.612255
135104544768	135103413248	1131520	512	4.175643
240485272576	240484179456	1093120	512	5.828697
70213283840	70211275776	2008064	512	4.736757
73542886400	73541112320	1774080	512	8.119422
249066248704	249064651264	1597440	512	4.171817
245492780544	245491111424	1669120	512	3.043270
164831776768	164829694976	2081792	512	8.539865
135182932480	135181150720	1781760	512	4.738133
130917187584	130916130304	1057280	512	4.972375
215438874624	215437725696	1148928	512	8.756827
87010384384	87008366592	2017792	512	4.199304
11159026176	11157202432	1823744	512	7.196537
27690167808	27688526336	1641472	512	8.399044
43068836864	43067042816	1794048	512	8.486368
123662429184	123661366272	1062912	512	4.927683
113558143488	113556210688	1932800	512	4.072137
209285490176	209284205056	1285120	512	7.521024
111203191296	111201913856	1277440	512	3.260237
226188879872	226187795456	1084416	512	8.945673
238944245248	238942234624	2010624	512	7.469622
81279616512	81277760000	1856512	512	3.983459
2550100480	2548240384	1860096	512	8.743706
24539745792	24538548736	1197056	512	5.406113
42550366720	42549193728	1172992	512	5.388406
205466923520	205465371136	1552384	512	2.031210
180658512896	180657035264	1477632	512	5.635078
144396189184	144394754048	1435136	512	9.169064
65572141056	65570853888	1287168	512	2.708301
179768534528	179767472640	1061888	512	2.052949
101749620224	101748408320	1211904	512	4.238360
205956380672	205954681856	1698816	512	8.489481
193456055808	193454718464	1337344	512	6.705871
135886464000	135884604928	1859072	512	2.764770
187349131776	187347250176	1881600	512	7.487131
241435630080	241433870336	1759744	512	9.802082
186605076480	186603457536	1618944	512	4.152360
72995072512	72993586176	1486336	512	2.303784
236040425472	236038740992	1684480	512	5.532114
172597446144	172595402752	2043392	512	7.092916
65162838528	65160936448	1902080	512	5.635685
225158912512	225157624832	1287680	512	3.479444
239732196864	239730757120	1439744	512	7.659243
159624821248	159623418368	1402880	512	7.760219
117713014272	117711843328	1170944	512	4.006475
112340448768	112339284480	1164288	512	2.973657
242238679040	242237498368	1180672	512	4.537606
135207746048	135206171136	1574912	512	8.114865
4742874112	4741318656	1555456	512	9.727609
197899360256	197897424896	1935360	512	6.304763
237192638976	237190650880	1988096	512	7.761985
15212249600	15210181120	2068480	512	5.192586
51586245120	51584335872	1909248	512	5.828530
152655504896	152653706240	1798656	512	3.712208
112055452672	112053523968	1928704	512	4.117232
46127551488	46126208512	1342976	512	2.607618
152604707328	152603491840	1215488	512	9.683383
107190139904	107188566016	1573888	512	7.381306
204080448000	204078626304	1821696	512	8.409149
69880606720	69878816256	1790464	512	8.007314
158554356736	158552751616	1605120	512	5.738404
89080044544	89078489088	1555456	512	8.046797
219639719936	219637888512	1831424	512	5.610916
173039793152	173038708224	1084928	512	2.178254
41850836992	41848774656	2062336	512	4.913287
227253650944	227252136960	1513984	512	8.700503
158947850240	158946253312	1596928	512	5.799417
29520765440	29519148032	1617408	512	1.708401
108244286464	108242716160	1570304	512	7.469910
132470880768	132469398528	1482240	512	7.650581
33894650368	33892975104	1675264	512	8.119215
221421894144	221420831744	1062400	512	8.485976
34123713024	34121715200	1997824	512	5.420514
215992612352	215991119360	1492992	512	3.047164
199762163200	199760588288	1574912	512	3.639901
83187481600	83185801216	1680384	512	5.572969
58639786496	58638244352	1542144	512	2.048374
146906061824	146904613376	1448448	512	7.680375
226608300544	226606578176	1722368	512	5.948058
148767524864	148766379520	1145344	512	2.151069
89001419776	89000266240	1153536	512	4.737333
177365167104	177363524096	1643008	512	3.890919
18625550336	18623793664	1756672	512	7.749123
177263410176	177261692416	1717760	512	3.095078
43398000128	43396217344	1782784	512	8.613512
198607308288	198605591552	1716736	512	1.990074
5222717440	5220875776	1841664	512	8.833568
177303886336	177302553088	1333248	512	7.329046
137606226432	137604861952	1364480	512	8.794349
164119095296	164117131776	1963520	512	1.922782
35062718464	35060708352	2010112	512	5.294017
146024505856	146022515200	1990656	512	9.237601
169653673984	169651644416	2029568	512	7.237967
156036051968	156034028032	2023936	512	8.346566
34472841728	34471595008	1246720	512	4.777704
116348654080	116346897408	1756672	512	5.362679
16292694016	16291111424	1582592	512	2.232229
140780325376	140779181568	1143808	512	4.051151
28769201664	28767782912	1418752	512	3.349988
51528829952	51527510016	1319936	512	3.911987
49364850688	49363484672	1366016	512	2.198512
155552942592	155551620608	1321984	512	7.157534
36025570304	36023928832	1641472	512	8.378015
12973215744	12972109824	1105920	512	4.793241
55406686720	55405535232	1151488	512	5.362449
37500842496	37499168256	1674240	512	9.467130
34285159424	34283211776	1947648	512	5.866162
23566384640	23564450816	1933824	512	6.322585
38961501696	38959612928	1888768	512	7.691126
171727258624	171725287936	1970688	512	7.730156
108285524992	108284334080	1190912	512	2.704950
47614612480	47612873216	1739264	512	8.638531
239827330048	239825554432	1775616	512	2.674749
9269370880	9268175360	1195520	512	5.651040
113970667008	113969166336	1500672	512	8.095116
199350056448	199348452352	1604096	512	3.317960
191103924736	191102292992	1631744	512	3.465141
153096061952	153094452224	1609728	512	5.606389
27050977792	27049116672	1861120	512	6.578742
27015536640	27013976064	1560576	512	9.079329
236996540928	236995052032	1488896	512	9.619755
203208086528	203206019584	2066944	512	4.093963
37413518848	37412262400	1256448	512	3.301354
52909838848	52908459520	1379328	512	2.065808
112437953536	112436572672	1380864	512	2.270558
216397638656	216396218880	1419776	512	3.942755
71276830208	71275144192	1686016	512	8.853135
234750111744	234748887040	1224704	512	5.030901
155539167232	155537957888	1209344	512	2.836992
35552185856	35550256640	1929216	512	6.020751
250023298560	250022213632	1084928	512	5.211723
118840350208	118839090688	1259520	512	3.159262
210985317376	210984049152	1268224	512	7.677410
146609862656	146608462848	1399808	512	9.545731
127044105728	127042522624	1583104	512	7.023583
148722050560	148720795136	1255424	512	9.570873
7172594688	7171396608	1198080	512	5.654539
68767043072	68765081088	1961984	512	5.122633
61467709952	61466593792	1116160	512	5.547237
231062757376	231061512192	1245184	512	4.776376
210296203776	210294910464	1293312	512	6.030547
24062290944	24060871680	1419264	512	3.590349
145201649152	145199965696	1683456	512	5.364323
83752673792	83751413248	1260544	512	2.628467
107509720064	107508395520	1324544	512	9.778518
147458774016	147456740352	2033664	512	1.852300
14882907136	14881687040	1220096	512	3.824493
174471761408	174470426112	1335296	512	7.757534
172873238528	172871913472	1325056	512	9.241542
129906729984	129905251328	1478656	512	9.429942
23172840448	23170984448	1856000	512	8.241314
23376282624	23374780928	1501696	512	1.940979
23022965760	23021508096	1457664	512	1.944077
1054162432	1052934656	1227776	512	5.429506
140972293632	140970766848	1526784	512	7.225986
217616393216	217614731776	1661440	512	9.161623
145133545984	145131789824	1756160	512	4.645063
34532787200	34530948096	1839104	512	6.756287
236708390912	236707338752	1052160	512	7.405239
168049953792	168048106496	1847296	512	2.801493
119938582528	119936722432	1860096	512	4.379110
101725999104	101724489216	1509888	512	8.493830
128807255040	128805348864	1906176	512	3.935513
181676408832	181674316288	2092544	512	5.802103
39414272512	39413126656	1145856	512	5.608773
143486560256	143485369344	1190912	512	1.989107
30234827264	30233196032	1631232	512	1.977538
152801606656	152800356864	1249792	512	9.329312
217995174912	217993823744	1351168	512	4.811649
34407368704	34405275136	2093568	512	4.676654
47815401472	47813961728	1439744	512	1.937054
144840802304	144839353344	1448960	512	9.066331
66998149120	66996558336	1590784	512	8.319424
187266077184	187264184832	1892352	512	8.782745
167607504896	167606402048	1102848	512	2.302063
110542073856	110540136960	1936896	512	4.033492
19854902272	19852873728	2028544	512	5.525286
204533466624	204531798528	1668096	512	1.992841
41120311808	41118217216	2094592	512	4.636058
136040892416	136039719936	1172480	512	2.415758
188362970112	188361714176	1255936	512	9.153943
214776505344	214775051776	1453568	512	2.683628
214955634176	214953676800	1957376	512	4.573742
161974094336	161972545536	1548800	512	5.907879
144664693760	144663029760	1664000	512	5.557395
55771228672	55769815552	1413120	512	1.784925
117117598720	117115825664	1773056	512	5.191064
240391648768	240389599232	2049536	512	6.975262
72007904768	72006846464	1058304	512	6.020965
5218195968	5217010176	1185792	512	4.318516
28788019712	28786446336	1573376	512	2.093108
56973355520	56971958272	1397248	512	3.300445
140297713664	140296144896	1568768	512	6.817710
42225538048	42224340480	1197568	512	5.201490
4324971008	4323316736	1654272	512	2.059315
101136427008	101134574592	1852416	512	5.286098
105491344896	105489297408	2047488	512	3.083466
244009809920	244008590848	1219072	512	4.014520
151086218240	151084563456	1654784	512	5.222360
162973044736	162971694592	1350144	512	7.949339
248984824832	248983345152	1479680	512	5.984813
87531324416	87530040832	1283584	512	2.521409
154248760832	154247152640	1608192	512	5.706619
216531444224	216529553408	1890816	512	4.866165
62012281856	62010287104	1994752	512	4.979776
186238892544	186237600768	1291776	512	7.765632
218746915840	218745238528	1677312	512	7.538382
15085526016	15084117504	1408512	512	3.640777
98736432640	98734773248	1659392	512	8.449942
211094444544	211093035520	1409024	512	4.545020
75842343424	75840578560	1764864	512	6.422261
43693679104	43691644928	2034176	512	5.120594
2427346944	2426184704	1162240	512	5.951040
194614068224	194612663808	1404416	512	5.990583
62551646208	62549743104	1903104	512	4.202709
30817390592	30815687680	1702912	512	9.244932
139127366656	139125651968	1714688	512	5.430066
224549025280	224547582976	1442304	512	2.781035
197698607616	197696613376	1994240	512	4.251590
65398457856	65397223936	1233920	512	4.544438
111893557760	111892042240	1515520	512	7.961611
54778089984	54776271872	1818112	512	6.621178
185267813376	185266660864	1152512	512	9.281069
32706168832	32704329216	1839616	512	6.739676
228287171072	228286049280	1121792	512	7.067023
200417712128	200415803392	1908736	512	7.978521
167664224256	167662846464	1377792	512	9.055471
15819461120	15817873920	1587200	512	9.113614
34830248448	34828372480	1875968	512	7.816297
229793564160	229792472064	1092096	512	7.467409
245126561280	245124907520	1653760	512	4.460203
216168744448	216167318016	1426432	512	3.829101
244281881600	244280297984	1583616	512	5.508185
73397362688	73395996672	1366016	512	2.015992
241860017664	241858135040	1882624	512	9.354976
27258446848	27257318912	1127936	512	5.760177
150138972160	150137646592	1325568	512	8.578870
15105270272	15103685632	1584640	512	2.257056
32578651648	32577473024	1178624	512	5.325852
240004467200	240002431488	2035712	512	7.075798
32603260416	32601994752	1265664	512	3.266545
177389825536	177387783168	2042368	512	6.353355
4778080256	4776538624	1541632	512	2.952342
17553725952	17551903744	1822208	512	7.315140
189475335168	189473242624	2092544	512	5.108351
159934743040	159933412864	1330176	512	9.809535
156049118208	156047162880	1955328	512	7.673815
201600365568	201598664704	1700864	512	1.988467
74454604800	74452732928	1871872	512	5.478980
249605022208	249603312640	1709568	512	2.445772
215327045632	215325772288	1273344	512	5.789696
239223658496	239222085632	1572864	512	7.035637
483227136	481278464	1948672	512	7.967822
930089472	928973824	1115648	512	6.315678
197777049088	197775424512	1624576	512	9.952177
95661393408	95659921920	1471488	512	8.791110
155842935296	155841105408	1829888	512	2.129928
243122871296	243121192960	1678336	512	4.107437
102613130752	102612054016	1076736	512	3.770471
166097247232	166095687168	1560064	512	5.780551
32387638784	32385827840	1810944	512	6.975222
195266549248	195265478144	1071104	512	2.634130
84587544576	84585916416	1628160	512	7.654681
217314688000	217313209856	1478144	512	3.220976
24190819328	24189025280	1794048	512	7.441347
53343066624	53341380096	1686528	512	7.723610
227666709504	227665625600	1083904	512	7.554349
157310305280	157308784640	1520640	512	6.607234
16581016576	16579205120	1811456	512	8.672209
35942328832	35941262336	1066496	512	6.264507
112914128896	112912424960	1703936	512	6.181192
170523138048	170521679872	1458176	512	6.385588
233990776320	233988880384	1895936	512	2.677275
130258862080	130257259008	1603072	512	6.812524
227670539776	227669245952	1293824	512	4.761248
225336833024	225335246848	1586176	512	7.774288
163246569472	163244619776	1949696	512	8.645607
101487485440	101486253568	1231872	512	4.034969
234415130112	234413278208	1851904	512	3.213246
99914447360	99912641536	1805824	512	5.778197
153991058944	153989053952	2004992	512	8.546485
108858420224	108856468480	1951744	512	3.903571
145710249472	145708804096	1445376	512	7.693867
165728184832	165726297088	1887744	512	9.266370
81144240640	81142932480	1308160	512	2.209223
148383899648	148382200832	1698816	512	5.186879
45339554304	45338399744	1154560	512	5.531429
220813697536	220811701760	1995776	512	3.506456
173268322816	173266989056	1333760	512	9.136806
91395415552	91394123776	1291776	512	2.238143
64296113664	64294182912	1930752	512	5.410445
123246412800	123245167104	1245696	512	2.005065
243626624000	243625033728	1590272	512	5.394743
202941482496	202939407872	2074624	512	3.977904
101947449856	101945871872	1577984	512	7.362870
92792713216	92791208448	1504768	512	1.932916
179801712128	179799863296	1848832	512	1.934803
50423952896	50422233088	1719808	512	7.440567
158162180608	158160740352	1440256	512	7.373056
191140218368	191138461184	1757184	512	2.017584
87713731072	87712637952	1093120	512	4.116578
202377981952	202376410112	1571840	512	3.119723
86419167744	86418011648	1156096	512	4.909522
224340469248	224339350528	1118720	512	8.465569
85442135552	85440813568	1321984	512	2.090645
222985106432	222983705600	1400832	512	1.982453
150640993280	150638923264	2070016	512	7.919720
29112217088	29110892032	1325056	512	4.114751
125557384704	125555602432	1782272	512	5.114504
147770966528	147769726976	1239552	512	9.767219
238169446400	238167591424	1854976	512	9.722666
243441688576	243439933952	1754624	512	9.587060
87183846912	87182782464	1064448	512	5.746968
233539450880	233538329600	1121280	512	6.488987
146344580608	146342856704	1723904	512	3.516242
68544739840	68543610368	1129472	512	5.395745
80328474624	80326914048	1560576	512	8.231337
64874567680	64872571904	1995776	512	4.848688
96952196096	96950618624	1577472	512	7.815450
142161051648	142159473152	1578496	512	6.397046
118864116224	118862123520	1992704	512	1.757821
78028775936	78026715136	2060800	512	3.838552
25186552832	25184972288	1580544	512	9.193870
183747489280	183745402368	2086912	512	5.858023
232225497088	232224020992	1476096	512	9.782416
158338471424	158336598016	1873408	512	2.984353
93180233216	93178598912	1634304	512	7.319512
164371473920	164369966592	1507328	512	6.347332
163615264256	163613254144	2010112	512	9.398865
95516406272	95514546176	1860096	512	5.245978
75198015488	75196374528	1640960	512	7.550741
33967745024	33966692864	1052160	512	6.447804
223415567872	223414038016	1529856	512	9.885542
134555809792	134553756672	2053120	512	9.060127
179012269056	179010636800	1632256	512	3.992256
222846579200	222844907520	1671680	512	6.675252
248645756416	248643722240	2034176	512	4.320092
29700204544	29698112512	2092032	512	4.585780
125486279680	125484506624	1773056	512	5.140630
160836208640	160834906624	1302016	512	9.859801
77602476544	77600886272	1590272	512	9.349654
106835083264	106833991168	1092096	512	3.641212
116517456384	116515491840	1964544	512	2.027806
73665266688	73663325184	1941504	512	4.898668
227756074496	227754795520	1278976	512	4.968347
76066841600	76065657856	1183744	512	3.309594
180699460608	180697482752	1977856	512	8.455104
146132765696	146131239936	1525760	512	8.301252
185259066368	185257146880	1919488	512	9.075441
36308135936	36306785792	1350144	512	3.927264
104876566016	104875507712	1058304	512	5.300717
131138862592	131137725952	1136640	512	4.113405
98105478144	98103899648	1578496	512	9.151798
5954242048	5952616960	1625088	512	2.292366
207299142144	207297805312	1336832	512	5.904434
42578040832	42576186368	1854464	512	6.614033
183399332864	183397995520	1337344	512	7.210796
47092376576	47090466304	1910272	512	6.146086
41700919296	41699253248	1666048	512	6.765974
60656622592	60655006720	1615872	512	9.706062
170432599552	170431501312	1098240	512	3.456345
54379580928	54378523136	1057792	512	6.154467
59155150336	59153202176	1948160	512	5.513545
198927395328	198926024704	1370624	512	6.065333
126876899840	126874957824	1942016	512	3.604256
54609625088	54608295424	1329664	512	3.843840
122856108032	122854941696	1166336	512	4.067918
200906579968	200905427968	1152000	512	8.560338
35990063104	35988389888	1673216	512	8.154614
156957916160	156956206592	1709568	512	4.563965
77272510976	77271059456	1451520	512	2.370622
35961028608	35958988288	2040320	512	5.096726
149423930880	149422426112	1504768	512	8.503428
224501350400	224500299264	1051136	512	9.382103
223260057088	223258138624	1918464	512	3.333751
219102988800	219101147648	1841152	512	5.490087
102136724992	102135387136	1337856	512	9.592641
153940225536	153938742272	1483264	512	6.906573
222816924160	222815634432	1289728	512	4.835328
52557495808	52555728896	1766912	512	7.063118
94059612160	94058406912	1205248	512	4.257307
142371964928	142370104832	1860096	512	3.621077
239823794176	239822099968	1694208	512	10.687542
85379283456	85377565184	1718272	512	6.872829
181094112256	181092841472	1270784	512	7.962832
122666706944	122665410560	1296384	512	9.763791
213883574272	213882505728	1068544	512	1.935467
187497759232	187496161280	1597952	512	3.925034
42375747584	42374442496	1305088	512	4.318962
44989314048	44987523072	1790976	512	7.150992
7349791232	7348118016	1673216	512	8.805675
166766850560	166765150208	1700352	512	2.946744
101663432192	101662221824	1210368	512	4.233128
19368192000	19366912000	1280000	512	3.359352
83976644096	83975592960	1051136	512	5.843915
180792650240	180790985216	1665024	512	3.613201
151559081472	151557800448	1281024	512	9.009319
78410450432	78408557568	1892864	512	3.929261
195428182528	195426589184	1593344	512	2.026054
32723578368	32721791488	1786880	512	7.195239
75540228096	75538940416	1287680	512	3.776179
59875765760	59874331648	1434112	512	1.983496
70285039616	70283803136	1236480	512	4.481686
235712633344	235710796288	1837056	512	3.406963
75918404096	75917009408	1394688	512	9.696472
179574915072	179572881408	2033664	512	6.439290
185959731200	185957883392	1847808	512	9.843548
188431273984	188429295104	1978880	512	6.385133
122149787136	122148283904	1503232	512	7.822421
96092781056	96091153408	1627648	512	8.783232
105956921344	105955426816	1494528	512	8.154087
49025855488	49024790016	1065472	512	6.093539
169329003520	169327357440	1646080	512	4.433118
173504691712	173503395328	1296384	512	9.543234
181348957184	181347831296	1125888	512	9.317887
226430810112	226429582848	1227264	512	5.636146
120393042944	120391186944	1856000	512	4.409126
84106693632	84104701952	1991680	512	4.425070
179815501824	179813546496	1955328	512	7.324620
194657126912	194655679488	1447424	512	4.149543
225991406592	225990289408	1117184	512	8.459121
234608174080	234606395392	1778688	512	4.211742
24881220608	24879695872	1524736	512	2.727853
200484881920	200483122176	1759744	512	9.736105
82576926208	82575497216	1428992	512	2.570331
191087854592	191086377472	1477120	512	5.211009
38306264064	38304823808	1440256	512	3.177053
121636711424	121634646016	2065408	512	2.441170
125662208512	125660564480	1644032	512	6.425894
108604812800	108603561472	1251328	512	2.126585
184866128896	184865050624	1078272	512	3.241311
149199854080	149198636032	1218048	512	1.718644
46489815040	46487888896	1926144	512	6.042050
89850888704	89849755136	1133568	512	4.923318
64470687232	64468641792	2045440	512	4.425844
153337533440	153335924224	1609216	512	5.658366
17161934336	17160674304	1260032	512	4.922597
158727208960	158725265408	1943552	512	2.303047
143554896384	143553143808	1752576	512	3.324322
203625084416	203622992896	2091520	512	3.799799
79210016768	79208372736	1644032	512	7.483736
23768491520	23766613504	1878016	512	6.788417
238361759232	238359953408	1805824	512	2.214182
224697524224	224696135680	1388544	512	3.504478
200282182144	200280119808	2062336	512	4.846602
231103395328	231101638144	1757184	512	4.492942
177783334400	177781752832	1581568	512	4.520424
40453002752	40451111936	1890816	512	6.340039
186421124096	186419624960	1499136	512	5.523093
1852051456	1850438144	1613312	512	9.252028
108970780160	108969142272	1637888	512	6.810738
80493966336	80492693504	1272832	512	3.917909
147727192576	147725239296	1953280	512	2.686595
141070791168	141069180928	1610240	512	6.084466
180136939520	180135456768	1482752	512	5.635650
114512296960	114510501888	1795072	512	5.332084
36059172864	36057811968	1360896	512	3.782469
25498542080	25496891904	1650176	512	6.969361
36989501952	36987828224	1673728	512	8.111249
173179186688	173177924608	1262080	512	2.015086
184254404608	184252422144	1982464	512	7.015663
166349338112	166347572736	1765376	512	3.659343
117253398016	117251810816	1587200	512	6.985445
222015055872	222013121024	1934848	512	3.106464
96599689216	96598197248	1491968	512	8.568379
65067881984	65066155520	1726464	512	7.171523
133899953152	133898171904	1781248	512	4.780664
213853047808	213851691520	1356288	512	3.573056
114627027968	114625927168	1100800	512	4.917355
133758516736	133756557312	1959424	512	3.054800
106846581760	106844817920	1763840	512	5.640680
6190660096	6188611072	2049024	512	5.819237
179457148928	179455388672	1760256	512	2.574896
136530457088	136528483840	1973248	512	2.922513
45476457984	45474365440	2092544	512	4.636081
27278406144	27276588544	1817600	512	6.907401
127465657856	127464252416	1405440	512	10.066830
193750126080	193748981248	1144832	512	8.989538
187267747840	187266652672	1095168	512	9.552581
90432017408	90430666752	1350656	512	2.997798
157631114240	157629996544	1117696	512	2.420881
22689412096	22688070144	1341952	512	4.263704
205048790016	205047363072	1426944	512	4.886031
179946544640	179945471488	1073152	512	1.919103
212421824000	212420107264	1716736	512	8.999285
25517261312	25515581440	1679872	512	8.491425
238101131776	238099584000	1547776	512	6.059799
146611687936	146609751552	1936384	512	9.754847
27505178624	27503648256	1530368	512	2.463670
128765893120	128763963904	1929216	512	3.811216
24178503680	24176752128	1751552	512	9.188345
160734318080	160732704768	1613312	512	5.234062
249626913792	249625534976	1378816	512	7.505610
225712832000	225711757312	1074688	512	9.050999
88025283072	88024128512	1154560	512	4.911820
28604995072	28603678208	1316864	512	4.112702
197046970368	197045806592	1163776	512	9.784824
202509125632	202507617792	1507840	512	3.908671
136064683008	136063321600	1361408	512	8.819632
11902043648	11900833280	1210368	512	5.270457
128243429376	128241332736	2096640	512	8.928705
92856622592	92854802432	1820160	512	5.560938
121365685760	121363934720	1751040	512	5.382828
73535610880	73534546432	1064448	512	6.037900
209270800384	209268948480	1851904	512	7.340207
196319165440	196318039552	1125888	512	8.811512
36005194752	36004019712	1175040	512	5.390861
4355400704	4353309184	2091520	512	5.462139
60100090368	60098317824	1772544	512	8.325688
112836109312	112834422272	1687040	512	7.719959
45222959616	45221326336	1633280	512	8.451257
189110169600	189108204544	1965056	512	7.881958
124953411072	124951650816	1760256	512	5.224646
223351666176	223349572096	2094080	512	9.261912
206241731072	206239753216	1977856	512	5.164637
203831100928	203829202944	1897984	512	6.182969
14575217152	14573630976	1586176	512	9.112482
240685658624	240684196352	1462272	512	7.328622
243159045120	243157588480	1456640	512	7.399330
139661985280	139660062720	1922560	512	2.023921
180841684992	180840009728	1675264	512	3.605434
16644994560	16642941440	2053120	512	5.323182
103069007360	103066940416	2066944	512	8.041705
145831440384	145829499904	1940480	512	2.818610
160788201472	160786402304	1799168	512	3.322897
82355561472	82354021888	1539584	512	9.771114
103747400704	103745786368	1614336	512	7.026972
224000041984	223998057472	1984512	512	2.459178
231887718912	231885990400	1728512	512	4.947668
113753078784	113751944704	1134080	512	4.612501
15816471040	15815291904	1179136	512	4.195174
146422210560	146420122624	2087936	512	9.589173
18471017472	18469129216	1888256	512	8.047177
28619849216	28618062336	1786880	512	5.766106
216222644736	216220931584	1713152	512	7.102758
66698044928	66696941568	1103360	512	5.647671
92360366080	92358316032	2050048	512	3.568976
12249786368	12248352256	1434112	512	3.485434
178217372160	178215959552	1412608	512	6.429976
118034936832	118033645056	1291776	512	2.872259
29716274688	29715208192	1066496	512	6.272281
78476049408	78473975296	2074112	512	2.350369
66284160000	66283062272	1097728	512	5.665279
98509016576	98507509760	1506816	512	1.881909
86087273984	86085944320	1329664	512	3.401273
70581934592	70580161024	1773568	512	6.742398
94729144320	94727426560	1717760	512	6.638433
235848052736	235846272512	1780224	512	10.860802
128620668416	128619106304	1562112	512	7.237472
193119568384	193118085632	1482752	512	5.140412
36511757824	36510285824	1472000	512	9.811127
131886054400	131884039680	2014720	512	9.424948
83628853248	83627057664	1795584	512	6.142921
90284569088	90283334144	1234944	512	4.020497
247965912576	247964603392	1309184	512	2.023581
238064636416	238063441920	1194496	512	4.360234
4584158208	4583011840	1146368	512	6.072236
167005711360	167003731968	1979392	512	8.337829
53876936192	53875804160	1132032	512	5.506879
243413176320	243411727872	1448448	512	6.066516
59896465920	59895114752	1351168	512	3.681070
184742088704	184740304896	1783808	512	7.779393
31870474240	31868584448	1889792	512	6.340512
65994061824	65992168960	1892864	512	5.718882
21356546048	21354759680	1786368	512	7.506726
168701180928	168699582464	1598464	512	4.956045
205191523328	205189741568	1781760	512	8.829765
64901728768	64900479488	1249280	512	4.360775
215081930752	215080755712	1175040	512	7.485676
163996832768	163995377664	1455104	512	6.888251
9958631424	9957005824	1625600	512	9.164720
66501232128	66499584512	1647616	512	9.310400
249780249088	249778733568	1515520	512	5.447115
68877784064	68876265472	1518592	512	8.884895
136045359104	136043772928	1586176	512	6.675582
196717923328	196715851264	2072064	512	4.720087
43400683008	43398628864	2054144	512	4.988728
108766068224	108764640256	1427968	512	1.862249
137405218816	137403654656	1564160	512	6.867028
214597048832	214595541504	1507328	512	3.363295
182513869312	182512486912	1382400	512	6.761353
23146893312	23145545728	1347584	512	4.179884
32544307200	32542844416	1462784	512	2.988176
138825495040	138823412224	2082816	512	1.837528
149221290496	149219399168	1891328	512	1.937759
124146183680	124144743424	1440256	512	8.311302
209995095040	209993650688	1444352	512	4.152440
162644112384	162642640384	1472000	512	8.061742
156743387136	156742000640	1386496	512	8.020849
9957626880	9956280320	1346560	512	4.496244
179452291072	179450617344	1673728	512	2.171262
217493151232	217492001280	1149952	512	7.363229
127610939904	127608942080	1997824	512	3.062726
150289310720	150287818752	1491968	512	5.233568
121804062208	121802403328	1658880	512	6.271761
88873251328	88871578624	1672704	512	6.990065
154340349440	154338689536	1659904	512	5.163022
155554290688	155552643584	1647104	512	5.311702
90752245248	90750419456	1825792	512	5.540114
51351285760	51350046720	1239040	512	4.642838
185744271872	185743078912	1192960	512	1.930899
228498644480	228496930304	1714176	512	6.070982
150029477888	150027532800	1945088	512	2.256124
17729714176	17727866880	1847296	512	5.396463
200831166464	200829226496	1939968	512	6.270786
195882191872	195880335360	1856512	512	7.274010
41875913216	41874780672	1132544	512	4.355981
131436980224	131435284480	1695744	512	5.626083
38444690944	38443247616	1443328	512	1.768715
103617511424	103616453120	1058304	512	3.868938
92214605312	92213349888	1255424	512	3.844171
185112962048	185111752192	1209856	512	8.661705
33265713152	33264403968	1309184	512	4.258232
95714017280	95712829952	1187328	512	4.433359
27757247488	27755687424	1560064	512	8.985648
108339898368	108337903616	1994752	512	3.489565
162535782912	162533689344	2093568	512	7.135350
180170196992	180168706560	1490432	512	5.589117
89531673088	89529856000	1817088	512	5.670267
211840979968	211839123456	1856512	512	5.928176
22470827520	22469094400	1733120	512	9.288833
86237288960	86235420672	1868288	512	5.535738
150429254144	150428111872	1142272	512	3.530395
210405960704	210404347904	1612800	512	2.039794
168148052480	168146350080	1702400	512	4.303202
245219644928	245218469376	1175552	512	4.693011
150115558400	150114155520	1402880	512	7.735587
30309346304	30307786752	1559552	512	2.173803
100825694720	100824185856	1508864	512	8.399039
188693388288	188691847680	1540608	512	4.488499
42191843328	42190129152	1714176	512	9.145241
189710308864	189708973056	1335808	512	6.840378
215695761920	215694444544	1317376	512	5.256240
92753127936	92751179776	1948160	512	4.544508
34938824192	34937763840	1060352	512	6.319119
107906910720	107905674240	1236480	512	2.280944
136697465856	136696174592	1291264	512	9.506455
197900886528	197899503616	1382912	512	5.885378
168628290560	168626587648	1702912	512	2.497105
139969709568	139968546304	1163264	512	3.861441
98679012864	98677942784	1070080	512	5.508910
177369400320	177367688192	1712128	512	3.104481
110357269504	110355299328	1970176	512	3.693515
235546397696	235545248256	1149440	512	4.375569
145133222912	145132142592	1080320	512	4.421134
108363100160	108361835008	1265152	512	2.013382
24783789568	24782287872	1501696	512	2.927343
148172536832	148171440640	1096192	512	4.311538
41146393088	41145301504	1091584	512	6.067753
12871296000	12869518336	1777664	512	7.581598
170023499776	170021465600	2034176	512	8.533899
188898858496	188897691136	1167360	512	8.743301
215424758272	215423620608	1137664	512	7.527670
85645533696	85644347392	1186304	512	4.653751
7281425920	7279791104	1634816	512	2.220261
204658882560	204657748480	1134080	512	8.405564
146152795136	146151543808	1251328	512	2.747909
83859982848	83858100224	1882624	512	5.386584
118061419520	118060297216	1122304	512	4.394612
226236966400	226235676160	1290240	512	4.772423
198432869888	198431536640	1333248	512	6.411610
25382378496	25380838400	1540096	512	9.518860
117292171776	117290462720	1709056	512	5.808158
164445469696	164444062208	1407488	512	8.760114
232539716096	232538167808	1548288	512	7.384080
139639510528	139638401024	1109504	512	4.386740
243003728896	243002398208	1330688	512	9.268827
74115340800	74113822720	1518080	512	8.629563
215784091648	215782425088	1666560	512	9.184551
212895758848	212893956096	1802752	512	7.978141
204639604224	204638535168	1069056	512	9.200805
53650924544	53649138176	1786368	512	6.795328
12636778496	12635057664	1720832	512	9.394005
169136556032	169135000576	1555456	512	5.371818
196530807296	196529064448	1742848	512	2.044346
119008056832	119006205440	1851392	512	4.439368
224602822656	224600816128	2006528	512	2.113675
135105969664	135104913920	1055744	512	4.906090
158044577792	158043027968	1549824	512	6.277714
70860214784	70859124224	1090560	512	5.737307
245051124224	245049879040	1245184	512	3.689122
8377794560	8375884800	1909760	512	6.905763
6556313600	6555004416	1309184	512	4.766100
102710458368	102709086720	1371648	512	2.402005
136926610944	136925044224	1566720	512	6.840213
211343124992	211341334528	1790464	512	8.105694
50322987008	50321932800	1054208	512	6.183565
179922707968	179920898048	1809920	512	2.048373
138150923264	138148967936	1955328	512	3.102050
198681083392	198679566336	1517056	512	4.360017
195790844416	195788978688	1865728	512	7.093372
167237500416	167236372480	1127936	512	8.852525
149543205376	149541941248	1264128	512	2.607348
101662087680	101660703232	1384448	512	8.134332
51116471808	51114661376	1810432	512	6.681118
35786817536	35785362432	1455104	512	1.993388
224307311104	224305687552	1623552	512	7.238117
223540937216	223539642880	1294336	512	4.763984
40857567744	40855991296	1576448	512	2.035581
22416698368	22414791680	1906688	512	6.536176
12120855552	12118838272	2017280	512	5.612009
176663187968	176662039040	1148928	512	9.750392
223794608128	223793017856	1590272	512	7.737476
14668496896	14667292160	1204736	512	3.995429
13377282048	13375852544	1429504	512	3.512356
242452752896	242451641344	1111552	512	5.585684
154189379584	154187888640	1490944	512	6.898922
226130886656	226129144832	1741824	512	5.696561
98015695872	98013836288	1859584	512	3.859502
154237472256	154236387840	1084416	512	4.114971
17540538880	17539096576	1442304	512	2.031201
178646738944	178645548032	1190912	512	8.844361
174107103744	174105730048	1373696	512	8.718987
155113273856	155112174592	1099264	512	3.947414
233559700992	233558223872	1477120	512	9.777092
103290320896	103288507904	1812992	512	5.171882
247069448704	247067609088	1839616	512	8.662250
182140801536	182139742720	1058816	512	3.446682
237573763584	237572265984	1497600	512	5.133968
225671894016	225670611968	1282048	512	4.935799
174130105344	174128650240	1455104	512	6.487597
227575681024	227574423552	1257472	512	5.276971
107943630848	107941963776	1667072	512	6.523949
197425846272	197423988224	1858048	512	7.197598
148864927232	148862839296	2087936	512	9.649520
60857326080	60856122368	1203712	512	4.935803
96622708736	96620952576	1756160	512	6.210456
23121937920	23120460288	1477632	512	3.143283
231470894080	231469219840	1674240	512	5.671525
218868296704	218866841600	1455104	512	3.459229
3576659968	3574731264	1928704	512	6.759894
98464153088	98463062016	1091072	512	5.301917
203119450112	203118024192	1425920	512	4.910543
65432143872	65430493184	1650688	512	7.816970
101673583616	101671496704	2086912	512	3.238883
176333004288	176331094528	1909760	512	8.501663
39828164608	39826133504	2031104	512	5.141729
150587674112	150585850880	1823232	512	3.512242
133487923200	133486708736	1214464	512	3.382604
142519298048	142517820928	1477120	512	7.391246
238553501696	238551682560	1819136	512	8.948441
205938744832	205936739328	2005504	512	4.859680
235186283520	235184711168	1572352	512	8.387700
15348489216	15347222016	1267200	512	4.820545
148147002368	148145524736	1477632	512	8.732536
35389257216	35388075008	1182208	512	3.967822
122572170240	122570418688	1751552	512	5.382758
184676727296	184674759168	1968128	512	7.172994
205709045760	205707744256	1301504	512	6.363970
85278447616	85276833792	1613824	512	7.791808
122482854912	122480807424	2047488	512	2.605433
169263424000	169261515264	1908736	512	1.919783
58538937344	58537875968	1061376	512	6.154444
143395988480	143394097152	1891328	512	3.309963
107923037696	107921724928	1312768	512	9.919587
128417493504	128415846912	1646592	512	6.414297
10265793536	10263954944	1838592	512	7.052771
234356603392	234355342336	1261056	512	4.445741
227894475264	227892666880	1808384	512	4.811990
74009234432	74007758336	1476096	512	8.973986
132820853760	132819022336	1831424	512	4.267663
204478044160	204476452864	1591296	512	9.841295
29761478656	29760401920	1076736	512	6.194056
238684974592	238683413504	1561088	512	4.448161
40284208640	40282481152	1727488	512	7.686532
97220435968	97218439680	1996288	512	10.675109
162278034944	162276524544	1510400	512	6.317551
108430703616	108429293056	1410560	512	8.908188
228469874688	228468184064	1690624	512	7.741318
111900955136	111899493888	1461248	512	9.816812
181365507584	181363414528	2093056	512	5.778143
159492723200	159491404800	1318400	512	2.065032
223510646272	223509023232	1623040	512	7.238379
186886090240	186884105216	1985024	512	6.945844
135115999232	135114452480	1546752	512	7.061861
114149560832	114148242432	1318400	512	2.885657
127242626048	127240937984	1688064	512	6.024153
94734021120	94732518912	1502208	512	8.488301
139295797760	139293796352	2001408	512	2.580783
95561202688	95559890944	1311744	512	1.985326
173094618112	173092961792	1656320	512	4.343915
218095599616	218093586944	2012672	512	3.343160
182182626816	182181102592	1524224	512	5.143804
238231817728	238230486016	1331712	512	9.238159
149677698048	149675875328	1822720	512	3.987790
73931536384	73929953792	1582592	512	8.046752
22381929472	22380864512	1064960	512	6.471567
5787363840	5785822720	1541120	512	2.995177
140985352192	140983525376	1826816	512	4.326156
78354880512	78353717760	1162752	512	4.881559
249522441216	249520736256	1704960	512	2.508373
171872071680	171870491136	1580544	512	5.146541
203767372800	203765408768	1964032	512	3.908237
164681589760	164679756288	1833472	512	2.923701
194694151680	194692771840	1379840	512	6.325879
199535206400	199533461504	1744896	512	2.022501
53911732736	53910645760	1086976	512	5.912982
166972880896	166971349504	1531392	512	6.094706
61366114304	61364025344	2088960	512	2.670854
67202963968	67201029120	1934848	512	5.338861
159343808512	159342614016	1194496	512	3.028740
142877464064	142876388864	1075200	512	4.491147
213143444480	213141677056	1767424	512	7.036683
248207186944	248206051328	1135616	512	4.445518
247869221376	247867687936	1533440	512	5.162138
113202699264	113200759808	1939456	512	4.073764
152055572992	152054076416	1496576	512	6.822700
589301760	587956224	1345536	512	4.491226
104890567680	104888824832	1742848	512	5.848084
153587895808	153586228736	1667072	512	5.072964
69757583360	69756274176	1309184	512	3.855723
219104828928	219103149056	1679872	512	7.510933
231560108032	231558121472	1986560	512	9.598554
206601725952	206600387072	1338880	512	5.904332
198589751808	198587726848	2024960	512	5.298209
102073850880	102071810560	2040320	512	9.701692
196853730816	196852350976	1379840	512	5.906992
70059510272	70058260480	1249792	512	4.367237
42587048960	42585207808	1841152	512	6.745176
131385918464	131384637952	1280512	512	2.729135
172340489216	172338829824	1659392	512	4.323219
233188358144	233187187712	1170432	512	5.764618
11187985920	11186277888	1708032	512	8.129114
67047437824	67045776896	1660928	512	7.739697
35681629184	35679557120	2072064	512	4.862850
90763832832	90761781248	2051584	512	3.504334
202280016896	202278358528	1658368	512	9.054501
50773422592	50771387904	2034688	512	4.757970
52407535104	52406064640	1470464	512	9.611693
163164262400	163162303488	1958912	512	8.569676
54602310144	54600846848	1463296	512	9.658963
65596806656	65595289088	1517568	512	2.096928
89490539008	89488685568	1853440	512	5.342038
79690889216	79689044992	1844224	512	5.729718
211167515136	211165966848	1548288	512	8.361571
189843744256	189841767936	1976320	512	7.792217
216159782400	216158363136	1419264	512	2.589420
18124483584	18122613760	1869824	512	6.826203
143322041344	143320488448	1552896	512	6.672955
171689647616	171688168960	1478656	512	7.610241
217209074688	217207170560	1904128	512	4.706415
69554071552	69552133632	1937920	512	5.339528
225586180096	225584670208	1509888	512	8.726752
112340450816	112338427904	2022912	512	1.980353
149498416128	149497041408	1374720	512	8.416155
137729183232	137727232512	1950720	512	3.132182
229712378880	229710926336	1452544	512	9.482865
143482046976	143480501760	1545216	512	6.702508
176966348288	176964256256	2092032	512	5.820958
62706171392	62704230912	1940480	512	5.324433
157587567104	157585891840	1675264	512	5.013521
71496211968	71495085568	1126400	512	5.454047
187561302016	187559834624	1467392	512	5.318734
72372000768	72369929216	2071552	512	4.178265
72593314304	72591496704	1817600	512	6.375466
154212695040	154210978816	1716224	512	3.225374
155030252544	155029145600	1106944	512	2.549673
64890075648	64889010688	1064960	512	6.030769
228699838976	228697926656	1912320	512	3.448370
107752678400	107751295488	1382912	512	2.402276
166583069184	166581108736	1960448	512	1.957138
12062139904	12060826112	1313792	512	3.091587
143196572672	143194579968	1992704	512	9.098731
36005237760	36003245056	1992704	512	5.485230
10321900032	10320329728	1570304	512	2.364319
227405061120	227403521536	1539584	512	9.782455
76223048192	76221743616	1304576	512	2.245664
109464022528	109462278144	1744384	512	7.187807
167333618176	167332337664	1280512	512	8.685893
39728864256	39727089152	1775104	512	7.279458
131054169600	131052716032	1453568	512	7.916695
207548879360	207547422720	1456640	512	3.172278
153964878848	153962838016	2040832	512	8.174015
228620878848	228618825216	2053632	512	9.766605
86974070272	86972253184	1817088	512	5.985086
188368789504	188367496192	1293312	512	8.618761
61876944896	61875158016	1786880	512	6.645777
66372802048	66371574272	1227776	512	4.546524
66361316864	66359281664	2035200	512	4.517647
70083581440	70082425344	1156096	512	5.160254
132354706944	132353238016	1468928	512	7.781981
61459059200	61457369600	1689600	512	8.895245
109340243968	109338890240	1353728	512	2.549289
95734888448	95733023744	1864704	512	5.231574
197223982080	197222599680	1382400	512	5.866960
3123312128	3121282048	2030080	512	5.965430
98212135936	98210364416	1771520	512	6.054898
11170349568	11168602112	1747456	512	7.802790
91864638976	91863342080	1296896	512	3.462825
159288321536	159286956544	1364992	512	8.154462
218636720128	218635627008	1093120	512	8.113260
34786178048	34784554496	1623552	512	1.953091
206561873408	206560758272	1115136	512	2.056495
189203193344	189201369600	1823744	512	9.532852
207721453568	207720004608	1448960	512	3.226177
60307190272	60305532928	1657344	512	9.433155
144802554368	144801422336	1132032	512	3.930038
204029403136	204028192256	1210880	512	7.463981
14403690496	14401605632	2084864	512	5.086484
152383223808	152381736448	1487360	512	6.869113
166465265664	166464148480	1117184	512	2.144448
153127201280	153125544960	1656320	512	5.216936
183321866240	183320405504	1460736	512	5.915870
211658459136	211656918528	1540608	512	3.049090
6150137344	6149032960	1104384	512	6.402079
223844352000	223843256320	1095680	512	7.427037
205568216064	205566247424	1968640	512	5.263315
29743677952	29742090752	1587200	512	8.821429
179635828224	179634702336	1125888	512	2.724091
22786915840	22785125376	1790464	512	8.760579
57541382144	57539837440	1544704	512	8.927039
79155889152	79154228736	1660416	512	7.365967
93541109248	93540025856	1083392	512	4.012032
123731559936	123730277376	1282560	512	2.877912
216332082688	216330944000	1138688	512	7.490370
147356160000	147354367488	1792512	512	4.299840
53657186816	53655914496	1272320	512	2.889555
206615598592	206613634048	1964544	512	5.323776
209035523584	209033691648	1831936	512	7.594111
183375832576	183373947392	1885184	512	8.151347
201792404992	201791073792	1331200	512	6.048295
153587905024	153586396160	1508864	512	6.692196
153302423552	153300994560	1428992	512	7.552112
104056481280	104054510080	1971200	512	2.379383
211804541952	211802985984	1555968	512	2.735711
13534107136	13532847104	1260032	512	4.902647
227241689600	227239629312	2060288	512	9.683819
130962107904	130960942080	1165824	512	3.874155
13057815040	13056097792	1717248	512	8.021476
107025834496	107023928832	1905664	512	4.414489
17100559872	17098767872	1792000	512	7.452109
129676157440	129674820096	1337344	512	2.465254
108613606400	108611628544	1977856	512	2.282349
4680604160	4678960640	1643520	512	2.163517
92642440192	92640996864	1443328	512	9.039796
118543490560	118541890048	1600512	512	6.805419
155762429440	155761237504	1191936	512	1.896488
123206826496	123205402112	1424384	512	1.986247
180137916928	180136607744	1309184	512	7.572136
208011190784	208009333760	1857024	512	5.907208
52105873920	52104385024	1488896	512	9.433176
119746667520	119745518080	1149440	512	2.805659
84780559360	84778481152	2078208	512	3.668971
18998309376	18997218304	1091072	512	6.275356
90379046400	90377324544	1721856	512	6.502945
75676801024	75674769920	2031104	512	4.079091
109239199232	109237251584	1947648	512	2.569425
232629357056	232627792896	1564160	512	8.591968
147108208128	147107070464	1137664	512	3.861033
166182819328	166180945408	1873920	512	9.413972
107170187264	107168450560	1736704	512	5.894641
166369119232	166367252480	1866752	512	2.592084
158886319616	158884847616	1472000	512	6.946438
221385292800	221383533056	1759744	512	7.887699
154528871936	154527262720	1609216	512	5.673945
21080832000	21079586816	1245184	512	3.658145
173016250368	173014409216	1841152	512	2.359302
211522587648	211520997888	1589760	512	2.338941
152599104512	152597637120	1467392	512	7.113266
204681858048	204680028160	1829888	512	6.964127
129560970240	129559609856	1360384	512	9.181247
10432013824	10430354944	1658880	512	8.506642
226934860800	226933386240	1474560	512	9.276764
6923061760	6921899520	1162240	512	5.954036
221996644352	221994747904	1896448	512	3.611488
242625907200	242624431616	1475584	512	8.478219
97428272640	97426740224	1532416	512	8.235268
152452370944	152450735616	1635328	512	5.403401
240423065088	240421679104	1385984	512	6.814715
176791516672	176790050304	1466368	512	6.386305
226168907776	226167365120	1542656	512	9.682148
189460096000	189459042304	1053696	512	10.043013
70108470784	70106512384	1958400	512	5.135842
236522515456	236520852480	1662976	512	7.193884
177931961856	177930423296	1538560	512	5.040866
138993565696	138991757312	1808384	512	4.518479
24920281088	24918862848	1418240	512	2.236370
169151204352	169149629440	1574912	512	5.219173
135144926208	135143242752	1683456	512	5.712072
246066471936	246065160192	1311744	512	8.578249
194064673280	194062646272	2027008	512	4.444888
208180639232	208178880000	1759232	512	7.116147
106973920256	106972172288	1747968	512	5.800254
20426846720	20424760320	2086400	512	5.125671
119398551040	119396962816	1588224	512	6.956767
75533625344	75531770880	1854464	512	5.644131
99720598528	99718702592	1895936	512	4.998969
199515940864	199514266112	1674752	512	2.468272
218691419136	218690234880	1184256	512	8.318102
93861495808	93859470336	2025472	512	3.801751
175767688704	175765659136	2029568	512	8.611256
137092024832	137090735616	1289216	512	9.552644
159147406336	159145378816	2027520	512	9.699659
95428749824	95427493888	1255936	512	3.837762
72922194432	72920930816	1263616	512	4.257283
5063554048	5061542400	2011648	512	6.114251
167138194432	167136403968	1790464	512	3.377336
203034679296	203033134080	1545216	512	3.492058
29595621376	29594155520	1465856	512	9.862256
13211830272	13210053120	1777152	512	7.642125
448437760	446882304	1555456	512	2.825002
21411549696	21409804288	1745408	512	7.921492
111424370688	111422618624	1752064	512	5.742298
47493195264	47491659264	1536000	512	8.989055
195294966272	195293742592	1223680	512	9.113731
159808066560	159806045184	2021376	512	8.359187
60074057728	60072034816	2022912	512	4.859853
18352024576	18350834176	1190400	512	5.452501
53635461120	53633453568	2007552	512	3.577350
33058799616	33057442816	1356800	512	2.485927
47562387968	47560993280	1394688	512	1.943368
122732125184	122730959872	1165312	512	2.634037
47270426112	47268582912	1843200	512	6.730576
107230213120	107228593664	1619456	512	6.888651
98083868160	98082264576	1603584	512	7.605869
37296592384	37294573568	2018816	512	5.277678
9023546880	9021735936	1810944	512	7.739587
186847908864	186846770176	1138688	512	9.462129
84005704192	84004594176	1110016	512	5.342735
96519657984	96517709824	1948160	512	4.495562
92915982336	92914299904	1682432	512	6.883296
152682249216	152680729600	1519616	512	6.596841
142574289408	142572770816	1518592	512	6.989021
222801299456	222799395328	1904128	512	3.527890
37203387392	37201765888	1621504	512	1.995978
225013648896	225011771392	1877504	512	3.880839
134264199680	134262123008	2076672	512	8.821595
80440131072	80438343168	1787904	512	6.257213
127669465088	127667936256	1528832	512	7.493390
60277827584	60276499968	1327616	512	3.892755
95088843264	95087468544	1374720	512	9.633444
57720593920	57718831104	1762816	512	7.061179
249127634944	249126065664	1569280	512	4.612303
178219068928	178217199616	1869312	512	8.265804
152540579328	152538511872	2067456	512	7.936869
232206050816	232204318720	1732096	512	4.904594
224259515904	224257871872	1644032	512	7.065417
226347629568	226346061312	1568256	512	8.013904
33911036416	33909471232	1565184	512	9.050532
94815443456	94813585408	1858048	512	5.281053
137259855872	137258201088	1654784	512	6.025143
37840548352	37838516736	2031616	512	5.153451
118961297408	118960216064	1081344	512	4.863425
235727164928	235725252608	1912320	512	7.614306
115107742208	115105976320	1765888	512	5.586937
103075394560	103073807872	1586688	512	7.166641
39682703360	39681006592	1696768	512	7.931055
87818394624	87816336384	2058240	512	2.505881
63118041088	63116163072	1878016	512	5.892389
9629400576	9628216320	1184256	512	4.483423
54122147840	54120800256	1347584	512	3.706065
121573542912	121572262912	1280000	512	9.902101
248497284608	248495259648	2024960	512	5.818999
66863591936	66861685760	1906176	512	5.616565
34181819392	34179787776	2031616	512	5.161097
202924016640	202922702336	1314304	512	6.259069
108272825344	108271634432	1190912	512	4.054334
227873640448	227871952896	1687552	512	6.401758
72504569856	72502753280	1816576	512	6.461738
185225603072	185223932928	1670144	512	3.585689
4358573568	4357199872	1373696	512	2.926640
177787574272	177786226176	1348096	512	8.455228
5328797184	5327407104	1390080	512	4.119371
181122920960	181121065472	1855488	512	8.424277
246107475968	246105786368	1689600	512	8.192897
220968773632	220967723008	1050624	512	8.704965
229688701952	229687392256	1309696	512	4.565421
243013814272	243012697600	1116672	512	5.547674
141546109952	141544070144	2039808	512	1.829676
69530460672	69528583168	1877504	512	5.873304
103526544384	103524544000	2000384	512	3.454235
69654538240	69653216256	1321984	512	2.398511
98573225984	98571948544	1277440	512	3.662736
158321239552	158319475712	1763840	512	4.083765
193458986496	193457194496	1792000	512	8.582754
16815738880	16814022144	1716736	512	9.424691
29716967424	29715303424	1664000	512	8.313185
184746595328	184745066496	1528832	512	5.159596
20095070720	20093436416	1634304	512	1.840822
87072711168	87071556096	1155072	512	4.920144
90797111296	90795059200	2052096	512	3.629928
161376446976	161375110144	1336832	512	8.132261
73466925056	73465364480	1560576	512	1.715740
55681449472	55679945216	1504256	512	9.261040
22344108544	22342682624	1425920	512	2.184462
217608866304	217607515136	1351168	512	3.473717
233430242816	233428771328	1471488	512	8.509489
230055830016	230053949952	1880064	512	9.736494
37377410048	37375494656	1915392	512	6.126141
118329553920	118328342528	1211392	512	2.298009
64739124736	64737723904	1400832	512	1.773400
85456965632	85455568384	1397248	512	9.685696
175004535296	175003341312	1193984	512	2.385171
155972167680	155970955264	1212416	512	9.665527
172339339264	172337958400	1380864	512	7.206972
113655703552	113653779968	1923584	512	2.820274
74310014976	74308229632	1785344	512	6.288880
70630032384	70628775936	1256448	512	4.305650
62163550720	62162236928	1313792	512	3.820666
70005271040	70003876352	1394688	512	3.146439
102024531968	102023169536	1362432	512	2.488902
217058437632	217057192960	1244672	512	6.170869
49500418048	49498924544	1493504	512	9.314435
86670152704	86668081152	2071552	512	3.736808
4473196544	4471272448	1924096	512	6.709840
246437706240	246436365312	1340928	512	9.488014
103430407680	103428847104	1560576	512	7.557166
171561748992	171560251904	1497088	512	6.047090
90606730240	90605192704	1537536	512	8.192673
240971551232	240970104320	1446912	512	7.532116
105892979712	105891301376	1678336	512	6.401825
50607499264	50606353920	1145344	512	5.407183
15363059712	15361907200	1152512	512	5.772272
218338825728	218337230336	1595392	512	8.625498
66196590080	66194841088	1748992	512	6.980052
132808609280	132806904832	1704448	512	4.072876
60602740224	60601020928	1719296	512	7.449840
36213260800	36211441152	1819648	512	8.256596
157897285632	157895219200	2066432	512	9.298691
113316290560	113314787328	1503232	512	6.402837
189756651008	189755084288	1566720	512	4.172830
172246005760	172243984896	2020864	512	7.367731
92938353664	92937262080	1091584	512	5.306121
40464833024	40463602688	1230336	512	4.925677
165945165312	165944044544	1120768	512	3.473869
138792023552	138790839808	1183744	512	3.738615
15143666176	15142319104	1347072	512	4.155584
84842061312	84840094720	1966592	512	4.660556
146034507776	146032651264	1856512	512	2.238970
135244111872	135242543616	1568256	512	5.385682
48272584704	48270898176	1686528	512	9.076738
710052864	708274176	1778688	512	7.874539
217775670272	217773961216	1709056	512	7.131693
80820466176	80818699776	1766400	512	6.414099
211107686912	211105676288	2010624	512	4.028257
139631231488	139629745152	1486336	512	8.982492
235968737792	235967240192	1497600	512	8.137515
150704049664	150701977088	2072576	512	9.190916
61613263872	61611959296	1304576	512	3.883644
190993048064	190991664640	1383424	512	6.280873
74185402368	74184015872	1386496	512	2.885226
85860069888	85858729984	1339904	512	2.025629
76262905856	76261208064	1697792	512	7.029826
19217222656	19215981056	1241600	512	5.026793
147013806080	147012529152	1276928	512	9.359570
157132677632	157130847744	1829888	512	3.514810
141349202944	141347159040	2043904	512	1.801176
90202701824	90201608192	1093632	512	5.296201
125989949952	125988879360	1070592	512	4.949877
244664875520	244663660032	1215488	512	2.717741
245142923776	245141466624	1457152	512	8.767871
91949292544	91947272704	2019840	512	2.489333
237323748864	237322686464	1062400	512	6.325228
42103749120	42102122496	1626624	512	8.526240
197699580416	197697643008	1937408	512	6.302151
120056800256	120054712320	2087936	512	2.232895
77542064640	77539993088	2071552	512	2.361556
48852559360	48851429376	1129984	512	5.584807
242607580160	242606160384	1419776	512	7.937679
116051211264	116049225728	1985536	512	3.552550
156243838976	156241804800	2034176	512	9.614678
243556932096	243555338240	1593856	512	5.430132
171666497536	171664593920	1903616	512	8.591184
18298366976	18296359424	2007552	512	4.269312
102295902208	102293871104	2031104	512	1.776537
221702674432	221701590016	1084416	512	7.553773
77600293888	77598839296	1454592	512	9.164922
73802330112	73801191936	1138176	512	5.109836
73818509824	73817332224	1177600	512	3.366749
36148420608	36146689024	1731584	512	8.990067
102327644672	102325572096	2072576	512	2.776231
146436873216	146435758592	1114624	512	4.071320
228050318336	228049107456	1210880	512	5.859991
164637962752	164636622848	1339904	512	8.092561
183925058048	183923365376	1692672	512	3.322498
215160148480	215158965760	1182720	512	7.396440
231908196352	231906819584	1376768	512	2.923740
184433724416	184431684608	2039808	512	6.383673
231939230208	231937964544	1265664	512	4.460442
4851872256	4850497024	1375232	512	4.247965
188551714304	188550268416	1445888	512	3.940375
223583367168	223581732352	1634816	512	8.491123
149555516928	149553513984	2002944	512	2.216595
127182805504	127181211136	1594368	512	8.212223
234992408064	234990825984	1582080	512	6.971402
179354918400	179353580032	1338368	512	8.614310
26663471616	26661892608	1579008	512	2.300490
60945198080	60943457280	1740800	512	7.324055
217160596992	217158647808	1949184	512	4.102196
76250437120	76248467456	1969664	512	4.642604
68451354112	68450017280	1336832	512	3.609037
18130118656	18128139264	1979392	512	5.947960
38947115520	38945976832	1138688	512	5.694254
98908198400	98906472960	1725440	512	6.467991
70392892928	70391714304	1178624	512	3.610793
130608090624	130606665728	1424896	512	8.237867
208004467712	208003056640	1411072	512	4.534057
23886192640	23884504576	1688064	512	8.301737
30928272896	30926219264	2053632	512	4.995727
57656090112	57654406656	1683456	512	9.093166
66505069056	66503318528	1750528	512	8.301745
32105001984	32103636480	1365504	512	2.405617
240525932544	240524165120	1767424	512	2.815996
129355970048	129353969664	2000384	512	3.059325
115001541120	115000399360	1141760	512	3.179692
57625809408	57624625152	1184256	512	5.090286
171780414464	171778751488	1662976	512	4.276538
238936913920	238935553024	1360896	512	1.971809
222591605248	222590153216	1452032	512	2.663891
221937629184	221936453120	1176064	512	6.357739
96759450112	96757938688	1511424	512	9.796055
198017352192	198015588352	1763840	512	8.308766
223329008640	223327080960	1927680	512	9.776747
195940599808	195939487232	1112576	512	2.153843
12712239104	12710763520	1475584	512	1.757502
175527966720	175526822912	1143808	512	2.896781
183619438080	183618147328	1290752	512	7.757277
112247652864	112245578240	2074624	512	2.761046
211665518592	211664191488	1327104	512	5.573837
161183471104	161181839360	1631744	512	5.070302
32129784832	32127982592	1802240	512	8.448527
145890567168	145888569344	1997824	512	2.262129
246662244864	246660884480	1360384	512	9.169906
137968901632	137967738880	1162752	512	3.825378
77938670080	77937402880	1267200	512	3.939682
239640859136	239638764032	2095104	512	6.225067
183710678016	183709331456	1346560	512	5.480954
151823659008	151822054400	1604608	512	4.293589
66974212608	66972397568	1815040	512	6.397177
172646819840	172644814336	2005504	512	7.544364
100704040960	100702592512	1448448	512	2.071463
146340915712	146339760640	1155072	512	3.653733
205874541056	205873159680	1381376	512	5.446492
81568196608	81567090176	1106432	512	5.376831
212139220480	212137651712	1568768	512	2.642777
235540434432	235538620928	1813504	512	3.732075
187058097664	187056001024	2096640	512	5.745392
76869447680	76868182016	1265664	512	3.963413
140273716736	140272108032	1608704	512	6.609081
52210899968	52209516032	1383936	512	2.027924
31223509504	31221875712	1633792	512	8.469687
157905019904	157903683072	1336832	512	8.462052
67051399168	67049666560	1732608	512	5.673024
231129035776	231127039488	1996288	512	9.454392
183788445696	183787240448	1205248	512	7.068024
182358196224	182356713472	1482752	512	5.668722
77506038272	77504066048	1972224	512	4.586485
143325984256	143324266496	1717760	512	5.027764
10521695744	10519803392	1892352	512	6.615930
109347702272	109345964544	1737728	512	5.860434
111296771584	111295720960	1050624	512	5.336795
199057072128	199055705600	1366528	512	6.039479
101590628352	101588997632	1630720	512	7.330410
147083211776	147081340928	1870848	512	3.495931
23973915648	23972556288	1359360	512	4.090047
183464350720	183463243264	1107456	512	2.958545
115120865792	115119494656	1371136	512	9.308998
64112856576	64111727616	1128960	512	5.412319
22902950400	22901329408	1620992	512	8.863185
122961309696	122959419392	1890304	512	4.099669
172247348736	172246202880	1145856	512	9.761981
10069577728	10068066304	1511424	512	9.734276
36088206336	36086208000	1998336	512	5.455329
169972299776	169970517504	1782272	512	3.001982
147002209280	147000173056	2036224	512	8.768345
129221900800	129220161024	1739776	512	5.542894
140024325632	140023111168	1214464	512	1.979988
188124112896	188122510848	1602048	512	3.792564
108540787200	108538939904	1847296	512	4.843860
62832316416	62831255552	1060864	512	5.999068
234445406208	234443745280	1660928	512	5.853816
206435590656	206434077184	1513472	512	2.491038
131138832896	131137041920	1790976	512	4.687603
3325980160	3324507648	1472512	512	2.151983
225852147200	225850086912	2060288	512	9.715795
72201913856	72200495616	1418240	512	2.953826
221190259712	221188621824	1637888	512	8.133932
127493248512	127491288576	1959936	512	3.447557
9605665792	9604139008	1526784	512	1.698001
14633824768	14632606720	1218048	512	5.250754
172593113088	172591561216	1551872	512	3.778012
184673847296	184672471552	1375744	512	6.856292
58912902144	58910972928	1929216	512	5.655640
27511687168	27510478848	1208320	512	3.740626
157624996864	157623430656	1566208	512	4.694471
77521929216	77520079360	1849856	512	5.627821
52407463424	52406129664	1333760	512	2.429865
230739847168	230738556928	1290240	512	4.116657
214131509760	214130059264	1450496	512	4.068930
128853510144	128852191744	1318400	512	2.637306
168131664384	168129793536	1870848	512	9.436352
244423102976	244421868544	1234432	512	3.803403
47298537984	47297037312	1500672	512	2.652298
132639053312	132637142528	1910784	512	3.494911
224326356480	224325012480	1344000	512	2.730718
109047088640	109045883904	1204736	512	3.924779
195205329920	195203711488	1618432	512	1.772691
157379022336	157377459712	1562624	512	6.144548
125560441856	125558426624	2015232	512	2.887575
219333517824	219332152320	1365504	512	4.616894
191197357568	191195653120	1704448	512	2.578375
92695048192	92693037568	2010624	512	4.032959
150977704960	150976015872	1689088	512	4.877169
175138465792	175136978944	1486848	512	7.537566
220688286208	220686362624	1923584	512	4.465988
104668150272	104666435072	1715200	512	6.093942
538649600	537465856	1183744	512	5.773482
240173889536	240172288000	1601536	512	6.618158
34614282240	34612236288	2045952	512	5.019765
198884093440	198882729472	1363968	512	6.111938
48848977408	48847133696	1843712	512	6.363583
209812852736	209810978816	1873920	512	5.717999
190052186112	190051130368	1055744	512	2.086424
144539446272	144537408000	2038272	512	1.871182
199575912960	199574309376	1603584	512	3.322235
175324975616	175322902016	2073600	512	6.753015
189884944384	189883598848	1345536	512	6.718055
237404484608	237402679808	1804800	512	9.110795
10970460160	10969044992	1415168	512	3.591738
178986262016	178985076224	1185792	512	2.051294
169486135808	169484499456	1636352	512	4.488083
237225927680	237224444416	1483264	512	6.951873
19942115328	19940936704	1178624	512	4.193670
228399526912	228398055424	1471488	512	9.300140
60054806016	60052844032	1961984	512	5.389246
49010966016	49009598464	1367552	512	3.532014
18851497984	18849652736	1845248	512	7.023399
172504986112	172503072256	1913856	512	9.813053
132092302336	132090995712	1306624	512	9.397227
247566230016	247565131776	1098240	512	4.988945
94273540608	94271797760	1742848	512	4.898975
112107453440	112106217472	1235968	512	2.285621
179683963392	179682426368	1537024	512	5.020992
57586650624	57584631808	2018816	512	4.885154
26295297536	26293605376	1692160	512	8.261889
37726400000	37724832768	1567232	512	2.129264
166816398336	166814497792	1900544	512	2.293095
88176870912	88174938112	1932800	512	4.940998
1206534656	1205072384	1462272	512	3.540586
112722028544	112720005632	2022912	512	3.236180
85290535936	85289155072	1380864	512	9.768838
83535054336	83533262848	1791488	512	6.221797
100461488640	100460139520	1349120	512	1.973927
65210772992	65209447936	1325056	512	2.354221
223656183808	223654469120	1714688	512	6.028753
65937362944	65935604736	1758208	512	8.275648
89355573760	89354189312	1384448	512	2.664303
57896393728	57894527488	1866240	512	6.185480
158209059840	158207828480	1231360	512	2.614240
2826043904	2824309248	1734656	512	8.328752
209358541312	209357200896	1340416	512	5.436263
208679883776	208678564352	1319424	512	5.679755
51332594688	51330797056	1797632	512	6.821903
219829968896	219828214784	1754112	512	6.570811
46249801216	46248421888	1379328	512	2.318790
20718425600	20716480000	1945600	512	6.181278
93796037632	93794818560	1219072	512	2.759486
21349344768	21347627008	1717760	512	8.029986
40333689344	40332285440	1403904	512	2.116889
212896235520	212894817280	1418240	512	4.451207
41161380864	41159493120	1887744	512	6.376779
49935939072	49934018560	1920512	512	5.746477
151880873984	151879428096	1445888	512	7.330802
239754155008	239752156160	1998848	512	7.617751
202839834624	202838489600	1345024	512	5.850861
161219620352	161217749504	1870848	512	2.525033
217187850240	217186179584	1670656	512	9.005369
226858881536	226857259008	1622528	512	7.274778
165981901824	165979917824	1984000	512	9.582415
70238171136	70236175872	1995264	512	4.854384
92954468864	92952752640	1716224	512	6.548334
139868535296	139867295744	1239552	512	1.733675
190154019328	190152279552	1739776	512	2.189455
191408373248	191407095808	1277440	512	7.431029
111094232064	111092353536	1878528	512	10.041884
230107146752	230105214976	1931776	512	2.118385
140410255360	140408823808	1431552	512	9.534374
177608446464	177607123456	1323008	512	7.387809
40996245504	40995104768	1140736	512	5.759779
234458482176	234456848384	1633792	512	6.286919
152906435072	152905342464	1092608	512	4.050224
200047333888	200045693440	1640448	512	9.771605
110085199360	110083827200	1372160	512	2.395112
123901848064	123900420096	1427968	512	8.490101
179348743168	179346808832	1934336	512	8.937466
108599310848	108597441024	1869824	512	4.653277
38797001728	38795315200	1686528	512	7.996008
146238445056	146237360128	1084928	512	4.407588
147313321984	147311690752	1631232	512	5.858855
2192755712	2191630336	1125376	512	6.235421
200150866944	200149011456	1855488	512	5.809010
249366236672	249364158464	2078208	512	3.637816
201847477248	201845950464	1526784	512	3.691879
36021602304	36020064256	1538048	512	7.846275
13953523200	13952267776	1255424	512	3.582036
68487941632	68486121472	1820160	512	6.364513
204567456768	204566197248	1259520	512	6.906155
107478846976	107476886016	1960960	512	3.884221
242873649664	242872025088	1624576	512	4.874163
142226536448	142224882688	1653760	512	5.562021
90182618112	90181492736	1125376	512	4.984502
208160087040	208158840832	1246208	512	6.568578
212118421504	212116344832	2076672	512	3.186400
89850358784	89848747008	1611776	512	7.563466
47730513408	47729356800	1156608	512	5.336004
157972108288	157970452480	1655808	512	5.195797
225405623808	225404289024	1334784	512	4.227849
75429070848	75427606016	1464832	512	2.229745
154942203904	154940162560	2041344	512	9.529491
205657961984	205656837120	1124864	512	8.524976
200384783872	200382862336	1921536	512	6.431775
86747246080	86745737728	1508352	512	8.695279
150399550976	150397573120	1977856	512	8.843289
16276464128	16274811392	1652736	512	1.676908
103976450048	103975070720	1379328	512	7.586260
246536936960	246535424512	1512448	512	5.583576
224231754752	224229708288	2046464	512	8.518111
66703365632	66702191616	1174016	512	5.028100
128847450624	128845612544	1838080	512	4.589433
218051958784	218050448896	1509888	512	9.689722
216602967040	216600948224	2018816	512	3.252874
34583647232	34581958656	1688576	512	9.363538
200628770816	200627405824	1364992	512	6.088333
178771515904	178769981952	1533952	512	5.112710
80271701504	80270560256	1141248	512	5.072002
211290020864	211288889344	1131520	512	8.125969
11009787392	11007697920	2089472	512	5.045259
6490589184	6488972800	1616384	512	9.246396
73667885056	73666735616	1149440	512	3.613245
81489096192	81487332352	1763840	512	6.453164
45196229632	45194544640	1684992	512	8.037952
131073048064	131071257088	1790976	512	4.690212
141078799360	141077508608	1290752	512	9.279995
107410425856	107409035264	1390592	512	9.095133
150827728384	150826495488	1232896	512	8.072717
86318586880	86316627968	1958912	512	4.701820
141636524544	141635058176	1466368	512	8.851259
60298095616	60297003008	1092608	512	5.865596
113781155840	113779209728	1946112	512	2.511490
214774957568	214772935168	2022400	512	3.978879
155779840512	155778262528	1577984	512	6.076077
5703907840	5702087680	1820160	512	8.988181
75999763456	75998134784	1628672	512	7.670356
225105836032	225104608768	1227264	512	5.568863
94219977216	94218056192	1921024	512	4.744872
124838653952	124837145088	1508864	512	7.751445
61425924608	61424562688	1361920	512	2.036411
117338969088	117337397248	1571840	512	8.575623
1217549312	1216463872	1085440	512	6.485100
84930490880	84929250304	1240576	512	2.815484
801669632	800491008	1178624	512	5.861530
87818664448	87816884736	1779712	512	6.319849
239509082112	239507748864	1333248	512	2.341614
234493754368	234491658752	2095616	512	8.148132
190066586112	190064687616	1898496	512	7.301230
16680265728	16679170048	1095680	512	6.214895
218281686528	218280037888	1648640	512	7.945350
128267972608	128266092544	1880064	512	4.142513
170524847104	170523128320	1718784	512	2.324372
63588777984	63587389440	1388544	512	3.167037
53736080384	53734017024	2063360	512	4.467989
123129932800	123128128000	1804800	512	4.891473
180687499264	180685909504	1589760	512	4.413980
68987019776	68985246720	1773056	512	6.676371
98760743936	98759312384	1431552	512	9.139819
28201710592	28200069632	1640960	512	8.393034
209413676032	209412131840	1544192	512	9.734144
202891693568	202890591232	1102336	512	1.900063
141706452480	141704700928	1751552	512	4.693640
59755029504	59753476608	1552896	512	8.833628
110215664128	110214310912	1353216	512	2.560441
230084838400	230083201024	1637376	512	5.928071
152729913856	152728692736	1221120	512	9.612168
224343531008	224341958144	1572864	512	9.293956
244217025536	244215714304	1311232	512	2.662458
198917325312	198916273152	1052160	512	2.859897
11610373632	11608665088	1708544	512	8.139354
240147603456	240146262528	1340928	512	2.157645
139635153920	139633833984	1319936	512	7.576391
68872579584	68871103488	1476096	512	2.423413
107101658112	107100378112	1280000	512	1.896776
71783476224	71782063104	1413120	512	1.946313
148826689536	148825277440	1412096	512	9.500105
88886196736	88885089792	1106944	512	5.167660
117122163712	117120360448	1803264	512	4.920873
122455294976	122453733888	1561088	512	7.220945
41062108160	41060749312	1358848	512	3.840600
16726947328	16725265408	1681920	512	8.392485
240871560704	240870346752	1213952	512	2.696244
15208792576	15207237632	1554944	512	2.493397
98134651392	98133196800	1454592	512	2.023512
156659497472	156658230784	1266688	512	9.133119
34381172736	34379268608	1904128	512	6.303188
164144229376	164142539776	1689600	512	4.444481
113491296768	113489695744	1601024	512	7.158976
71141525504	71139664384	1861120	512	5.943423
199041299968	199039752192	1547776	512	3.952222
81864982016	81863245824	1736192	512	6.695336
147721107968	147719277056	1830912	512	3.867395
64571269120	64569737728	1531392	512	8.836706
47640232448	47639137792	1094656	512	5.810561
11171813888	11169824768	1989120	512	5.863123
221660552704	221658637312	1915392	512	3.389395
37579587584	37578490368	1097216	512	6.042090
14305851904	14303963648	1888256	512	6.681940
245835898880	245834728448	1170432	512	3.898999
31794358784	31793258496	1100288	512	5.997060
150928132608	150926231040	1901568	512	2.712601
108170525696	108168923136	1602560	512	7.147181
195671166976	195669756928	1410048	512	5.570018
157137010176	157135625728	1384448	512	7.904101
160070532608	160068914688	1617920	512	5.598023
234004416000	234003097600	1318400	512	3.737211
234511198208	234509505536	1692672	512	5.395195
183817330176	183815709184	1620992	512	4.072473
126949825536	126948497920	1327616	512	9.435557
69498886656	69497818112	1068544	512	5.917652
61316000256	61314080768	1919488	512	5.492710
38639953408	38638110208	1843200	512	6.722825
158161495040	158160431616	1063424	512	2.883521
99196515840	99194581504	1934336	512	4.616425
137108567552	137107361792	1205760	512	3.428206
40838879232	40837582336	1296896	512	3.058122
224972403712	224970365440	2038272	512	1.964560
235559722496	235558002176	1720320	512	5.102462
64832334848	64830653440	1681408	512	7.562887
61044151296	61042563584	1587712	512	1.615771
36485697024	36483771904	1925120	512	7.397391
10670829056	10669189632	1639424	512	8.714049
234047588864	234045519872	2068992	512	8.466470
67172751872	67170658816	2093056	512	3.981919
41614709248	41612903936	1805312	512	7.009379
205451798528	205450336768	1461760	512	4.538112
182954799616	182953447936	1351680	512	8.393343
227712542720	227711138304	1404416	512	3.239344
127634251264	127632539648	1711616	512	5.760192
39736625664	39735143424	1482240	512	2.796335
183773545472	183771622912	1922560	512	7.675847
162508079104	162506165760	1913344	512	2.269421
68608922624	68607245312	1677312	512	8.922960
230482745344	230481273344	1472000	512	9.827194
22064619520	22063426560	1192960	512	5.426701
85148697088	85147272704	1424384	512	9.444769
224164369408	224162765824	1603584	512	7.507611
231609544192	231608080896	1463296	512	2.048929
78437712896	78435896832	1816064	512	6.049731
33286286336	33284349952	1936384	512	5.955566
174534368768	174532583424	1785344	512	2.973815
1228639744	1227150848	1488896	512	3.366050
89365639680	89364304384	1335296	512	3.113297
235761648128	235760262656	1385472	512	9.619067
162524254208	162522522624	1731584	512	3.994284
205735810560	205734360064	1450496	512	4.607446
171790174720	171788294656	1880064	512	8.841190
222139809792	222137777664	2032128	512	2.110663
197845765632	197843898368	1867264	512	7.066673
173909682688	173908039680	1643008	512	4.464953
181574806016	181573288960	1517056	512	5.259944
53151614464	53149933568	1680896	512	7.764373
81814369280	81812274176	2095104	512	3.509304
184005133824	184003427328	1706496	512	1.789944
129611814400	129610748416	1065984	512	5.034442
45223991296	45222709248	1282048	512	4.519184
142660575744	142659438592	1137152	512	3.905798
229166148608	229164213248	1935360	512	3.115576
35665930752	35664192000	1738752	512	5.976539
131533148672	131531231232	1917440	512	3.469683
88558672896	88557419520	1253376	512	3.830096
140672367616	140671315968	1051648	512	4.879601
50555594752	50554123776	1470976	512	9.510252
17725986304	17724333056	1653248	512	1.853977
247766195712	247764635648	1560064	512	4.747006
246940046336	246938729472	1316864	512	8.524529
86410391040	86409178112	1212928	512	3.066998
247117726720	247116286976	1439744	512	6.614689
247305243136	247303415808	1827328	512	7.452157
152999384576	152997800960	1583616	512	5.954590
165106319360	165104272896	2046464	512	9.001052
110434408960	110433230336	1178624	512	4.239349
129772691456	129770603520	2087936	512	2.213879
78892327424	78890442752	1884672	512	5.368883
203207875072	203206099456	1775616	512	8.946291
37767601152	37765649408	1951744	512	5.818217
181970812416	181969617408	1195008	512	8.703141
85303818240	85302745088	1073152	512	5.674867
12313755136	12312142336	1612800	512	2.020924
237176997376	237175172096	1825280	512	1.964583
186089375232	186087703040	1672192	512	3.574596
80577230336	80575689216	1541120	512	9.753127
219688913408	219687584768	1328640	512	5.117197
234784561664	234783074304	1487360	512	9.655138
8300296192	8298317312	1978880	512	6.331526
30351605248	30349725184	1880064	512	6.418176
210315190272	210313840640	1349632	512	5.321792
122450826752	122449331712	1495040	512	7.817881
111695336448	111693975040	1361408	512	9.384118
34551230464	34550025728	1204736	512	5.136683
190522180096	190520996864	1183232	512	8.549840
249456933888	249455576576	1357312	512	7.878228
76210681856	76208731648	1950208	512	4.757993
78132341760	78130565632	1776128	512	6.340140
148200229376	148199104000	1125376	512	3.984700
74086231040	74084862464	1368576	512	3.055142
212123117568	212121830912	1286656	512	6.079603
110169387008	110168249856	1137152	512	4.634061
205968154112	205967076352	1077760	512	9.086323
82746115584	82744816128	1299456	512	3.671495
210660786176	210659022336	1763840	512	7.043937
248807603712	248805924352	1679360	512	9.799334
232204106240	232203034112	1072128	512	7.152038
211930262016	211928948224	1313792	512	5.738122
207871770624	207870584832	1185792	512	7.726439
238986483200	238985275904	1207296	512	4.166188
37174362112	37173088768	1273344	512	4.649773
111884490240	111883176448	1313792	512	9.792408
7960497152	7958552064	1945088	512	6.616727
80235558912	80233839104	1719808	512	6.821004
221000118272	220998928896	1189376	512	8.262608
88351509504	88350046720	1462784	512	1.945418
222310006784	222308554752	1452032	512	2.643930
16853361152	16851946496	1414656	512	3.613552
248427293184	248425915392	1377792	512	8.930335
237820292096	237818760704	1531392	512	6.251655
72744926720	72742958080	1968640	512	5.025194
6729504256	6727475200	2029056	512	5.976580
94199696384	94198219264	1477120	512	8.738144
249619903488	249618088960	1814528	512	7.723370
33731732992	33729909248	1823744	512	6.877009
41338844160	41337214976	1629184	512	1.902125
172657539072	172655886848	1652224	512	4.383539
44403066880	44401114624	1952256	512	5.823334
121486505472	121485194240	1311232	512	9.540074
182716562432	182715134976	1427456	512	6.232741
42782363136	42780427776	1935360	512	5.957117
99939288064	99938228736	1059328	512	5.530506
158775857152	158774736896	1120256	512	3.757229
158502939648	158500958208	1981440	512	1.923185
21526490624	21525310976	1179648	512	5.578940
233000880128	232999614464	1265664	512	4.463602
185269425152	185267486720	1938432	512	7.487244
153237022720	153235272192	1750528	512	4.235762
164001396224	164000011776	1384448	512	7.613064
135552137216	135550450688	1686528	512	5.713439
189051888128	189050186752	1701376	512	2.652728
117347592704	117345907712	1684992	512	6.030618
45832636416	45830971904	1664512	512	8.195547
23762890752	23760928768	1961984	512	6.116627
127653541888	127652182528	1359360	512	2.226198
82964690944	82963266560	1424384	512	9.428638
73774572544	73772519936	2052608	512	2.535687
93714682368	93713475584	1206784	512	4.283762
154481949184	154480741376	1207808	512	9.761460
125079350784	125078087168	1263616	512	1.748273
121490950656	121489679872	1270784	512	1.941514
150797164032	150795613184	1550848	512	6.295007
84256736256	84255588352	1147904	512	5.078715
226656555008	226655450112	1104896	512	7.276007
134960510976	134958930432	1580544	512	8.090790
5990609408	5988762112	1847296	512	7.427785
74122548736	74120549888	1998848	512	4.396681
215216626176	215214597120	2029056	512	3.755974
103531769856	103530591232	1178624	512	4.227491
92470424064	92469081088	1342976	512	3.021283
58908587008	58906628096	1958912	512	5.412138
2534067200	2532095488	1971712	512	6.423891
63351067136	63349526016	1541120	512	1.862733
117098428928	117096654848	1774080	512	5.214824
195264616960	195262770688	1846272	512	8.713914
12673231360	12671347712	1883648	512	6.721778
232119221248	232117177344	2043904	512	7.448428
124437236736	124436029440	1207296	512	3.549305
161564273152	161562316288	1956864	512	8.485960
239710441472	239708513280	1928192	512	5.915019
187694608896	187693068288	1540608	512	4.488028
141075285504	141073512960	1772544	512	3.115187
103622476800	103620547072	1929728	512	4.102782
60244271104	60242264064	2007040	512	5.015238
22233395200	22231364608	2030592	512	5.532034
70892014080	70890608128	1405952	512	3.031485
244528735744	244526675456	2060288	512	5.333280
119346010112	119343988224	2021888	512	2.853168
73231808512	73230228480	1580032	512	8.386276
126494005248	126492161536	1843712	512	4.543735
119223349760	119221362176	1987584	512	3.192196
36795005952	36793917440	1088512	512	4.744949
8587905024	8586634240	1270784	512	5.079756
5746716672	5745170944	1545728	512	2.927330
108826175488	108825086464	1089024	512	5.050205
52903757824	52902553088	1204736	512	3.519727
233372468224	233370547200	1921024	512	9.161562
46407217664	46406148608	1069056	512	6.291585
47215273984	47213910528	1363456	512	2.464041
157241916928	157240561152	1355776	512	8.248251
738322432	736855040	1467392	512	2.136459
128448445440	128446556672	1888768	512	2.739720
229598589440	229597056512	1532928	512	8.519371
237559200768	237557626368	1574400	512	5.655118
181016770048	181015517184	1252864	512	8.191419
85797220352	85795673600	1546752	512	8.325331
179055100928	179053339136	1761792	512	2.576611
20082214400	20080453120	1761280	512	7.782992
236568906752	236566810112	2096640	512	8.071319
67067588096	67066332672	1255424	512	4.329548
185590841344	185588759040	2082304	512	5.932848
72954468352	72952387072	2081280	512	4.075997
51635809280	51634005504	1803776	512	6.835047
9508557824	9506461696	2096128	512	5.447957
118679053312	118677836800	1216512	512	3.590167
107542836224	107541449216	1387008	512	9.123997
37340534784	37339079680	1455104	512	9.896481
34247206400	34245332480	1873920	512	4.861508
177907291136	177905734656	1556480	512	3.489213
32365541376	32363864064	1677312	512	8.164492
107611073024	107609858560	1214464	512	2.460003
142416756736	142415087104	1669632	512	5.491487
40335903744	40333947904	1955840	512	5.797743
24689756160	24687688192	2067968	512	5.168358
152683505664	152682391040	1114624	512	2.449974
57794740736	57793224704	1516032	512	9.171625
178044194304	178042927104	1267200	512	8.027023
93421576192	93420165120	1411072	512	2.392140
27737099776	27735124480	1975296	512	5.598068
144104820736	144103505920	1314816	512	8.989581
57055336960	57053716480	1620480	512	9.655829
13005627904	13003921408	1706496	512	9.585939
171660918272	171658924544	1993728	512	8.992708
156226807296	156225445888	1361408	512	9.574683
190616161792	190614161408	2000384	512	6.179414
236661304832	236660021760	1283072	512	4.193320
62451300352	62449442304	1858048	512	6.031151
210750866944	210749572096	1294848	512	6.004534
158656236544	158654715392	1521152	512	6.566768
243821519360	243819905024	1614336	512	5.045636
80117054464	80115191296	1863168	512	5.537790
47133708288	47132429312	1278976	512	3.175335
172847379456	172845327872	2051584	512	7.021097
2044133376	2042972160	1161216	512	5.946360
13794560000	13792648704	1911296	512	6.489880
125961405440	125960189952	1215488	512	3.624249
90108110336	90106583040	1527296	512	8.276494
148333299712	148331508736	1790976	512	4.296147
8171634176	8169731072	1903104	512	6.995058
180287062016	180285662208	1399808	512	6.625675
74549371392	74548211712	1159680	512	4.891063
238734817792	238733509632	1308160	512	2.677974
149139340800	149137337344	2003456	512	2.206744
205382157824	205380817920	1339904	512	5.957805
66480645632	66479007744	1637888	512	7.888174
8503563264	8501720064	1843200	512	7.455896
162353686528	162352621056	1065472	512	2.686287
166409852416	166408390656	1461760	512	6.815920
166034453504	166033163264	1290240	512	8.697446
208487962624	208486500864	1461760	512	3.903593
35731552768	35730334720	1218048	512	5.030277
34710531584	34708864512	1667072	512	8.179182
64679660032	64677806592	1853440	512	6.060202
114704352768	114703237632	1115136	512	4.758296
162122380800	162121065472	1315328	512	8.335936
42040578048	42038720000	1858048	512	6.588766
137190575104	137188918784	1656320	512	5.986805
204702187008	204700433408	1753600	512	7.905965
111009684480	111008032768	1651712	512	8.071131
39245511680	39243444736	2066944	512	4.836874
140993951232	140992563712	1387520	512	8.588311
87230422528	87228979712	1442816	512	9.295315
115720875008	115719139328	1735680	512	5.903908
22657126912	22655848960	1277952	512	3.377759
215688735232	215686738432	1996800	512	3.523908
238741268480	238740003328	1265152	512	10.161010
31198856192	31197779968	1076224	512	6.225520
152067510784	152066020864	1489920	512	8.246999
221969459200	221967515136	1944064	512	2.990925
159447055360	159445016064	2039296	512	8.148616
85370545664	85369136128	1409536	512	2.714209
47308511744	47306562048	1949696	512	5.782204
17839377920	17837722624	1655296	512	8.484109
125176289792	125174326784	1963008	512	3.402527
182830019072	182828430336	1588736	512	3.087693
243202837504	243201720832	1116672	512	5.536274
168845516800	168843959808	1556992	512	5.385158
13950722048	13948997120	1724928	512	8.022370
127647426048	127645386240	2039808	512	2.663795
28032542720	28031028736	1513984	512	2.583680
138892990464	138891571200	1419264	512	9.630957
202880208896	202878589952	1618944	512	9.588667
43607680512	43606326272	1354240	512	3.875312
52338838528	52336974848	1863680	512	6.237188
77412473856	77411198976	1274880	512	3.831932
232782678528	232781130752	1547776	512	8.797984
167339388416	167337464832	1923584	512	2.024502
177085504512	177084091904	1412608	512	6.389436
169523898880	169522741760	1157120	512	2.850977
84876643840	84875230720	1413120	512	2.657459
92925116416	92923826176	1290240	512	2.179264
55559361536	55557595648	1765888	512	7.024202
106409885696	106408787968	1097728	512	4.925639
14037850624	14036472832	1377792	512	2.706656
237873953280	237872238080	1715200	512	3.568277
153024214016	153022961664	1252352	512	9.337178
185984851968	185983721472	1130496	512	2.643382
138203156992	138201812480	1344512	512	2.131911
23845470208	23844204544	1265664	512	3.510368
55795351552	55793611776	1739776	512	7.304661
131148556800	131147399680	1157120	512	2.545274
44458610688	44457265152	1345536	512	3.971091
237739347456	237737539072	1808384	512	2.154862
146521641984	146520215552	1426432	512	7.886123
198415170560	198413961216	1209344	512	7.885567
64494467584	64492922880	1544704	512	8.718490
92763416064	92762004992	1411072	512	2.443807
37091701248	37089783808	1917440	512	6.104373
67472807936	67471618048	1189888	512	3.541186
242057752064	242056169984	1582080	512	5.519212
179784263168	179782190592	2072576	512	6.050981
98463496704	98461955072	1541632	512	8.163934
247818075648	247816682496	1393152	512	7.382620
101765671424	101763919872	1751552	512	5.771093
160491319296	160489722880	1596416	512	5.411919
205252807680	205251688960	1118720	512	2.021703
185268940288	185267481600	1458688	512	5.911657
15938023424	15936067584	1955840	512	6.107928
194223171072	194221975040	1196032	512	8.416025
243855566336	243853706240	1860096	512	8.327246
175476475392	175474662912	1812480	512	9.554036
210204835328	210202738688	2096640	512	9.808420
233207161344	233205078016	2083328	512	6.867515
229491747328	229490176000	1571328	512	9.331096
110310451712	110308488192	1963520	512	3.793001
182409295872	182408007680	1288192	512	7.796312
30458661376	30456991232	1670144	512	8.143229
48831952896	48830750720	1202176	512	4.953772
223877871104	223876713472	1157632	512	6.528352
86018480640	86016950272	1530368	512	1.868581
199217822208	199216392192	1430016	512	5.334637
240425233920	240423137280	2096640	512	6.196698
57765349888	57763825152	1524736	512	9.110719
245112104448	245110297600	1806848	512	2.217432
170676294656	170675028992	1265664	512	8.509494
20733021696	20731094528	1927168	512	4.746542
41648433664	41646646272	1787392	512	7.201521
178636880384	178635778560	1101824	512	9.887497
41476790272	41474794496	1995776	512	5.422863
189483702272	189482057216	1645056	512	3.281627
11705209344	11704149504	1059840	512	6.510625
136518810112	136517264384	1545728	512	8.438603
225799775744	225797826560	1949184	512	2.921446
220743453696	220741908992	1544704	512	9.239016
79817720832	79816247808	1473024	512	9.033676
106724246016	106722386432	1859584	512	4.776563
137082059776	137080245248	1814528	512	4.455596
162370218496	162368821248	1397248	512	8.827967
37591080960	37589201408	1879552	512	6.415141
73532388352	73531097600	1290752	512	4.028348
110747524096	110745900032	1624064	512	8.297825
247339175936	247337810432	1365504	512	7.786604
98548548608	98547284480	1264128	512	3.750438
55799328256	55797752320	1575936	512	8.693556
177921697280	177920024576	1672704	512	3.540055
44864618496	44863397376	1221120	512	5.010320
81158173184	81156417024	1756160	512	6.545121
33913410560	33912236544	1174016	512	5.329727
200945744384	200944144384	1600000	512	3.359252
119732025856	119730767360	1258496	512	1.847975
125066406400	125065115648	1290752	512	1.931039
34864873984	34863182336	1691648	512	9.333927
182838810112	182837108736	1701376	512	3.217874
35873963008	35872714240	1248768	512	4.759852
157568109568	157566372352	1737216	512	4.371268
230724303360	230723239424	1063936	512	7.253175
165996420096	165994804736	1615360	512	5.198551
243502901760	243501547008	1354752	512	2.011588
132514756096	132513464320	1291776	512	2.641442
79770770432	79768956416	1814016	512	6.000923
35761851392	35760081920	1769472	512	8.715718
71968645120	71967297024	1348096	512	2.154721
111890942976	111888988672	1954304	512	3.876688
113544996352	113543642624	1353728	512	9.469949
188226881024	188224948224	1932800	512	6.959089
240263642624	240262119424	1523200	512	6.295507
40183400960	40181872128	1528832	512	2.443622
245658204672	245656130560	2074112	512	5.029409
68634732544	68632724992	2007552	512	4.660193
157479708672	157478057472	1651200	512	5.236359
246357626880	246356530176	1096704	512	4.975201
56910682112	56909032448	1649664	512	6.614904
31705887744	31704778240	1109504	512	5.978225
75628771840	75627008000	1763840	512	6.433098
136310268416	136308398080	1870336	512	4.011875
14438539264	14437246464	1292800	512	4.635305
179237005824	179235768832	1236992	512	8.396053
247579227648	247577201664	2025984	512	4.449426
160854023168	160852499456	1523712	512	6.154809
93972189184	93970105344	2083840	512	1.921970
70148130816	70146625024	1505792	512	2.211442
109155318784	109154028544	1290240	512	3.146661
232952700928	232951432192	1268736	512	4.399205
103455197696	103453369344	1828352	512	5.023207
91226780160	91224963584	1816576	512	5.678195
199466265600	199464709632	1555968	512	3.861499
212994428416	212992372736	2055680	512	3.423038
34218020352	34216544256	1476096	512	9.776008
64793076736	64791922176	1154560	512	5.212403
19362112512	19360306176	1806336	512	7.366745
157721388032	157719436288	1951744	512	9.096476
234741439488	234740117504	1321984	512	3.684161
111561228288	111559841280	1387008	512	2.228433
186176620032	186175462400	1157632	512	9.241167
187286504448	187284729344	1775104	512	8.679584
115306172928	115305035776	1137152	512	4.536419
173310772224	173309011968	1760256	512	3.230356
155358859776	155357382656	1477120	512	7.038582
44214398464	44212838912	1559552	512	9.057963
221317386752	221315384320	2002432	512	3.432311
205606810624	205605682688	1127936	512	9.853308
230218941952	230217061376	1880576	512	2.831329
78997021184	78995552768	1468416	512	9.081771
149036514304	149034529792	1984512	512	2.394640
196868410368	196866921984	1488384	512	3.024633
139498644480	139497424384	1220096	512	1.806015
19507150336	19505746432	1403904	512	3.757926
110094266368	110092363776	1902592	512	2.913377
112925838848	112923750912	2087936	512	2.632579
158240001024	158238243328	1757696	512	4.187026
213413398016	213411999744	1398272	512	4.667232
213052410880	213050490368	1920512	512	5.131260
186909587456	186908069888	1517568	512	5.256050
212914904576	212913607168	1297408	512	5.954998
156039165440	156037812224	1353216	512	9.765984
206713532928	206711592448	1940480	512	5.631919
117686856704	117684817920	2038784	512	2.698036
16544692736	16542985216	1707520	512	8.136668
54335630848	54334198272	1432576	512	2.027248
52015645184	52013781504	1863680	512	6.275112
51054152704	51052697088	1455616	512	9.613221
4332101120	4330916352	1184768	512	5.768699
239595770368	239594363392	1406976	512	6.659098
75357813760	75355828736	1985024	512	4.511802
205437637120	205436525568	1111552	512	8.694249
181188234240	181186374144	1860096	512	9.737156
38670458368	38668886528	1571840	512	8.950766
121467936256	121465860608	2075648	512	2.331875
37419131904	37417437184	1694720	512	9.300157
237611615232	237610077696	1537536	512	7.542383
5187425280	5185728000	1697280	512	8.604866
11875216384	11874097152	1119232	512	6.014067
89315679744	89314407424	1272320	512	9.143709
133961221120	133960053248	1167872	512	3.848040
199725659136	199723843072	1816064	512	7.702327
224306036736	224304659968	1376768	512	3.650438
21199192576	21197219328	1973248	512	4.526181
92674084864	92672253440	1831424	512	5.530698
172503653376	172501561344	2092032	512	7.949098
115444547584	115442977280	1570304	512	5.988368
74399379456	74397776384	1603072	512	7.851184
92264981504	92263516672	1464832	512	8.808554
122957680128	122956563456	1116672	512	4.533483
78154131456	78152398848	1732608	512	6.705180
58048194560	58046820352	1374208	512	3.548066
221856530432	221855250432	1280000	512	3.588641
112376957440	112375544832	1412608	512	8.908964
233756580864	233754552832	2028032	512	7.545785
119016556544	119015500288	1056256	512	5.146829
220897880064	220895783424	2096640	512	2.205438
122046246912	122044545024	1701888	512	5.933539
203393161216	203391852032	1309184	512	6.280921
241357378048	241355515392	1862656	512	9.606668
239094872064	239093153792	1718272	512	3.556593
127271821312	127269803520	2017792	512	9.756360
235634179072	235632604160	1574912	512	8.423346
115497739776	115496011264	1728512	512	5.886073
23612551680	23610931200	1620480	512	1.960873
117025806336	117024593920	1212416	512	2.302639
23238282240	23236341248	1940992	512	6.273191
146093458432	146091854336	1604096	512	6.149568
24783263232	24781820928	1442304	512	3.411821
1176320512	1174641664	1678848	512	1.846338
89505604608	89504344576	1260032	512	2.381111
18663213568	18661690880	1522688	512	9.628058
206972535808	206971187712	1348096	512	5.798621
245255095296	245254004736	1090560	512	5.099075
13791897088	13790104064	1793024	512	5.825808
168712731136	168711345664	1385472	512	7.374780
136489638400	136488399872	1238528	512	3.117027
245206587904	245205142528	1445376	512	8.901857
2459045888	2457963520	1082368	512	6.594997
174513492992	174512136704	1356288	512	7.580520
124791077376	124789798912	1278464	512	3.027713
8794650624	8792659968	1990656	512	6.275214
237012108800	237010457600	1651200	512	7.363415
134900774912	134899438080	1336832	512	2.144403
7106421760	7105183744	1238016	512	5.356822
59699576832	59698128896	1447936	512	9.745444
81027056640	81025883136	1173504	512	4.797800
15954707456	15953347072	1360384	512	2.690519
219547563520	219546281984	1281536	512	5.716881
145361080832	145359002624	2078208	512	9.695016
83660467200	83658819584	1647616	512	7.473965
184072092160	184070764032	1328128	512	7.362226
122644476416	122643166720	1309696	512	2.660687
237894740992	237893186048	1554944	512	7.318672
160602217472	160600946176	1271296	512	8.776937
90748287488	90746883584	1403904	512	9.351626
63202580480	63201224192	1356288	512	2.077173
177541451776	177540360704	1091072	512	3.109350
241273141248	241271359488	1781760	512	9.451777
69867422208	69865932800	1489408	512	9.175051
136567089152	136565635584	1453568	512	7.923782
20529774080	20528006656	1767424	512	7.718771
11461270528	11459894272	1376256	512	3.921573
137688151552	137686533632	1617920	512	6.322178
143540904448	143539269632	1634816	512	5.822462
236808803840	236807415296	1388544	512	9.638955
59199097344	59197961216	1136128	512	5.482184
40756064768	40754112512	1952256	512	5.790587
108199887872	108198087168	1800704	512	5.300186
44077848576	44075763712	2084864	512	4.709063
163912302592	163910553088	1749504	512	2.458688
75435964416	75433962496	2001920	512	4.342312
217775452160	217773467136	1985024	512	3.680383
248435884544	248434093568	1790976	512	9.414607
42284876288	42283331072	1545216	512	9.205451
78405633536	78404358144	1275392	512	3.909816
125920495104	125919192576	1302528	512	2.779938
135884002816	135882544640	1458176	512	7.906521
150536760320	150535548416	1211904	512	2.802998
76286418944	76284910592	1508352	512	1.800224
152872895488	152871405056	1490432	512	6.902787
65200854016	65199604224	1249792	512	4.369551
10955948032	10953855488	2092544	512	5.039411
116998210048	116996392960	1817088	512	4.772790
202336112128	202334318080	1794048	512	8.727018
35928431104	35927363072	1068032	512	6.250454
160099483136	160097622528	1860608	512	3.107041
162173120000	162172065792	1054208	512	4.221695
145000914944	144999847424	1067520	512	4.570279
182745614848	182743752704	1862144	512	8.324690
23729193984	23727596032	1597952	512	2.157781
70582436352	70580955136	1481216	512	2.388777
205638687232	205637115904	1571328	512	2.054151
167575307264	167573476352	1830912	512	2.990392
66348307456	66346839552	1467904	512	9.381530
99895459840	99893509632	1950208	512	4.471967
123074502656	123072605696	1896960	512	4.035257
73697011712	73695349248	1662464	512	7.333090
123667058176	123665686016	1372160	512	2.228054
31187241472	31186057216	1184256	512	5.306241
24531545600	24530255872	1289728	512	4.639434
80268841984	80267191296	1650688	512	8.785494
49909961216	49908617728	1343488	512	2.352828
115072473600	115070767616	1705984	512	7.549525
148906862080	148905112576	1749504	512	3.339669
1989553152	1987854848	1698304	512	1.887944
223006834176	223005419520	1414656	512	3.134282
103330764288	103329706496	1057792	512	5.263878
124060559360	124059347968	1211392	512	3.654732
100356918272	100355473920	1444352	512	9.009098
18621109248	18619752448	1356800	512	4.090665
245106022912	245104259584	1763328	512	2.864226
213574308864	213572503040	1805824	512	7.946088
209383404544	209381827584	1576960	512	2.509586
247075533824	247074200576	1333248	512	8.285989
245991376896	245990143488	1233408	512	9.768960
216366934016	216365728768	1205248	512	6.668484
91783211008	91781606400	1604608	512	7.596922
91549810176	91548433408	1376768	512	2.727101
5180407808	5178678784	1729024	512	8.357602
16851199488	16849265664	1933824	512	6.289898
108472214528	108470391808	1822720	512	5.100105
154743353344	154741832704	1520640	512	6.580287
227520078336	227518761472	1316864	512	4.417802
131796717056	131795183616	1533440	512	7.244631
101605624320	101603753984	1870336	512	5.205224
130831092736	130829426688	1666048	512	5.859018
115374836736	115372840448	1996288	512	1.962909
170237435392	170236349440	1085952	512	3.537558
57922877952	57920835584	2042368	512	3.374298
41824776704	41823062016	1714688	512	7.762051
65938743296	65936910336	1832960	512	6.244567
25023887360	25022084608	1802752	512	7.368339
61795283456	61794222080	1061376	512	5.988365
155939938816	155937846272	2092544	512	8.931058
158429216256	158427830784	1385472	512	7.965947
149340814848	149339325440	1489408	512	7.316324
41579492352	41578173952	1318400	512	2.828614
181020842496	181019582976	1259520	512	8.140572
79046878720	79045800448	1078272	512	5.624357
104948689408	104947462656	1226752	512	3.765700
150991118336	150989450752	1667584	512	5.081986
78088109056	78086631936	1477120	512	8.997811
188636788224	188634926080	1862144	512	7.716995
18700116480	18698019840	2096640	512	4.996778
229831472640	229829593600	1879040	512	3.871864
150987261952	150985532928	1729024	512	4.498586
206414802944	206413129728	1673216	512	1.929174
107036099072	107034327552	1771520	512	5.584643
102606279680	102605080064	1199616	512	4.072565
212189773312	212187724800	2048512	512	3.486348
117037741056	117036279808	1461248	512	9.509906
129123052544	129121456640	1595904	512	6.875013
96682270208	96680773632	1496576	512	1.877550
18842696704	18841277952	1418752	512	3.623276
36152279552	36150888960	1390592	512	3.612492
97817141248	97815670272	1470976	512	8.796669
108432928768	108431043584	1885184	512	4.513591
221300229632	221298521088	1708544	512	8.532574
153142441984	153141211136	1230848	512	2.648724
97027808256	97026378240	1430016	512	9.150782
212855515648	212854297088	1218560	512	6.918647
54733452800	54732337664	1115136	512	5.695088
166209075200	166207928320	1146880	512	1.844845
165829018624	165827776000	1242624	512	9.097523
7587852288	7586094592	1757696	512	8.117478
81320587776	81318950400	1637376	512	8.942653
168431723008	168430552064	1170944	512	1.949413
148493349888	148492145152	1204736	512	1.826703
71820377600	71819201024	1176576	512	5.036576
51201587200	51200506880	1080320	512	4.301948
117246317568	117244326400	1991168	512	3.134872
81395904000	81394686464	1217536	512	4.349111
128064255488	128062650880	1604608	512	6.851508
93245908480	93244204544	1703936	512	6.708037
75063382528	75061314560	2067968	512	3.760664
92675969024	92674785792	1183232	512	4.465343
36220778496	36219538944	1239552	512	4.837635
115576528384	115575476736	1051648	512	5.381498
95236298752	95235127296	1171456	512	4.591185
63291071488	63289806336	1265152	512	4.242577
116880097792	116878279680	1818112	512	3.342745
148711513600	148709867008	1646592	512	5.721866
155367565312	155366395904	1169408	512	1.925722
120419242496	120417878016	1364480	512	2.181321
103070283264	103068875776	1407488	512	7.327533
88322525696	88321233408	1292288	512	2.108108
33967235072	33965926912	1308160	512	2.899499
222104711680	222103196160	1515520	512	2.022248
55409300480	55407294464	2006016	512	5.014531
5047483904	5045626368	1857536	512	7.383725
143071331328	143069972480	1358848	512	8.586168
114563095552	114561477120	1618432	512	8.374499
19357088768	19355408384	1680384	512	8.376640
123974671360	123973131776	1539584	512	7.406511
70349230080	70347745280	1484800	512	2.349803
19218705920	19216998912	1707008	512	9.507688
61487426560	61486176256	1250304	512	4.363153
146458558976	146457270272	1288704	512	9.330965
5585994752	5584275968	1718784	512	9.772381
190410304000	190408228864	2075136	512	6.668201
33746487296	33744429056	2058240	512	4.948599
72998532096	72996476416	2055680	512	4.341299
189813310464	189811216896	2093568	512	5.088920
224732688384	224731504128	1184256	512	6.249179
101689633792	101687855104	1778688	512	6.012708
85277412864	85275637760	1775104	512	6.363198
180907461632	180906260992	1200640	512	1.858770
110323392000	110321836032	1555968	512	8.955599
38002915328	38001422336	1492992	512	2.709483
11136717312	11135187968	1529344	512	9.596753
96420610048	96419047936	1562112	512	7.927437
144556832768	144555050496	1782272	512	2.981518
67907768320	67906535424	1232896	512	4.531592
11285282304	11284062208	1220096	512	5.195661
177857894912	177855993856	1901056	512	7.904702
36482546176	36481437696	1108480	512	5.908241
2621239296	2620076032	1163264	512	5.939989
192471225856	192470084608	1141248	512	2.123099
128913006592	128911804928	1201664	512	3.695513
71878927360	71877392384	1534976	512	1.925418
96146618880	96144647168	1971712	512	4.276868
218056291840	218054309888	1981952	512	3.698902
133390626304	133389033472	1592832	512	6.575035
122008001024	122006087680	1913344	512	3.980067
56351231488	56349375488	1856000	512	6.339816
18663735296	18661795840	1939456	512	6.404251
181252867584	181250807808	2059776	512	6.184885
9893009408	9891780608	1228800	512	5.417380
69986732544	69984835072	1897472	512	5.684677
194025657344	194023693312	1964032	512	6.570103
73602983936	73601659904	1324032	512	3.752048
134380593152	134378851840	1741312	512	5.148902
188693778432	188692042240	1736192	512	2.312917
196878389248	196876431360	1957888	512	6.034188
143397385216	143395476480	1908736	512	2.090967
51335451136	51334325248	1125888	512	5.591737
129476501504	129474703872	1797632	512	4.976666
163093788160	163091835392	1952768	512	9.957937
178223581184	178222224384	1356800	512	7.098792
161622871040	161621097984	1773056	512	2.218738
4099209728	4097488384	1721344	512	1.883180
243335775744	243333924352	1851392	512	9.824512
105435866624	105433806848	2059776	512	2.904811
54592188928	54590962688	1226240	512	4.738336
47327256064	47325322240	1933824	512	5.953091
117795110912	117793162240	1948672	512	2.157051
117854629376	117853069312	1560064	512	7.254915
158561607680	158559731200	1876480	512	9.865401
198515304960	198513231360	2073600	512	4.703413
44131860992	44129846784	2014208	512	3.931087
199100964864	199099894784	1070080	512	2.647243
150341253120	150339854336	1398784	512	7.807630
249187459072	249185415680	2043392	512	4.136669
51188182528	51187018240	1164288	512	5.244889
171687074304	171685271552	1802752	512	9.593797
50816948224	50815813120	1135104	512	5.482588
29477510656	29476290560	1220096	512	5.023721
146534401024	146533134848	1266176	512	9.486605
180739694080	180738263040	1431040	512	4.520607
154756104704	154754330112	1774592	512	3.991618
245737416704	245736075776	1340928	512	9.452042
8670553088	8668986880	1566208	512	2.735963
100296993792	100295826432	1167360	512	4.634695
72196134400	72194620416	1513984	512	9.065442
105450641920	105448990720	1651200	512	6.655218
64132140032	64130566656	1573376	512	8.484651
229205394432	229203432448	1961984	512	9.610331
27949569024	27948395008	1174016	512	5.412019
90982225408	90980302848	1922560	512	4.688593
208627129856	208625286144	1843712	512	6.130178
224238707712	224237087744	1619968	512	7.313765
80229563392	80227466752	2096640	512	3.484146
27090713600	27089574400	1139200	512	5.662420
52823980544	52822749184	1231360	512	3.299458
150449352192	150447999488	1352704	512	8.228336
204827790336	204825965056	1825280	512	8.361385
165929601536	165928171520	1430016	512	7.134136
210776940544	210775467520	1473024	512	3.776027
242550710784	242549516800	1193984	512	4.387233
167600064000	167598361088	1702912	512	4.300708
59848679936	59846899712	1780224	512	6.839795
173171854848	173169909760	1945088	512	8.210441
108613541376	108611447296	2094080	512	9.450692
131312052736	131310683648	1369088	512	1.886946
52091462656	52090289152	1173504	512	5.192310
114032870912	114031631360	1239552	512	2.285171
76608734720	76606878208	1856512	512	3.959013
98728171008	98726790144	1380864	512	2.709516
172167917568	172166439936	1477632	512	6.238112
235830372352	235828755456	1616896	512	6.430495
102621984256	102620027392	1956864	512	2.486607
245021888000	245020640768	1247232	512	3.585408
178211292672	178209222656	2070016	512	7.450078
208959550464	208958406656	1143808	512	9.226937
83664932864	83663160832	1772032	512	4.737939
157342584320	157341452800	1131520	512	2.231028
225508664320	225507253248	1411072	512	8.695306
162427824128	162426266624	1557504	512	5.814984
180353569280	180351840768	1728512	512	2.972461
15917061632	15915995136	1066496	512	6.488414
138693282816	138691390464	1892352	512	3.719752
149014972416	149013000192	1972224	512	2.491629
175402057728	175400330752	1726976	512	3.542206
114568620544	114567535616	1084928	512	3.703419
166168067584	166166749184	1318400	512	8.287502
126890438144	126888802816	1635328	512	6.442100
243816273408	243814472192	1801216	512	2.272541
105904629248	105903409152	1220096	512	2.385796
16442128384	16440046592	2081792	512	5.090865
167055540224	167054436352	1103872	512	3.643301
233637458944	233635606528	1852416	512	3.265011
88704723968	88703481856	1242112	512	3.936106
98694069248	98692607488	1461760	512	1.983850
165188688384	165186968064	1720320	512	4.118125
178365808128	178363763712	2044416	512	6.386767
247895645184	247894330368	1314816	512	8.524001
179615500800	179614435840	1064960	512	3.373159
229754134528	229752713216	1421312	512	3.065255
57109991424	57108891648	1099776	512	4.361367
30563881984	30562411008	1470976	512	2.868894
178086601216	178084760064	1841152	512	8.552909
227206614528	227204540416	2074112	512	8.175638
181433478144	181432199168	1278976	512	7.884050
80981907456	80980163584	1743872	512	6.613279
73293554176	73292089856	1464320	512	2.524517
113891820544	113890075136	1745408	512	5.831066
140846805504	140845239296	1566208	512	8.236919
207063344128	207061440512	1903616	512	6.000452
39929851392	39928573952	1277440	512	4.497306
19639264768	19637878784	1385984	512	3.884504
198071075328	198069343232	1732096	512	8.686578
60518619648	60517554176	1065472	512	6.038341
125190963200	125188995072	1968128	512	3.383993
132325289984	132324131328	1158656	512	3.886200
182491830784	182489758720	2072064	512	4.408015
176658831360	176657472000	1359360	512	7.538078
108728466944	108726731264	1735680	512	5.914856
237965452288	237963437568	2014720	512	6.033651
155543723008	155542415872	1307136	512	8.747098
117627379712	117625609728	1769984	512	5.210138
138745456128	138743927296	1528832	512	8.567918
112293920768	112292162048	1758720	512	5.655559
156375484416	156373915648	1568768	512	6.147574
154700542464	154698475008	2067456	512	7.984258
220610721280	220609339904	1381376	512	4.488085
162700920832	162699318784	1602048	512	5.396476
214770327040	214768487424	1839616	512	7.491703
34583473664	34582106624	1367040	512	3.772378
180682731520	180681537024	1194496	512	8.859280
2632955904	2631508480	1447424	512	2.338214
48955907072	48954671616	1235456	512	4.659005
45753431040	45751632384	1798656	512	8.419552
100871287808	100870155776	1132032	512	3.584401
222075032064	222073704960	1327104	512	2.987302
214170616832	214168861184	1755648	512	7.201706
70542819840	70541521408	1298432	512	3.958166
13273284608	13271271424	2013184	512	4.049229
37589816320	37588411392	1404928	512	3.479098
34538698240	34537625088	1073152	512	6.259480
123081923072	123080320512	1602560	512	6.839961
233042613760	233040577536	2036224	512	8.920485
146750857728	146749667840	1189888	512	1.971389
172100309504	172098728960	1580544	512	5.110306
211521412096	211520241152	1170944	512	7.522970
93781571072	93779551232	2019840	512	3.818833
164603967488	164602728960	1238528	512	2.248869
73171351040	73170269696	1081344	512	5.817728
7651837440	7650228224	1609216	512	2.395512
18957934592	18955937792	1996800	512	14.030537
768579584	767258112	1321472	512	52.805223
100757357568	100755782144	1575424	512	9.225084
164693613568	164692366848	1246720	512	9.082571
224238711296	224237628416	1082880	512	7.588782
50957090816	50955750400	1340416	512	3.758225
180321876992	180320616960	1260032	512	8.047528
10749434368	10747614720	1819648	512	7.315252
98635730944	98634586112	1144832	512	3.442590
157040882688	157039423488	1459200	512	8.574534
144337918976	144336047104	1871872	512	3.437411
243091587072	243090192384	1394688	512	9.746278
27833308672	27832009728	1298944	512	4.230355
93165670400	93164090368	1580032	512	7.773033
217986443264	217984965120	1478144	512	1.844048
179796234752	179794264064	1970688	512	7.133963
27409499136	27408183808	1315328	512	4.218766
108922189312	108920454144	1735168	512	5.843653
81633762304	81632602624	1159680	512	4.917371
231338429440	231336683520	1745920	512	6.053840
207797435904	207795815424	1620480	512	2.520004
84266673664	84264716288	1957376	512	3.389892
242770516480	242768649728	1866752	512	9.544133
155808706560	155807298560	1408000	512	7.668088
146273009664	146271156224	1853440	512	2.316144
116557069824	116555969536	1100288	512	4.699202
140302057472	140300522496	1534976	512	8.524598
97990106624	97988985856	1120768	512	5.046868
198674525184	198672478208	2046976	512	5.000282
238890352640	238888928256	1424384	512	7.864531
123435291136	123433913856	1377280	512	8.963088
634467840	632502272	1965568	512	6.497251
144140091904	144138775552	1316352	512	2.098777
80524782592	80523130880	1651712	512	7.406781
179245427712	179244263936	1163776	512	9.161686
75510552064	75508804608	1747456	512	7.975344
141263929344	141262268928	1660416	512	5.552704
106991026688	106988949504	2077184	512	2.730071
137625186304	137623341568	1844736	512	4.147839
29937737728	29936190464	1547264	512	7.690972
90997032960	90994969088	2063872	512	3.440901
47257526272	47256103424	1422848	512	3.347691
229144542208	229142793216	1748992	512	5.568190
235229312000	235227914240	1397760	512	9.613701
172015294976	172013915648	1379328	512	7.286450
106059040768	106057221632	1819136	512	5.144346
143413679104	143411982848	1696256	512	5.245299
167796895744	167795695104	1200640	512	2.627082
151031707136	151029970432	1736704	512	3.036343
105693403648	105692333568	1070080	512	5.190980
100118328320	100116741120	1587200	512	7.472711
13308483072	13307231744	1251328	512	3.622551
62144854528	62143782912	1071616	512	4.578040
205472888320	205471320576	1567744	512	3.212223
59013782528	59012326912	1455616	512	2.791410
112621856256	112620798464	1057792	512	5.309292
118177982976	118176337408	1645568	512	6.448783
205417527808	205415493120	2034688	512	4.498196
33245310976	33243845632	1465344	512	2.984075
153348841472	153347664384	1177088	512	3.035069
101535015424	101533883904	1131520	512	4.927488
120703256576	120701801984	1454592	512	8.259374
17074596864	17073079808	1517056	512	2.847520
166676923392	166675805696	1117696	512	3.509746
235319362048	235317702656	1659392	512	5.894120
188672671744	188670583296	2088448	512	5.148158
220661813760	220660300288	1513472	512	2.784462
105616101376	105614795264	1306112	512	3.006487
10281692672	10280396288	1296384	512	3.257255
207673672192	207672062464	1609728	512	2.728519
88353153536	88351535616	1617920	512	7.447616
116737156608	116735906304	1250304	512	3.271877
214164644352	214162866176	1778176	512	6.866672
62444915712	62443684864	1230848	512	3.151240
191571647488	191569915392	1732096	512	2.316833
167147415040	167146038784	1376256	512	7.676161
60682428416	60680993792	1434624	512	1.958976
45377396736	45375494144	1902592	512	6.317529
66081455616	66079566336	1889280	512	5.763986
72629743104	72628288512	1454592	512	2.615631
168537909248	168535906816	2002432	512	7.468087
100007804416	100006244352	1560064	512	8.043950
20093430272	20091439616	1990656	512	5.865169
164390035968	164388255232	1780736	512	2.127419
41176774656	41174965248	1809408	512	8.378740
55193470464	55192316928	1153536	512	5.344824
200484192256	200482909696	1282560	512	8.397319
248336530944	248334668288	1862656	512	5.507595
95906607616	95905193984	1413632	512	2.397257
169258718720	169256822784	1895936	512	1.775913
54161129472	54159758848	1370624	512	3.496825
77938672128	77937594368	1077760	512	5.613050
157962843648	157961734144	1109504	512	3.853385
128839062016	128837470720	1591296	512	8.324878
57295964160	57294331392	1632768	512	9.529394
20129886720	20128461824	1424896	512	3.533135
92835324928	92833346560	1978368	512	4.227700
156788028416	156786707456	1320960	512	8.576100
21836634624	21834664448	1970176	512	6.011097
61505972736	61504215040	1757696	512	8.232629
35488324608	35486499840	1824768	512	6.856625
91984806400	91983557632	1248768	512	3.882974
215610996224	215609760256	1235968	512	4.643971
98691271680	98689294336	1977344	512	4.200397
216103255040	216101655552	1599488	512	9.931730
150791100928	150789955584	1145344	512	3.503826
137864428544	137862737408	1691136	512	5.630250
30344493056	30343162880	1330176	512	2.712770
226728920576	226727454720	1465856	512	2.524864
161225366016	161223273472	2092544	512	7.147739
83433343488	83431285248	2058240	512	3.844139
234662358528	234660543488	1815040	512	3.696432
104194766848	104193441280	1325568	512	2.822030
129705509888	129703615488	1894400	512	4.049558
228124484096	228123163648	1320448	512	4.421380
107362880512	107361643520	1236992	512	2.346070
13986706944	13985495040	1211904	512	5.233801
61169038848	61167275520	1763328	512	7.063814
104340276224	104338405376	1870848	512	4.648215
54684038144	54682443776	1594368	512	8.446825
218492705792	218491418112	1287680	512	5.655691
205543207936	205541475328	1732608	512	8.149610
46695730688	46694347776	1382912	512	3.641583
181698389504	181697304576	1084928	512	1.770240
81015753728	81014560256	1193472	512	4.625580
220834028032	220832193536	1834496	512	6.966913
70448153600	70446299136	1854464	512	6.142554
225309302784	225307726336	1576448	512	9.255408
132775446016	132774222336	1223680	512	3.296117
188944042496	188942333952	1708544	512	2.601097
105752838656	105751485440	1353216	512	2.552981
82585895936	82584628736	1267200	512	2.628385
168821041152	168819760640	1280512	512	8.406840
245145723392	245143811584	1911808	512	8.902975
192280496640	192278488064	2008576	512	6.052759
213256098304	213254336000	1762304	512	7.076545
178044367872	178042971648	1396224	512	6.628387
149413561856	149411478016	2083840	512	9.652400
44874873344	44873247744	1625600	512	8.425105
2661542400	2660151808	1390592	512	4.133690
175415011840	175413539840	1472000	512	6.320569
91517964800	91516886528	1078272	512	5.425512
196630869504	196629584896	1284608	512	6.974828
138404506624	138402486784	2019840	512	2.452493
64546441728	64544768512	1673216	512	7.590941
153516435456	153515148800	1286656	512	8.917538
110865398272	110863461376	1936896	512	4.045888
190058968576	190057382400	1586176	512	3.987596
72991085568	72989185536	1900032	512	5.676983
121071683072	121070252032	1431040	512	8.427627
38219958272	38218440704	1517568	512	9.415826
90315295232	90313862656	1432576	512	9.129445
49386776064	49384720896	2055168	512	4.591172
19186462720	19184786944	1675776	512	8.402671
218400087552	218398848512	1239040	512	6.238854
212571392000	212570324480	1067520	512	8.814670
130075566592	130074313216	1253376	512	3.252062
150221816320	150219894272	1922048	512	9.391739
249740804096	249738752000	2052096	512	4.025881
50185121280	50183155712	1965568	512	5.316934
1887274496	1885780992	1493504	512	3.268533
161375084032	161373929984	1154048	512	3.105373
52916922880	52915031040	1891840	512	5.952775
172285296640	172283627008	1669632	512	4.215949
5005202944	5003312128	1890816	512	5.639314
112496305152	112494803456	1501696	512	8.092239
101357206528	101355629056	1577472	512	9.074429
68414618112	68413095424	1522688	512	8.931535
144859295232	144857996288	1298944	512	2.260304
243099259392	243097441280	1818112	512	8.593434
233182804480	233181269504	1534976	512	7.600406
89744194560	89742768128	1426432	512	9.172873
244178915328	244177461248	1454080	512	7.423595
169148353024	169147265024	1088000	512	3.536261
23977754624	23976350208	1404416	512	2.357603
212399344128	212398061568	1282560	512	6.102427
169107332096	169105336320	1995776	512	8.905954
236616772608	236615069696	1702912	512	5.274265
165001777152	165000559616	1217536	512	2.484313
34057797632	34056673280	1124352	512	4.406517
138776170496	138774786048	1384448	512	1.939262
234514495488	234512503808	1991680	512	7.887081
51915065856	51913795072	1270784	512	2.869189
81991286784	81990171648	1115136	512	3.929070
114203774976	114201894912	1880064	512	4.559254
171159882752	171158419456	1463296	512	6.391128
76078796288	76077594112	1202176	512	4.514185
103377914368	103376757760	1156608	512	4.404723
234766972416	234765553152	1419264	512	9.190538
64492358144	64490373120	1985024	512	3.494470
126036761088	126035453952	1307136	512	9.569382
229780495872	229779345408	1150464	512	6.677509
154689202176	154687332864	1869312	512	3.053963
220588732928	220587240448	1492480	512	3.027352
9550352384	9549126656	1225728	512	5.427110
117340051968	117338921984	1129984	512	3.052017
119739098112	119737669632	1428480	512	8.488742
178636653568	178635586560	1067008	512	1.954848
165639524352	165638140928	1383424	512	7.611660
173298941952	173297683456	1258496	512	8.569550
17090676736	17088581632	2095104	512	5.184787
96408993280	96407333888	1659392	512	7.122788
47054617088	47053196800	1420288	512	3.340446
229703159808	229701722112	1437696	512	9.712299
24484730368	24483056640	1673728	512	8.418272
52681335296	52680131072	1204224	512	4.910624
138464439296	138462940160	1499136	512	7.532578
136989050880	136987481600	1569280	512	6.821309
160240578048	160239332352	1245696	512	9.453890
231783313408	231781218816	2094592	512	8.115300
22225627136	22223842304	1784832	512	7.513025
74425592320	74423905792	1686528	512	7.153171
209669615104	209667591680	2023424	512	3.867964
186064300032	186062689280	1610752	512	4.244600
197667843584	197665927168	1916416	512	7.915115
216860800512	216858847744	1952768	512	4.024482
81454397440	81452716544	1680896	512	8.551447
217211406336	217210049024	1357312	512	4.734861
238724103680	238722963456	1140224	512	5.157343
116635225088	116634135040	1090048	512	4.828825
2450590720	2449160704	1430016	512	3.815522
3531182592	3530076672	1105920	512	6.411034
216603203072	216601878528	1324544	512	5.189136
102990318592	102988959232	1359360	512	2.485382
222652688896	222651516416	1172480	512	6.360608
73444001280	73442063872	1937408	512	5.323437
61374543872	61372959744	1584128	512	1.871102
93641397248	93639782912	1614336	512	7.491088
89801150464	89799160832	1989632	512	4.093602
146830074880	146828287488	1787392	512	4.326658
245620605952	245618523136	2082816	512	3.563423
167461766656	167459748352	2018304	512	9.406522
27355521536	27353703936	1817600	512	6.896933
53313219072	53311743488	1475584	512	2.612028
47449962496	47448550912	1411584	512	3.097312
170304348672	170302924288	1424384	512	6.780962
41354476544	41352870400	1606144	512	1.776758
116191861760	116190434816	1426944	512	8.503640
218895603712	218893771776	1831936	512	5.616849
162518631936	162516800512	1831424	512	2.959158
109142433280	109140783104	1650176	512	6.712547
233529308160	233527895040	1413120	512	2.414689
140144943104	140143795200	1147904	512	4.027337
121916429824	121915254272	1175552	512	2.615225
74781821952	74780363264	1458688	512	9.151063
192598300672	192597095936	1204736	512	9.655838
54247297536	54245677056	1620480	512	8.231671
47730626048	47729039872	1586176	512	8.577592
128655835648	128654379008	1456640	512	8.180109
157121184768	157119958016	1226752	512	2.639568
146442324992	146441270784	1054208	512	3.357363
220987059712	220985929728	1129984	512	9.040945
209407771136	209406224384	1546752	512	2.875721
48283073536	48281822720	1250816	512	4.509125
4220719616	4219140096	1579520	512	9.549554
85730081280	85728406528	1674752	512	7.240670
218745080832	218743581184	1499648	512	2.937642
63583624192	63582315008	1309184	512	3.863143
57551052800	57549921792	1131008	512	5.550110
169210793472	169209636864	1156608	512	2.775124
102098836992	102097358848	1478144	512	8.271914
171389592576	171388157952	1434624	512	8.080726
249385408512	249383831040	1577472	512	4.493426
36251708416	36250003456	1704960	512	7.857368
30750063104	30748416000	1647104	512	8.342873
240082032640	240080634368	1398272	512	9.631191
63897163776	63895916032	1247744	512	4.397163
213248955392	213247568896	1386496	512	4.828019
115841679360	115839902720	1776640	512	5.529401
203589284864	203587790848	1494016	512	4.152836
11442365440	11440487936	1877504	512	6.834884
78049027584	78046958592	2068992	512	3.760406
6875435008	6873535488	1899520	512	8.353901
133084224000	133082468352	1755648	512	5.075670
233272891392	233271225856	1665536	512	5.805694
234355441664	234353753088	1688576	512	5.506570
215669663744	215667615232	2048512	512	2.860332
114554144768	114552190976	1953792	512	3.886390
65042215936	65040916480	1299456	512	3.945043
165639586816	165638260736	1326080	512	8.156295
230732934144	230731725824	1208320	512	5.238765
102501523968	102500452352	1071616	512	5.158704
12289973248	12287981568	1991680	512	4.428703
155123921408	155122776064	1145344	512	3.492845
17557706752	17556198400	1508352	512	9.819042
32394880000	32393508864	1371136	512	3.736712
96790490112	96788680704	1809408	512	5.726136
128894306304	128892340736	1965568	512	3.388118
168082369536	168080567808	1801728	512	3.279928
220915593216	220914019328	1573888	512	1.931295
88303715840	88302144512	1571328	512	7.848290
220223367168	220221775360	1591808	512	1.772278
120494763008	120493689856	1073152	512	4.948167
775463936	773489152	1974784	512	6.389039
162710931968	162709490688	1441280	512	7.044585
232268010496	232266512384	1498112	512	8.136053
179370898432	179369577984	1320448	512	7.422707
197224653824	197223357440	1296384	512	8.315089
112979736576	112978546688	1189888	512	4.086590
33257293312	33255969280	1324032	512	4.118546
174161004032	174159213056	1790976	512	2.903854
168092634112	168090966528	1667584	512	4.677521
142982622720	142981510144	1112576	512	2.483613
110061028352	110059794944	1233408	512	3.704750
26418823680	26417748480	1075200	512	6.401887
34419056128	34417900032	1156096	512	5.535965
2161200640	2159172608	2028032	512	5.922257
13190203904	13189075456	1128448	512	5.971308
104068056576	104066359808	1696768	512	4.650846
243661371392	243659872768	1498624	512	6.783361
185601619968	185599617024	2002944	512	8.161075
228917680640	228916508160	1172480	512	4.999426
17834677248	17833611264	1065984	512	6.458656
235373190656	235371119104	2071552	512	7.054120
7587326976	7585470464	1856512	512	8.689720
119290819584	119289683456	1136128	512	4.385430
44484463616	44483018752	1444864	512	3.152451
9711012864	9709545984	1466880	512	2.145373
228047390720	228045375488	2015232	512	2.037362
201886766592	201885713920	1052672	512	9.384695
185049124352	185047962112	1162240	512	2.287065
130986181632	130984105472	2076160	512	1.857584
149246553600	149244567040	1986560	512	9.228081
104384300032	104383215104	1084928	512	5.069312
237786306560	237784614912	1691648	512	3.788941
182622291456	182620718592	1572864	512	4.642470
141942324736	141940258304	2066432	512	9.824279
223597885952	223596619264	1266688	512	5.113714
83791687168	83790455296	1231872	512	4.249026
88059457536	88058287616	1169920	512	4.837698
181224855552	181223747584	1107968	512	2.873122
28384901120	28383533056	1368064	512	2.421099
207067507712	207065595392	1912320	512	5.955103
97391010816	97389194240	1816576	512	5.672857
199911315968	199910075904	1240064	512	7.555290
112054845952	112053292544	1553408	512	8.864883
51405836800	51404299264	1537536	512	8.996209
135198401024	135197082624	1318400	512	2.349772
129199162880	129197714944	1447936	512	9.696182
58193589248	58191996928	1592320	512	8.522364
55966852096	55965794304	1057792	512	4.562158
98550147584	98548997632	1149952	512	4.827814
242980527104	242978894336	1632768	512	4.792818
176775663616	176773751808	1911808	512	1.905399
181014920704	181012972544	1948160	512	8.847349
104727837184	104725969920	1867264	512	4.667623
63924288000	63922329088	1958912	512	5.182885
83580335616	83579233280	1102336	512	5.398883
78158111232	78156491776	1619456	512	7.742332
102071342080	102069672960	1669120	512	6.523112
202713211904	202712064512	1147392	512	8.245037
248044332544	248042907136	1425408	512	6.832095
226344751104	226343335936	1415168	512	3.151566
8296790016	8295415808	1374208	512	4.256884
232444196352	232442867200	1329152	512	3.591325
37553413632	37551811584	1602048	512	1.818760
195698402816	195697165312	1237504	512	7.676486
6337840640	6336694272	1146368	512	4.670314
3306713600	3304963584	1750016	512	8.106173
249563078656	249561019392	2059264	512	3.901749
41719219712	41717184000	2035712	512	5.029143
103210073088	103208005632	2067456	512	2.832330
24388654592	24387522560	1132032	512	6.004459
156458617856	156457230336	1387520	512	7.887461
227169120256	227167242752	1877504	512	3.852925
95804242944	95802301952	1940992	512	4.550045
91558536704	91557062144	1474560	512	8.736145
228418510848	228416793600	1717248	512	7.392464
40338187264	40336474624	1712640	512	7.805091
59414685184	59412966912	1718272	512	7.469551
152426987008	152425094656	1892352	512	2.821767
224451248128	224450134016	1114112	512	8.604045
26009920000	26008214528	1705472	512	8.166656
216177654272	216175828992	1825280	512	5.683778
94850170880	94848801280	1369600	512	2.833054
146300422144	146298844160	1577984	512	7.785924
246922717184	246921091072	1626112	512	10.557668
137876903424	137875133952	1769472	512	3.495337
143606860288	143605086208	1774080	512	4.439114
160274167808	160272992768	1175040	512	3.224476
232777979904	232776342016	1637888	512	7.548756
6857743360	6856027648	1715712	512	8.469978
31363825664	31362521600	1304064	512	4.310390
241917203456	241915560960	1642496	512	4.620062
192407359488	192405584384	1775104	512	1.830282
130206788608	130204961280	1827328	512	4.694865
241493007872	241491049984	1957888	512	8.236065
131829037056	131827859968	1177088	512	3.742086
43284493312	43282686464	1806848	512	7.044607
53033682432	53031938560	1743872	512	7.206376
53239022592	53237613568	1409024	512	3.142846
11649312256	11647533568	1778688	512	9.001847
38064660480	38062762496	1897984	512	6.241393
111523735552	111521843712	1891840	512	4.449518
242666640896	242664591360	2049536	512	6.867794
13006396928	13005014528	1382400	512	3.973469
130152707584	130150626816	2080768	512	7.521340
29920826880	29918785536	2041344	512	5.065340
28911456256	28909772288	1683968	512	9.436694
98817457664	98815470080	1987584	512	4.169502
204389602816	204388525568	1077248	512	9.099335
162170423808	162169247232	1176576	512	9.765442
8369984512	8368721408	1263104	512	5.158706
119290513920	119288854016	1659904	512	6.329121
158858649088	158857369600	1279488	512	2.135418
131773819392	131772391936	1427456	512	8.159245
51483902464	51481903616	1998848	512	5.107029
221077020160	221075669504	1350656	512	4.840101
191921827840	191920286720	1541120	512	4.526942
137746584576	137744937472	1647104	512	6.015358
177922849280	177921021952	1827328	512	1.859055
65810930688	65809838592	1092096	512	4.362434
177758841856	177757078528	1763328	512	9.426261
11180295680	11178426880	1868800	512	6.830245
246044326400	246042759680	1566720	512	4.647598
32085918208	32083952128	1966080	512	5.742946
105496842752	105494863872	1978880	512	3.743970
56935588352	56934512128	1076224	512	6.039720
206131692544	206130441728	1250816	512	6.977917
90939945472	90938300416	1645056	512	7.215849
85581677056	85580373504	1303552	512	3.634887
65674266112	65672866816	1399296	512	3.094260
96576780288	96575606272	1174016	512	4.572407
219253132288	219251658752	1473536	512	3.283712
21967280640	21965676544	1604096	512	2.087944
130341778944	130339956224	1822720	512	4.735327
195702756864	195700732416	2024448	512	5.285464
204829364224	204828011520	1352704	512	5.782846
22803979264	22801982464	1996800	512	4.152590
53907295744	53906227712	1068032	512	6.075110
33153711104	33151841792	1869312	512	6.496709
141996252672	141995067904	1184768	512	2.057358
145806534656	145805200384	1334272	512	1.924933
225122725888	225121198592	1527296	512	9.888884
191338351616	191336562176	1789440	512	8.562204
212919546880	212918414336	1132544	512	7.946778
189255883776	189254005760	1878016	512	7.493019
108575857152	108573803520	2053632	512	3.024706
93916980736	93915294208	1686528	512	8.222658
165017867264	165016768512	1098752	512	2.357304
160527694336	160526393344	1300992	512	8.496406
154952175616	154950675456	1500160	512	6.793866
231400057344	231398464000	1593344	512	6.817317
65075346944	65073313792	2033152	512	4.553198
106605511168	106603778048	1733120	512	6.033950
131463196160	131461198848	1997312	512	7.946855
18227779072	18226104832	1674240	512	9.768801
194930061312	194928975872	1085440	512	2.780442
46008964096	46007723008	1241088	512	4.822438
161885165056	161883684864	1480192	512	6.631365
5522066432	5520236032	1830400	512	7.547186
176190074368	176188903424	1170944	512	9.521669
244293225984	244291271168	1954816	512	8.289817
213633541632	213631462912	2078720	512	3.244672
227130067968	227128235520	1832448	512	4.479755
191883236352	191881961472	1274880	512	5.919821
86299898880	86298350592	1548288	512	9.660398
133707366912	133705768960	1597952	512	7.925591
6841521152	6839676928	1844224	512	7.440092
12945572352	12944273920	1298432	512	4.635022
10139230720	10137210880	2019840	512	5.641396
20916815360	20915565568	1249792	512	4.977970
61441140736	61439110656	2030080	512	4.528876
203940772864	203939235840	1537024	512	2.269735
50480371712	50478542336	1829376	512	6.407776
195930502144	195928648704	1853440	512	6.987658
169787597824	169786486784	1111040	512	3.272052
98699632128	98698002944	1629184	512	7.326356
127240100352	127238697472	1402880	512	1.821600
57031666688	57030060032	1606656	512	8.382209
9658575360	9657226240	1349120	512	3.135127
157966895616	157965024768	1870848	512	2.983553
26407478272	26406311424	1166848	512	5.651555
203155598336	203154400768	1197568	512	7.632663
241182636032	241181038592	1597440	512	5.283852
29923426304	29921394176	2032128	512	5.201860
50133866496	50131926528	1939968	512	5.537711
17226790400	17224820224	1970176	512	6.021954
94042206720	94040318976	1887744	512	5.038970
205494697472	205493337600	1359872	512	5.715773
108484384256	108482726400	1657856	512	6.561184
172931942912	172930083328	1859584	512	2.162151
100970558464	100969484288	1074176	512	5.470080
29560776704	29559186944	1589760	512	8.825535
76966910976	76965508608	1402368	512	2.736148
99058067456	99056382464	1684992	512	6.865307
33316323328	33314775040	1548288	512	9.117701
119801895424	119799926272	1969152	512	3.358919
51570142208	51568936960	1205248	512	4.858744
190612991488	190611511808	1479680	512	5.217176
181015016448	181013245952	1770496	512	2.471523
166544340480	166543120896	1219584	512	2.477286
164363920896	164362820608	1100288	512	8.956049
4994539008	4993132032	1406976	512	2.630654
46368944640	46367827456	1117184	512	5.863223
233254033920	233252300288	1733632	512	6.199704
35004623360	35002585600	2037760	512	5.113131
225692219392	225690981888	1237504	512	5.557076
175004474368	175002886144	1588224	512	4.925003
161009723392	161008670720	1052672	512	4.173820
176485324288	176483240960	2083328	512	6.667219
140083190784	140081924608	1266176	512	9.758076
226123344896	226121308672	2036224	512	8.672123
202817822720	202816121856	1700864	512	8.489635
166389820928	166387894784	1926144	512	1.988195
9787983872	9786851328	1132544	512	6.190226
41184159744	41182714368	1445376	512	2.076105
203219534336	203217527808	2006528	512	4.820398
211422359040	211420498432	1860608	512	5.889317
187348082176	187346950144	1132032	512	2.240642
27590126592	27588049408	2077184	512	3.411989
151141101056	151139491328	1609728	512	5.664110
155774195200	155772275712	1919488	512	2.548434
79286976000	79285679104	1296896	512	3.625371
46184192512	46182587904	1604608	512	8.678060
28478767616	28477701120	1066496	512	6.277013
23976888832	23974884352	2004480	512	5.770827
119432914944	119431648256	1266688	512	3.142082
34347946496	34346837504	1108992	512	5.934652
155779530752	155777940480	1590272	512	5.900469
9262310912	9260293120	2017792	512	6.058124
95306349056	95305012224	1336832	512	1.706826
101284901888	101283099136	1802752	512	5.768435
113731700736	113730453504	1247232	512	3.548397
39689636864	39688562688	1074176	512	6.199973
111068853760	111067314176	1539584	512	7.777276
216383004160	216381644288	1359872	512	4.711123
234714724352	234712818688	1905664	512	2.444907
31931497472	31930062848	1434624	512	3.239377
225669127168	225667481600	1645568	512	7.019194
52841435648	52839395328	2040320	512	10.147440
28157563904	28155932672	1631232	512	1.896244
155919250432	155917690880	1559552	512	6.190696
35341446144	35339496448	1949696	512	5.835953
2965180416	2963399680	1780736	512	8.003312
223565944832	223564700672	1244160	512	5.424183
124227679744	124225936896	1742848	512	5.500608
100457931776	100455840256	2091520	512	1.840214
69434308608	69432777216	1531392	512	8.804130
187310064640	187307977216	2087424	512	5.137527
116766556672	116764538368	2018304	512	9.745510
92901984256	92900797440	1186816	512	3.093445
16081078272	16079885312	1192960	512	5.458193
148636507136	148634672128	1835008	512	3.814579
230481147904	230479909376	1238528	512	4.882329
137786020352	137784393216	1627136	512	6.240215
240828670464	240826691584	1978880	512	6.503199
73735379968	73733681664	1698304	512	7.045602
150596294144	150594760192	1533952	512	6.449398
13786490880	13784618496	1872384	512	6.813257
200464033280	200462077952	1955328	512	6.072804
3595470336	3594152448	1317888	512	3.328278
193270865920	193268977664	1888256	512	8.804427
55584523776	55583223296	1300480	512	4.089855
107406767104	107405087232	1679872	512	6.479514
198844471808	198843221504	1250304	512	8.789574
245711852032	245710566912	1285120	512	2.059137
134243323904	134241676288	1647616	512	6.049834
213595236864	213593790464	1446400	512	2.729487
165288777216	165287641600	1135616	512	3.311572
133260389376	133258795520	1593856	512	6.588866
148857373184	148855344128	2029056	512	1.964594
49066371584	49064820736	1550848	512	8.871282
59167923712	59166787072	1136640	512	5.486668
205805113856	205803054592	2059264	512	4.190469
149629680640	149628120576	1560064	512	6.598030
216338912256	216337542144	1370112	512	4.572955
180110863872	180108790272	2073600	512	5.942338
176172376064	176170840576	1535488	512	5.631632
139531878912	139530032640	1846272	512	4.148011
24831297024	24829966848	1330176	512	4.277308
70640175104	70638162432	2012672	512	3.325459
188311762944	188309742080	2020864	512	5.845200
97284001792	97282653696	1348096	512	3.005543
178648409088	178647075840	1333248	512	7.259135
16566315520	16564279808	2035712	512	5.489123
173603813888	173602362880	1451008	512	7.910587
2153973760	2151909888	2063872	512	5.679754
156448213504	156446801920	1411584	512	7.594964
175901545984	175900420096	1125888	512	3.099739
122564412416	122563243008	1169408	512	4.015574
1505519616	1503983616	1536000	512	1.982227
133992921600	133991454720	1466880	512	9.144870
207214889984	207213737984	1152000	512	8.187508
194852624384	194851021824	1602560	512	2.436651
223240885248	223239776768	1108480	512	7.243557
26965209600	26963546624	1662976	512	8.148765
68602678272	68601449472	1228800	512	4.552687
223998785024	223997575168	1209856	512	5.955940
36777134080	36775403008	1731072	512	7.633485
114953090560	114951319552	1771008	512	5.532429
128565179904	128563790336	1389568	512	8.890738
33593105920	33591246848	1859072	512	6.554559
131218851328	131217511936	1339392	512	2.153779
238953153024	238951198720	1954304	512	8.277186
80829229056	80827563008	1666048	512	7.294762
125342978048	125341360640	1617408	512	6.617401
128837487616	128836341760	1145856	512	2.894713
127739516928	127738450944	1065984	512	5.070119
193524524032	193522694144	1829888	512	9.446656
2381810176	2380376064	1434112	512	3.767571
161783070208	161781362176	1708032	512	4.286540
54102504960	54101268992	1235968	512	4.645403
76622014976	76619970560	2044416	512	2.599976
77712485888	77710487552	1998336	512	4.362842
21372581888	21371097088	1484800	512	1.711489
78480129536	78478550016	1579520	512	8.053683
209342846976	209341552640	1294336	512	5.984674
198795008512	198793107968	1900544	512	8.091001
183847828480	183846532096	1296384	512	7.718086
93060182528	93058314752	1867776	512	5.172495
130774209024	130772631552	1577472	512	6.747364
206836052480	206834354176	1698304	512	8.534355
211986205184	211985029632	1175552	512	7.466725
53078518784	53077434368	1084416	512	5.941558
87890342912	87888463872	1879040	512	5.432815
247266308608	247264753664	1554944	512	4.845727
92118032384	92115960832	2071552	512	2.021482
216363708928	216362217984	1490944	512	3.027903
107939094016	107937911296	1182720	512	2.772759
126330788864	126329416704	1372160	512	9.075255
159543214080	159541293056	1921024	512	9.414789
140894912512	140892973056	1939456	512	10.114918
49130214400	49128595456	1618944	512	8.282676
96704548864	96703366144	1182720	512	4.495514
169472936448	169471131648	1804800	512	2.741394
214840203264	214838788096	1415168	512	3.089197
204781318656	204780195840	1122816	512	8.520960
37043252224	37042101760	1150464	512	5.606731
4275330560	4273705984	1624576	512	9.177810
105968835072	105967049728	1785344	512	5.427228
12539124224	12537562624	1561600	512	2.417894
163792835072	163791657472	1177600	512	2.822314
139657427456	139655751680	1675776	512	5.798562
38315271680	38314023936	1247744	512	3.426645
50860821504	50858769408	2052096	512	3.229796
8666898944	8665733632	1165312	512	4.549957
94430601216	94429004288	1596928	512	7.651531
52025121280	52023319552	1801728	512	6.746046
247227189248	247225743360	1445888	512	7.862619
220133448704	220132302336	1146368	512	8.756099
81042001920	81040317952	1683968	512	5.719406
248694536192	248693284864	1251328	512	9.534879
246248500224	246247412736	1087488	512	5.178144
236529721344	236528436736	1284608	512	2.827900
92108122624	92106415104	1707520	512	6.648304
236936740864	236934883328	1857536	512	3.156592
207515982336	207514318336	1664000	512	8.963663
161826114560	161824894464	1220096	512	9.358394
167004580864	167002619392	1961472	512	1.967920
150180114944	150178558976	1555968	512	6.221721
74883183104	74881939456	1243648	512	4.152757
226129822208	226128443904	1378304	512	3.657173
31459366912	31457280512	2086400	512	3.270099
194043907072	194042740736	1166336	512	8.757514
115327791616	115325836800	1954816	512	3.855352
177953513472	177951983616	1529856	512	5.145610
186365881856	186364815872	1065984	512	1.983899
47794606080	47792836608	1769472	512	7.022062
205069704192	205068101120	1603072	512	2.759690
169471289856	169469581824	1708032	512	3.792109
72112770560	72111478272	1292288	512	4.010388
42454662656	42453099520	1563136	512	9.035010
220593377280	220592108544	1268736	512	5.856458
241414593536	241412648960	1944576	512	6.948503
187850151424	187848663552	1487872	512	10.546431
219592955392	219591851008	1104384	512	7.965468
138452659712	138450625024	2034688	512	10.631101
46495774720	46494681088	1093632	512	6.046589
106234095616	106232280064	1815552	512	3.775142
94257690112	94255821824	1868288	512	5.196258
200573285888	200571450880	1835008	512	8.756298
210797575680	210796028416	1547264	512	2.742560
225535091712	225533044736	2046976	512	9.878715
147055501312	147053711872	1789440	512	4.298414
242604295680	242602674688	1620992	512	4.951066
124239457280	124237692928	1764352	512	5.291975
181989206528	181987778048	1428480	512	6.268792
75919750144	75918193152	1556992	512	9.705239
229969707008	229968282624	1424384	512	3.043450
35867117056	35865993728	1123328	512	5.785432
149459032064	149457205248	1826816	512	2.517326
78857465856	78856131072	1334784	512	10.245861
234338731008	234337451520	1279488	512	4.598049
64455099904	64453608448	1491456	512	9.196630
167499755520	167498576896	1178624	512	2.872932
9774331904	9773046272	1285632	512	4.962710
2868506624	2867420160	1086464	512	6.550252
32457150976	32455298048	1852928	512	6.621261
196717040128	196715557888	1482240	512	3.293068
246799902720	246798852608	1050112	512	5.784326
131409127424	131407986176	1141248	512	4.068529
706906112	705714176	1191936	512	5.770078
196550983168	196549130240	1852928	512	7.230121
53577048576	53575994880	1053696	512	6.343359
68390201344	68388201472	1999872	512	4.836195
127218009600	127216239616	1769984	512	5.242354
163650679296	163649272832	1406464	512	7.408517
75599709184	75598641664	1067520	512	5.710931
95109591040	95107598336	1992704	512	4.094004
152170311168	152169051136	1260032	512	9.213933
249657954816	249656076288	1878528	512	8.020985
30602048000	30600924672	1123328	512	5.812807
8592663552	8590595072	2068480	512	5.670817
182653812736	182652020736	1792000	512	9.110810
225717286912	225715950080	1336832	512	2.875114
64215746560	64214622720	1123840	512	5.462158
46486609920	46485528576	1081344	512	6.159890
40374565376	40373263360	1302016	512	2.935641
84008790528	84006748160	2042368	512	3.949437
148136994816	148135762432	1232384	512	2.945516
248923768320	248922608128	1160192	512	2.659319
26970742272	26968823296	1918976	512	6.048581
167911712256	167910044672	1667584	512	4.677505
112953913344	112952562688	1350656	512	7.849523
244810470912	244809180160	1290752	512	2.814131
105032158208	105030709760	1448448	512	1.698052
80831932928	80830638080	1294848	512	2.308143
186681065984	186679554048	1511936	512	5.329560
52138954752	52137581568	1373184	512	2.186714
183405683712	183404581376	1102336	512	8.216406
102617266176	102615392256	1873920	512	4.627208
48421150720	48419533312	1617408	512	8.294217
90452152832	90450449408	1703424	512	6.668080
213107663872	213105701376	1962496	512	2.987398
130254646784	130253175296	1471488	512	8.076367
75069416448	75067585536	1830912	512	5.804528
94374379008	94372589568	1789440	512	5.908663
74883428352	74881858048	1570304	512	8.142884
138658533376	138657232896	1300480	512	2.546145
39713338368	39711284224	2054144	512	4.994757
35632198656	35630141440	2057216	512	4.940061
220386386944	220385116672	1270272	512	5.869097
29898570240	29896522240	2048000	512	5.000069
90345597952	90344326144	1271808	512	9.140565
115334877696	115333648896	1228800	512	3.691234
93870227456	93868214784	2012672	512	3.913849
218995887616	218994105856	1781760	512	6.239783
14106267136	14104654336	1612800	512	8.917498
197222046208	197220480512	1565696	512	3.735825
166099765248	166097902080	1863168	512	2.624924
183801326080	183799742976	1583104	512	4.523347
48154655232	48152723968	1931264	512	5.633405
72075045888	72073125376	1920512	512	5.492229
196629288960	196627515904	1773056	512	9.573844
193506906624	193505422848	1483776	512	5.125946
54871887872	54870676480	1211392	512	4.827587
222598055936	222596778496	1277440	512	4.966429
62836896256	62835383808	1512448	512	2.117432
199911899648	199910513152	1386496	512	5.838832
223193198080	223191616000	1582080	512	7.745062
227010317824	227008682496	1635328	512	8.451491
218892678656	218891171328	1507328	512	9.781152
14616124416	14614931968	1192448	512	5.451952
166306911744	166304883200	2028544	512	6.205449
198431063040	198429084160	1978880	512	5.805264
198789898752	198788501504	1397248	512	5.644828
225064951296	225063885824	1065472	512	7.799782
75494483968	75492949504	1534464	512	9.811869
166678230016	166676676096	1553920	512	5.906116
83259938816	83258592256	1346560	512	1.870881
141055601664	141054431744	1169920	512	3.767082
106557162496	106555194368	1968128	512	3.753182
219603031552	219600934400	2097152	512	9.131162
125794424832	125793037312	1387520	512	2.044679
23191863808	23190719488	1144320	512	5.843275
169871951872	169870425600	1526272	512	5.755027
214861086720	214859542528	1544192	512	9.801989
247693083136	247691661312	1421824	512	6.881251
138024731136	138023577600	1153536	512	3.965948
159630915072	159628837376	2077696	512	7.819595
27246835200	27244809728	2025472	512	5.188036
31357793280	31356441600	1351680	512	3.910407
227198192640	227196962304	1230336	512	5.597976
205378440704	205376752128	1688576	512	1.764536
80365212672	80363605504	1607168	512	9.190820
170157527552	170156056576	1470976	512	6.320223
100967128576	100965853184	1275392	512	3.636436
28417134592	28415956480	1178112	512	5.337007
166616701440	166615461888	1239552	512	2.233489
115064469504	115062787072	1682432	512	7.758724
3308476928	3307154432	1322496	512	3.248242
118791109120	118789349888	1759232	512	5.339865
134018018304	134016145408	1872896	512	3.915303
32039757312	32038001152	1756160	512	7.418177
113753088000	113751421952	1666048	512	6.542628
14505397760	14503899648	1498112	512	1.858487
229773231616	229771788288	1443328	512	2.722150
170743013376	170741025792	1987584	512	7.827855
117120937984	117119123456	1814528	512	4.822593
79371422720	79370339840	1082880	512	5.584881
233128593920	233127300096	1293824	512	2.689586
114293498368	114292400128	1098240	512	4.922450
226590910464	226588847104	2063360	512	9.634200
130689749504	130687892480	1857024	512	4.058987
142510209024	142508227584	1981440	512	2.422316
235527187968	235525838848	1349120	512	3.274959
126216088064	126214823424	1264640	512	1.779992
110274274304	110272648704	1625600	512	6.943027
72127303680	72125468672	1835008	512	6.219221
17033528320	17031934976	1593344	512	9.162327
185781810688	185780261376	1549312	512	4.954396
2813746688	2812277248	1469440	512	2.137867
47403094016	47401550848	1543168	512	8.905996
41163784704	41161789952	1994752	512	5.389453
119433292800	119431391232	1901568	512	2.618570
199760765440	199759475200	1290240	512	6.978200
225510947328	225509547008	1400320	512	3.345761
98285758976	98284483072	1275904	512	2.279983
35161426432	35160252928	1173504	512	2.384756
151973735936	151972615168	1120768	512	3.769937
177918938624	177917630464	1308160	512	7.544488
121891773440	121890076160	1697280	512	5.972047
61904482816	61902986752	1496064	512	9.145113
191887681024	191885638656	2042368	512	5.680945
107586464256	107585295872	1168384	512	4.287361
42993211392	42992147968	1063424	512	6.297994
195773457408	195771473408	1984000	512	5.822385
232016061952	232014201856	1860096	512	3.107235
149753106432	149751043584	2062848	512	1.933839
189284761088	189283256832	1504256	512	4.903418
246194610176	246193250816	1359360	512	9.217558
109982568448	109980651520	1916928	512	4.210467
84157415424	84155357696	2057728	512	2.492577
202910960640	202908956160	2004480	512	4.796621
33409598464	33407714816	1883648	512	6.354301
199805862400	199804009472	1852928	512	7.273787
138515823104	138513850880	1972224	512	2.885257
214291489792	214289942016	1547776	512	2.862864
171206373888	171205012992	1360896	512	8.841586
77824646656	77822684672	1961984	512	4.697058
90567269888	90565299712	1970176	512	2.931126
123300152320	123298150400	2001920	512	3.025208
8250444288	8248523264	1921024	512	6.821064
210863351296	210861466624	1884672	512	5.564595
226195319296	226193234432	2084864	512	8.001486
5617668096	5616102912	1565184	512	9.661941
52532882432	52531382784	1499648	512	9.315135
46409782272	46407735808	2046464	512	3.718944
57100386304	57099217408	1168896	512	5.224880
122889667584	122888611840	1055744	512	5.116040
14305957376	14303861760	2095616	512	4.987947
18256817664	18254730752	2086912	512	5.085333
153394233344	153393012224	1221120	512	2.737779
229238489600	229236671488	1818112	512	4.658460
25615027200	25613382144	1645056	512	8.635627
18344587264	18343465472	1121792	512	6.030138
167990282240	167988925440	1356800	512	7.910932
63567931904	63566537216	1394688	512	1.829890
175982905344	175981545472	1359872	512	7.535949
59143150592	59141739008	1411584	512	3.136132
74220149760	74218671616	1478144	512	2.075203
11508224	9462784	2045440	512	5.852885
88081158144	88079098880	2059264	512	2.435485
193116803584	193115256320	1547264	512	4.414499
194057828352	194056079872	1748480	512	2.109316
122918376448	122916669440	1707008	512	5.828964
97285742592	97283932160	1810432	512	5.701321
107069403648	107067579904	1823744	512	5.039594
172967402496	172965332992	2069504	512	8.185817
183805761536	183804301312	1460224	512	5.885969
218807319552	218805756416	1563136	512	2.132047
141783718400	141781706240	2012160	512	2.065185
148408798208	148407503872	1294336	512	2.333942
185197798912	185196592128	1206784	512	1.840771
24688713728	24687494656	1219072	512	5.189059
45020687360	45019460096	1227264	512	4.910879
149723997184	149722443776	1553408	512	6.526484
49333935616	49332825088	1110528	512	5.670155
176159304704	176158231552	1073152	512	3.628374
78197950464	78196351488	1598976	512	9.253526
52864271872	52862310400	1961472	512	5.413367
143992921600	143991061504	1860096	512	2.259954
30886388736	30884444160	1944576	512	5.836348
38728691200	38726710784	1980416	512	5.574725
112500789760	112499549184	1240576	512	3.603268
117506705408	117504921600	1783808	512	5.131830
175446991872	175445222400	1769472	512	1.760155
140463856640	140462500352	1356288	512	2.021287
103341017088	103339365376	1651712	512	6.678317
72386935296	72385234432	1700864	512	7.357132
40772111872	40770352128	1759744	512	8.812708
192306549760	192304825344	1724416	512	2.395067
735208960	733160448	2048512	512	5.817514
199536613376	199534969344	1644032	512	9.434397
59022360576	59020674560	1686016	512	7.779647
3101439488	3100155904	1283584	512	5.008744
109249875456	109248329728	1545728	512	7.651459
72073281024	72071634432	1646592	512	7.833601
173336894976	173335313408	1581568	512	5.164777
84784882176	84783242752	1639424	512	7.610994
2243731456	2241720320	2011136	512	6.106408
100394937856	100393459200	1478656	512	8.700704
145238647808	145237038080	1609728	512	4.652794
233131742720	233130491904	1250816	512	4.658878
90756094464	90754583040	1511424	512	9.791626
40669956096	40668258816	1697280	512	7.837061
205630166016	205628493824	1672192	512	1.964660
113100952576	113099228160	1724416	512	6.015635
186606566912	186604520960	2045952	512	6.322365
164190702080	164189021696	1680384	512	4.541160
91021880320	91020209664	1670656	512	6.944547
149353864192	149352606720	1257472	512	2.724050
64352882176	64351201280	1680896	512	7.557291
18786064384	18784342528	1721856	512	8.016846
22228897792	22227128832	1768960	512	7.636854
58441444352	58439595008	1849344	512	6.320380
56724513792	56723278336	1235456	512	4.650405
156434533376	156432677888	1855488	512	3.179132
122264353792	122262484480	1869312	512	4.287956
90517424128	90515858432	1565696	512	7.906587
88902354432	88900432384	1922048	512	4.719587
229553925120	229551942144	1982976	512	9.376376
161743876608	161741872640	2003968	512	9.437764
136912890880	136911664128	1226752	512	1.917572
107790323712	107788777984	1545728	512	9.047053
125885052416	125883964928	1087488	512	4.795938
153925816832	153924528640	1288192	512	2.045606
221844945408	221843032064	1913344	512	3.445717
28462220288	28461032960	1187328	512	3.905345
126907172864	126905741824	1431040	512	8.467612
71827380736	71825921536	1459200	512	9.467431
30791012352	30789320192	1692160	512	7.978018
22542025216	22539965952	2059264	512	5.275432
87261070336	87259466240	1604096	512	9.234017
16978955264	16977192448	1762816	512	7.677366
220048306688	220046923776	1382912	512	4.442288
59904837632	59903002624	1835008	512	6.472391
243363473920	243361572352	1901568	512	7.685841
14883825664	14881856000	1969664	512	7.355584
170093231104	170092082176	1148928	512	2.862792
