base_offset	offset	absdelta	probe_length	millis
231383248896	231383105536	143360	512	39.254229
204897747456	204897584128	163328	512	6.272091
180443382784	180443248640	134144	512	5.393406
20510840320	20510669312	171008	512	6.850568
214789640704	214789480448	160256	512	6.280219
229915228672	229915077632	151040	512	6.231731
60114930176	60114703872	226304	512	4.976072
195797655040	195797416448	238592	512	1.164849
169857939456	169857734656	204800	512	6.062576
113812379136	113812204032	175104	512	1.027652
69581959680	69581728256	231424	512	1.185960
18918919168	18918692352	226816	512	1.241442
131084108288	131083929600	178688	512	1.115400
96921244672	96921107968	136704	512	1.031608
21061156352	21060974080	182272	512	1.213064
13540940800	13540771328	169472	512	5.500290
246699970560	246699724288	246272	512	4.399211
242688226816	242688027136	199680	512	1.010978
124475804672	124475561472	243200	512	1.239730
183086977024	183086746624	230400	512	1.048892
18292826624	18292648960	177664	512	5.434736
127519628288	127519493632	134656	512	6.957968
49198473216	49198288896	184320	512	5.330399
115540117504	115539938304	179200	512	0.991854
33882191360	33882054656	136704	512	7.127060
45613712896	45613475840	237056	512	1.054118
36811019776	36810850304	169472	512	5.479168
117096350720	117096169984	180736	512	5.190460
17956580864	17956424704	156160	512	1.888171
14995763712	14995618304	145408	512	7.045249
182643290112	182643058688	231424	512	2.747027
152720744960	152720608768	136192	512	6.624032
151100467712	151100329984	137728	512	1.086614
80325837824	80325682176	155648	512	1.233496
18182532096	18182390784	141312	512	7.148772
203764884480	203764675072	209408	512	5.747415
15208679424	15208433664	245760	512	6.272916
25472841728	25472672256	169472	512	6.864537
123706674688	123706481152	193536	512	5.065339
31908841984	31908670976	171008	512	1.281592
79941553152	79941302784	250368	512	6.031855
178540531200	178540312576	218624	512	0.995718
29250548224	29250389504	158720	512	5.558811
18440958976	18440773632	185344	512	6.734330
151278342656	151278158336	184320	512	1.076453
144214788608	144214582784	205824	512	1.037607
231485405696	231485204992	200704	512	4.271166
125832617984	125832464384	153600	512	6.804415
191562030080	191561818112	211968	512	5.902136
203082737664	203082574336	163328	512	6.269068
109429696000	109429474304	221696	512	1.022233
215125323776	215125084160	239616	512	1.000953
139732658176	139732424192	233984	512	1.072426
148582476288	148582221312	254976	512	4.338546
17184207872	17183953920	253952	512	1.057529
3058009088	3057795072	214016	512	6.585257
55504402432	55504249344	153088	512	6.962148
105268441088	105268189184	251904	512	1.128474
47886181888	47885982720	199168	512	1.320200
159401344000	159401102848	241152	512	1.138751
158286679552	158286546432	133120	512	0.816754
79952345088	79952158720	186368	512	1.073300
205556055040	205555833856	221184	512	5.566650
225020483072	225020260864	222208	512	5.280665
181664211968	181664006144	205824	512	1.058731
206307386880	206307164672	222208	512	5.621610
244537038336	244536816128	222208	512	3.591274
21679076352	21678886400	189952	512	5.326489
239563620352	239563477504	142848	512	1.064611
29603157504	29602896384	261120	512	1.262940
7423070720	7422836224	234496	512	1.179101
232236267008	232236089344	177664	512	4.426905
213109693952	213109455360	238592	512	5.372936
221296412672	221296207360	205312	512	1.090269
17588081152	17587921408	159744	512	6.939815
197254593536	197254376448	217088	512	5.729968
109092438016	109092305408	132608	512	7.028611
99445186560	99444968960	217600	512	1.255165
202401666560	202401504768	161792	512	4.929772
166771237888	166771026944	210944	512	1.139156
75894810112	75894558720	251392	512	6.020197
47610657280	47610456576	200704	512	1.166521
248712470016	248712327168	142848	512	1.109851
19862958080	19862766592	191488	512	5.296821
130062929920	130062696448	233472	512	4.638531
123093587968	123093400576	187392	512	6.506033
239828936704	239828801536	135168	512	0.912255
161063165952	161062973952	192000	512	6.237442
88548580352	88548336640	243712	512	5.999252
240961559040	240961349632	209408	512	3.780661
78519867392	78519695872	171520	512	5.374345
108269753344	108269509120	244224	512	1.022775
165278632960	165278449152	183808	512	1.087864
119954046464	119953876992	169472	512	6.633352
159116044800	159115891200	153600	512	6.680683
90881231360	90880980480	250880	512	5.994871
47353446400	47353229824	216576	512	5.092775
12862301696	12862070784	230912	512	6.378950
87344504320	87344258560	245760	512	4.693669
219562771456	219562526720	244736	512	3.746776
80036730368	80036485632	244736	512	6.148264
249140949504	249140785152	164352	512	5.676041
131652065280	131651847680	217600	512	1.237405
231370326528	231370068992	257536	512	4.270468
181398778368	181398608896	169472	512	1.016221
161996636672	161996502528	134144	512	5.463104
198614447104	198614212608	234496	512	5.579241
226390729728	226390537728	192000	512	4.319441
184745275392	184745120768	154624	512	1.038117
193607398912	193607226368	172544	512	6.294108
120465306624	120465110016	196608	512	6.310560
135588112384	135587900928	211456	512	4.850108
107339976704	107339743744	232960	512	6.074051
3121835008	3121653760	181248	512	6.864142
131616060928	131615923200	137728	512	6.932356
150244823040	150244605440	217600	512	6.133891
17431991808	17431816192	175616	512	1.191942
119950714368	119950521344	193024	512	6.438518
64689167872	64688947200	220672	512	1.058248
128836238336	128835995136	243200	512	5.903686
90092838400	90092692480	145920	512	1.236884
240333177856	240332936704	241152	512	3.357729
53696137216	53695919616	217600	512	5.135495
237641370624	237641180160	190464	512	4.078943
26840869376	26840692736	176640	512	1.086748
115767632896	115767406592	226304	512	4.778297
69393339904	69393180160	159744	512	6.863301
169851551232	169851328512	222720	512	1.063592
110673017344	110672847360	169984	512	5.306873
111460321280	111460138496	182784	512	5.326072
18517485568	18517273600	211968	512	1.044556
151292122112	151291880448	241664	512	1.163611
76790246912	76790088704	158208	512	5.487563
20180619264	20180477440	141824	512	7.081479
182474955776	182474811904	143872	512	5.276796
159541906944	159541757952	148992	512	1.071102
158355629056	158355454976	174080	512	1.124895
170624654336	170624517632	136704	512	1.046931
158209782784	158209531392	251392	512	5.693597
42693364224	42693124096	240128	512	1.058006
236373483008	236373232640	250368	512	4.531248
73123670528	73123469824	200704	512	6.527180
35860303872	35860129792	174080	512	1.986342
64693808128	64693654016	154112	512	5.555522
210755673088	210755515392	157696	512	1.083376
151808515584	151808280576	235008	512	4.512411
239510433792	239510227968	205824	512	3.847331
102121459712	102121273856	185856	512	5.158709
47399795712	47399604224	191488	512	5.260534
105609040896	105608899072	141824	512	1.151410
132871983616	132871734272	249344	512	5.929923
134742972416	134742734848	237568	512	5.919018
230104154624	230103901696	252928	512	3.398622
101371169792	101370954752	215040	512	4.921499
104903333888	104903128064	205824	512	6.316784
103579288064	103579078144	209920	512	4.933548
55731448320	55731204608	243712	512	6.171859
38100544000	38100317696	226304	512	4.988882
103598957056	103598717440	239616	512	6.029925
159276528128	159276391424	136704	512	6.852473
21838435328	21838238208	197120	512	5.276396
226031815168	226031607296	207872	512	4.104517
97730367488	97730116096	251392	512	1.212102
11701969920	11701788672	181248	512	6.810921
23780402176	23780256768	145408	512	1.775435
65835453952	65835261440	192512	512	1.163770
219289059328	219288915456	143872	512	5.068700
74364836352	74364590592	245760	512	1.161354
72973227520	72972975104	252416	512	5.994994
4812412416	4812198912	213504	512	1.279273
148324529664	148324318208	211456	512	1.040235
4281569792	4281338880	230912	512	6.113869
153113299968	153113142272	157696	512	1.746974
195579412480	195579240448	172032	512	4.863549
58178030592	58177805312	225280	512	4.972611
169758928896	169758758400	170496	512	6.422726
157856024064	157855867904	156160	512	5.305581
197140647936	197140416000	231936	512	3.851190
113222518784	113222301696	217088	512	1.020659
71289614336	71289386496	227840	512	6.266653
182679766016	182679616000	150016	512	5.213402
4126966272	4126802432	163840	512	6.946470
168225327104	168225106432	220672	512	4.586820
93707785216	93707611136	174080	512	6.670846
41877144576	41876973056	171520	512	6.831609
221203518976	221203387392	131584	512	1.117190
3900590592	3900453376	137216	512	7.172284
208734067200	208733894656	172544	512	6.117770
15220795392	15220541952	253440	512	1.223159
136351862784	136351694336	168448	512	5.236429
146030415872	146030153728	262144	512	4.328828
199586555392	199586299904	255488	512	1.059410
232742924288	232742757376	166912	512	1.185327
16684944384	16684768768	175616	512	5.471943
51710441472	51710207488	233984	512	4.877192
147049927680	147049732608	195072	512	0.983079
161292786176	161292580352	205824	512	4.742602
192508865536	192508679168	186368	512	6.140561
8073733632	8073516032	217600	512	6.523230
133531313664	133531160064	153600	512	1.114446
123370793472	123370651648	141824	512	5.543975
178318340096	178318107648	232448	512	4.328689
11847931392	11847686144	245248	512	6.337262
93517363712	93517198848	164864	512	6.765037
43985222656	43985083904	138752	512	1.042425
39568397824	39568181248	216576	512	6.442303
20467919360	20467700224	219136	512	1.112964
114440582144	114440321024	261120	512	4.394975
53604233216	53604004864	228352	512	6.310490
79338397696	79338226688	171008	512	6.708177
44431409664	44431238656	171008	512	0.963296
21206142976	21205929984	212992	512	0.942383
76336794112	76336611840	182272	512	1.195738
163631943168	163631683584	259584	512	5.462797
37255887872	37255753216	134656	512	1.003523
37345898496	37345714176	184320	512	5.400906
213319042560	213318878720	163840	512	6.206459
214410575872	214410322432	253440	512	3.774566
162082257408	162082115072	142336	512	5.402158
139455525376	139455316992	208384	512	1.142617
132014360064	132014154240	205824	512	6.255500
13212907008	13212722176	184832	512	5.427400
191342361600	191342134272	227328	512	1.141108
184817711616	184817525248	186368	512	4.810815
16254478848	16254268416	210432	512	1.120050
240977645056	240977427456	217600	512	3.541444
52447797760	52447638528	159232	512	1.212483
230135333888	230135182848	151040	512	6.135270
247735349760	247735140352	209408	512	3.662224
135696861696	135696608256	253440	512	5.785995
150537193984	150536960000	233984	512	5.868999
195110260736	195110125568	135168	512	1.130720
67636304896	67636068352	236544	512	6.199202
33012238848	33012044288	194560	512	1.174722
194653951488	194653729792	221696	512	5.735333
64301523456	64301351424	172032	512	5.382736
171117488640	171117295104	193536	512	1.205556
75411794944	75411591168	203776	512	1.097373
240144647680	240144492544	155136	512	5.972412
202140931584	202140768768	162816	512	1.800607
14005943296	14005700096	243200	512	1.188904
86369890816	86369707008	183808	512	6.615256
63533513216	63533314560	198656	512	5.279011
2357612544	2357472256	140288	512	1.028366
146856325120	146856167936	157184	512	1.072767
44751805440	44751638016	167424	512	1.193249
231125790720	231125537280	253440	512	1.051002
180062489088	180062351360	137728	512	1.141161
5426571776	5426341888	229888	512	5.070080
134155872768	134155686400	186368	512	5.070930
70275336704	70275115520	221184	512	1.193121
125100460544	125100273664	186880	512	1.079492
68705240576	68705008640	231936	512	1.057021
162862299648	162862156288	143360	512	6.743992
168961304576	168961169920	134656	512	6.714660
66147347456	66147156992	190464	512	1.071511
179915941376	179915745280	196096	512	6.070320
80931221504	80931019776	201728	512	1.031332
64257690112	64257531904	158208	512	6.868674
213418553856	213418373120	180736	512	4.663839
246201542656	246201387008	155648	512	5.871950
25619875840	25619743744	132096	512	5.864943
4172779008	4172585984	193024	512	5.350786
109443136512	109442945536	190976	512	6.476323
180663963136	180663820288	142848	512	6.687641
104044257792	104044027904	229888	512	1.090039
22690691072	22690550272	140800	512	1.060078
57877613056	57877359616	253440	512	6.081967
227313235968	227313045504	190464	512	1.021195
249269133824	249268999680	134144	512	4.813636
119414834176	119414668800	165376	512	14.886990
130838845952	130838707712	138240	512	1.177683
143687820800	143687620096	200704	512	1.103478
105273443328	105273303552	139776	512	1.060166
41611072000	41610903040	168960	512	6.834431
186105761280	186105619456	141824	512	1.056663
45648648192	45648442368	205824	512	1.196380
101856922112	101856773632	148480	512	6.883290
100795926016	100795742208	183808	512	1.304964
138953786880	138953622528	164352	512	6.658069
147743288320	147743049728	238592	512	5.891672
177920594944	177920401408	193536	512	1.192520
67727891456	67727648768	242688	512	4.786594
9024807424	9024567808	239616	512	6.361889
216445871104	216445670400	200704	512	4.317653
159174836224	159174660608	175616	512	1.262167
151220909568	151220662272	247296	512	5.735354
198517637120	198517499392	137728	512	6.634022
151184277504	151184021504	256000	512	1.217591
150787969536	150787709952	259584	512	4.274297
185381335552	185381104640	230912	512	4.293339
86885081600	86884928000	153600	512	6.905673
62049639936	62049464320	175616	512	6.712604
216453473792	216453257728	216064	512	5.496324
52684764160	52684538368	225792	512	4.950538
24270514176	24270325248	188928	512	1.194801
79840592384	79840338432	253952	512	6.004519
63929957376	63929749504	207872	512	1.174749
239223937024	239223803392	133632	512	6.267089
138382979584	138382833664	145920	512	1.195410
211427993600	211427731968	261632	512	20.115260
6311245824	6311108096	137728	512	7.124767
181942427648	181942178304	249344	512	1.112551
223216934400	223216746496	187904	512	1.105517
104714203648	104713971712	231936	512	4.747720
83629716992	83629548032	168960	512	1.267324
165386824704	165386611712	212992	512	4.670979
176154193408	176153976832	216576	512	1.149121
211757760000	211757562880	197120	512	1.195517
151389739008	151389535744	203264	512	1.040467
159713720832	159713532928	187904	512	6.356466
97510556160	97510422528	133632	512	5.626959
238527688192	238527498240	189952	512	5.444757
108187090432	108186947584	142848	512	1.100316
31379573760	31379366912	206848	512	1.091815
73990126080	73989891584	234496	512	6.174954
160568820224	160568577024	243200	512	5.366090
93873268224	93873117184	151040	512	1.102996
9219236352	9219064832	171520	512	1.060247
167374607360	167374449152	158208	512	1.203294
198502455808	198502197248	258560	512	3.853164
48954216960	48953956352	260608	512	4.668367
25440238592	25439992320	246272	512	4.896419
109765079552	109764879872	199680	512	6.428348
69745341952	69745203712	138240	512	7.047283
170458710528	170458468352	242176	512	1.050806
67538769920	67538568704	201216	512	6.496998
119552906240	119552645120	261120	512	1.149807
92378895360	92378718720	176640	512	6.656179
239182247424	239181987328	260096	512	4.382241
171514632192	171514432000	200192	512	1.096051
101828934144	101828690944	243200	512	1.276961
180108318208	180108173824	144384	512	6.629142
125131099648	125130884608	215040	512	1.243368
140142681088	140142536192	144896	512	6.841947
185083167232	185082987520	179712	512	0.877999
214385236992	214385031168	205824	512	4.357149
209042982912	209042841600	141312	512	5.106960
233251652608	233251452928	199680	512	5.464911
107924033024	107923799040	233984	512	1.097019
90014835712	90014574080	261632	512	5.898682
112839460352	112839259136	201216	512	6.362165
9272348160	9272213504	134656	512	5.802054
184093851136	184093673984	177152	512	1.105871
9735877120	9735662592	214528	512	5.170684
210514044928	210513879040	165888	512	4.839460
102696713728	102696468992	244736	512	4.602597
149533716992	149533544960	172032	512	1.145075
113742520832	113742292480	228352	512	6.114458
197152943104	197152743424	199680	512	5.907338
16045772288	16045602816	169472	512	1.046573
20943480832	20943228416	252416	512	6.211357
114774062592	114773858816	203776	512	6.343220
158860989440	158860785664	203776	512	6.152778
127490884608	127490680320	204288	512	1.226294
66226250240	66226061312	188928	512	5.217434
59514661888	59514487296	174592	512	1.105003
55812489216	55812277760	211456	512	1.234352
135788035584	135787785216	250368	512	5.821066
241268326400	241268182016	144384	512	1.080810
169537144320	169536971264	173056	512	1.067813
104838459392	104838204928	254464	512	5.877700
222721300992	222721091584	209408	512	4.071677
146394391040	146394238464	152576	512	1.069845
41781543936	41781312000	231936	512	4.938943
238816322560	238816087040	235520	512	4.776353
77703371264	77703126016	245248	512	6.071554
7290660352	7290414592	245760	512	6.277490
44936578560	44936325120	253440	512	1.080290
245611928064	245611741184	186880	512	3.651107
242830425088	242830164992	260096	512	11.313907
104009264640	104009070080	194560	512	1.620216
113072884736	113072746496	138240	512	6.967929
109739299840	109739158528	141312	512	6.933271
211736634368	211736479744	154624	512	4.951323
31586515456	31586352640	162816	512	1.159972
248697787392	248697605120	182272	512	4.073150
87686852608	87686720512	132096	512	1.147581
13614886400	13614661120	225280	512	1.120303
84859660800	84859476992	183808	512	6.625211
75617542144	75617385984	156160	512	6.849837
40687653376	40687461888	191488	512	5.271446
154138500096	154138258944	241152	512	1.209544
10333207552	10333048832	158720	512	4.770831
197616906240	197616683520	222720	512	5.661229
212789728768	212789507584	221184	512	1.053752
25271479808	25271243776	236032	512	5.103023
94174433792	94174182400	251392	512	6.006528
223944123392	223943969792	153600	512	1.070991
1744600576	1744346624	253952	512	4.869867
65354940928	65354699264	241664	512	6.181708
216127990784	216127758336	232448	512	3.936061
68647721472	68647478272	243200	512	1.115488
120238623232	120238431744	191488	512	1.103332
204601047552	204600886272	161280	512	6.316702
83919194112	83919058944	135168	512	1.131478
249099916288	249099654144	262144	512	1.045751
225471690752	225471492608	198144	512	5.627063
203010119168	203009961984	157184	512	5.023377
114587535872	114587281920	253952	512	0.947985
43550970368	43550727168	243200	512	1.295262
181711481856	181711306752	175104	512	6.276029
156645438976	156645306880	132096	512	5.540843
239390248448	239390020096	228352	512	3.485575
11869655552	11869435904	219648	512	6.203815
28404113920	28403958272	155648	512	1.159365
200256690176	200256441344	248832	512	10.590446
149533152768	149532930048	222720	512	1.139666
4724782592	4724558848	223744	512	6.485365
124998318592	124998147072	171520	512	5.224721
203190828544	203190680576	147968	512	1.002109
133896970240	133896832512	137728	512	1.116582
198227935232	198227778048	157184	512	6.389484
183604860928	183604604416	256512	512	1.095617
187952105472	187951849984	255488	512	5.367067
153598439424	153598301184	138240	512	5.469801
39068428800	39068244480	184320	512	6.726154
102292658176	102292477440	180736	512	6.571921
108569417216	108569207296	209920	512	1.115203
220005188096	220004931584	256512	512	20.095010
242876758528	242876552192	206336	512	5.243729
169913293824	169913054720	239104	512	4.240772
174595991040	174595814912	176128	512	6.372243
60854040576	60853907968	132608	512	1.221198
30722223104	30721967104	256000	512	4.804016
66083169280	66082966528	202752	512	6.491872
231211940352	231211753984	186368	512	5.687483
173052497920	173052306432	191488	512	1.091359
34601460224	34601225216	235008	512	1.170685
102789762560	102789527552	235008	512	1.133501
149800448512	149800305664	142848	512	1.130668
242312850944	242312646144	204800	512	5.214467
28156574720	28156398592	176128	512	1.056359
104428698624	104428461056	237568	512	6.113735
101430349312	101430140928	208384	512	6.407767
103783321088	103783115776	205312	512	6.330551
97928706560	97928462848	243712	512	4.699375
65290915328	65290672128	243200	512	1.235257
236543396864	236543242240	154624	512	4.673967
52518105600	52517880832	224768	512	6.327537
101919988224	101919780352	207872	512	1.115230
75754775552	75754621440	154112	512	1.067877
144211292160	144211147264	144896	512	5.538820
139632801792	139632635904	165888	512	6.633355
8387517952	8387285504	232448	512	1.112459
219481415168	219481282048	133120	512	6.569711
65402017280	65401804800	212480	512	6.437077
75440104448	75439912448	192000	512	6.551934
2257233408	2257013760	219648	512	6.510372
42444110336	42443896320	214016	512	6.456022
174857728	174599680	258048	512	1.185559
152360907264	152360702464	204800	512	6.149636
145658449920	145658248704	201216	512	4.900999
115299621376	115299453952	167424	512	5.308728
207091739648	207091555328	184320	512	4.670247
114123547648	114123310592	237056	512	1.105743
47708618752	47708407808	210944	512	1.182082
117041552896	117041396736	156160	512	1.065911
155300002816	155299848192	154624	512	5.299577
123852568576	123852377600	190976	512	6.493149
189178860032	189178709504	150528	512	1.135479
31694070784	31693856768	214016	512	6.435936
4479176704	4478974464	202240	512	1.098132
115572642304	115572412416	229888	512	6.110889
209241105920	209240923136	182784	512	1.059271
248009190912	248008948736	242176	512	3.157671
185120826880	185120599040	227840	512	1.207184
207337262592	207337007104	255488	512	20.328535
230778593280	230778382848	210432	512	2.039419
153797639168	153797496832	142336	512	6.775389
30496522752	30496388608	134144	512	7.120876
107846560768	107846391296	169472	512	6.682450
249342761984	249342627328	134656	512	4.806559
103941975552	103941765632	209920	512	4.951082
184442880000	184442664448	215552	512	1.170290
141872869376	141872733184	136192	512	6.906841
71854758912	71854508544	250368	512	1.159404
32088671232	32088456192	215040	512	6.470256
217507979776	217507736576	243200	512	5.153347
112125761024	112125573120	187904	512	1.109226
208040689664	208040492032	197632	512	1.129607
128293755904	128293565440	190464	512	6.449682
29726869504	29726620672	248832	512	4.806124
195227877888	195227651584	226304	512	5.597045
52690749440	52690610176	139264	512	1.053636
61180188672	61180019712	168960	512	1.117929
215224750080	215224614912	135168	512	1.100623
247611289088	247611135488	153600	512	1.016955
172743193088	172742952960	240128	512	1.148725
168460883968	168460700160	183808	512	1.302372
94428896256	94428699648	196608	512	6.527096
177012277248	177012144640	132608	512	1.084846
162537979904	162537840128	139776	512	0.880776
2860071424	2859935744	135680	512	7.331576
116559645696	116559441408	204288	512	1.110150
207358047232	207357850112	197120	512	5.872565
208476230144	208476098048	132096	512	6.619659
52438630400	52438440960	189440	512	5.267107
16053878784	16053688832	189952	512	1.174245
68141477376	68141229056	248320	512	6.114660
242497218048	242496967168	250880	512	1.034452
27658422784	27658176000	246784	512	6.197679
235232523776	235232336384	187392	512	1.044767
217088993280	217088804864	188416	512	1.090701
172587769856	172587634688	135168	512	1.156739
5504145408	5503937024	208384	512	1.184519
81702752256	81702523392	228864	512	1.175075
170902595584	170902415360	180224	512	1.895363
171711093760	171710882816	210944	512	6.003631
224632137728	224631898624	239104	512	3.695935
41353645568	41353429504	216064	512	6.453030
239496669696	239496412160	257536	512	4.462054
92303874560	92303625216	249344	512	6.020589
66484968960	66484728832	240128	512	1.198165
119799574528	119799392256	182272	512	6.499842
176193916928	176193726464	190464	512	4.850133
138778377728	138778226688	151040	512	1.069307
146953852416	146953608192	244224	512	5.839887
135753053184	135752893440	159744	512	1.175536
56891800064	56891656704	143360	512	1.266099
22260188160	22259976192	211968	512	6.513948
217256316928	217256163328	153600	512	1.085419
2094579200	2094397952	181248	512	6.766474
99070019584	99069871104	148480	512	6.900862
231382494720	231382292480	202240	512	4.069808
65513607168	65513475584	131584	512	7.107201
217842821632	217842673152	148480	512	6.371752
158509266944	158509028352	238592	512	1.165472
65929804800	65929649664	155136	512	6.923344
8090300928	8090089984	210944	512	6.614551
222884714496	222884488704	225792	512	3.856486
102398372864	102398188544	184320	512	1.189248
62985711104	62985477120	233984	512	6.249541
231372920832	231372758528	162304	512	5.984019
71502941184	71502757888	183296	512	6.660377
37165630464	37165480960	149504	512	7.021513
126768988672	126768779264	209408	512	1.213758
246451724800	246451574784	150016	512	1.985925
81396965888	81396781056	184832	512	1.180230
70222708736	70222541312	167424	512	6.832023
100326889984	100326644736	245248	512	1.069215
244580683264	244580477440	205824	512	5.200093
8150637568	8150505472	132096	512	7.216820
195560062464	195559923200	139264	512	1.205507
171202156032	171201912832	243200	512	5.610328
200629321728	200629088768	232960	512	4.147761
237329143808	237328954368	189440	512	4.061631
100799070208	100798841344	228864	512	1.060321
146795328512	146795091968	236544	512	5.908628
183980618752	183980487168	131584	512	1.034218
72258820608	72258562560	258048	512	5.633827
11911521792	11911314944	206848	512	1.181857
3786274816	3786017280	257536	512	6.189021
75467516416	75467319296	197120	512	6.523310
136319385088	136319145472	239616	512	1.753635
125366685696	125366448128	237568	512	5.999256
10107575808	10107367936	207872	512	6.547640
12050146816	12049946112	200704	512	6.594461
157789316608	157789149696	166912	512	6.531771
248334433280	248334211072	222208	512	3.450103
207125284352	207125032448	251904	512	3.836409
140219851776	140219677184	174592	512	1.113191
209654698496	209654494208	204288	512	1.063633
134403034112	134402840576	193536	512	1.713470
124286186496	124286026752	159744	512	6.739493
204030600704	204030449152	151552	512	5.002869
231224631296	231224378368	252928	512	4.759457
118715990016	118715805696	184320	512	5.118145
214019908608	214019682304	226304	512	4.088221
165394566144	165394401280	164864	512	6.524807
102979899904	102979685376	214528	512	1.127055
63279233024	63279005184	227840	512	4.902097
153742743552	153742521344	222208	512	1.069566
227085579264	227085332480	246784	512	1.084653
5909932032	5909679104	252928	512	4.899258
23710888448	23710663168	225280	512	6.424189
9092100096	9091919872	180224	512	0.999061
225820311552	225820143616	167936	512	1.129378
206709301760	206709162496	139264	512	5.229560
104155795456	104155586048	209408	512	1.080280
156778646528	156778512896	133632	512	5.542601
140262019072	140261795840	223232	512	1.305271
199186021888	199185853952	167936	512	6.275680
133948191232	133947977728	213504	512	0.956511
132458564096	132458318336	245760	512	5.785351
43621901312	43621717504	183808	512	5.375043
247562919424	247562678784	240640	512	4.511351
210035070976	210034932736	138240	512	1.098134
8329800704	8329644544	156160	512	1.035298
78969322496	78969109504	212992	512	6.359893
249881117184	249880858112	259072	512	2.842834
186214965248	186214816768	148480	512	1.131090
104141951488	104141791232	160256	512	1.057294
179196777984	179196565504	212480	512	5.888552
230441429504	230441172992	256512	512	3.339610
237995240448	237995095040	145408	512	6.107375
51749149184	51748990464	158720	512	6.582976
162720642048	162720427008	215040	512	1.097924
69426050048	69425915904	134144	512	1.029605
18105809920	18105647616	162304	512	1.320694
180076578816	180076393472	185344	512	6.163552
77390992896	77390739456	253440	512	5.988202
107284743168	107284556288	186880	512	5.168346
83611955200	83611723776	231424	512	6.144505
129152899072	129152757248	141824	512	6.866827
95385664000	95385434112	229888	512	1.192697
133992584192	133992398848	185344	512	6.460229
142351369728	142351115776	253952	512	4.367291
123447806976	123447616000	190976	512	1.079380
54841475584	54841298944	176640	512	6.739301
239087069696	239086906880	162816	512	1.040941
4948934656	4948801536	133120	512	7.195214
4066353664	4066118144	235520	512	5.026584
90643148288	90642890240	258048	512	1.263932
166672278528	166672126976	151552	512	1.210562
200453004800	200452842496	162304	512	1.160683
7472184320	7472007680	176640	512	6.860730
244399971840	244399728128	243712	512	4.658687
4041089024	4040904704	184320	512	5.429497
9046319104	9046074880	244224	512	6.329106
157924129280	157923951104	178176	512	1.157595
70490116096	70489948672	167424	512	1.196999
102379167744	102379004928	162816	512	2.059278
139593753600	139593604608	148992	512	6.834800
138724301824	138724159488	142336	512	5.512421
74609485824	74609293312	192512	512	5.122241
163111641600	163111390208	251392	512	4.286107
51817311232	51817139712	171520	512	1.275823
124999516672	124999284736	231936	512	5.861945
219732025856	219731805184	220672	512	4.048837
17292945920	17292725760	220160	512	6.443990
104300484608	104300271104	213504	512	6.279362
239977523712	239977305088	218624	512	1.066189
90605501952	90605347840	154112	512	6.797354
214024057856	214023824896	232960	512	1.058437
156923790848	156923613696	177152	512	6.430306
89243555328	89243420160	135168	512	6.985605
44167782400	44167626240	156160	512	5.584536
145027015168	145026823680	191488	512	4.992784
210011109888	210010884096	225792	512	5.445092
126628152832	126628008448	144384	512	6.864892
96087892992	96087633408	259584	512	5.935153
6669160960	6668900864	260096	512	6.179422
238286794752	238286533632	261120	512	4.367480
6622050304	6621901312	148992	512	1.105377
111741774848	111741539840	235008	512	1.034358
191125440512	191125231616	208896	512	5.859941
230489721344	230489536512	184832	512	1.083763
176131567616	176131386368	181248	512	6.305279
174703941632	174703695360	246272	512	5.633653
213736267776	213736066048	201728	512	1.069578
122844333568	122844172288	161280	512	5.347415
222322248192	222322105344	142848	512	1.075154
233452250624	233452055040	195584	512	12.419252
247142079488	247141939200	140288	512	4.685364
52878510080	52878287360	222720	512	4.987382
59068418048	59068220416	197632	512	6.585431
84461230592	84460984320	246272	512	4.789064
33649728512	33649539584	188928	512	1.273216
119436053504	119435913728	139776	512	1.080835
96153339904	96153092096	247808	512	5.989109
234818383872	234818214400	169472	512	1.095358
96853188096	96852939776	248320	512	4.653355
166267393024	166267185152	207872	512	1.085112
44408122368	44407927808	194560	512	1.115192
208933849088	208933590016	259072	512	5.020783
32911074304	32910852608	221696	512	6.374416
192340672000	192340475392	196608	512	1.057742
126724199424	126723997696	201728	512	4.946970
26216310272	26216154624	155648	512	1.257003
60703034880	60702894592	140288	512	1.200071
33503620608	33503480832	139776	512	1.043422
173502906368	173502734848	171520	512	1.109529
73809700352	73809546752	153600	512	1.273055
202040556544	202040387584	168960	512	4.720599
107253022720	107252822016	200704	512	1.125454
135433113600	135432977408	136192	512	6.939854
200281524736	200281370112	154624	512	6.455323
127223294976	127223086592	208384	512	6.217519
129458025984	129457875456	150528	512	6.810764
10270654976	10270395392	259584	512	1.036883
301502976	301310976	192000	512	1.236770
128273702912	128273541632	161280	512	6.749694
84466224640	84466072576	152064	512	6.901776
26021951488	26021770240	181248	512	1.058264
179992976384	179992809472	166912	512	6.328738
144711358464	144711166976	191488	512	6.367523
98228014080	98227774976	239104	512	1.109764
10240619008	10240422912	196096	512	1.276405
89561590272	89561347072	243200	512	6.062485
21711565824	21711366144	199680	512	5.259774
87211592704	87211410432	182272	512	5.307196
19047198720	19046992384	206336	512	5.216052
233673882624	233673691136	191488	512	5.613297
192278647296	192278427648	219648	512	4.364270
125232074752	125231930368	144384	512	6.922385
133405405184	133405160960	244224	512	5.908725
78706979328	78706803200	176128	512	1.035693
88692086272	88691933696	152576	512	5.449174
113970624000	113970464768	159232	512	1.046388
124534813696	124534602240	211456	512	1.054525
68864879616	68864650752	228864	512	6.279512
141590928384	141590765568	162816	512	1.105189
192276005376	192275746304	259072	512	1.043637
100578810880	100578669568	141312	512	5.681094
184391297024	184391044608	252416	512	1.094675
47093253120	47093102080	151040	512	6.998870
229560332288	229560117760	214528	512	0.963068
221381305856	221381108736	197120	512	1.141397
161096910848	161096762368	148480	512	1.104286
191247012352	191246861312	151040	512	5.159240
180068253696	180068064256	189440	512	4.732597
158852084736	158851935232	149504	512	6.745618
40360233984	40360023040	210944	512	1.251528
386908672	386713600	195072	512	1.229822
57468933632	57468716544	217088	512	1.173027
233866029056	233865866752	162304	512	1.083422
56956113408	56955901952	211456	512	1.297965
102907033088	102906847744	185344	512	1.026555
174089858560	174089659904	198656	512	1.142645
224758422528	224758285312	137216	512	5.058566
16475511808	16475329536	182272	512	1.300754
169202584576	169202430976	153600	512	1.232112
152903781376	152903614464	166912	512	5.192232
129660630528	129660391936	238592	512	5.983732
27411220992	27411064832	156160	512	5.579856
1237092352	1236958720	133632	512	5.834467
25951586816	25951432192	154624	512	7.002547
177378341376	177378104832	236544	512	4.270999
143007210496	143007044096	166400	512	6.541937
130707908096	130707750400	157696	512	6.727392
51923348992	51923153920	195072	512	6.614199
136060621312	136060457472	163840	512	6.668919
53261079040	53260833792	245248	512	4.756806
174775281664	174775022592	259072	512	4.086069
2572268544	2572079104	189440	512	5.371659
92348970496	92348785664	184832	512	5.207781
98485684736	98485521408	163328	512	1.143313
107579649536	107579442176	207360	512	6.376309
19634364416	19634193920	170496	512	5.489693
188911418880	188911218688	200192	512	1.024591
155793311232	155793095680	215552	512	6.055082
36214699520	36214532096	167424	512	1.145349
48026831872	48026660352	171520	512	1.127681
152291624960	152291381248	243712	512	1.127728
115415573504	115415400448	173056	512	5.271824
185556812288	185556640768	171520	512	2.101227
31074270720	31074046464	224256	512	6.403140
37177988608	37177771520	217088	512	6.451979
227083331584	227083132928	198656	512	5.595222
149791560192	149791307264	252928	512	1.172848
146048102912	146047871488	231424	512	1.067231
109623576576	109623424512	152064	512	6.966528
157857541632	157857346560	195072	512	1.643683
179196470784	179196289536	181248	512	6.251320
93370362368	93370137088	225280	512	6.204768
217878182912	217877969408	213504	512	4.174262
155836102656	155835907584	195072	512	1.831652
228006837248	228006584832	252416	512	4.902408
45661382144	45661143040	239104	512	1.048517
123283543552	123283372032	171520	512	6.635476
138255377920	138255147520	230400	512	1.805504
239752361472	239752124928	236544	512	3.364415
66882684416	66882510848	173568	512	6.782896
231831769600	231831579648	189952	512	4.248610
172052223488	172052019712	203776	512	1.914172
3125695488	3125528576	166912	512	6.946088
240624150528	240623956992	193536	512	3.972419
144362541056	144362370048	171008	512	0.945267
176437865472	176437718016	147456	512	6.677565
26497062400	26496856064	206336	512	1.772338
185989295616	185989094912	200704	512	1.013473
186052367360	186052220928	146432	512	6.646480
25013830656	25013605376	225280	512	6.412831
71603952128	71603694592	257536	512	4.647638
194267658240	194267431424	226816	512	5.657879
236840417792	236840267776	150016	512	1.024609
56614747648	56614539264	208384	512	5.107258
129725711360	129725489664	221696	512	6.142921
66564138496	66563963904	174592	512	1.166627
3577619456	3577404928	214528	512	5.181067
23829028352	23828768256	260096	512	1.258679
11915431424	11915299328	132096	512	7.181897
52489287168	52489079808	207360	512	1.050932
150142857728	150142617088	240640	512	4.447409
236859564032	236859412992	151040	512	6.137476
148650671616	148650520064	151552	512	4.569421
38436981248	38436754432	226816	512	1.166903
188101526528	188101264384	262144	512	1.089456
145961043456	145960867328	176128	512	3.486514
124849377792	124849195008	182784	512	1.896294
234677961216	234677826560	134656	512	0.993404
247861221376	247861041152	180224	512	5.452330
171100098560	171099860992	237568	512	1.078812
34023344128	34023086080	258048	512	6.112321
229908405760	229908179456	226304	512	5.235993
48757223424	48757064704	158720	512	6.900529
71754046464	71753809920	236544	512	1.063970
166715097600	166714949632	147968	512	6.634009
238643641344	238643500544	140800	512	1.070306
52830678016	52830447616	230400	512	6.307139
87945432064	87945226240	205824	512	6.434953
180797701632	180797553664	147968	512	5.301585
39521754624	39521581568	173056	512	1.186472
1934019072	1933852672	166400	512	1.246784
57955409920	57955231744	178176	512	1.133901
184349376512	184349217280	159232	512	6.486214
236147328000	236147103232	224768	512	3.752264
126275440128	126275179008	261120	512	5.760397
203718580224	203718393856	186368	512	5.986460
44684133376	44683918848	214528	512	1.148334
227124014592	227123816448	198144	512	5.620607
10084447232	10084293120	154112	512	6.988682
82055910400	82055777792	132608	512	1.074659
152733912064	152733696512	215552	512	3.269580
104216173056	104215916544	256512	512	1.239899
25809304576	25809163776	140800	512	7.090211
159155925504	159155745280	180224	512	6.401407
156264756736	156264561152	195584	512	6.261575
77693258240	77693087744	170496	512	1.109215
88330480128	88330226688	253440	512	6.051475
130910991360	130910759936	231424	512	1.102878
223965259264	223965072384	186880	512	1.097030
80239623680	80239388160	235520	512	1.182300
4036172288	4036040704	131584	512	1.114566
119064484352	119064297472	186880	512	1.102818
170433673216	170433451008	222208	512	1.060435
160556348928	160556127744	221184	512	4.609155
205266284032	205266082816	201216	512	1.048975
174539088384	174538876928	211456	512	1.089724
149435780608	149435577344	203264	512	4.867257
91751436288	91751275008	161280	512	1.076507
96002565632	96002332672	232960	512	6.142929
62105660928	62105454592	206336	512	6.460836
214889072640	214888909312	163328	512	4.843164
6799134208	6798915072	219136	512	6.494384
188156994048	188156733952	260096	512	2.097151
186025885184	186025680896	204288	512	1.051737
200562050048	200561915392	134656	512	5.325690
156940742656	156940576768	165888	512	1.211147
94225637376	94225453568	183808	512	1.113312
76044448256	76044209664	238592	512	4.781148
218410296320	218410146304	150016	512	0.935047
117780149760	117779985408	164352	512	4.394665
161944216064	161944048128	167936	512	5.148086
220809439744	220809229312	210432	512	1.885086
52543793152	52543550976	242176	512	4.828636
220704292352	220704044032	248320	512	1.116573
187029891072	187029645312	245760	512	1.137258
30471545856	30471393280	152576	512	5.594563
23278342144	23278159872	182272	512	6.762847
192184986112	192184797696	188416	512	4.731435
83199184896	83198997504	187392	512	3.268572
25833914880	25833686016	228864	512	1.233922
196983798272	196983664640	133632	512	6.676171
92611344896	92611197440	147456	512	5.520167
41158073856	41157917184	156672	512	6.972948
68051059200	68050849280	209920	512	5.070575
27044833280	27044573184	260096	512	5.882985
35672567296	35672408064	159232	512	5.573605
184735141376	184734955008	186368	512	6.229332
245407934464	245407674368	260096	512	2.856500
166803511808	166803310592	201216	512	4.814347
147983598592	147983342592	256000	512	4.378507
16379707392	16379529216	178176	512	6.805629
102837227520	102837078016	149504	512	1.071749
75437010944	75436758528	252416	512	6.049492
90346413568	90346205184	208384	512	4.990924
115107330048	115107164672	165376	512	6.721774
75909069824	75908896256	173568	512	6.672834
95684052992	95683869184	183808	512	5.217660
35828341760	35828161536	180224	512	1.067898
178723017216	178722836992	180224	512	6.251782
37872864256	37872631296	232960	512	4.955128
79730787840	79730628608	159232	512	1.077018
237465492480	237465287680	204800	512	3.831797
233511997440	233511741952	255488	512	1.050958
17489214976	17488984576	230400	512	6.259952
240197256704	240197045248	211456	512	5.133670
78317494784	78317311488	183296	512	6.545206
16222433792	16222271488	162304	512	1.346530
118515602944	118515404800	198144	512	1.172566
44134008832	44133766144	242688	512	4.875311
128554732032	128554583552	148480	512	1.093185
164613920768	164613726208	194560	512	4.847466
216312975360	216312806400	168960	512	5.755225
151656394752	151656240640	154112	512	1.162920
190163228160	190163095040	133120	512	6.728830
214465052672	214464797696	254976	512	5.132828
223390419968	223390243840	176128	512	4.541882
192064698880	192064458240	240640	512	4.155955
195878036480	195877865984	170496	512	1.061293
209462832128	209462586880	245248	512	3.852770
29227290112	29227038208	251904	512	1.106968
221182109696	221181967872	141824	512	6.442102
85377988608	85377826816	161792	512	6.811346
217718594560	217718397440	197120	512	4.365456
145908634112	145908467200	166912	512	5.284461
69483067392	69482914304	153088	512	1.097146
125101731328	125101591552	139776	512	1.283413
105438129664	105437985280	144384	512	6.903102
146195061248	146194845184	216064	512	1.223138
24797711872	24797536256	175616	512	1.260093
2097940480	2097802752	137728	512	1.197558
73315640832	73315390464	250368	512	6.086810
199928776192	199928605696	170496	512	1.035776
58823173632	58822931456	242176	512	4.758915
108043805696	108043618304	187392	512	5.132179
117490483200	117490328576	154624	512	5.423024
183144051712	183143858688	193024	512	4.750572
162457600512	162457346048	254464	512	5.595832
237089351168	237089159680	191488	512	5.420673
198884220416	198884067840	152576	512	5.114864
54648580096	54648393728	186368	512	1.118980
156566684160	156566438400	245760	512	4.431401
132372802048	132372619776	182272	512	1.068579
239217581568	239217436672	144896	512	4.752364
63951985664	63951802368	183296	512	6.621556
157006889984	157006641664	248320	512	4.368382
6575796736	6575603712	193024	512	6.695624
223338758656	223338593280	165376	512	1.024374
192006018560	192005803008	215552	512	1.050987
97638590976	97638427136	163840	512	6.763951
35020528640	35020273152	255488	512	1.080515
66598021632	66597774848	246784	512	6.133158
36434899968	36434714112	185856	512	1.126545
76360315904	76360159744	156160	512	5.514215
202348063744	202347922432	141312	512	6.532621
182143227392	182143068672	158720	512	5.143830
144305517568	144305260032	257536	512	4.312605
137755279872	137755021312	258560	512	5.695334
114772106752	114771961856	144896	512	5.531320
48410207744	48410010624	197120	512	6.569225
201376110592	201375909376	201216	512	1.081488
64791450112	64791209472	240640	512	6.169483
21346653184	21346484736	168448	512	6.883206
141739939840	141739807744	132096	512	6.980053
204512993280	204512812032	181248	512	1.088321
211194668544	211194531840	136704	512	5.182200
61501066240	61500822016	244224	512	0.985190
34588626432	34588367872	258560	512	1.849710
127375190528	127374960640	229888	512	4.633849
113709964800	113709724672	240128	512	4.530163
47385086464	47384944128	142336	512	5.685286
244983564288	244983348224	216064	512	5.025286
235598411776	235598162944	248832	512	4.782515
141515995648	141515804160	191488	512	1.030493
108346526208	108346366976	159232	512	6.783920
126031963136	126031794176	168960	512	6.654451
109428591104	109428451328	139776	512	5.569110
116357224448	116357070848	153600	512	5.453836
10209889792	10209694720	195072	512	6.665036
1745585664	1745436160	149504	512	7.184590
200114339840	200114141696	198144	512	5.951467
74973101056	74972940800	160256	512	5.466837
92759159808	92759007232	152576	512	6.876122
19698338304	19698147840	190464	512	5.324735
116622539264	116622345728	193536	512	1.288664
13949714432	13949470208	244224	512	1.104006
249883221504	249883026432	195072	512	3.842617
35466809856	35466615808	194048	512	5.295323
102574683648	102574523904	159744	512	1.148638
229754669568	229754494464	175104	512	5.866479
6476361216	6476136960	224256	512	6.477555
196733164544	196732972032	192512	512	5.986311
222298732032	222298471424	260608	512	3.425333
84179179520	84178930688	248832	512	1.102359
67384892928	67384751104	141824	512	1.139330
186240403968	186240185344	218624	512	5.843502
121120840192	121120705536	134656	512	5.600701
76502304768	76502069248	235520	512	4.844032
72399606784	72399363584	243200	512	6.159831
48041647104	48041473024	174080	512	1.166788
149622202368	149621993472	208896	512	6.189899
172218686464	172218518016	168448	512	6.434141
44041726976	44041559552	167424	512	1.128429
146966852096	146966629376	222720	512	6.054123
182020573696	182020320256	253440	512	4.079008
169146429952	169146219520	210432	512	5.936598
155889011200	155888801792	209408	512	4.744597
212619070464	212618934784	135680	512	6.381222
14822848512	14822678528	169984	512	2.142763
108860902912	108860769792	133120	512	6.952515
214873982976	214873843200	139776	512	6.522462
222374848512	222374641152	207360	512	5.463607
168585923072	168585669120	253952	512	4.155366
150738201600	150737970688	230912	512	1.124980
45717072896	45716818944	253952	512	0.941524
17153886208	17153677824	208384	512	1.152054
74433355264	74433210880	144384	512	1.148676
43082567168	43082423296	143872	512	7.072806
122587804160	122587613184	190976	512	1.063596
92432780288	92432608256	172032	512	1.124498
147840104448	147839968256	136192	512	6.246995
25143235584	25143069696	165888	512	6.890968
18530089984	18529844224	245760	512	4.891199
49926730240	49926468608	261632	512	1.086666
212456829952	212456567808	262144	512	1.054433
40283429888	40283230208	199680	512	1.186757
15006099968	15005910528	189440	512	1.080109
207834037760	207833790464	247296	512	5.359800
106985771520	106985609216	162304	512	1.195520
75736868864	75736722432	146432	512	5.587651
125559577600	125559392768	184832	512	6.499961
246246607872	246246444544	163328	512	4.271275
247840364032	247840101888	262144	512	2.778260
118440867840	118440697344	170496	512	1.264488
133526310912	133526176256	134656	512	6.887889
114174262784	114174090752	172032	512	6.563332
49707637760	49707436544	201216	512	1.086490
51662457856	51662285312	172544	512	6.794250
143812495360	143812293120	202240	512	1.062498
130372923904	130372747776	176128	512	1.063281
209802339840	209802196480	143360	512	6.452013
60769108480	60768922112	186368	512	1.110752
149675525120	149675366400	158720	512	6.655773
147537824256	147537616384	207872	512	6.182084
248742605824	248742353408	252416	512	2.905735
132683602944	132683358720	244224	512	5.864087
190522459136	190522291712	167424	512	1.102109
227299182592	227299013632	168960	512	6.001145
22828041216	22827872768	168448	512	1.211029
56814410240	56814161920	248320	512	4.735914
156649563648	156649303040	260608	512	4.179917
36868875776	36868652032	223744	512	1.096331
201773423104	201773237248	185856	512	1.121496
82005392384	82005161984	230400	512	1.070768
140182055936	140181845504	210432	512	4.851970
83147024896	83146883072	141824	512	1.141968
189273608704	189273401856	206848	512	4.524272
77456916480	77456692224	224256	512	4.955687
32788813312	32788634112	179200	512	1.189225
244959481856	244959262720	219136	512	5.014260
173932604416	173932472320	132096	512	6.748981
232136394752	232136132608	262144	512	3.243522
16076145664	16075944960	200704	512	1.235758
231369660928	231369434624	226304	512	5.086100
107871628288	107871370752	257536	512	14.080479
45134533632	45134287360	246272	512	1.127512
153925104640	153924928512	176128	512	5.092761
172891441152	172891246080	195072	512	6.189947
88100908544	88100686336	222208	512	47.517942
208726541312	208726332928	208384	512	0.948788
242685945856	242685807616	138240	512	6.217053
205472143872	205471984640	159232	512	1.131323
191762912256	191762722304	189952	512	1.024218
57950656000	57950473728	182272	512	6.695773
144233938944	144233688064	250880	512	4.399368
149567827456	149567676416	151040	512	6.742431
57844006400	57843812352	194048	512	1.677690
24842792448	24842592256	200192	512	5.268663
97040022528	97039868416	154112	512	1.124752
112996378112	112996174848	203264	512	5.000425
157542877696	157542742016	135680	512	0.996336
206757423104	206757258752	164352	512	4.898578
232931998208	232931855872	142336	512	1.092329
195787981312	195787763200	218112	512	4.297259
17485896192	17485717504	178688	512	6.783115
165341463552	165341225984	237568	512	1.689167
138998389760	138998141440	248320	512	1.154090
146361638912	146361411584	227328	512	1.027049
183415459328	183415234560	224768	512	4.386612
128345859584	128345668096	191488	512	1.024341
214463267328	214463024640	242688	512	3.871963
79918900224	79918766592	133632	512	1.142590
137936913920	137936738304	175616	512	1.066368
191804983808	191804794368	189440	512	4.711273
196894297088	196894138368	158720	512	6.391094
133108869632	133108638208	231424	512	1.233539
45292487168	45292291584	195584	512	1.098135
70223852032	70223718912	133120	512	1.342299
42939783168	42939623424	159744	512	5.579819
168392380928	168392220160	160768	512	6.575576
133011791872	133011606016	185856	512	1.856507
69381946368	69381759488	186880	512	6.626732
151717496832	151717349376	147456	512	5.327621
12236464128	12236248064	216064	512	1.273248
90276520448	90276340736	179712	512	6.623703
86034861056	86034609152	251904	512	6.032586
72369347584	72369192448	155136	512	6.919832
119681634304	119681466368	167936	512	1.045413
247777421312	247777212416	208896	512	3.610979
127598484992	127598255104	229888	512	5.929751
7774639104	7774424576	214528	512	1.164559
17587807232	17587627008	180224	512	1.293057
81307971584	81307795456	176128	512	6.708918
17298846720	17298693120	153600	512	1.146351
233039228416	233039000064	228352	512	5.071929
35555007488	35554852864	154624	512	6.966993
20528020480	20527775744	244736	512	6.275244
197574159872	197573972480	187392	512	1.048559
16628067328	16627838464	228864	512	4.976802
228192385024	228192129536	255488	512	1.094450
164876684288	164876498944	185344	512	6.339028
76240169472	76239937024	232448	512	6.190323
70619909632	70619660288	249344	512	1.129335
228071880192	228071627264	252928	512	4.894254
182051725312	182051563008	162304	512	1.052910
104572406272	104572215808	190464	512	1.193970
40160506880	40160316416	190464	512	1.094455
57112451072	57112271360	179712	512	6.687468
112178238976	112178031104	207872	512	1.189551
226508336640	226508111360	225280	512	3.905318
114684312576	114684095488	217088	512	6.236273
57688768000	57688567808	200192	512	1.118361
194658071040	194657847296	223744	512	1.739245
72017409536	72017170432	239104	512	4.819965
128190171136	128189940224	230912	512	1.057706
2533312000	2533096448	215552	512	1.091251
198268383232	198268140544	242688	512	4.022437
89400188928	89400055808	133120	512	7.045321
57769940992	57769808384	132608	512	1.293317
10201617408	10201358848	258560	512	6.124536
10472026112	10471859200	166912	512	1.191560
31220633088	31220430848	202240	512	6.543126
212578888192	212578670080	218112	512	1.117020
35439166464	35438935552	230912	512	6.329057
23718966784	23718807552	159232	512	6.977078
218182508544	218182291456	217088	512	1.077356
7988396544	7988139008	257536	512	4.854927
234461074944	234460909568	165376	512	1.741753
141301022208	141300768768	253440	512	5.737139
108742571520	108742360576	210944	512	1.042876
20512586752	20512434176	152576	512	6.982409
127063199232	127062972928	226304	512	1.115300
233329723904	233329503744	220160	512	3.800705
242693516800	242693300736	216064	512	5.046935
137091037696	137090839552	198144	512	4.940627
47059011584	47058827776	183808	512	1.938288
170641619456	170641397248	222208	512	4.506158
111109794816	111109660672	134144	512	1.144891
89230842368	89230676992	165376	512	6.725122
1135134208	1134932480	201728	512	1.143514
154824715264	154824552960	162304	512	1.035950
133268990464	133268730368	260096	512	5.705745
57172082688	57171865088	217600	512	6.413705
151986604032	151986421760	182272	512	1.056779
132989248512	132989044736	203776	512	6.396028
175282310656	175282076672	233984	512	4.380209
86870681600	86870425088	256512	512	5.975925
85698727424	85698570240	157184	512	6.896905
116864392704	116864144384	248320	512	5.874092
92888487424	92888268288	219136	512	6.272614
235854107648	235853923840	183808	512	1.075434
154270070272	154269910016	160256	512	1.114802
90633026048	90632827904	198144	512	6.468041
140673130496	140672882176	248320	512	4.445346
43062641152	43062477312	163840	512	1.215410
242834973184	242834748928	224256	512	3.557727
135307951104	135307734528	216576	512	6.157524
216480583168	216480359936	223232	512	1.120813
12740072960	12739844096	228864	512	6.325411
54603264512	54603014656	249856	512	4.736133
198409265152	198409059840	205312	512	5.839765
167943683584	167943506432	177152	512	1.855168
87884426240	87884276736	149504	512	1.229902
196531962880	196531823104	139776	512	1.033868
143204460544	143204263424	197120	512	6.279891
214801781760	214801639424	142336	512	5.148811
206420420096	206420198912	221184	512	1.868040
72777661440	72777473024	188416	512	2.173792
114623968256	114623742976	225280	512	6.157567
134938438656	134938287104	151552	512	5.468669
15398568448	15398354944	213504	512	6.521418
188506363392	188506196992	166400	512	1.120527
219783651840	219783461376	190464	512	5.778067
243113125888	243112888320	237568	512	3.363422
153535882240	153535721984	160256	512	5.242374
98626007552	98625769472	238080	512	1.034359
155948880896	155948623360	257536	512	1.039540
208052619264	208052447744	171520	512	5.596298
38713763840	38713539072	224768	512	1.291486
158585263104	158585090048	173056	512	5.116608
129654237696	129654040576	197120	512	6.393962
60800707072	60800459264	247808	512	1.282576
89704951808	89704773632	178176	512	6.642255
202916427776	202916291584	136192	512	1.048290
152968569856	152968397824	172032	512	6.509606
153041039360	153040802304	237056	512	4.523010
211960535552	211960352256	183296	512	1.041400
130803884032	130803723776	160256	512	1.174849
173382836736	173382620672	216064	512	4.576663
660666880	660494848	172032	512	1.154127
207980292608	207980149760	142848	512	6.513366
66484931584	66484785664	145920	512	1.129881
241516184064	241515953664	230400	512	3.497159
141363193856	141362976768	217088	512	4.712649
4287077376	4286856704	220672	512	6.487727
210959719424	210959461376	258048	512	1.126769
248924079616	248923831808	247808	512	1.059627
12867246080	12867103744	142336	512	7.066085
178211967488	178211781120	186368	512	1.136543
54375304704	54375169024	135680	512	1.909074
91261349376	91261178880	170496	512	2.083738
175169367040	175169124352	242688	512	5.644826
160099240448	160099035648	204800	512	1.048010
7857849344	7857644544	204800	512	5.236997
204645644288	204645482496	161792	512	1.196444
22186361856	22186204160	157696	512	6.979993
46207297024	46207119872	177152	512	6.785127
70939606528	70939369984	236544	512	6.183013
169639306752	169639052288	254464	512	5.534375
110592565248	110592382464	182784	512	1.202534
122265094144	122264957952	136192	512	1.258785
12197992960	12197861376	131584	512	1.205542
228982650880	228982431744	219136	512	3.883419
199137566208	199137347584	218624	512	5.754878
88875051520	88874805760	245760	512	1.182317
224933403648	224933217792	185856	512	1.164280
87324438016	87324217856	220160	512	6.280754
99508404224	99508235776	168448	512	6.707646
246096450048	246096304128	145920	512	1.026585
238479589376	238479419904	169472	512	1.197199
164515801088	164515642880	158208	512	1.093280
174305871360	174305676800	194560	512	4.785359
116693720064	116693457920	262144	512	1.198939
232242366464	232242119680	246784	512	3.447161
203870536704	203870338048	198656	512	1.071375
229660512256	229660312576	199680	512	4.222458
16271739904	16271505920	233984	512	1.097429
26914886144	26914698240	187904	512	6.691945
201149531136	201149289472	241664	512	5.396692
208528317440	208528101888	215552	512	4.223658
164588755968	164588530688	225280	512	5.904336
103380647936	103380491264	156672	512	1.213547
1487234560	1487045120	189440	512	1.185918
81126641152	81126495744	145408	512	1.114014
137653588480	137653450240	138240	512	5.448808
3315683840	3315497984	185856	512	5.464030
81575095808	81574889472	206336	512	6.451073
36025672192	36025520640	151552	512	6.984724
55122520576	55122384384	136192	512	7.083168
169715435520	169715258368	177152	512	1.060555
100632410112	100632216576	193536	512	6.487824
133751805952	133751669760	136192	512	5.564865
228998669824	228998417920	251904	512	3.465349
140543001088	140542837248	163840	512	1.179841
120764073472	120763889152	184320	512	5.115254
128363271168	128363138560	132608	512	6.995305
215828211200	215827954688	256512	512	3.616011
27437186560	27437008384	178176	512	1.068150
233980000256	233979789824	210432	512	3.948360
63233602048	63233428992	173056	512	6.768872
95570971136	95570789376	181760	512	1.188852
17167195648	17166942720	252928	512	1.066540
148919200768	148919026176	174592	512	6.502424
67262804992	67262645248	159744	512	5.490028
228523921408	228523728896	192512	512	4.322733
93875388928	93875229696	159232	512	6.817154
3615172096	3614931968	240128	512	4.942597
76633487360	76633231872	255488	512	1.074624
166727637504	166727447552	189952	512	6.280189
128761980928	128761789440	191488	512	6.405904
155228152320	155227974656	177664	512	6.488233
167845626368	167845394432	231936	512	5.778679
76097062912	76096855552	207360	512	1.075186
64833229824	64832978432	251392	512	6.080254
119494860800	119494709248	151552	512	1.254662
174095920640	174095668224	252416	512	5.540698
171290155520	171290010112	145408	512	6.707109
130481504768	130481264128	240640	512	1.132974
70924223488	70924029440	194048	512	1.045747
172091579904	172091360768	219136	512	5.919458
15736761856	15736592896	168960	512	1.249395
77716722688	77716530688	192000	512	6.541421
233417304576	233417097728	206848	512	5.363206
20772581888	20772418048	163840	512	6.916143
46451385856	46451206656	179200	512	1.137166
83976554496	83976415744	138752	512	7.017009
173228397568	173228174848	222720	512	1.009795
191988172800	191987921408	251392	512	5.400991
219676312064	219676102656	209408	512	4.119305
87342710784	87342466560	244224	512	6.096733
194343076352	194342932992	143360	512	6.624433
27048083968	27047832064	251904	512	6.120226
164793172480	164793011712	160768	512	5.209359
37360901120	37360753152	147968	512	7.035811
21756793344	21756660224	133120	512	1.238854
201698795520	201698596864	198656	512	1.703414
233313600512	233313403392	197120	512	4.153952
56475958272	56475812864	145408	512	7.036360
227978634752	227978410496	224256	512	3.904723
121726206464	121725952000	254464	512	1.161128
201552947712	201552727552	220160	512	5.678356
127261728768	127261591552	137216	512	1.044950
450027008	449839104	187904	512	5.371664
151719011840	151718820864	190976	512	6.293682
178788160512	178788028928	131584	512	6.821436
97832601088	97832443904	157184	512	6.828227
72071461376	72071274496	186880	512	6.648804
185211571712	185211400192	171520	512	5.001666
213661860352	213661633536	226816	512	4.052070
119730630656	119730392576	238080	512	5.961477
242480609792	242480354816	254976	512	4.766935
192357874176	192357644800	229376	512	1.013176
231017460224	231017315328	144896	512	6.211508
237170687488	237170537984	149504	512	6.029244
240976722944	240976560640	162304	512	5.797048
72994343424	72994209280	134144	512	7.088324
6922405376	6922224640	180736	512	1.812774
225529720320	225529532928	187392	512	4.389384
73973891584	73973687808	203776	512	6.454183
144433331200	144433149440	181760	512	1.071351
218772897280	218772661248	236032	512	5.101308
211920389120	211920136192	252928	512	5.111731
164279602176	164279451648	150528	512	6.682097
230282327040	230282184704	142336	512	1.060698
83985725952	83985512960	212992	512	6.335215
82110553088	82110305280	247808	512	1.229060
64365533184	64365367296	165888	512	1.329963
123819175424	123818995200	180224	512	1.199065
115624671232	115624527360	143872	512	1.097494
5877749760	5877544448	205312	512	1.072574
55983245312	55983093760	151552	512	6.966159
218580830720	218580634624	196096	512	1.070801
126550112768	126549920256	192512	512	6.413666
233408017920	233407860736	157184	512	1.119216
90777025536	90776885248	140288	512	6.994566
76421786624	76421562880	223744	512	1.289514
112679690240	112679429632	260608	512	5.832865
1144199168	1144061952	137216	512	5.854304
84824626176	84824460800	165376	512	1.261522
140375281664	140375117312	164352	512	6.659572
226796603904	226796353536	250368	512	1.030671
159380897792	159380719616	178176	512	1.027844
166806917120	166806658560	258560	512	5.558559
221528201216	221528018944	182272	512	1.057677
96918697472	96918503424	194048	512	6.538860
45890512896	45890332160	180736	512	6.772803
47531109888	47530918400	191488	512	5.273810
247899824640	247899646464	178176	512	5.572251
228488472064	228488216576	255488	512	4.879228
157051385344	157051206656	178688	512	6.456117
140129890304	140129631232	259072	512	5.767963
25908285952	25908100096	185856	512	2.053908
236556270080	236556064256	205824	512	5.424009
92810102272	92809897984	204288	512	6.454067
119125693440	119125462528	230912	512	1.047105
152167080960	152166843392	237568	512	5.831818
72990618112	72990410240	207872	512	5.065153
142358329856	142358170624	159232	512	1.105900
230025477632	230025336832	140800	512	1.000708
240473856512	240473621504	235008	512	3.398647
140467375104	140467210752	164352	512	6.643512
230487167488	230486960128	207360	512	4.021224
188770494976	188770342912	152064	512	1.159796
118873371648	118873160192	211456	512	1.221272
85162985984	85162747392	238592	512	6.196304
200831061504	200830810624	250880	512	1.087829
217488439808	217488273408	166400	512	1.010959
167236087808	167235888640	199168	512	6.203863
159200283648	159200081920	201728	512	4.825142
196686973952	196686782976	190976	512	6.016999
172324359680	172324142592	217088	512	5.939494
84009979904	84009748992	230912	512	0.945752
200261316608	200261099520	217088	512	0.873266
228885335552	228885144064	191488	512	4.301816
21698307072	21698101760	205312	512	5.212368
190585656320	190585447936	208384	512	5.950549
235704506880	235704321024	185856	512	1.686469
200258638848	200258484224	154624	512	6.440506
30494621696	30494457856	163840	512	6.889257
71994809344	71994644480	164864	512	6.819905
18221049344	18220907008	142336	512	1.063321
19870243840	19870000128	243712	512	1.116062
244036697600	244036441088	256512	512	4.474671
160931579392	160931446784	132608	512	5.496228
29675075072	29674826240	248832	512	4.805539
199673711104	199673481728	229376	512	5.544348
235329093120	235328838656	254464	512	1.728862
205111661568	205111517184	144384	512	6.544324
63882233856	63882087936	145920	512	6.991083
91021408768	91021264384	144384	512	6.982083
93720151040	93719961600	189440	512	6.545317
242396300800	242396067840	232960	512	1.043547
69647245312	69646986240	259072	512	1.212038
62776421376	62776268800	152576	512	1.117751
223107025920	223106799616	226304	512	3.825207
93252910080	93252740608	169472	512	6.720127
27964692992	27964465152	227840	512	6.400067
54991447040	54991290880	156160	512	5.544161
164723488768	164723353088	135680	512	1.001905
63716758528	63716510208	248320	512	1.063376
98193553408	98193337344	216064	512	1.153593
218309844480	218309657088	187392	512	5.872466
231946061824	231945850368	211456	512	3.956520
126626714112	126626473984	240128	512	4.589982
201908303872	201908046848	257024	512	5.161994
9735363584	9735215616	147968	512	6.804787
42108197376	42107972096	225280	512	6.369293
110474547200	110474369536	177664	512	6.556114
73733332480	73733080576	251904	512	4.630670
107362999808	107362797568	202240	512	5.009502
115401626112	115401416704	209408	512	6.295330
159796966400	159796741120	225280	512	5.950502
193272194560	193271961088	233472	512	5.608278
108516246528	108515995136	251392	512	1.152289
234121939456	234121742848	196608	512	1.774242
197745155072	197745001984	153088	512	5.095356
194173448704	194173214208	234496	512	5.585171
71372180480	71371983360	197120	512	1.102427
29351790592	29351570432	220160	512	1.105271
101950547456	101950291456	256000	512	5.688147
224087703552	224087546368	157184	512	1.109516
14991833088	14991629824	203264	512	1.109655
44823439872	44823258624	181248	512	6.754403
118187848704	118187675136	173568	512	1.031431
145471353856	145471188992	164864	512	1.148345
82766727168	82766555648	171520	512	1.078602
33784073728	33783830016	243712	512	6.256606
243419505664	243419304448	201216	512	5.237245
97746913792	97746754560	159232	512	6.817704
105004308992	105004173824	135168	512	1.063371
63274571264	63274393088	178176	512	5.335367
107666840064	107666599936	240128	512	4.637975
54511633408	54511459840	173568	512	5.402523
175777108480	175776850944	257536	512	4.247318
177712775680	177712626688	148992	512	6.609625
105752392192	105752200192	192000	512	5.087701
13672243200	13672003584	239616	512	6.030428
224986450944	224986272768	178176	512	1.063317
151770230784	151770042880	187904	512	1.780382
48563293696	48563073024	220672	512	1.187806
214799835648	214799575552	260096	512	3.651931
178759878656	178759686144	192512	512	1.170510
201672917504	201672719360	198144	512	1.040116
248168197120	248167968768	228352	512	1.063857
100055680512	100055544320	136192	512	7.029883
81881600	81680384	201216	512	1.187799
134838196224	134837985280	210944	512	1.039527
243927650304	243927403008	247296	512	3.206764
189180530176	189180366848	163328	512	1.187229
79792770560	79792532480	238080	512	1.082639
160005829120	160005569536	259584	512	5.555356
231461574144	231461394944	179200	512	5.777319
70078347264	70078105088	242176	512	4.793121
171394086400	171393881600	204800	512	6.094674
4594757632	4594511360	246272	512	1.110912
76382994432	76382806528	187904	512	1.071455
79261984256	79261839872	144384	512	6.977909
101453963776	101453830656	133120	512	1.051760
32214249472	32214046208	203264	512	6.529808
114562952704	114562777088	175616	512	6.608473
3216226816	3216061952	164864	512	6.929390
45612765696	45612577792	187904	512	6.678112
193992045568	193991881728	163840	512	2.072920
151320329728	151320155136	174592	512	0.974847
215308463616	215308259328	204288	512	0.978325
244201407488	244201268224	139264	512	0.978548
34144058368	34143898624	159744	512	1.124535
201092575744	201092358144	217600	512	5.741499
205897189376	205897024000	165376	512	4.900387
142118279680	142118128640	151040	512	6.740899
229482120704	229481895936	224768	512	3.878961
229517068800	229516862464	206336	512	5.476515
76611306496	76611095040	211456	512	6.411281
99132044288	99131787776	256512	512	5.921616
235621487616	235621227520	260096	512	4.576797
181601641984	181601467904	174080	512	1.166538
56931698176	56931453952	244224	512	6.175665
101995687936	101995462656	225280	512	0.957572
155863041536	155862874112	167424	512	5.206342
21948187648	21948034560	153088	512	5.739253
65802954752	65802789376	165376	512	6.841888
30421307904	30421085696	222208	512	6.405248
141785177088	141784934912	242176	512	4.448101
99625240064	99625063936	176128	512	5.297490
119610028032	119609888768	139264	512	6.911635
33103091200	33102942208	148992	512	6.695096
154820801536	154820547072	254464	512	1.112387
169637899264	169637754368	144896	512	1.632474
182013753856	182013555712	198144	512	6.064936
196246699008	196246530560	168448	512	1.181763
241000059392	240999822336	237056	512	3.333335
150918837760	150918614016	223744	512	4.610917
144979699712	144979456000	243712	512	5.895299
185412896768	185412713472	183296	512	6.215648
246913397248	246913174528	222720	512	3.415527
167953990144	167953807872	182272	512	6.325289
86824303104	86824125440	177664	512	1.151776
174285141504	174284915712	225792	512	4.487400
9491444736	9491200512	244224	512	1.235400
176272634880	176272449024	185856	512	6.259292
105147707392	105147543040	164352	512	1.285752
123572832256	123572634624	197632	512	6.347978
182831119360	182830915584	203776	512	1.104965
91460487168	91460352512	134656	512	5.701251
148804634624	148804398592	236032	512	1.135646
177968193024	177968061440	131584	512	6.803776
3449267712	3449134080	133632	512	5.832062
19312213504	19312019968	193536	512	5.349241
117600723968	117600560640	163328	512	6.699133
33514731520	33514539520	192000	512	1.231084
61681038336	61680840192	198144	512	6.552702
208450910720	208450778624	132096	512	1.929010
96334832640	96334590976	241664	512	6.056976
230711415808	230711266816	148992	512	4.873032
37009778176	37009611264	166912	512	5.461273
67855316992	67855070208	246784	512	1.983730
39008094208	39007853568	240640	512	1.108530
21233570816	21233404416	166400	512	6.901140
103137655296	103137450496	204800	512	1.083769
226217712128	226217536512	175616	512	1.072596
222845832704	222845638656	194048	512	4.306216
236866246656	236866100224	146432	512	6.245699
141024056320	141023843328	212992	512	6.187027
211804577280	211804363264	214016	512	5.590234
45385406464	45385272320	134144	512	7.138804
239836511744	239836259328	252416	512	3.087986
185562828800	185562604544	224256	512	4.504600
238894663680	238894530560	133120	512	1.102432
126579025408	126578800128	225280	512	4.740414
120375773696	120375518720	254976	512	2.047808
53679771136	53679630336	140800	512	1.126097
122666087424	122665860096	227328	512	6.089175
149684058112	149683821056	237056	512	1.268970
179253729280	179253542400	186880	512	6.238068
42367881728	42367624704	257024	512	1.121466
73794135040	73793998336	136704	512	4.226785
133021461504	133021258240	203264	512	1.093037
86818785792	86818573824	211968	512	6.311800
248281266176	248281053696	212480	512	4.881769
198866589696	198866434560	155136	512	5.127051
187455931392	187455774720	156672	512	1.047751
166476135936	166475903488	232448	512	5.820688
51737174528	51737003520	171008	512	1.120509
188341202432	188341017088	185344	512	1.189115
178486632448	178486372352	260096	512	1.036145
13034755584	13034606080	149504	512	6.602941
91986636800	91986470912	165888	512	6.470958
109940074496	109939814912	259584	512	1.116898
9681133568	9680979456	154112	512	7.029925
30527623680	30527365632	258048	512	6.100950
114384748544	114384519680	228864	512	4.777456
54157329920	54157180928	148992	512	5.623559
164740522496	164740389376	133120	512	6.860074
128401453568	128401255424	198144	512	4.935127
123492668416	123492536832	131584	512	5.543607
121699026944	121698879488	147456	512	1.073461
219938260992	219938031104	229888	512	5.325303
207469114880	207468981760	133120	512	5.334938
229326359552	229326190592	168960	512	1.107731
88861600768	88861443072	157696	512	2.087153
112367579648	112367364608	215040	512	1.211126
137912400896	137912174592	226304	512	6.057310
10794674176	10794432512	241664	512	4.901309
245888619520	245888407552	211968	512	4.743543
214682402816	214682149888	252928	512	3.759923
7634044416	7633794560	249856	512	6.289323
133849409536	133849157120	252416	512	1.048012
71952375808	71952163328	212480	512	1.154884
97832407040	97832162304	244736	512	4.709555
145535964160	145535729152	235008	512	1.017801
155070605824	155070372352	233472	512	5.883213
148095938560	148095747584	190976	512	6.371464
68688323584	68688100352	223232	512	1.241022
185515181056	185514965504	215552	512	4.499822
231390097408	231389879808	217600	512	0.993684
137640280576	137640099328	181248	512	4.203944
16714537984	16714316800	221184	512	6.456383
106778843648	106778619904	223744	512	3.981387
113898019328	113897781248	238080	512	1.115039
216786328064	216786112512	215552	512	1.787713
50125625344	50125484544	140800	512	1.315244
6512865792	6512704512	161280	512	1.326901
58755851776	58755655680	196096	512	6.610392
32290992640	32290796544	196096	512	5.276798
185037092352	185036946944	145408	512	6.717174
32323956224	32323763712	192512	512	1.035410
13383030272	13382774784	255488	512	1.127577
46340968448	46340813824	154624	512	6.952994
145345959936	145345823232	136704	512	1.141180
19265711104	19265492992	218112	512	1.068149
210360060416	210359873536	186880	512	4.472666
81393857024	81393601024	256000	512	4.611552
239155633664	239155485696	147968	512	4.694317
16447639040	16447498240	140800	512	1.068650
101851668992	101851514368	154624	512	6.805927
57370981888	57370842624	139264	512	7.077891
22501779456	22501568512	210944	512	1.059610
36418212864	36417957376	255488	512	4.734137
40213953536	40213763072	190464	512	6.701656
232293867008	232293636096	230912	512	5.047744
19780482048	19780253696	228352	512	6.397908
92241681920	92241481216	200704	512	5.040926
21353552896	21353355776	197120	512	6.651103
51043928064	51043758592	169472	512	1.059800
111646671872	111646439424	232448	512	6.097103
239933950976	239933809664	141312	512	6.131612
69764218368	69764011008	207360	512	6.461346
164365686784	164365435904	250880	512	5.646341
13579499520	13579243008	256512	512	6.157131
88236522496	88236281856	240640	512	4.713251
124798280192	124798027264	252928	512	4.502986
4097690112	4097444864	245248	512	4.946165
170301419008	170301217792	201216	512	4.738989
41601429504	41601291264	138240	512	5.740649
49467698176	49467461632	236544	512	1.073486
92932390912	92932205056	185856	512	14.819876
90086451712	90086220288	231424	512	6.154580
195850430464	195850169856	260608	512	1.078178
42753865728	42753675264	190464	512	5.297668
174381701120	174381465600	235520	512	4.365271
36668786688	36668537856	248832	512	4.676898
232276517376	232276271104	246272	512	4.986273
21816707072	21816559616	147456	512	1.279366
234233492992	234233327104	165888	512	5.944354
55140411904	55140257792	154112	512	7.001123
232739799552	232739539456	260096	512	4.626711
63232211968	63232071168	140800	512	7.029882
211566671360	211566531072	140288	512	5.163025
194050854400	194050611200	243200	512	4.152205
235667907584	235667704320	203264	512	1.067137
203743842816	203743640064	202752	512	4.414703
92680223232	92680031744	191488	512	6.529214
87884044288	87883889152	155136	512	6.878156
148829596160	148829356032	240128	512	5.865170
16086633984	16086398976	235008	512	4.988541
181803745792	181803524096	221696	512	5.828621
139627750400	139627565568	184832	512	6.450823
245743194624	245743053824	140800	512	1.101462
115773459456	115773320192	139264	512	6.971175
247413992448	247413860352	132096	512	1.095969
95590675456	95590441472	233984	512	6.152288
72065654272	72065454080	200192	512	1.104856
10458663936	10458452992	210944	512	1.131813
218330642944	218330425344	217600	512	1.192821
105112643072	105112438272	204800	512	6.347079
95087914496	95087725568	188928	512	6.550525
47905051136	47904831488	219648	512	1.044885
218238610432	218238361600	248832	512	5.118995
182431514112	182431253504	260608	512	5.340084
62826807808	62826668032	139776	512	0.996188
119080311296	119080111616	199680	512	1.043623
171105559040	171105299968	259072	512	0.976156
124687259648	124687087616	172032	512	6.602388
868514304	868297216	217088	512	6.608631
72118740480	72118558208	182272	512	1.356562
242754066944	242753917440	149504	512	6.026144
179968357888	179968123904	233984	512	1.113373
149453239296	149453048320	190976	512	4.991916
67602421248	67602220544	200704	512	6.552719
32278410752	32278195712	215040	512	6.458022
53215966720	53215749120	217600	512	1.279653
49917653504	49917428224	225280	512	4.964784
197148919808	197148762624	157184	512	6.401552
202029856256	202029629952	226304	512	0.983336
248403319808	248403164672	155136	512	1.051814
57684636672	57684414464	222208	512	6.366792
90093854208	90093639168	215040	512	6.312793
155269618176	155269401600	216576	512	1.086686
229845214208	229845003776	210432	512	1.081343
173310343680	173310129664	214016	512	5.939075
45260093440	45259948032	145408	512	7.056303
220460711936	220460493824	218112	512	1.059262
164294217728	164294063104	154624	512	1.093371
102891020800	102890787328	233472	512	6.140724
177087993344	177087751168	242176	512	1.059918
117929470976	117929338368	132608	512	7.053735
138642800128	138642649600	150528	512	1.068987
63768505856	63768323584	182272	512	6.572158
242302744576	242302598656	145920	512	1.040953
113519745536	113519490560	254976	512	4.485525
175872741888	175872509952	231936	512	1.053370
138863951360	138863727104	224256	512	6.071422
168923995136	168923844096	151040	512	1.153460
22647900672	22647675392	225280	512	5.028105
43308722176	43308553216	168960	512	5.450339
62204899328	62204637696	261632	512	1.098391
243355550720	243355391488	159232	512	4.509490
33532665856	33532459008	206848	512	6.487946
143092007424	143091750400	257024	512	4.342958
25896159232	25895963648	195584	512	5.298667
142764699648	142764495872	203776	512	1.156091
43423037440	43422804992	232448	512	4.914670
229866782208	229866647552	134656	512	6.441455
121513353728	121513163776	189952	512	6.392209
244402634240	244402448384	185856	512	1.106214
79587365888	79587162112	203776	512	6.248355
81581096448	81580867584	228864	512	6.233533
194243771904	194243624960	146944	512	6.677829
41588781056	41588642816	138240	512	1.078764
73136263680	73136109568	154112	512	6.912477
179001467904	179001289216	178688	512	4.918402
227272613888	227272384512	229376	512	5.199159
157937288704	157937063936	224768	512	4.612455
164344911360	164344664576	246784	512	4.405778
136633641472	136633492992	148480	512	1.186361
115816358912	115816150016	208896	512	4.939350
83295404032	83295187968	216064	512	4.958177
195431955456	195431703040	252416	512	5.281947
156422387200	156422216704	170496	512	1.069095
104036772864	104036523520	249344	512	1.230654
146060516864	146060371456	145408	512	6.711125
60432254464	60432050688	203776	512	0.941444
24376181760	24376035840	145920	512	7.053426
177531885568	177531634176	251392	512	5.449349
185485090304	185484914176	176128	512	4.924085
233390273536	233390139392	134144	512	1.928035
43845326848	43845086720	240128	512	1.321694
16493299712	16493050880	248832	512	6.212475
157413655040	157413444608	210432	512	1.213190
80298419200	80298212352	206848	512	1.119007
130704755712	130704533504	222208	512	6.093816
130474244608	130474101760	142848	512	5.511495
226977990656	226977841664	148992	512	6.225311
165100959744	165100767232	192512	512	1.094875
57171297792	57171040768	257024	512	1.134373
210474881024	210474652672	228352	512	4.075972
18237182976	18237026304	156672	512	6.970212
231726354432	231726099456	254976	512	4.715177
216145666560	216145420800	245760	512	3.822343
43584129536	43583984128	145408	512	5.714829
90947756544	90947621888	134656	512	6.905783
54033943552	54033778176	165376	512	6.822570
23837450752	23837229568	221184	512	5.072266
126138320384	126138132480	187904	512	6.446488
115195016192	115194769408	246784	512	4.595230
88907590144	88907372032	218112	512	4.880913
218612450816	218612234752	216064	512	4.112555
197582374912	197582116352	258560	512	5.244337
138860628480	138860495360	133120	512	1.867611
56789920768	56789736960	183808	512	6.695695
82603847168	82603714560	132608	512	1.144297
44008721408	44008462336	259072	512	4.698944
122208510464	122208291328	219136	512	1.184681
122820014592	122819788288	226304	512	4.738250
232356149248	232356015104	134144	512	6.356175
249630740992	249630519808	221184	512	4.797943
24866332672	24866188288	144384	512	7.070632
131377544192	131377296384	247808	512	5.852559
31801837056	31801583616	253440	512	4.767537
225414602240	225414423552	178688	512	4.426159
50824994816	50824791040	203776	512	6.530074
119175735296	119175585792	149504	512	1.037453
224199899136	224199638016	261120	512	4.763106
75987037184	75986873344	163840	512	1.266714
124096119296	124095950848	168448	512	1.113745
179531102720	179530876416	226304	512	1.138397
146340113920	146339923456	190464	512	1.166953
52064648704	52064439296	209408	512	2.086536
210813676032	210813474816	201216	512	1.085602
8525122560	8524873728	248832	512	6.275579
15619450368	15619245568	204800	512	5.219127
249512129536	249511911936	217600	512	3.482354
40516260864	40516056064	204800	512	1.254717
135031587840	135031337472	250368	512	5.822151
205238059520	205237853696	205824	512	5.775277
6607949312	6607729152	220160	512	6.491559
107482907136	107482695168	211968	512	4.925074
201691676672	201691545088	131584	512	6.670479
72837431808	72837204992	226816	512	1.044296
118965185024	118964934144	250880	512	5.851379
162509394944	162509140480	254464	512	4.173822
150355164672	150354975744	188928	512	6.362458
231768909312	231768740864	168448	512	1.099257
28054014464	28053803520	210944	512	6.554176
124309932032	124309697024	235008	512	4.670259
80426926080	80426734592	191488	512	6.572389
217100504064	217100308480	195584	512	4.397915
21776190976	21776057344	133632	512	7.171535
181788540928	181788355072	185856	512	3.931277
80606364672	80606191616	173056	512	6.744148
3696776704	3696567296	209408	512	5.222464
244494005248	244493822976	182272	512	4.195218
126551481344	126551341568	139776	512	1.181234
87083109888	87082944512	165376	512	1.191963
167769605120	167769361920	243200	512	1.048236
242831253504	242830994944	258560	512	1.051801
206382595072	206382333952	261120	512	5.090650
127749806592	127749603840	202752	512	1.076188
195448452608	195448254464	198144	512	1.203243
54898560512	54898427392	133120	512	7.114741
171079761920	171079572992	188928	512	4.855305
31032330752	31032145408	185344	512	5.321453
36373178880	36372941312	237568	512	1.274281
164744420864	164744188928	231936	512	1.157593
47614731776	47614513664	218112	512	1.942276
95743450112	95743303680	146432	512	6.724889
55175782912	55175649280	133632	512	1.207385
221911479296	221911284224	195072	512	5.662026
220120272896	220120022528	250368	512	5.076451
177043534848	177043284480	250368	512	0.924831
32408002048	32407822336	179712	512	6.750776
238935755776	238935569920	185856	512	5.510587
86382460416	86382272512	187904	512	0.968602
134475116032	134474979840	136192	512	1.162891
106958511616	106958364160	147456	512	5.499250
224512034816	224511797760	237056	512	3.729437
53181345280	53181151744	193536	512	1.064152
90107137024	90106906624	230400	512	4.795726
154943561728	154943361536	200192	512	1.145018
81061783552	81061532672	250880	512	2.139287
100490166784	100489996800	169984	512	1.126973
117109018112	117108846592	171520	512	6.637347
55668532736	55668293120	239616	512	1.247672
48537283584	48537024000	259584	512	6.061794
140806535680	140806385664	150016	512	1.236152
39663784448	39663528960	255488	512	6.125104
66664525824	66664358400	167424	512	6.809673
200294068736	200293903872	164864	512	6.357099
56703612416	56703447040	165376	512	1.101501
102319528448	102319276032	252416	512	5.886939
137062759936	137062611968	147968	512	1.588658
101109234688	101108973056	261632	512	5.872448
43369477632	43369227776	249856	512	6.156960
103043294720	103043099136	195584	512	5.071312
170406809088	170406595584	213504	512	1.057362
33933879808	33933690368	189440	512	6.676965
66518284288	66518110720	173568	512	6.750514
199548188160	199547940352	247808	512	4.002676
138620174848	138620040192	134656	512	1.272300
117957065216	117956821504	243712	512	4.550348
103093173760	103092942336	231424	512	1.048060
164407339008	164407158272	180736	512	1.058970
155836627456	155836421120	206336	512	6.150430
42045427712	42045233152	194560	512	6.641609
7523633152	7523438592	194560	512	6.724525
140551290368	140551132672	157696	512	6.719184
160085325312	160085125632	199680	512	6.217820
14725793792	14725587968	205824	512	6.591632
84412658688	84412432384	226304	512	4.867326
72366872576	72366660608	211968	512	1.072213
190703006720	190702859776	146944	512	1.080125
175281127936	175280948224	179712	512	6.304153
36483048448	36482820096	228352	512	1.066918
198101685760	198101441536	244224	512	3.998207
226206701056	226206489088	211968	512	1.044977
248795398656	248795250688	147968	512	4.610000
182338181120	182337947648	233472	512	5.662338
100900804096	100900646912	157184	512	1.053580
157339548672	157339382784	165888	512	1.106682
239247893504	239247749120	144384	512	6.127529
37428801536	37428657664	143872	512	7.035387
72921455616	72921210368	245248	512	1.145171
56922170368	56921998848	171520	512	6.801546
85190437376	85190235648	201728	512	3.476738
229065189888	229064936448	253440	512	4.820469
58351870976	58351722496	148480	512	6.995224
9979073024	9978941440	131584	512	5.805883
21289104384	21288883712	220672	512	5.075578
4635585024	4635381760	203264	512	6.614184
240548916736	240548755968	160768	512	5.881986
244410581504	244410372096	209408	512	5.154640
143905997312	143905762304	235008	512	4.556514
72605035520	72604879872	155648	512	6.886286
248538512896	248538328064	184832	512	3.995661
225128404480	225128228352	176128	512	1.144823
171264029184	171263883264	145920	512	1.043319
187882508288	187882364416	143872	512	6.616430
138531639296	138531386368	252928	512	4.461818
6142151680	6141957120	194560	512	6.738729
90411656704	90411408384	248320	512	1.072643
178641451520	178641250304	201216	512	1.085508
186267485696	186267349504	136192	512	6.766742
57653954560	57653787136	167424	512	6.804585
99648298496	99648116224	182272	512	1.046536
50350515712	50350286848	228864	512	6.275509
87886454272	87886194688	259584	512	5.943101
147221300736	147221042176	258560	512	4.340192
6364772352	6364530688	241664	512	6.361927
127719929344	127719669760	259584	512	4.444437
218805304320	218805171712	132608	512	1.109946
76740741120	76740503552	237568	512	4.780427
149846489088	149846290944	198144	512	1.185227
196337453568	196337257984	195584	512	4.509275
124091046912	124090866176	180736	512	1.141333
192391638016	192391499776	138240	512	1.070063
179631364608	179631149056	215552	512	5.864931
173436821504	173436621312	200192	512	1.191688
76691480576	76691305472	175104	512	6.714528
146401392128	146401137152	254976	512	1.763271
171544494080	171544299520	194560	512	4.790068
170287823872	170287648768	175104	512	1.047759
230542813184	230542665728	147456	512	6.233878
227755934208	227755706880	227328	512	5.225895
80001345536	80001176576	168960	512	1.251703
109174774272	109174621184	153088	512	6.845277
239295828480	239295696896	131584	512	4.922221
80750187008	80749967872	219136	512	1.157710
165474661376	165474490368	171008	512	1.075972
147302545920	147302378496	167424	512	6.615701
115387957248	115387797504	159744	512	1.949998
233223611392	233223478784	132608	512	6.372314
43551671296	43551437824	233472	512	6.309039
73628966912	73628716544	250368	512	1.106613
63824335360	63824201728	133632	512	1.163853
68731468800	68731206656	262144	512	5.989775
205851088896	205850830848	258048	512	5.149958
111049574400	111049401856	172544	512	6.645286
215755122688	215754905088	217600	512	1.020547
181905987072	181905739776	247296	512	5.545155
179313537024	179313390080	146944	512	1.080359
21663642624	21663413760	228864	512	6.364637
72374837248	72374655488	181760	512	6.673310
91303990272	91303738368	251904	512	5.966826
178666809856	178666615296	194560	512	1.081265
121642173440	121641983488	189952	512	5.079116
123755625472	123755435520	189952	512	6.449430
210594698240	210594520064	178176	512	4.660883
49928079360	49927907840	171520	512	6.799035
160002774528	160002554368	220160	512	6.000154
204239010816	204238866944	143872	512	6.613433
169906174464	169905985024	189440	512	5.402071
144200206848	144199964672	242176	512	1.151010
139452722176	139452501504	220672	512	6.115800
124346187776	124345979904	207872	512	6.301708
65147036160	65146848768	187392	512	1.169612
220122328576	220122151936	176640	512	5.982645
97834108416	97833883648	224768	512	1.245219
86156248576	86156096512	152064	512	6.890567
111355448832	111355243520	205312	512	4.957612
78732933120	78732794368	138752	512	7.008421
64298091520	64297958400	133120	512	7.124955
85984907776	85984767488	140288	512	1.943926
101636488192	101636344320	143872	512	1.085420
182662538240	182662376960	161280	512	5.091192
189722830336	189722588672	241664	512	4.152078
202411326976	202411121664	205312	512	4.436324
125458132480	125457964544	167936	512	0.998768
158861218816	158861072896	145920	512	1.105532
87140805120	87140615680	189440	512	6.535526
205242208256	205241958912	249344	512	1.063772
236216567296	236216388608	178688	512	5.769026
236557403648	236557146624	257024	512	4.662536
103293768192	103293627904	140288	512	6.948565
227965478400	227965304832	173568	512	4.572648
105945333248	105945123840	209408	512	5.084602
219848203264	219848069632	133632	512	5.079664
248704867840	248704609280	258560	512	2.873943
22826925568	22826783744	141824	512	1.114561
160803650560	160803489792	160768	512	6.583023
174824011264	174823809536	201728	512	4.733451
211307858944	211307675648	183296	512	1.121588
738753024	738566144	186880	512	6.756861
218846493696	218846296064	197632	512	5.743846
142814467072	142814234624	232448	512	1.021355
142889213440	142889004032	209408	512	6.164741
73113663488	73113452544	210944	512	6.413706
184707080704	184706859008	221696	512	4.393090
53331277312	53331019264	258048	512	6.073738
88030737408	88030498816	238592	512	4.773958
9324747776	9324501504	246272	512	6.284380
233396168704	233396035072	133632	512	6.408520
115294280192	115294099968	180224	512	1.632006
159999929856	159999756800	173056	512	5.116142
133140472320	133140277760	194560	512	6.363614
206276416512	206276187136	229376	512	1.093691
59731796480	59731633664	162816	512	1.243545
243193350656	243193175040	175616	512	5.528073
68446604288	68446384640	219648	512	1.178351
154340319744	154340171776	147968	512	5.380651
54609030656	54608792064	238592	512	4.841733
85537688576	85537539584	148992	512	6.804567
185482320384	185482096640	223744	512	5.765799
89787159552	89786975232	184320	512	6.626106
101205433856	101205255168	178688	512	0.872397
31422132224	31421875200	257024	512	4.738378
234155903488	234155664384	239104	512	3.548210
192564275712	192564035584	240128	512	5.499783
197327237120	197327090688	146432	512	5.164264
239487079936	239486941696	138240	512	6.174943
64909327872	64909160448	167424	512	6.794324
169848759296	169848541696	217600	512	5.924009
598083072	597908480	174592	512	1.347297
12631949824	12631730176	219648	512	5.074578
14865888768	14865716224	172544	512	6.822415
87465361408	87465212416	148992	512	1.219946
63153209344	63153043968	165376	512	1.185865
184136028160	184135887872	140288	512	0.994940
49926287872	49926131200	156672	512	6.927761
167945494528	167945296384	198144	512	4.835918
38666746880	38666596352	150528	512	6.987726
42108830208	42108635136	195072	512	6.593789
44286078976	44285926912	152064	512	5.594207
172871263232	172871127552	135680	512	1.104771
166226705408	166226541568	163840	512	6.529860
168141674496	168141519360	155136	512	6.634098
18491339264	18491147776	191488	512	1.381582
132834855936	132834598912	257024	512	1.054161
112719331840	112719093760	238080	512	1.171124
80485928960	80485745152	183808	512	6.639670
109561976832	109561800192	176640	512	13.515494
107790136832	107789935616	201216	512	6.364617
164839852032	164839709184	142848	512	1.021023
225593945600	225593762816	182784	512	5.799567
52992500224	52992359424	140800	512	1.071484
184537818112	184537686016	132096	512	6.800260
182648747008	182648572928	174080	512	6.345942
21085728256	21085543424	184832	512	1.753540
101034495488	101034248192	247296	512	1.605331
71344805376	71344591360	214016	512	1.243789
358416896	358183936	232960	512	6.407992
62852755456	62852532224	223232	512	6.325431
216353832448	216353696768	135680	512	0.991219
127913520128	127913303552	216576	512	1.132343
123114083328	123113862144	221184	512	4.884349
210170615808	210170417152	198656	512	5.799512
211804459520	211804227584	231936	512	5.360564
208453911552	208453737984	173568	512	6.101735
166433917440	166433745408	172032	512	1.068983
74936918528	74936773632	144896	512	6.958269
233886968320	233886792192	176128	512	5.814860
16944627712	16944379392	248320	512	6.227141
93645702144	93645453824	248320	512	4.646782
79107149824	79106924032	225792	512	4.920638
219835245568	219835113984	131584	512	5.229777
28880478208	28880266240	211968	512	6.461490
143645032448	143644810752	221696	512	4.672839
246478610944	246478400000	210944	512	4.974181
181729592320	181729330176	262144	512	5.342797
141395518464	141395291136	227328	512	4.649840
240453566464	240453310464	256000	512	4.461880
194277692928	194277558784	134144	512	0.873346
238957831680	238957624320	207360	512	3.942330
32846555648	32846358528	197120	512	6.680410
212170048512	212169796608	251904	512	3.746335
151946915328	151946756608	158720	512	0.951731
109393840640	109393709056	131584	512	5.693976
78095504384	78095350784	153600	512	5.544648
172456069632	172455826432	243200	512	0.873971
94052534784	94052348416	186368	512	6.436020
191942530048	191942332416	197632	512	6.026821
70481879552	70481618432	261120	512	5.955376
73494271488	73494009344	262144	512	4.624325
107040950784	107040700416	250368	512	5.904038
76286550016	76286372352	177664	512	5.311112
106895471616	106895312896	158720	512	5.383806
230715876352	230715665920	210432	512	1.106142
133933485568	133933233664	251904	512	4.470400
15502577664	15502343680	233984	512	4.998830
235589339136	235589198336	140800	512	1.049070
125051261952	125051010048	251904	512	5.873615
2339468288	2339244544	223744	512	5.107509
64853574144	64853435904	138240	512	7.059361
131946889216	131946647552	241664	512	5.900257
25692801536	25692643840	157696	512	6.986277
39848492544	39848293888	198656	512	5.200733
201084336640	201084152320	184320	512	6.075187
186609720320	186609489920	230400	512	1.065483
144727417344	144727195136	222208	512	6.049438
152153648128	152153438208	209920	512	6.147289
45178950656	45178806272	144384	512	5.670953
147756153856	147756013056	140800	512	1.105832
101553798656	101553582592	216064	512	6.251680
152650251264	152650093056	158208	512	5.236743
129757319680	129757138944	180736	512	5.172890
156071173632	156071037440	136192	512	6.864131
179308920320	179308747776	172544	512	6.324699
27297042432	27296834048	208384	512	6.507313
192618394624	192618199040	195584	512	1.112476
90643473408	90643224064	249344	512	4.696744
214266429952	214266174976	254976	512	3.718551
202008356864	202008094720	262144	512	3.738765
48304502784	48304280576	222208	512	1.270901
69723139584	69722888704	250880	512	6.094863
224935651328	224935417344	233984	512	3.732113
130615804928	130615584768	220160	512	4.742761
169811435520	169811273728	161792	512	6.510159
212058348544	212058174464	174080	512	1.167897
116522365440	116522223104	142336	512	6.804313
1718452736	1718205440	247296	512	5.025529
15995194368	15995015680	178688	512	5.429972
79588518912	79588336640	182272	512	5.258265
225299234816	225299090944	143872	512	6.311841
219327120896	219326876160	244736	512	5.135689
175073696768	175073523200	173568	512	5.012022
87879737344	87879560192	177152	512	6.676044
77942394880	77942254080	140800	512	1.115970
40873217024	40872971776	245248	512	6.217544
101621616128	101621435904	180224	512	1.054171
5286803456	5286611968	191488	512	6.714337
15227930112	15227764736	165376	512	6.938497
122515477504	122515326464	151040	512	1.107304
176053093376	176052862464	230912	512	4.433543
132597895680	132597637120	258560	512	1.065943
213214952960	213214702592	250368	512	5.151122
105618489856	105618233344	256512	512	5.862602
155327536640	155327308800	227840	512	4.573408
176367874560	176367726080	148480	512	5.275934
123856533504	123856366592	166912	512	6.669396
208810709504	208810508288	201216	512	5.746504
249558383616	249558180864	202752	512	1.129309
85298746368	85298590208	156160	512	5.484015
16501692416	16501483008	209408	512	6.509989
8910104064	8909955072	148992	512	5.725753
56241290240	56241100800	189440	512	6.659144
127031998976	127031815168	183808	512	1.139202
230523312640	230523164160	148480	512	5.995798
155138407936	155138274816	133120	512	6.909853
45943644672	45943424512	220160	512	5.045460
113955996160	113955864064	132096	512	1.297075
204046204928	204046056960	147968	512	6.390875
183328978944	183328793088	185856	512	14.472253
27001178624	27000981504	197120	512	1.292092
206898589696	206898423808	165888	512	6.234508
221669829120	221669588480	240640	512	5.084660
29966563328	29966354432	208896	512	5.146238
91170329600	91170177536	152064	512	6.863239
138493091840	138492905472	186368	512	6.377879
190717851648	190717654016	197632	512	5.982885
62359935488	62359700480	235008	512	1.117217
62725645312	62725395456	249856	512	6.097046
127878681600	127878454784	226816	512	6.133663
211339118592	211338936320	182272	512	5.998132
130661801472	130661635584	165888	512	5.270432
223206168064	223205907456	260608	512	3.453418
215100975616	215100787200	188416	512	5.895372
200648383488	200648156160	227328	512	4.218622
152390510592	152390344704	165888	512	1.100495
50070023168	50069805568	217600	512	6.399180
193064994304	193064759808	234496	512	4.217209
238100853760	238100618752	235008	512	4.656515
91964437504	91964301312	136192	512	6.992951
152059159552	152059006976	152576	512	1.220155
101406598144	101406460928	137216	512	7.056434
97949453824	97949216768	237056	512	6.130566
188955304960	188955063808	241152	512	4.164702
111703917056	111703686656	230400	512	4.725191
193042179584	193041989632	189952	512	1.170283
44903075328	44902939136	136192	512	7.117059
743553024	743302656	250368	512	1.025367
191549399552	191549178368	221184	512	5.725922
75651271168	75651106816	164352	512	6.792431
241498271744	241498044416	227328	512	3.510339
15976713728	15976516096	197632	512	1.344648
239312020992	239311862784	158208	512	4.551501
31791477760	31791254016	223744	512	6.388796
61334762496	61334613504	148992	512	6.976910
6124636160	6124389888	246272	512	6.291043
189827993088	189827788800	204288	512	4.564524
52091125760	52090987008	138752	512	7.054145
249394429440	249394232320	197120	512	10.441363
155400513024	155400346112	166912	512	6.546609
33918932992	33918670848	262144	512	1.106846
135745785856	135745581568	204288	512	4.913081
152249780736	152249638912	141824	512	6.814020
70625544192	70625289216	254976	512	1.307235
19252405760	19252172800	232960	512	4.997743
42760028672	42759837184	191488	512	6.657638
99167468032	99167321088	146944	512	1.194482
163530665472	163530515968	149504	512	5.308420
55104862208	55104712192	150016	512	6.981091
7417207296	7417074688	132608	512	7.212000
20458679808	20458434048	245760	512	1.212013
130003039744	130002894336	145408	512	1.098723
184436928000	184436751872	176128	512	6.325573
8613426176	8613234688	191488	512	1.318143
72323139072	72322931200	207872	512	1.795760
15526961664	15526817280	144384	512	5.567054
143457166848	143456952832	214016	512	6.115700
248202990080	248202851328	138752	512	6.073913
91268620288	91268422144	198144	512	6.388494
55894061568	55893882368	179200	512	6.735141
214883672576	214883507712	164864	512	2.061249
113411158528	113411019776	138752	512	6.961349
34433179136	34432929792	249344	512	1.196469
234504258560	234504106496	152064	512	6.145531
228847698432	228847505920	192512	512	4.295970
167858599424	167858375680	223744	512	1.191850
95883427840	95883165696	262144	512	1.151468
145719548416	145719322112	226304	512	6.012107
186731644416	186731445248	199168	512	6.031648
37264990208	37264825856	164352	512	1.334921
58506421248	58506281984	139264	512	7.064921
207860388864	207860215808	173056	512	4.782170
117461740544	117461523456	217088	512	6.195831
215335905792	215335649792	256000	512	19.839458
60061281792	60061106688	175104	512	5.311222
110202450432	110202295296	155136	512	1.274867
54527145472	54526997504	147968	512	1.785673
8919693824	8919556608	137216	512	1.035026
154728880640	154728740352	140288	512	6.865502
155231253504	155231047168	206336	512	6.099726
54836306944	54836151296	155648	512	6.931182
135209102336	135208867328	235008	512	5.983160
66839194112	66838995456	198656	512	1.116069
246827030528	246826802688	227840	512	3.335045
2135201280	2135058944	142336	512	7.097115
164073153536	164072965120	188416	512	6.257458
133618768896	133618516480	252416	512	4.358937
91705638912	91705386496	252416	512	6.047980
167910329344	167910189056	140288	512	6.821687
60632464384	60632302592	161792	512	6.867874
188496982528	188496779776	202752	512	1.103466
120515144192	120514961920	182272	512	5.137703
42882278400	42882096128	182272	512	6.714087
238586731008	238586544128	186880	512	5.487800
230435359744	230435146240	213504	512	3.910547
210207504896	210207324160	180736	512	4.632613
88666169344	88665999360	169984	512	6.741863
14163180032	14163013632	166400	512	1.229745
234258786816	234258599936	186880	512	5.673077
45706071040	45705921536	149504	512	7.023303
175691333120	175691196416	136704	512	5.437463
190405492224	190405359104	133120	512	0.977914
17801006080	17800850944	155136	512	6.988492
144689676800	144689424384	252416	512	5.745937
129617805824	129617560064	245760	512	5.911497
76451440128	76451190272	249856	512	1.171566
200113352704	200113201664	151040	512	6.484041
42705280000	42705019392	260608	512	4.702375
112972810240	112972673536	136704	512	6.949844
120398746112	120398588928	157184	512	1.096044
182294214656	182294007296	207360	512	4.594785
226726467584	226726261760	205824	512	5.520074
227011195392	227010959872	235520	512	5.171949
148662231040	148662081536	149504	512	6.770595
197599757312	197599531520	225792	512	5.614788
122642422272	122642169344	252928	512	4.384936
103079460352	103079278080	182272	512	6.615717
207561781760	207561522176	259584	512	4.858834
139456590336	139456350720	239616	512	4.575053
223795117568	223794945024	172544	512	5.945749
246848253952	246848113664	140288	512	6.074264
166774679552	166774421504	258048	512	5.570077
54319097344	54318947328	150016	512	1.069669
80429818880	80429560320	258560	512	6.017503
145050002432	145049860096	142336	512	1.050335
140035711488	140035533312	178176	512	1.104150
194956983296	194956731392	251904	512	4.002564
101212852224	101212700672	151552	512	6.806987
126421982208	126421761024	221184	512	1.182426
137803308544	137803125248	183296	512	1.202465
139201893888	139201708544	185344	512	6.473808
166548274688	166548128768	145920	512	1.076896
169697032192	169696884224	147968	512	6.652814
84070514176	84070339072	175104	512	1.069820
186269422080	186269177856	244224	512	4.144845
43207864320	43207720960	143360	512	7.047858
15215949312	15215732224	217088	512	6.480640
84244898304	84244711936	186368	512	1.106098
90560082432	90559882240	200192	512	5.162224
165216994816	165216817664	177152	512	4.981369
127745726464	127745527296	199168	512	6.345958
173632498176	173632247808	250368	512	4.198834
190995453440	190995236352	217088	512	5.772095
135057923584	135057775104	148480	512	1.015463
194307137024	194306878976	258048	512	3.948297
165363799040	165363661824	137216	512	5.451141
110584921600	110584726016	195584	512	5.075799
20804352512	20804131328	221184	512	1.185475
111322138624	111321973760	164864	512	6.812579
238993580544	238993438720	141824	512	6.135878
158000736768	158000567296	169472	512	5.163542
75439528448	75439362560	165888	512	5.424061
230884439040	230884225024	214016	512	5.272394
201489527808	201489361408	166400	512	1.187334
103290755072	103290584064	171008	512	6.739504
195155451392	195155304448	146944	512	1.121248
168103633920	168103457792	176128	512	6.410926
161867328000	161867085312	242688	512	4.346874
242012563968	242012331008	232960	512	4.795257
112493102592	112492906496	196096	512	6.452346
57385605120	57385390080	215040	512	5.041306
138121265664	138121123328	142336	512	1.213615
32196034560	32195777024	257536	512	1.206200
112003780608	112003564544	216064	512	1.141654
218002280448	218002047488	232960	512	5.278032
205755506176	205755346432	159744	512	0.998061
196125849600	196125704192	145408	512	2.131844
155700026880	155699787264	239616	512	5.795797
81471949312	81471687168	262144	512	1.234094
2703449600	2703252480	197120	512	6.703786
16070530560	16070338048	192512	512	1.015124
44041007104	44040839680	167424	512	6.852269
158417545728	158417341440	204288	512	0.971419
179924197888	179924042752	155136	512	6.537293
5771433472	5771264000	169472	512	1.186192
104259634176	104259469824	164352	512	1.180971
156026915840	156026692608	223232	512	5.979972
142876887040	142876688384	198656	512	4.940695
169368812032	169368572928	239104	512	5.713616
59230518272	59230386688	131584	512	1.202592
227418484736	227418263552	221184	512	3.645652
235651543552	235651314176	229376	512	5.085003
192934764544	192934591488	173056	512	1.030615
52187371520	52187138560	232960	512	4.917068
20197169664	20196939264	230400	512	5.002439
111638904832	111638756864	147968	512	6.873735
62056507904	62056373248	134656	512	7.101602
61159798784	61159559168	239616	512	6.204884
178724783616	178724631040	152576	512	6.569121
36843450880	36843200512	250368	512	1.302653
29503453696	29503297024	156672	512	1.154906
214796581888	214796398080	183808	512	5.979164
117982197248	117982045696	151552	512	6.610823
100094305792	100094130176	175616	512	1.250849
59934550528	59934409216	141312	512	7.035267
170577363456	170577134080	229376	512	4.424146
75730757632	75730497024	260608	512	5.904191
148935400960	148935182336	218624	512	4.673416
65307205632	65306954240	251392	512	6.072041
141284838400	141284691456	146944	512	6.795483
216494186496	216493937152	249344	512	1.120761
25126558208	25126408192	150016	512	6.976299
131563771904	131563513344	258560	512	4.387977
103556299264	103556067328	231936	512	6.173986
120839674368	120839522304	152064	512	1.032616
129291426304	129291292160	134144	512	6.938664
204593206272	204593011200	195072	512	1.121531
25859025408	25858770944	254464	512	6.195170
98794059776	98793797632	262144	512	5.913579
195103251456	195103048192	203264	512	5.867409
109753275392	109753050112	225280	512	1.093048
102264053248	102263805952	247296	512	1.125735
161732966912	161732746752	220160	512	1.045875
36238967296	36238708224	259072	512	6.106189
171500574720	171500324352	250368	512	1.086254
180859155968	180858912768	243200	512	4.194895
164022820352	164022631424	188928	512	1.066250
99946826752	99946623488	203264	512	6.434004
19102785024	19102612992	172032	512	6.756168
13769953792	13769809920	143872	512	7.070607
198010545664	198010342912	202752	512	1.066994
38563690496	38563490304	200192	512	1.203646
101070178304	101070024192	154112	512	1.066491
202305572864	202305328128	244736	512	1.066941
227864334848	227864173056	161792	512	1.115706
13807512064	13807361024	151040	512	6.989663
58087200256	58086970880	229376	512	6.273808
122143978496	122143793664	184832	512	1.140005
116660855296	116660624896	230400	512	6.060868
33903418880	33903199232	219648	512	6.434281
229596702208	229596533248	168960	512	4.633673
205587667456	205587407872	259584	512	5.132119
220522189824	220522010112	179712	512	4.578355
39627806208	39627629056	177152	512	5.354781
134932356096	134932219904	136192	512	6.928149
72167580160	72167341568	238592	512	1.322290
58092014080	58091841024	173056	512	1.059780
48101126144	48100939776	186368	512	1.215396
85751968768	85751804928	163840	512	6.786606
115447025664	115446870016	155648	512	1.153321
12324504576	12324260864	243712	512	6.275264
54947680256	54947530240	150016	512	5.583096
191277280768	191277126656	154112	512	1.189044
245915705344	245915531264	174080	512	4.192737
193517920768	193517759488	161280	512	1.084137
114650952192	114650720768	231424	512	6.099411
62926114304	62925975040	139264	512	1.164673
39278203904	39278008320	195584	512	6.657441
34014732800	34014511104	221696	512	6.407303
7542937600	7542735872	201728	512	6.628473
116796280832	116796128768	152064	512	1.171178
149529783296	149529529856	253440	512	1.051843
61460432896	61460237824	195072	512	1.059452
148376256512	148376032768	223744	512	1.160869
61116028416	61115803136	225280	512	6.309310
79161640448	79161391616	248832	512	6.027052
54356471296	54356225536	245760	512	1.171900
74124332544	74124132352	200192	512	0.982905
192443424768	192443164160	260608	512	3.907560
178757453312	178757238784	214528	512	1.128192
19272489472	19272346112	143360	512	7.088706
190226914816	190226750976	163840	512	5.042690
81030303232	81030142976	160256	512	6.840665
88672086016	88671902720	183296	512	6.599135
136949475840	136949292032	183808	512	5.185372
146371064320	146370917888	146432	512	6.872626
68335558144	68335339520	218624	512	1.090091
60824316928	60824129024	187904	512	5.288330
191748406272	191748269056	137216	512	6.655811
45695821824	45695640064	181760	512	6.744932
137342702080	137342495744	206336	512	6.248403
50981688832	50981427200	261632	512	4.652010
193171739136	193171571200	167936	512	1.017251
206910047232	206909876224	171008	512	4.803498
175776475648	175776318976	156672	512	6.574833
201500664320	201500489728	174592	512	1.100010
210355112448	210354935808	176640	512	6.076606
95763890688	95763743744	146944	512	5.566149
81924801536	81924569088	232448	512	4.829780
91812123136	91811900928	222208	512	1.209352
236086609920	236086412800	197120	512	4.160334
203332060160	203331917824	142336	512	1.030438
129717699584	129717494272	205312	512	6.279902
148941628928	148941454848	174080	512	1.065011
36636305408	36636043776	261632	512	6.059271
192447342592	192447152128	190464	512	6.145845
121261843968	121261604864	239104	512	4.617187
49862114304	49861919232	195072	512	3.115258
179045878784	179045737472	141312	512	6.266609
141817098752	141816906240	192512	512	1.129769
184353679872	184353445376	234496	512	1.045940
118768809472	118768623104	186368	512	1.069370
98373325312	98373064192	261120	512	5.890779
247750024704	247749843456	181248	512	5.151143
84043027456	84042802176	225280	512	6.238819
2618274816	2618094080	180736	512	5.463906
244733386240	244733124608	261632	512	4.376826
192336317952	192336128512	189440	512	1.112622
188239814656	188239570944	243712	512	4.113428
20244092416	20243880960	211456	512	6.537981
206986587136	206986412032	175104	512	6.123944
170870996992	170870746624	250368	512	4.194350
233074020352	233073828864	191488	512	5.498214
173392493568	173392313856	179712	512	6.321166
139458010624	139457844736	165888	512	6.633042
180333630976	180333496832	134144	512	1.066197
3952862208	3952629248	232960	512	1.196406
234478527488	234478278144	249344	512	3.376564
88123806720	88123672064	134656	512	7.119794
130482262528	130482126848	135680	512	6.944824
186110852096	186110714368	137728	512	5.306056
180212436992	180212246016	190976	512	4.793910
195408497664	195408251392	246272	512	5.361188
94888775168	94888618496	156672	512	6.776431
31069058560	31068856832	201728	512	1.564547
25450995712	25450826752	168960	512	6.886316
174797973504	174797833728	139776	512	1.201332
226121912320	226121681920	230400	512	1.067066
34450936832	34450741248	195584	512	6.623906
70272135680	70271920640	215040	512	5.049994
121919563776	121919322112	241664	512	1.111580
95204783104	95204525056	258048	512	5.895949
242572039680	242571888640	151040	512	6.037139
12356397056	12356165120	231936	512	6.377112
11761077248	11760886784	190464	512	1.204417
181406588416	181406447104	141312	512	6.656722
105318406656	105318173696	232960	512	6.049788
126150713856	126150461440	252416	512	4.497709
117084205568	117084054528	151040	512	1.045468
174146226176	174146050560	175616	512	1.145647
238599906304	238599694848	211456	512	3.731610
180067721216	180067544064	177152	512	6.354750
70472383488	70472227840	155648	512	5.513609
65612847104	65612585472	261632	512	1.166337
130715602944	130715352576	250368	512	4.445617
86830399488	86830228480	171008	512	1.089836
23872915968	23872678912	237056	512	4.974759
237060164096	237059993088	171008	512	5.476389
237286039040	237285787648	251392	512	3.284307
105294931456	105294796288	135168	512	1.120728
189281016832	189280850432	166400	512	6.365261
59485224960	59485026816	198144	512	1.058257
42057429504	42057181696	247808	512	1.103755
63291747840	63291514368	233472	512	4.851983
187408248832	187408010752	238080	512	5.546067
49814501888	49814256640	245248	512	4.766386
41369970688	41369829888	140800	512	1.079400
5512558592	5512321536	237056	512	6.366136
78346209792	78345987072	222720	512	6.243458
163613292544	163613079040	213504	512	4.649804
118338773504	118338548224	225280	512	6.103625
112953862144	112953683968	178176	512	1.028579
128280176128	128280023040	153088	512	1.118143
158235711488	158235576320	135168	512	6.854592
140638814208	140638672896	141312	512	6.872312
131568155136	131567934464	220672	512	6.015969
33144669184	33144475648	193536	512	6.641814
117854297088	117854121472	175616	512	5.236080
119857152512	119856969216	183296	512	5.128790
67867865088	67867729920	135168	512	5.669512
22101305344	22101060096	245248	512	4.901375
110372881408	110372646400	235008	512	6.057143
186922026496	186921773568	252928	512	4.075355
93080832512	93080615424	217088	512	4.920439
145315589632	145315379712	209920	512	4.819078
170252644352	170252428288	216064	512	4.520183
179519770112	179519518208	251904	512	1.080272
53866145280	53865909248	236032	512	6.269837
206914033664	206913782272	251392	512	4.987011
67414031872	67413880832	151040	512	6.918011
146141608448	146141395456	212992	512	1.130598
246215616512	246215390720	225792	512	4.744396
203365196800	203365056000	140800	512	0.992819
46886129664	46885925888	203776	512	5.211504
42414925824	42414756352	169472	512	6.818315
247315196928	247314977792	219136	512	3.469315
41542784512	41542611968	172544	512	5.470109
69096637952	69096493056	144896	512	1.115255
158623308800	158623155200	153600	512	6.674243
125838750208	125838502400	247808	512	1.151896
160566921728	160566673408	248320	512	1.078898
178535284736	178535145984	138752	512	1.131744
78389072384	78388874240	198144	512	5.118378
37250932224	37250717696	214528	512	6.364965
63704138240	63703999488	138752	512	5.667540
143020424192	143020206592	217600	512	4.706324
228471532544	228471327232	205312	512	5.520512
196809567232	196809415680	151552	512	6.479449
89978248704	89978109440	139264	512	1.259807
160774511616	160774359552	152064	512	5.340663
31817672704	31817465344	207360	512	6.532081
37417729536	37417506816	222720	512	0.993864
162263415808	162263264768	151040	512	6.598314
109934862336	109934625280	237056	512	1.251022
63298365440	63298128384	237056	512	6.191391
49706841088	49706641920	199168	512	6.486580
12086902272	12086695424	206848	512	1.183024
36671858688	36671614976	243712	512	4.851619
56659528704	56659332608	196096	512	5.184718
60011629568	60011385344	244224	512	4.816902
66699609088	66699400704	208384	512	6.449307
99087233536	99087029248	204288	512	14.634533
14450029568	14449781248	248320	512	6.214913
11844667392	11844407808	259584	512	4.759916
242441596416	242441407488	188928	512	5.386696
133080408064	133080256512	151552	512	1.138544
55128948736	55128783872	164864	512	1.115465
136674904064	136674757120	146944	512	5.463501
112405494272	112405313536	180736	512	1.131727
223156703744	223156453888	249856	512	4.894793
102819884544	102819644416	240128	512	6.042971
11288538112	11288336384	201728	512	1.190108
140276517376	140276300800	216576	512	6.067393
69612406784	69612269056	137728	512	7.049269
47564693504	47564448768	244736	512	6.131065
205092082688	205091889152	193536	512	4.561488
48661552640	48661354496	198144	512	1.175725
216572551168	216572308992	242176	512	1.049727
39472977408	39472765440	211968	512	6.488100
141906746880	141906590208	156672	512	6.771907
83629012480	83628853760	158720	512	6.842939
151321893888	151321691648	202240	512	4.891047
113159024128	113158850560	173568	512	6.614233
2951343104	2951089664	253440	512	4.938508
167954493440	167954231808	261632	512	5.512890
84440120320	84439938048	182272	512	1.225377
194131512320	194131348992	163328	512	5.013088
53832334848	53832079872	254976	512	4.701705
31859068928	31858922496	146432	512	1.023049
79083659264	79083444736	214528	512	4.961137
197096565760	197096351744	214016	512	1.104000
241174016512	241173821952	194560	512	5.339046
55942483968	55942244864	239104	512	0.954792
128608863744	128608663552	200192	512	6.373474
180763070464	180762844160	226304	512	1.107659
165098228224	165097992704	235520	512	1.049796
96220272128	96220092416	179712	512	6.639181
18048159744	18047986176	173568	512	5.490600
221200586240	221200352256	233984	512	5.223591
209641580032	209641431040	148992	512	5.061945
13408698368	13408566784	131584	512	1.335444
39181442560	39181276672	165888	512	6.868934
236027985920	236027847680	138240	512	6.310538
122456778240	122456549376	228864	512	6.084755
17463413760	17463155200	258560	512	6.148076
241268289536	241268078592	210944	512	1.062140
163763752448	163763518464	233984	512	5.813039
53284710400	53284463616	246784	512	1.131458
145303936000	145303735808	200192	512	4.861567
94810981376	94810771456	209920	512	5.696394
97695784960	97695623680	161280	512	5.375575
126694453248	126694218240	235008	512	5.992132
48953617920	48953366016	251904	512	6.149437
156425378816	156425183232	195584	512	4.859610
103562810880	103562596864	214016	512	1.165231
227628481024	227628254720	226304	512	1.027153
82256963072	82256779264	183808	512	6.624036
166558365696	166558164992	200704	512	6.160992
104726056448	104725892608	163840	512	1.099703
149427103232	149426849280	253952	512	5.736309
194203754496	194203594752	159744	512	1.105285
25305069056	25304810496	258560	512	4.776518
97043679744	97043505152	174592	512	1.041225
241110661120	241110441984	219136	512	3.647826
26755595776	26755383296	212480	512	6.508598
124766026240	124765886976	139264	512	1.027566
62346627584	62346480640	146944	512	1.191612
134864169984	134864015360	154624	512	1.149466
153082428928	153082184704	244224	512	5.738898
173120323584	173120185856	137728	512	6.752696
202912476160	202912230400	245760	512	3.822365
52141376512	52141152256	224256	512	6.313669
240067585024	240067429376	155648	512	5.946331
89128995328	89128839680	155648	512	6.825525
3572503552	3572262400	241152	512	4.939240
146072649728	146072451072	198656	512	6.277259
15476919296	15476676096	243200	512	6.246410
53070362112	53070135808	226304	512	6.294604
116509793792	116509627904	165888	512	1.016465
46271372800	46271130624	242176	512	1.079187
163080108032	163079963136	144896	512	6.759419
126546446336	126546195456	250880	512	1.228012
73570962432	73570778624	183808	512	6.645083
159210971648	159210715648	256000	512	4.258069
33795991552	33795834880	156672	512	6.924828
239511313408	239511051264	262144	512	4.618669
138039942144	138039745024	197120	512	1.053895
112944654336	112944512000	142336	512	5.574410
248681732608	248681553408	179200	512	5.449030
5243827200	5243664896	162304	512	5.593005
81542942720	81542704640	238080	512	1.185544
148905660416	148905465344	195072	512	6.340102
189346459648	189346212864	246784	512	5.463590
149430005248	149429760000	245248	512	4.422374
34182302208	34182093824	208384	512	1.095363
212613414400	212613228544	185856	512	5.954314
170821855744	170821596160	259584	512	1.085115
26566815232	26566663680	151552	512	1.261543
208574383104	208574241792	141312	512	5.124873
193404726784	193404579840	146944	512	1.036327
246333548544	246333297664	250880	512	2.960959
120777551872	120777376256	175616	512	1.209559
201893520384	201893320192	200192	512	4.601355
40372658688	40372416512	242176	512	4.863385
116407773184	116407519232	253952	512	4.464812
111518946816	111518727168	219648	512	6.218920
56596850176	56596694528	155648	512	1.184795
146567100928	146566858240	242688	512	1.137301
66510597120	66510427136	169984	512	1.127391
88906448384	88906264064	184320	512	6.650549
9617918976	9617747456	171520	512	5.505377
82220913664	82220732928	180736	512	1.264338
221069399040	221069235712	163328	512	6.182066
171467631616	171467397120	234496	512	1.068197
125585061376	125584911872	149504	512	1.047506
228540191232	228539971072	220160	512	5.323067
92968394752	92968260096	134656	512	1.200558
207282535424	207282394624	140800	512	6.564969
109724574720	109724320768	253952	512	4.596415
67027325952	67027194368	131584	512	1.105376
9485962752	9485713920	248832	512	6.235465
127411834880	127411637760	197120	512	5.138419
103165154304	103164899328	254976	512	4.526666
115251370496	115251160064	210432	512	6.277934
140323283456	140323138560	144896	512	6.840966
151596688896	151596513792	175104	512	6.469430
79001020416	79000835072	185344	512	1.247864
9326085120	9325858816	226304	512	1.214677
248643123200	248642873856	249344	512	4.449744
40509866496	40509628416	238080	512	4.901276
79607767040	79607557632	209408	512	1.054781
3942076416	3941863424	212992	512	5.194978
142923886592	142923685888	200704	512	1.105508
239876382720	239876226048	156672	512	5.963100
229078809088	229078580736	228352	512	5.170263
19120701440	19120498176	203264	512	1.209769
104533593600	104533429760	163840	512	1.143569
99238633984	99238408192	225792	512	6.180072
169831053824	169830909952	143872	512	6.693793
47774864384	47774635520	228864	512	1.183054
239803993600	239803822592	171008	512	5.737246
222782416384	222782199808	216576	512	5.371553
185046719488	185046468608	250880	512	5.464981
107575872000	107575679488	192512	512	1.058211
116794356224	116794100736	255488	512	4.424611
71484583424	71484422144	161280	512	1.180146
25772335104	25772146176	188928	512	5.348813
12962309120	12962051584	257536	512	6.139423
31403972608	31403785728	186880	512	6.710852
127762144256	127761920512	223744	512	6.123304
115492932096	115492678656	253440	512	4.620467
126290944512	126290749952	194560	512	6.438127
189178668032	189178406912	261120	512	4.004952
15424096768	15423922176	174592	512	6.827409
185038239232	185038024704	214528	512	4.502637
161564910592	161564742656	167936	512	5.143626
229771080192	229770831872	248320	512	4.948963
149260451328	149260273152	178176	512	1.780135
47220794880	47220558848	236032	512	6.269921
224262547968	224262338048	209920	512	5.457691
63791784960	63791603200	181760	512	1.193147
110388417536	110388281856	135680	512	7.004563
131088964096	131088743936	220160	512	4.768173
134531125760	134530903552	222208	512	4.330874
188409543168	188409318912	224256	512	4.355295
155706568704	155706357760	210944	512	6.038250
179424473600	179424274944	198656	512	1.742100
165444804096	165444566528	237568	512	4.402527
92392428032	92392280576	147456	512	1.124144
34213825536	34213650432	175104	512	5.425181
79346781184	79346575872	205312	512	6.413288
194290330624	194290172416	158208	512	5.075100
71859604992	71859359232	245760	512	6.124732
70589017600	70588826624	190976	512	1.261837
158793271808	158793129984	141824	512	5.451024
76010905600	76010758656	146944	512	6.896170
58466455040	58466295808	159232	512	6.883080
96327815680	96327654400	161280	512	5.430641
68527950848	68527779840	171008	512	1.130578
221286512128	221286274560	237568	512	4.784021
172540047872	172539866112	181760	512	2.066443
8085051904	8084802560	249344	512	6.235405
43026526208	43026330624	195584	512	1.155339
161052798976	161052598272	200704	512	1.134502
197184919552	197184703488	216064	512	5.774784
18115945984	18115719680	226304	512	6.386281
28649724416	28649476608	247808	512	6.170289
110230105600	110229906432	199168	512	1.164794
30391263744	30391100416	163328	512	6.886273
28539426304	28539171328	254976	512	6.111065
74641188352	74640958976	229376	512	4.859713
11783974400	11783838720	135680	512	1.135140
3350319104	3350131200	187904	512	6.767124
170783729664	170783491584	238080	512	4.301681
15847707648	15847534080	173568	512	6.829306
112924873728	112924700160	173568	512	6.647780
247576969728	247576779264	190464	512	20.356595
53876071936	53875863552	208384	512	5.122957
66271881216	66271638016	243200	512	14.405554
92499409920	92499195392	214528	512	4.935327
127319676416	127319471616	204800	512	4.944939
138428430336	138428232704	197632	512	6.332979
40899100160	40898890240	209920	512	6.506485
4367795712	4367634944	160768	512	6.961053
22831321088	22831188992	132096	512	1.364055
68254873088	68254633472	239616	512	1.204588
170290501632	170290264064	237568	512	4.324750
138215773696	138215598080	175616	512	6.530608
235298097664	235297961472	136192	512	6.340803
18168952320	18168716800	235520	512	4.972007
163353843200	163353616384	226816	512	5.890187
192730277888	192730117120	160768	512	6.411600
148830489088	148830238720	250368	512	1.071325
16441424384	16441206272	218112	512	6.604350
207318906880	207318695424	211456	512	5.716712
39525531136	39525382144	148992	512	1.066728
82255007232	82254762496	244736	512	4.732290
125162799616	125162579456	220160	512	4.812348
240092060672	240091836928	223744	512	1.082358
245355337728	245355164160	173568	512	1.060710
248848839680	248848687616	152064	512	1.075618
69412236800	69412092928	143872	512	7.121069
194930279424	194930114048	165376	512	5.017464
83669373952	83669238784	135168	512	7.028231
48439229952	48439093760	136192	512	5.736486
168832195584	168832043008	152576	512	1.130069
154815352832	154815152640	200192	512	1.231992
209525838848	209525639680	199168	512	5.765438
33845717504	33845487104	230400	512	6.338452
57159413248	57159265280	147968	512	1.189799
199121239552	199121009152	230400	512	4.186613
192383162368	192383027712	134656	512	6.712546
123935693824	123935489024	204800	512	6.306148
110253663232	110253500416	162816	512	6.747740
156780433920	156780276736	157184	512	1.032897
88581087232	88580850176	237056	512	4.735849
174240444416	174240221184	223232	512	1.008710
215702281728	215702051328	230400	512	0.976775
194531788800	194531644416	144384	512	6.545783
125831965696	125831819264	146432	512	6.830695
249025890304	249025702912	187392	512	5.336788
59034057216	59033805312	251904	512	1.268004
111846547456	111846322176	225280	512	1.119656
48075438592	48075281408	157184	512	1.103712
209782809600	209782547968	261632	512	3.965071
3348355584	3348095488	260096	512	6.194372
63225126400	63224956416	169984	512	6.745289
138820520960	138820349440	171520	512	1.196550
229222818304	229222602240	216064	512	4.009295
139804671488	139804514304	157184	512	6.702958
13994008064	13993865728	142336	512	5.688247
106888094208	106887873024	221184	512	1.236838
96371246080	96371031552	214528	512	1.164145
182744589824	182744352768	237056	512	5.616382
179666428416	179666253312	175104	512	6.307348
54868400640	54868191744	208896	512	6.472185
19881593344	19881434624	158720	512	1.212680
84810182656	84810042368	140288	512	0.999826
19038587392	19038417408	169984	512	1.215166
171954501120	171954334208	166912	512	1.126694
96719614976	96719401984	212992	512	1.150757
142909341184	142909179904	161280	512	5.255514
30904808960	30904648704	160256	512	6.916299
115525703168	115525444096	259072	512	5.822951
188026388480	188026241024	147456	512	6.586719
93883715584	93883513344	202240	512	6.439673
24422294528	24422116352	178176	512	5.421370
57163659776	57163403264	256512	512	6.045102
33703317504	33703060480	257024	512	6.113302
126276453888	126276290048	163840	512	1.187690
112185800192	112185543680	256512	512	4.510768
96494305792	96494114304	191488	512	1.145423
159773688832	159773507584	181248	512	1.111447
19153927680	19153716736	210944	512	5.169581
182042848256	182042681856	166400	512	6.407100
120233806848	120233579008	227840	512	1.250487
68168326144	68168110592	215552	512	1.063482
100096858624	100096613888	244736	512	1.164723
244879262720	244879060992	201728	512	5.235550
216427592192	216427456000	136192	512	6.525097
22783931904	22783670784	261120	512	4.756107
49632139776	49631972352	167424	512	1.020354
234684506624	234684372480	134144	512	1.026284
235771063296	235770851840	211456	512	5.313052
178941916160	178941696512	219648	512	5.821733
247359290880	247359148544	142336	512	6.050994
188445499904	188445241344	258560	512	1.150837
126145028096	126144803328	224768	512	1.209965
162931168768	162930913792	254976	512	5.581496
118769583104	118769381376	201728	512	6.316766
122490193408	122489979904	213504	512	6.210281
78776866816	78776658432	208384	512	2.080704
196472323072	196472184832	138240	512	6.633310
148123815424	148123566592	248832	512	4.404828
165718854656	165718690816	163840	512	6.552777
67788100608	67787905024	195584	512	6.567999
17510982656	17510818816	163840	512	6.904605
88928402432	88928218624	183808	512	6.574381
25649223168	25649081344	141824	512	1.271612
116781044736	116780826624	218112	512	6.168656
32980464128	32980230656	233472	512	1.207400
25629461504	25629289984	171520	512	6.876693
29457064960	29456884736	180224	512	6.740495
191978878464	191978699776	178688	512	6.217132
55172686336	55172437504	248832	512	1.017282
28563653120	28563408896	244224	512	4.844167
90936022528	90935841280	181248	512	5.238722
186038656512	186038415872	240640	512	1.140210
44359029760	44358786560	243200	512	6.171810
98879371776	98879199232	172544	512	6.676693
76196908032	76196731392	176640	512	5.294349
145918674944	145918500352	174592	512	1.021402
104938834944	104938586112	248832	512	1.054243
212249245184	212248993792	251392	512	3.837881
220337832960	220337632768	200192	512	5.696585
203887842304	203887697408	144896	512	6.514300
162712438272	162712270848	167424	512	5.133909
50349052928	50348801024	251904	512	6.077009
90176716800	90176563200	153600	512	5.494888
81345283584	81345099776	183808	512	5.241155
114254693376	114254530560	162816	512	1.020955
209986574336	209986368000	206336	512	5.662111
227581272064	227581072384	199680	512	5.591306
113186912768	113186719744	193024	512	6.445621
74307200000	74307062784	137216	512	1.207174
75763531264	75763383808	147456	512	6.969305
112710066688	112709825536	241152	512	4.636959
164885287424	164885082112	205312	512	4.769384
56972216832	56971962880	253952	512	1.083233
170901972992	170901733888	239104	512	4.379154
181662460416	181662281216	179200	512	6.266776
69357776384	69357522432	253952	512	1.114506
3470873088	3470720512	152576	512	1.350645
45501101056	45500848640	252416	512	4.764287
60439565312	60439387648	177664	512	1.105935
130313972736	130313733120	239616	512	5.967815
191807536640	191807277568	259072	512	5.300529
176473728512	176473508864	219648	512	4.517335
30731723264	30731584512	138752	512	7.071803
10485608448	10485412352	196096	512	1.085908
22395833856	22395620352	213504	512	6.517704
118131079680	118130906112	173568	512	5.237563
249076339200	249076113920	225280	512	3.360130
113610790400	113610634240	156160	512	1.163329
117516017664	117515838976	178688	512	6.574399
202756026880	202755879424	147456	512	1.105199
157764617728	157764408832	208896	512	6.113607
64997522944	64997371392	151552	512	6.953779
95964976640	95964787712	188928	512	1.178334
184299064320	184298891264	173056	512	6.315379
212804763136	212804510208	252928	512	3.742132
231072508928	231072292864	216064	512	5.235998
85137002496	85136858112	144384	512	5.622550
83707710464	83707557376	153088	512	5.517950
119211637248	119211377664	259584	512	1.113947
172186459136	172186208256	250880	512	5.551585
95201529344	95201319424	209920	512	6.025875
103852207616	103851956736	250880	512	4.549950
42941340160	42941079040	261120	512	1.141548
157209219072	157209061376	157696	512	3.861389
196080168448	196080013312	155136	512	1.106302
18392413184	18392175616	237568	512	6.203888
29296999424	29296840192	159232	512	1.312389
88992516096	88992284160	231936	512	1.212581
157638513152	157638367744	145408	512	6.849403
118775331840	118775186432	145408	512	1.041629
184083636736	184083387904	248832	512	4.180292
248639062528	248638818816	243712	512	4.462209
196916288000	196916076032	211968	512	1.059962
127930280448	127930142720	137728	512	1.187721
29378612224	29378442752	169472	512	6.817443
115927990272	115927764480	225792	512	1.154662
79258387968	79258130944	257024	512	5.973248
206182578688	206182329856	248832	512	3.896926
208078518272	208078301696	216576	512	5.576200
246754427392	246754216448	210944	512	4.718333
156533429248	156533246464	182784	512	5.021743
210520509952	210520262144	247808	512	1.145822
143274060288	143273900032	160256	512	1.108439
214266660864	214266428416	232448	512	5.429213
108378589184	108378436608	152576	512	6.845706
181893760000	181893591552	168448	512	1.070872
74888125952	74887961600	164352	512	6.802135
206771835392	206771644416	190976	512	4.576840
201825238016	201825038336	199680	512	1.195265
57075433472	57075259392	174080	512	6.756198
234857207296	234856945152	262144	512	4.602426
70352838144	70352586752	251392	512	1.117060
71420810752	71420585984	224768	512	4.931189
8236031488	8235865088	166400	512	6.946461
70570848256	70570624512	223744	512	1.072359
140454546944	140454362624	184320	512	6.448198
53425140736	53424879104	261632	512	1.145331
53535448576	53535270400	178176	512	3.911412
176119123456	176118910464	212992	512	5.985672
139946451456	139946298880	152576	512	1.047945
125965972480	125965761024	211456	512	6.314066
208015442944	208015200256	242688	512	5.238174
236998316544	236998184960	131584	512	6.406185
65857738752	65857548800	189952	512	6.622323
163706476544	163706237952	238592	512	5.737943
14259956736	14259695616	261120	512	5.980915
34025092608	34024949248	143360	512	1.020662
233175192064	233174994432	197632	512	1.052634
214036413952	214036170240	243712	512	5.197722
55177263616	55177128448	135168	512	5.754766
8464531456	8464380928	150528	512	7.032961
173841928192	173841719808	208384	512	6.015084
184653015552	184652754944	260608	512	5.366260
9106565120	9106405376	159744	512	6.987454
22511406080	22511220736	185344	512	6.706439
211974017536	211973762048	255488	512	3.698862
68047706112	68047515648	190464	512	6.590029
7378263040	7378025984	237056	512	6.364581
218055998464	218055848960	149504	512	6.339683
127013484032	127013243904	240128	512	1.145875
88005708288	88005510656	197632	512	1.146394
153472127488	153471990272	137216	512	1.096167
72816087040	72815879680	207360	512	5.030219
5291032576	5290837504	195072	512	1.104417
64931479552	64931296768	182784	512	1.784540
42954402816	42954247680	155136	512	1.038963
234855499776	234855240192	259584	512	4.631941
213416774656	213416621568	153088	512	1.034956
21370386432	21370206720	179712	512	5.344712
3872721408	3872528384	193024	512	1.178843
55217799680	55217590784	208896	512	6.462303
54743267840	54743120384	147456	512	5.654937
154747016192	154746795520	220672	512	5.990481
64803859456	64803707904	151552	512	1.220961
161490657280	161490438144	219136	512	1.109984
112630025728	112629815808	209920	512	4.940934
27082077184	27081869312	207872	512	5.174574
154831958016	154831762432	195584	512	4.860602
53211808256	53211617280	190976	512	6.607073
36407493632	36407249920	243712	512	6.218869
234959190016	234959016960	173056	512	4.522987
74389010432	74388784128	226304	512	1.096514
150011422208	150011264000	158208	512	1.121248
222216748544	222216599552	148992	512	6.260527
137058213376	137058063360	150016	512	6.794445
115281806336	115281660416	145920	512	6.992588
11339788288	11339635200	153088	512	5.650688
121738689536	121738468352	221184	512	1.171135
237648586752	237648415744	171008	512	4.319348
10074829824	10074581504	248320	512	6.250174
478305280	478096896	208384	512	5.212046
209263148032	209262916608	231424	512	5.366537
248741434880	248741296640	138240	512	1.739195
19855058432	19854884352	174080	512	6.841731
46765107712	46764881408	226304	512	6.377562
225564729856	225564517888	211968	512	5.445765
137260828672	137260614144	214528	512	1.051283
197988563968	197988345856	218112	512	5.692311
224736206336	224735967744	238592	512	3.676423
205209897472	205209701376	196096	512	5.879277
155894332416	155894160896	171520	512	1.122051
201626531328	201626381312	150016	512	6.448624
211201930240	211201782272	147968	512	3.097921
18215334912	18215119360	215552	512	1.316983
214688691200	214688518656	172544	512	6.079962
2328663040	2328528384	134656	512	1.268773
225868426752	225868177408	249344	512	3.529504
195929531392	195929358336	173056	512	1.081572
199375286272	199375035392	250880	512	5.302234
111884620800	111884416512	204288	512	1.104547
120480918528	120480737280	181248	512	6.461715
95480026624	95479794688	231936	512	1.117507
148807757824	148807581696	176128	512	5.112265
104112183296	104111922688	260608	512	5.825299
121631567360	121631327744	239616	512	5.995343
174475095040	174474932224	162816	512	1.186401
69585335296	69585091072	244224	512	4.757134
38846414848	38846209536	205312	512	6.527270
168161063424	168160868864	194560	512	4.854070
179535799808	179535538688	261120	512	1.091449
45635820032	45635594752	225280	512	6.381747
174887537664	174887334912	202752	512	6.074954
487119360	486909440	209920	512	6.579486
93497909760	93497743872	165888	512	1.970129
32488621056	32488468992	152064	512	1.129628
47378577920	47378423808	154112	512	1.107304
188459009536	188458821632	187904	512	4.746081
45366968832	45366796800	172032	512	1.051543
118659813376	118659624448	188928	512	6.477894
10941246464	10941023232	223232	512	6.414687
216886752256	216886592000	160256	512	6.218162
222717838848	222717657600	181248	512	1.044591
168689443328	168689206272	237056	512	11.137793
53583585792	53583405056	180736	512	1.047034
103152003072	103151842304	160768	512	6.745217
31396687360	31396461056	226304	512	6.302764
249896719872	249896521728	198144	512	5.171964
127115877376	127115686400	190976	512	5.038885
71535549952	71535328256	221696	512	6.312163
43549956608	43549747200	209408	512	1.138729
90555534848	90555298816	236032	512	4.731870
172239443968	172239288832	155136	512	5.272533
239403636224	239403390976	245248	512	3.298989
69746665472	69746502656	162816	512	1.066250
205188089856	205187836928	252928	512	5.223667
185320110080	185319873024	237056	512	4.221371
102839530496	102839397888	132608	512	1.232348
50749495808	50749244928	250880	512	6.135562
244673554432	244673404416	150016	512	5.735207
94063352832	94063144960	207872	512	6.223774
49592292352	49592113664	178688	512	1.154408
176786788352	176786545152	243200	512	4.277924
120906418688	120906196480	222208	512	1.045587
145704592384	145704361984	230400	512	1.108839
179235387392	179235233280	154112	512	4.784019
100059670528	100059496960	173568	512	6.679233
130989150208	130988910080	240128	512	4.557118
76372282880	76372075520	207360	512	1.252068
217630367744	217630145024	222720	512	4.028151
179551020032	179550814720	205312	512	4.651157
103507163648	103506926592	237056	512	4.653572
208764763136	208764592128	171008	512	1.138967
186682174464	186682018816	155648	512	1.142376
228310500352	228310260224	240128	512	5.034438
2600953344	2600708096	245248	512	6.320322
191087578624	191087424000	154624	512	1.113184
116077738496	116077491200	247296	512	4.585704
200810358784	200810178560	180224	512	4.787349
120259245568	120259079168	166400	512	5.259960
93736887296	93736697344	189952	512	6.539225
123062455296	123062318080	137216	512	6.936136
104017440768	104017251840	188928	512	5.155239
16732523008	16732358656	164352	512	1.721172
4847770624	4847590912	179712	512	6.769401
197560164864	197559912960	251904	512	5.331379
206163261952	206163094016	167936	512	6.213416
183854146048	183854004736	141312	512	5.334988
113033738240	113033581568	156672	512	1.049618
30732507648	30732277248	230400	512	1.193314
38499215360	38499065344	150016	512	5.633513
90135215104	90134954496	260608	512	1.156149
191508297728	191508145152	152576	512	6.481973
35600422912	35600186368	236544	512	6.295770
185423034368	185422865920	168448	512	4.970140
86952917504	86952755712	161792	512	6.706211
141416960	141215744	201216	512	1.107381
128278566912	128278394880	172032	512	6.598070
2080189952	2079934976	254976	512	1.149602
28484516864	28484377088	139776	512	0.923198
147976585728	147976381952	203776	512	3.988187
224405846528	224405645824	200704	512	0.832187
109074466304	109074285056	181248	512	0.987007
84330930688	84330702848	227840	512	3.200562
180612942848	180612749824	193024	512	6.148875
105024922112	105024697344	224768	512	0.975639
117677908480	117677666304	242176	512	5.982352
222910687744	222910491648	196096	512	4.241015
58620721664	58620519936	201728	512	5.083631
139938769920	139938624512	145408	512	1.013482
66437595648	66437388288	207360	512	0.993234
64392763392	64392555008	208384	512	5.104372
138340477440	138340345344	132096	512	1.021074
80983357952	80983100416	257536	512	4.625372
86493758464	86493516800	241664	512	4.717659
214098487296	214098320896	166400	512	4.812476
85708996608	85708849152	147456	512	1.252356
58996435968	58996234752	201216	512	5.089155
75209124864	75208878592	246272	512	1.104724
115368237568	115368003072	234496	512	5.944198
191478749184	191478599680	149504	512	0.993449
105337094656	105336955392	139264	512	7.038331
147434247680	147433993728	253952	512	1.107864
37614547456	37614364672	182784	512	6.695737
181946143744	181945972736	171008	512	1.137271
144704764416	144704527872	236544	512	5.896636
149488181760	149488014848	166912	512	5.220073
174173408256	174173233152	175104	512	1.150624
13309186560	13308941312	245248	512	1.247765
112392795648	112392663040	132608	512	5.635884
13293728768	13293580288	148480	512	7.038848
158382074368	158381830144	244224	512	4.395042
66363610624	66363468288	142336	512	1.127144
205421426176	205421173760	252416	512	3.840601
229954275328	229954043904	231424	512	5.092603
196836592128	196836430848	161280	512	4.984846
137100999680	137100842496	157184	512	1.043211
95326615552	95326379008	236544	512	1.045508
135112597504	135112411136	186368	512	6.440753
65646620672	65646400000	220672	512	1.253516
125198919168	125198727168	192000	512	6.444955
47677153280	47676904960	248320	512	4.809784
115266583552	115266405888	177664	512	1.202962
206605006848	206604813824	193024	512	5.857892
17513173504	17513026048	147456	512	1.192785
172530780672	172530591232	189440	512	6.237773
129213356544	129213119488	237056	512	4.642725
179912877056	179912634880	242176	512	1.056011
70453748736	70453560320	188416	512	6.615082
169188726784	169188502528	224256	512	4.483800
174672133120	174671996928	136192	512	1.144846
248370615296	248370476032	139264	512	0.998078
121149732864	121149516800	216064	512	4.836765
209028245504	209027992064	253440	512	3.749934
92432482816	92432312832	169984	512	5.371260
203998561792	203998383104	178688	512	6.112620
176537980928	176537848320	132608	512	6.758747
161726938112	161726758400	179712	512	6.367988
81986563072	81986323968	239104	512	4.744073
200162778112	200162515968	262144	512	3.871869
162654833152	162654601216	231936	512	5.802622
148127208448	148127041536	166912	512	6.564919
125192493568	125192247296	246272	512	4.545698
203536799232	203536638976	160256	512	4.940786
78029490688	78029336064	154624	512	1.199038
192118820864	192118574080	246784	512	5.431702
29838608896	29838385152	223744	512	6.386949
90602361856	90602193408	168448	512	1.107201
77527223296	77527028224	195072	512	1.083665
187785498624	187785307648	190976	512	1.163735
81784077824	81783873536	204288	512	6.444473
6603101184	6602913792	187392	512	5.390122
48190665216	48190409728	255488	512	1.293659
96183546368	96183383552	162816	512	6.756861
99171407360	99171186176	221184	512	4.815022
173579302912	173579051520	251392	512	4.196617
153195461120	153195224064	237056	512	4.466924
185419307008	185419111936	195072	512	4.736754
77175803904	77175628288	175616	512	1.106220
107134468096	107134207488	260608	512	4.466183
166924355584	166924183040	172544	512	1.081333
232546828800	232546639360	189440	512	3.887018
232657481216	232657249792	231424	512	3.675590
201783462912	201783214080	248832	512	3.881030
167211710464	167211484672	225792	512	6.005419
120573390336	120573211136	179200	512	1.734752
189455626240	189455467008	159232	512	1.781701
42163034624	42162786816	247808	512	1.318925
49071032832	49070865408	167424	512	1.010185
167528079360	167527882752	196608	512	1.024845
150231356928	150231102464	254464	512	4.270358
68331023872	68330863104	160768	512	5.497449
238553358848	238553197056	161792	512	5.827761
210166551552	210166408192	143360	512	6.467493
22628876288	22628720640	155648	512	1.106752
14078222848	14078072832	150016	512	6.985687
24609381376	24609140224	241152	512	0.930927
157061188608	157061004800	183808	512	1.066587
247185116160	247184956928	159232	512	4.421110
135552629760	135552380416	249344	512	0.991064
13937327104	13937150976	176128	512	0.918396
101949326848	101949107712	219136	512	0.907394
63245302784	63245137408	165376	512	0.995797
12467829248	12467600896	228352	512	6.399494
101498174464	101497912832	261632	512	5.955379
200794260480	200794109440	151040	512	0.939746
87226043904	87225836544	207360	512	1.138925
96813611520	96813359616	251904	512	6.008039
191263523328	191263385600	137728	512	1.218267
109463774720	109463631360	143360	512	6.873360
35550586368	35550398976	187392	512	1.165832
28838706688	28838484992	221696	512	1.336413
97956735488	97956505600	229888	512	6.121579
56773676032	56773447168	228864	512	6.313207
93039894528	93039756800	137728	512	6.964426
15463261184	15463091712	169472	512	1.156154
76737631744	76737454080	177664	512	1.127538
54918190592	54918011904	178688	512	1.247844
21059689984	21059467264	222720	512	1.066633
129098428416	129098168320	260096	512	4.479087
206659520000	206659375104	144896	512	1.139725
216426881536	216426725376	156160	512	6.245900
229897854976	229897643008	211968	512	5.415274
110342266368	110342133760	132608	512	5.655330
149782346240	149782181376	164864	512	1.188004
83677622784	83677428736	194048	512	6.532833
136841757696	136841618432	139264	512	6.930354
128047771648	128047558144	213504	512	6.231942
150514552832	150514414080	138752	512	6.857197
24104674816	24104480256	194560	512	6.679698
154043788800	154043620864	167936	512	5.251022
223990309888	223990168576	141312	512	4.970444
41816443392	41816212992	230400	512	6.348462
4891991040	4891801088	189952	512	5.412071
147107183104	147106983424	199680	512	1.077127
168030420480	168030208512	211968	512	4.634132
160771721216	160771510272	210944	512	6.080630
17027192832	17026979840	212992	512	5.177898
238987266048	238987129344	136704	512	6.227893
127345465856	127345270272	195584	512	6.373534
45918145024	45917901824	243200	512	1.147596
236625147392	236624982016	165376	512	5.941425
126958730240	126958587904	142336	512	1.202052
186041432576	186041176064	256512	512	4.032613
17978256896	17978027008	229888	512	1.075623
164145715200	164145504256	210944	512	4.700072
167013560832	167013311488	249344	512	5.689745
219473845760	219473681408	164352	512	4.790057
25365829120	25365625856	203264	512	6.584156
62506294272	62506042368	251904	512	4.731051
80825011200	80824782848	228352	512	6.226963
161099015168	161098800128	215040	512	4.702548
66827436544	66827239936	196608	512	5.198662
10797097984	10796908544	189440	512	1.166582
318097920	317854720	243200	512	1.149132
141511470592	141511291904	178688	512	5.116760
182476403200	182476161024	242176	512	4.193035
119338520576	119338333184	187392	512	1.067707
43242211840	43242015744	196096	512	6.612010
83460930560	83460710912	219648	512	4.948894
219533222912	219532981760	241152	512	1.099938
174360461312	174360313344	147968	512	1.106789
76868603904	76868353536	250368	512	6.027465
102247632384	102247393792	238592	512	6.011731
207817366016	207817138176	227840	512	1.143903
189234910208	189234676224	233984	512	5.592123
41153385984	41153208832	177152	512	1.192272
12997181952	12997043712	138240	512	1.254882
164513281024	164513047552	233472	512	5.811256
61354535424	61354318336	217088	512	6.364477
72714076672	72713937408	139264	512	1.140511
129900157440	129899944448	212992	512	4.853485
237553668608	237553507840	160768	512	4.480548
129626334208	129626073088	261120	512	5.805623
39861776896	39861606400	170496	512	6.823795
87626962432	87626728448	233984	512	6.174873
114341794304	114341621248	173056	512	1.113694
1681252864	1681117184	135680	512	7.180943
9640887296	9640715264	172032	512	5.523669
121969513984	121969281024	232960	512	4.707916
175793149440	175792977408	172032	512	1.054029
148920280064	148920143360	136704	512	5.520920
153330342400	153330165760	176640	512	5.097701
153737811968	153737568256	243712	512	5.721367
247669194240	247669003776	190464	512	3.954306
188746565632	188746400256	165376	512	1.013924
111448863744	111448646144	217600	512	4.849738
125348044800	125347877376	167424	512	0.939308
167322593792	167322332160	261632	512	0.943723
101216415744	101216161280	254464	512	0.977657
179286609920	179286413824	196096	512	1.022728
182429592064	182429423616	168448	512	0.960996
93249910784	93249755136	155648	512	6.823543
122921573376	122921398272	175104	512	6.564960
3809677312	3809532416	144896	512	7.091472
230248666624	230248519168	147456	512	4.825710
17068108288	17067940864	167424	512	0.932664
71991757312	71991536128	221184	512	6.334740
49323316224	49323088384	227840	512	6.417259
5541218304	5541080064	138240	512	7.156061
154879967232	154879768576	198656	512	4.861384
170004732928	170004568576	164352	512	6.468231
166912441344	166912225280	216064	512	5.999960
31250062336	31249889280	173056	512	5.369031
45794294272	45794142720	151552	512	5.617751
11413820416	11413651968	168448	512	6.861907
129343105024	129342963712	141312	512	5.497235
182110843904	182110690304	153600	512	6.559858
54449894912	54449705472	189440	512	6.638013
142847757312	142847623168	134144	512	0.931601
177919776256	177919607808	168448	512	6.385357
118271725056	118271480832	244224	512	1.181338
94807021056	94806807040	214016	512	1.069773
47819540992	47819314688	226304	512	6.324350
219099039744	219098840576	199168	512	4.338700
193204022784	193203807744	215040	512	5.800842
119786871296	119786612736	258560	512	1.073115
232608246272	232608031232	215040	512	5.254788
164300905984	164300771840	134144	512	6.863110
2568097792	2567867904	229888	512	5.034185
162125218304	162124994560	223744	512	4.539590
56626449920	56626316800	133120	512	5.825293
47446332928	47446194688	138240	512	2.006275
61671200256	61671009792	190464	512	5.244768
209062677504	209062534144	143360	512	1.083469
248547898880	248547754496	144384	512	6.009069
104999096832	104998853120	243712	512	1.164423
132753760256	132753499136	261120	512	4.318670
13614684672	13614503936	180736	512	1.293379
210829255168	210829104128	151040	512	6.375321
213934879232	213934658048	221184	512	5.530153
80522669056	80522457088	211968	512	1.094270
78404217856	78403979776	238080	512	6.136654
126883762176	126883576832	185344	512	6.488937
188362479104	188362244096	235008	512	4.209132
204897336320	204897129472	206848	512	1.116986
134996402176	134996185600	216576	512	4.752225
187263607296	187263458304	148992	512	1.156980
73676864512	73676678144	186368	512	1.233948
81566846976	81566699520	147456	512	1.006455
171353389568	171353241088	148480	512	5.291680
27601393664	27601187328	206336	512	6.544189
108913010688	108912771584	239104	512	4.714975
68055754752	68055556608	198144	512	6.530358
182965589504	182965390336	199168	512	1.083354
192894455808	192894197248	258560	512	3.816204
95611401728	95611237888	163840	512	6.890552
176617759232	176617499136	260096	512	1.039828
38245291520	38245153792	137728	512	7.113258
187366247936	187366040576	207360	512	4.520034
139154449920	139154193920	256000	512	1.193363
87468965888	87468730880	235008	512	1.099022
159826851840	159826591744	260096	512	4.233702
183894494720	183894278144	216576	512	18.693492
98830040064	98829885952	154112	512	6.853721
120068801024	120068645376	155648	512	1.025949
133708562432	133708357120	205312	512	1.007931
108781236224	108781048320	187904	512	6.523020
63370753024	63370598912	154112	512	1.114939
68841138176	68840951808	186368	512	5.252273
168130980352	168130843136	137216	512	6.808536
232689211392	232689056768	154624	512	6.077823
156636073984	156635916288	157696	512	6.631652
153247707136	153247478784	228352	512	5.899025
215486167040	215485947392	219648	512	5.454416
43425161728	43425012736	148992	512	1.040539
13358731264	13358534656	196608	512	6.632220
12929506816	12929323520	183296	512	5.391662
116700694528	116700470784	223744	512	6.099754
115845451776	115845248000	203776	512	6.360791
208041480704	208041307136	173568	512	1.191140
90580331520	90580116480	215040	512	1.070704
124702940672	124702758912	181760	512	6.338985
54990610944	54990389760	221184	512	1.064254
134553197056	134552945152	251904	512	4.447469
93034610688	93034384896	225792	512	1.244878
174974260736	174974003200	257536	512	5.508047
60750698496	60750465024	233472	512	1.128715
74314507264	74314305024	202240	512	1.240970
184628459520	184628211712	247808	512	4.143665
153425711616	153425489920	221696	512	1.066806
177548849152	177548707328	141824	512	1.059153
76829388800	76829199872	188928	512	6.462541
225037423104	225037240320	182784	512	1.186983
107873382400	107873143808	238592	512	6.023761
161203153920	161202911232	242688	512	4.362662
179750011392	179749767168	244224	512	1.068842
178544365568	178544171008	194560	512	1.163530
87176192	86966784	209408	512	6.562610
53609212928	53609038848	174080	512	1.305923
54895883776	54895745024	138752	512	7.070276
196775989248	196775803904	185344	512	6.104004
39744338432	39744171520	166912	512	1.110782
175534001664	175533769728	231936	512	1.128460
137957731840	137957564416	167424	512	1.151886
16415249920	16415062528	187392	512	1.032423
222369227776	222369083392	144384	512	6.271057
16292378112	16292191744	186368	512	6.730513
214602197504	214601965056	232448	512	5.283876
110539447808	110539214336	233472	512	1.133877
2678960128	2678786560	173568	512	6.914275
239028707328	239028506112	201216	512	5.256864
147701688320	147701453824	234496	512	4.543195
124892359168	124892133888	225280	512	6.088985
48916455936	48916298752	157184	512	1.145494
2017446912	2017268224	178688	512	1.043544
146151172608	146150964736	207872	512	6.197142
114030770176	114030574080	196096	512	1.688139
11113502208	11113243648	258560	512	1.060595
225040064000	225039913472	150528	512	4.861177
79877533696	79877349888	183808	512	1.056565
65642597376	65642419200	178176	512	1.181974
16846515712	16846266880	248832	512	4.838264
592458240	592307712	150528	512	1.122786
196554668544	196554472960	195584	512	5.964086
10785448448	10785244160	204288	512	11.839723
155123443712	155123283968	159744	512	6.623165
11938990592	11938779136	211456	512	1.188783
76664211456	76664066048	145408	512	1.035047
100631190528	100631014400	176128	512	5.274506
239575689216	239575533056	156160	512	4.611707
203512948224	203512714240	233984	512	5.444143
68692719616	68692523008	196608	512	0.928294
142092745216	142092487168	258048	512	5.696509
76422818304	76422678528	139776	512	7.038828
241441187328	241440935424	251904	512	1.921349
123043064832	123042813952	250880	512	5.843496
212002806272	212002586112	220160	512	0.956750
63052271104	63052128768	142336	512	7.028246
76155848704	76155682304	166400	512	6.773093
235978720256	235978509824	210432	512	5.303219
23204380160	23204153856	226304	512	0.985646
207516235776	207516038144	197632	512	5.858900
185429732864	185429591552	141312	512	6.685414
23199088128	23198849536	238592	512	6.359427
16034604544	16034426368	178176	512	1.169509
38660457472	38660250624	206848	512	0.983633
2023135232	2022925312	209920	512	3.828813
191487622144	191487385088	237056	512	5.588637
237806522880	237806282752	240128	512	0.912701
47203350016	47203147264	202752	512	5.106830
74143597568	74143455744	141824	512	1.283275
175150128640	175149890048	238592	512	4.400131
46303322112	46303140352	181760	512	6.737515
134476351488	134476133376	218112	512	1.587689
158808077824	158807844864	232960	512	5.577844
28851520512	28851375104	145408	512	7.010516
211362238976	211362070528	168448	512	6.138614
201513492480	201513337344	155136	512	1.015381
78967810560	78967557120	253440	512	4.636166
119350914048	119350662144	251904	512	1.061157
83385296896	83385065472	231424	512	6.196669
108545571328	108545394176	177152	512	6.592651
112434700288	112434463744	236544	512	6.029178
98488990208	98488792576	197632	512	5.113436
116011205120	116011062784	142336	512	1.026483
32356194304	32356008448	185856	512	1.265712
1831738368	1831523840	214528	512	6.528131
48944253440	48944107008	146432	512	2.058138
36896062976	36895867904	195072	512	6.605804
247497390592	247497176576	214016	512	4.937259
193894930944	193894710784	220160	512	4.434344
126286699520	126286437376	262144	512	5.710957
172861767680	172861605888	161792	512	5.157180
46697390080	46697226240	163840	512	1.105813
38442392576	38442237440	155136	512	1.275936
34483655680	34483470848	184832	512	6.709959
191883117568	191882912768	204800	512	3.670541
110432798720	110432600064	198656	512	6.390930
5310816768	5310633472	183296	512	1.108028
130140311040	130140102144	208896	512	4.929374
131148950016	131148723200	226816	512	6.072099
172998325248	172998105088	220160	512	1.195063
27977853952	27977647104	206848	512	6.524650
153329757184	153329520640	236544	512	5.897503
189251999232	189251739648	259584	512	3.924113
180441605120	180441343488	261632	512	5.362987
245602449408	245602191360	258048	512	2.870421
246920449536	246920281088	168448	512	1.048973
104043848704	104043642880	205824	512	6.343793
76629710848	76629487104	223744	512	1.047801
99121686528	99121447936	238592	512	4.742053
157980611072	157980441600	169472	512	1.034606
159526385152	159526155776	229376	512	1.044543
21863222784	21863082496	140288	512	7.089303
231295286272	231295104512	181760	512	5.694191
239977692160	239977551360	140800	512	6.187816
85527407104	85527176192	230912	512	6.171694
182816409600	182816235008	174592	512	1.192612
156131054080	156130803200	250880	512	5.703658
188852971520	188852725248	246272	512	4.066167
56390861824	56390617600	244224	512	6.170772
247042246144	247042017280	228864	512	4.696572
198296915456	198296698880	216576	512	5.718022
3219936768	3219679744	257024	512	6.217506
143319678976	143319508480	170496	512	5.196627
16138651648	16138447872	203776	512	1.088790
102284905472	102284662784	242688	512	5.981437
89778899456	89778694144	205312	512	6.428316
20306518016	20306343936	174080	512	1.231148
83301174272	83301041152	133120	512	1.091285
34446396928	34446166016	230912	512	1.052995
215047315456	215047060480	254976	512	5.091250
147966190592	147966034944	155648	512	5.346693
184911959040	184911778304	180736	512	1.021059
93530763776	93530549248	214528	512	6.088530
74652023296	74651846656	176640	512	6.683501
101005863424	101005714432	148992	512	1.060818
170875002880	170874755584	247296	512	4.237878
119211424256	119211198464	225792	512	4.708435
16491124736	16490990592	134144	512	1.088218
98709705728	98709519360	186368	512	1.190025
112469585920	112469350400	235520	512	1.190317
138874971648	138874805248	166400	512	6.648070
249311451136	249311290368	160768	512	1.087165
125824426496	125824256512	169984	512	1.041292
93574726144	93574548480	177664	512	1.033178
163024262656	163024061952	200704	512	4.760306
245111077888	245110920192	157696	512	5.942082
14916154368	14916022784	131584	512	1.046684
217995728896	217995491328	237568	512	1.069942
221972187648	221971958272	229376	512	0.983793
236672451584	236672293376	158208	512	1.938716
204750366720	204750130688	236032	512	4.033518
194736968192	194736782336	185856	512	6.110242
105580756992	105580601856	155136	512	1.648761
197229383680	197229189632	194048	512	5.954077
71664623616	71664370176	253440	512	1.066770
153539252224	153539065344	186880	512	5.044355
51373947392	51373805568	141824	512	1.087522
184036270080	184036102144	167936	512	6.401754
33965374464	33965157376	217088	512	5.119374
115473854464	115473712640	141824	512	6.947562
160072325120	160072103936	221184	512	4.610729
222589080064	222588836864	243200	512	0.969882
65886870528	65886711808	158720	512	7.015443
54480024576	54479810048	214528	512	6.425040
184029935616	184029770752	164864	512	0.970387
49343457280	49343266816	190464	512	5.318297
225268940288	225268697088	243200	512	5.015377
145914592256	145914416640	175616	512	1.089968
1040039424	1039903232	136192	512	7.145455
61067280896	61067106816	174080	512	6.782028
223669093888	223668853248	240640	512	3.644803
75977672704	75977483264	189440	512	6.543369
96692987392	96692819456	167936	512	1.082223
209082506752	209082280448	226304	512	5.394495
96744607232	96744422912	184320	512	1.049816
96127940096	96127782912	157184	512	5.458450
15853343232	15853180928	162304	512	1.108071
191999294976	191999046144	248832	512	4.033563
241087585280	241087348224	237056	512	1.050979
224981141504	224980898816	242688	512	1.024269
89366822912	89366671872	151040	512	1.120288
61506724352	61506580992	143360	512	6.989747
219497172480	219497001984	170496	512	6.044150
113228545536	113228328448	217088	512	1.147933
82640097792	82639929856	167936	512	5.404020
102456150528	102455945216	205312	512	1.068377
46733427200	46733279232	147968	512	1.180144
24154511360	24154268160	243200	512	6.263357
194536712192	194536466432	245760	512	5.422687
119677474304	119677270016	204288	512	6.289926
177088862720	177088659968	202752	512	4.738048
120259613696	120259389952	223744	512	1.154251
203458486784	203458332672	154112	512	5.050202
196855849984	196855675904	174080	512	6.198972
249386734592	249386499072	235520	512	1.103903
153426859008	153426668032	190976	512	6.305047
95990325248	95990136320	188928	512	5.173552
86263682560	86263535104	147456	512	5.593116
133077447680	133077298688	148992	512	6.816519
98073704448	98073526272	178176	512	5.242804
89570869248	89570617856	251392	512	1.107531
161376356864	161376200704	156160	512	6.329747
183231272448	183231034880	237568	512	1.123634
2145926656	2145709568	217088	512	6.527773
168289346560	168289103360	243200	512	5.717269
195717923840	195717689856	233984	512	4.154197
131011697664	131011556864	140800	512	1.214799
132319226368	132319015936	210432	512	6.254180
177559145472	177558947840	197632	512	4.731848
141678657536	141678506496	151040	512	6.774388
191016158720	191016004608	154112	512	6.501368
31999866880	31999676416	190464	512	6.669080
119301732352	119301585920	146432	512	6.867050
58435010560	58434808320	202240	512	5.152385
156076454400	156076275712	178688	512	6.360842
227090393600	227090203136	190464	512	0.907277
95532410368	95532155904	254464	512	5.960201
153414403072	153414244352	158720	512	1.173366
108798353920	108798106624	247296	512	4.301188
124256534016	124256291328	242688	512	1.153220
104864798720	104864637952	160768	512	1.123123
74910624256	74910440448	183808	512	6.609772
144307500544	144307238912	261632	512	1.033048
172485318656	172485070336	248320	512	4.237037
51708775936	51708615168	160768	512	1.118621
197488408064	197488228864	179200	512	6.145921
67579907584	67579652608	254976	512	6.026939
136743105536	136742863872	241664	512	4.529287
93164299776	93164144128	155648	512	5.466631
127367537664	127367360000	177664	512	6.540263
169858525184	169858265600	259584	512	1.019479
5632340992	5632087040	253952	512	4.869757
127162106368	127161928192	178176	512	5.176749
62443893760	62443681280	212480	512	1.573627
243208857088	243208679936	177152	512	5.611112
93938906624	93938718720	187904	512	1.223777
190714807296	190714546176	261120	512	5.297951
242975427072	242975242752	184320	512	5.543906
33025017856	33024846336	171520	512	6.825293
132109786624	132109579776	206848	512	3.980475
249025357312	249025182208	175104	512	1.077887
26331546112	26331288064	258048	512	4.795115
53384769024	53384624128	144896	512	1.018935
204733106176	204732893696	212480	512	4.326573
225234013696	225233798144	215552	512	5.375459
110293974528	110293770240	204288	512	6.371688
41641571840	41641311232	260608	512	6.063042
99167843840	99167606272	237568	512	6.104537
224661067776	224660915200	152576	512	1.182167
90484112896	90483927040	185856	512	6.544801
39823983104	39823824896	158208	512	1.138021
95484782080	95484597760	184320	512	1.120904
107265811968	107265661952	150016	512	6.866997
132957184000	132956947456	236544	512	1.064714
59196084736	59195952128	132608	512	1.027756
15570435072	15570219008	216064	512	6.500340
157334583296	157334342144	241152	512	1.063915
142137935360	142137677824	257536	512	4.431175
88507131392	88506914304	217088	512	6.258435
84461302784	84461068288	234496	512	4.822739
234682084864	234681888768	196096	512	5.546280
143718830080	143718679552	150528	512	6.707371
133125372928	133125191168	181760	512	1.021431
230657634304	230657492992	141312	512	6.288058
41817179648	41817000960	178688	512	5.343153
233229966848	233229755904	210944	512	1.045665
173645723648	173645533184	190464	512	4.843855
115737628160	115737396224	231936	512	6.123240
90143638016	90143416320	221696	512	4.890465
50696192	50487296	208896	512	1.264160
50903283200	50903138304	144896	512	7.017350
46350258688	46350113280	145408	512	7.047553
193461453312	193461226496	226816	512	1.117516
223171912704	223171735552	177152	512	4.500229
200809338368	200809128960	209408	512	5.795054
105633183744	105633007104	176640	512	6.628783
83972662272	83972434944	227328	512	6.243429
116384529408	116384380928	148480	512	1.155873
159372950528	159372796416	154112	512	6.675731
136048263680	136048035840	227840	512	1.117756
78640360448	78640104960	255488	512	1.236987
139279677440	139279521280	156160	512	1.094909
63614624768	63614481920	142848	512	7.007981
220232166912	220231967232	199680	512	4.327764
22346208768	22345995776	212992	512	5.129803
108696737280	108696504832	232448	512	1.245447
231910412288	231910203904	208384	512	1.019756
126008811520	126008554496	257024	512	4.425007
10270204416	10270071296	133120	512	7.156792
48968030208	48967882240	147968	512	6.975515
180921236992	180920984064	252928	512	1.033660
40394150912	40393980928	169984	512	6.783643
175430505472	175430326784	178688	512	1.141976
244558429696	244558232064	197632	512	5.325922
181822788096	181822610432	177664	512	6.269296
109091088896	109090854912	233984	512	1.128793
197228578816	197228326400	252416	512	1.087734
157550643200	157550491136	152064	512	6.694334
41702320128	41702173696	146432	512	1.233768
137997166080	137996946944	219136	512	4.744759
134467854336	134467598336	256000	512	4.377400
165206980096	165206804480	175616	512	1.075483
208077431296	208077239296	192000	512	5.849135
118155625472	118155467776	157696	512	0.924962
212153269248	212153048064	221184	512	4.149300
38884386304	38884216832	169472	512	1.157881
242344927232	242344710656	216576	512	5.016307
173111830528	173111615488	215040	512	5.964600
194582813696	194582631936	181760	512	1.028386
153411426816	153411259904	166912	512	6.529836
32992624640	32992372224	252416	512	6.165195
96944737280	96944577024	160256	512	1.142420
37999058432	37998888448	169984	512	5.484280
170197184512	170196984832	199680	512	1.078172
90229965824	90229764608	201216	512	5.048206
193174828544	193174670336	158208	512	1.122399
196338115584	196337896960	218624	512	4.291979
144713387008	144713216512	170496	512	5.158039
193701219328	193700992512	226816	512	4.383444
114903638528	114903397376	241152	512	4.651771
205191351808	205191121920	229888	512	5.483641
42719939072	42719696384	242688	512	6.189522
50166577152	50166345728	231424	512	6.266225
233321394688	233321214976	179712	512	4.383790
232253913600	232253678080	235520	512	5.029926
101996964864	101996777984	186880	512	6.514844
161111639552	161111392256	247296	512	1.205389
104630543872	104630406144	137728	512	6.962883
9030806528	9030668288	138240	512	7.160230
150258881024	150258713600	167424	512	6.545354
244520900608	244520724480	176128	512	5.654233
231844249088	231844100608	148480	512	4.787105
154106880000	154106647040	232960	512	5.811860
11127626240	11127409664	216576	512	5.130900
197213367808	197213186048	181760	512	4.777591
225414895616	225414651392	244224	512	1.074856
143352231424	143352073216	158208	512	5.284555
183963772928	183963536896	236032	512	1.240286
156189575168	156189408768	166400	512	6.587583
176468686336	176468490752	195584	512	6.158994
34568753664	34568543744	209920	512	1.883541
94707857408	94707598848	258560	512	1.109109
81257669632	81257507840	161792	512	6.864344
221694720000	221694553600	166400	512	6.038482
61786574848	61786416640	158208	512	6.878186
91338754560	91338568704	185856	512	0.998336
85352588800	85352386560	202240	512	1.057273
12799155712	12798965760	189952	512	1.221291
241054872064	241054705152	166912	512	5.818115
113036902912	113036720640	182272	512	6.258697
115755018240	115754830336	187904	512	5.146943
235863213568	235863046144	167424	512	5.832425
29384644608	29384506880	137728	512	7.179208
204287122432	204286973440	148992	512	0.884212
104344129536	104343976960	152576	512	6.815200
120380936704	120380805120	131584	512	1.139513
48061784576	48061549568	235008	512	0.939097
132184873472	132184623104	250368	512	5.830110
34722814976	34722555904	259072	512	6.084942
12152873472	12152626688	246784	512	6.230373
173637897728	173637668864	228864	512	5.794995
35893042176	35892786176	256000	512	6.102481
16539249152	16539100672	148480	512	7.044490
204774102528	204773950976	151552	512	6.344369
87757438464	87757286400	152064	512	1.115640
62473199616	62472999936	199680	512	1.063007
152132025344	152131780096	245248	512	4.355509
200622844928	200622703104	141824	512	5.246032
57280434688	57280265728	168960	512	6.852136
78498449920	78498205184	244736	512	4.709595
104956522496	104956332544	189952	512	0.928064
124326716928	124326467072	249856	512	5.804106
116511148032	116510967296	180736	512	1.085883
178569868288	178569706496	161792	512	1.063260
101110925824	101110780416	145408	512	0.957039
145292223488	145291976704	246784	512	4.434006
119455106048	119454885888	220160	512	4.784263
4384891904	4384645632	246272	512	1.112602
35863488000	35863342592	145408	512	7.050595
177611335168	177611170816	164352	512	6.417114
38069223936	38069035008	188928	512	6.668381
147059759104	147059621888	137216	512	6.891813
22515672576	22515449856	222720	512	6.409679
196506429952	196506262528	167424	512	3.264098
72173945344	72173694464	250880	512	1.105883
158405815808	158405555200	260608	512	4.422590
218941712896	218941565952	146944	512	1.152963
99678179840	99678022144	157696	512	6.841491
47100839936	47100662784	177152	512	5.393071
4286482432	4286226432	256000	512	4.864082
33681707008	33681492992	214016	512	1.261943
73591725568	73591558656	166912	512	1.210721
119122243584	119121981440	262144	512	1.227129
86813820416	86813663744	156672	512	6.865826
190225185280	190224991232	194048	512	6.137876
84053208576	84052979712	228864	512	1.299918
9035160576	9035015168	145408	512	1.254491
155656201728	155655945216	256512	512	5.726487
210603141120	210602889728	251392	512	5.109101
20903256064	20903011328	244736	512	1.076544
70968552448	70968299008	253440	512	6.124843
163294464512	163294268416	196096	512	6.176513
153266747904	153266592256	155648	512	1.063235
104885106176	104884858880	247296	512	1.058800
70305177600	70304952320	225280	512	6.301767
25179648512	25179509248	139264	512	7.120250
77715172864	77714970112	202752	512	1.084839
108416135168	108415996928	138240	512	5.576918
167928870400	167928645632	224768	512	1.058935
12567125504	12566876672	248832	512	1.069217
59658577408	59658414592	162816	512	6.867675
194765213184	194765000192	212992	512	5.816204
229924851712	229924698112	153600	512	6.215293
209264758272	209264592896	165376	512	1.187158
5307253248	5307053056	200192	512	6.634866
109757632000	109757390336	241664	512	1.059224
160151555584	160151379968	175616	512	1.238718
9630539776	9630356480	183296	512	5.376180
173016179200	173015963648	215552	512	5.903792
46412288	46155264	257024	512	1.191923
135774760448	135774567424	193024	512	13.237615
5765617152	5765412864	204288	512	6.643903
61658973184	61658730496	242688	512	1.104366
177535212032	177535051264	160768	512	5.093853
123491202048	123490963968	238080	512	1.078055
171615875072	171615613440	261632	512	5.458560
161344186880	161344004096	182784	512	1.829752
69805082112	69804833792	248320	512	4.801449
36566940672	36566728192	212480	512	6.466626
234772868096	234772611584	256512	512	3.299215
21078381568	21078181376	200192	512	6.552372
81826362368	81826203648	158720	512	1.059555
214487574528	214487425024	149504	512	6.402235
206435068928	206434847232	221696	512	4.240562
91314233856	91314038272	195584	512	1.127752
96790758912	96790572032	186880	512	1.691928
136215246336	136215034368	211968	512	6.216206
138171289600	138171099648	189952	512	1.084122
148508947456	148508744704	202752	512	6.234610
139400600576	139400365568	235008	512	5.966995
30963492864	30963321344	171520	512	1.214006
114965108736	114964914176	194560	512	5.066716
62707771392	62707517440	253952	512	4.702390
204235887616	204235683840	203776	512	5.784529
68752850432	68752658432	192000	512	6.590143
71153639936	71153503744	136192	512	7.069330
27174887424	27174636032	251392	512	6.162338
32167580160	32167322112	258048	512	6.129476
55743240192	55743066112	174080	512	1.072803
110572360192	110572180480	179712	512	6.548474
102754753024	102754526208	226816	512	6.154300
36584927744	36584759808	167936	512	6.866270
8518751744	8518600192	151552	512	7.102853
214407808000	214407581184	226816	512	4.070843
205947025920	205946811904	214016	512	0.972749
183936448000	183936219136	228864	512	4.338095
62733153792	62732997120	156672	512	6.867052
130551470080	130551291904	178176	512	1.123958
191979060224	191978814976	245248	512	4.078676
115251575808	115251365376	210432	512	6.293112
176448240128	176448017920	222208	512	4.510202
210084499968	210084301312	198656	512	1.149610
184700412416	184700189696	222720	512	5.856673
249222367232	249222220800	146432	512	1.019284
206179901952	206179651584	250368	512	3.897133
184651247104	184651057664	189440	512	1.145190
13719841280	13719663104	178176	512	5.404304
176145913344	176145712640	200704	512	4.745317
27740523520	27740381696	141824	512	7.054258
61313830400	61313647104	183296	512	6.671843
212187281408	212187136000	145408	512	3.648380
207716182016	207716039168	142848	512	6.535845
187154299904	187154107392	192512	512	4.730813
152269771264	152269557760	213504	512	1.186770
50562951168	50562794496	156672	512	5.571257
234657700864	234657563136	137728	512	6.324189
242894409216	242894236160	173056	512	5.706256
141214316544	141214135296	181248	512	6.486136
183921376256	183921131520	244736	512	4.157531
242305783296	242305565696	217600	512	1.065960
190165648384	190165402112	246272	512	1.107361
117526021120	117525770752	250368	512	5.788897
125880439808	125880259072	180736	512	6.532297
23952806400	23952653312	153088	512	7.006335
168858180608	168857996800	183808	512	1.112566
16776098304	16775906816	191488	512	6.701778
196591898112	196591639040	259072	512	3.860625
153903403520	153903164416	239104	512	1.050895
88933627904	88933478912	148992	512	6.836070
20685931008	20685762048	168960	512	1.130321
91437263872	91437013504	250368	512	5.990937
30144762880	30144516096	246784	512	6.155092
73590872064	73590697472	174592	512	6.684116
185890764800	185890549760	215040	512	1.192842
68616498688	68616311296	187392	512	6.650403
245310594048	245310385664	208384	512	5.093677
133333769216	133333606912	162304	512	1.196158
214487609344	214487377920	231424	512	5.382656
179965924352	179965689856	234496	512	4.287558
143455659520	143455502848	156672	512	5.320039
118277170176	118277024768	145408	512	1.020323
73715584000	73715333120	250880	512	4.669086
48457038848	48456877056	161792	512	6.875463
1497003008	1496747520	255488	512	4.836706
208739036672	208738880512	156160	512	4.944788
151755000832	151754825728	175104	512	6.460888
5574150144	5574017024	133120	512	7.180483
216819287040	216819142144	144896	512	5.999459
231615478784	231615251456	227328	512	1.103833
71782886912	71782718464	168448	512	6.802096
218155440128	218155258880	181248	512	1.102948
128742267392	128742017024	250368	512	5.861640
237488934400	237488673280	261120	512	3.025555
218403840	218271744	132096	512	1.077878
1557343232	1557134848	208384	512	1.065701
82941784576	82941573120	211456	512	1.117415
80263889408	80263730688	158720	512	6.921750
129379646976	129379416576	230400	512	4.680819
122280821248	122280574464	246784	512	5.906400
66070973952	66070781440	192512	512	1.044496
25866042368	25865827328	215040	512	6.505549
238861667328	238861434368	232960	512	4.798988
189624516096	189624317952	198144	512	5.889070
78664207360	78663982080	225280	512	14.522415
42309597184	42309396480	200704	512	0.861530
25382731264	25382557696	173568	512	1.030676
68701821952	68701595648	226304	512	6.278448
40213180416	40212967936	212480	512	1.324894
248199878656	248199730176	148480	512	5.926050
141355168256	141354952704	215552	512	14.305003
17669692416	17669458944	233472	512	1.066017
242514540032	242514353664	186368	512	0.959331
231126538752	231126316032	222720	512	0.978021
39175285248	39175024640	260608	512	6.086845
223616287232	223616035328	251904	512	4.899492
31954968064	31954787840	180224	512	5.373764
4370538496	4370344960	193536	512	6.690481
78002890240	78002679296	210944	512	4.998232
157435243008	157435059712	183296	512	5.095462
35427060736	35426834944	225792	512	4.983327
169356069888	169355845120	224768	512	1.080358
167802717184	167802487296	229888	512	1.058584
239949690368	239949498880	191488	512	5.406070
225143938048	225143712256	225792	512	5.246741
26170636288	26170417664	218624	512	1.276774
86034892288	86034673152	219136	512	6.281560
31143437312	31143258624	178688	512	6.748996
177729917440	177729704960	212480	512	5.889275
47328078336	47327870976	207360	512	1.169359
182338472960	182338261504	211456	512	1.052014
18279929856	18279752704	177152	512	6.798641
190861314048	190861094912	219136	512	5.733184
206503763456	206503540224	223232	512	4.176332
32991434240	32991194624	239616	512	6.217356
65879166464	65878946816	219648	512	4.979759
32672359424	32672212480	146944	512	7.027566
141254874624	141254705152	169472	512	1.104701
132150469120	132150263296	205824	512	1.124776
232291223552	232291015680	207872	512	5.342675
112443851264	112443691520	159744	512	1.201897
93774590464	93774382080	208384	512	1.257341
213966115840	213965973504	142336	512	6.453846
137475425792	137475250688	175104	512	5.190891
163417621504	163417462272	159232	512	1.110018
107114123776	107113881088	242688	512	4.708689
221418948608	221418735104	213504	512	5.531337
73652160000	73652006400	153600	512	6.898724
122630121984	122629943808	178176	512	5.192577
20650857472	20650683904	173568	512	6.842514
173144808960	173144620032	188928	512	4.857163
170404194816	170404018688	176128	512	4.975620
115932296192	115932046336	249856	512	5.898706
196314987008	196314822144	164864	512	1.108219
51890051584	51889818112	233472	512	1.186222
46541443584	46541299200	144384	512	1.184721
153931268096	153931123712	144384	512	6.759905
198398034944	198397785088	249856	512	5.235059
191477274624	191477026304	248320	512	1.124188
177176051200	177175828480	222720	512	5.800897
142808436736	142808280064	156672	512	5.291648
80515346432	80515148288	198144	512	6.466085
116964981248	116964846080	135168	512	6.964841
106895371264	106895190016	181248	512	5.196200
130353931264	130353742848	188416	512	6.464988
8900477440	8900302848	174592	512	6.857956
144587595776	144587406336	189440	512	1.040372
219424488960	219424305152	183808	512	5.915709
87652473856	87652332032	141824	512	7.001560
83047495168	83047283200	211968	512	0.978941
226312153088	226311971840	181248	512	4.419927
98879484928	98879352832	132096	512	7.070285
34247513600	34247333376	180224	512	6.749476
137020787712	137020576768	210944	512	5.924229
210135430656	210135287296	143360	512	5.086611
88724794880	88724604416	190464	512	6.533988
119384421376	119384216064	205312	512	6.277242
66014341120	66014135808	205312	512	5.119086
166834120192	166833880576	239616	512	5.733475
97095969280	97095709184	260096	512	5.563547
224786757120	224786507264	249856	512	1.083974
97805714944	97805487616	227328	512	1.172883
204618053632	204617812480	241152	512	1.128957
38461320192	38461077504	242688	512	6.244466
245303647232	245303431168	216064	512	1.040527
124864202752	124864024064	178688	512	5.126610
22556971008	22556791296	179712	512	6.793516
10618449408	10618278400	171008	512	6.849514
165987861504	165987725312	136192	512	6.710777
176465137152	176464913408	223744	512	5.844304
107070294528	107070074368	220160	512	1.091068
104287974912	104287765504	209408	512	6.237923
241828655104	241828481024	174080	512	5.347447
239921379328	239921247232	132096	512	6.239810
113753303040	113753169920	133120	512	1.259103
217816203776	217815945216	258560	512	1.115702
37450694656	37450462720	231936	512	1.199260
37439906816	37439707136	199680	512	1.213922
246981528064	246981315584	212480	512	3.616975
38899740672	38899518976	221696	512	6.383534
104839246848	104839036416	210432	512	6.303384
87346746368	87346549760	196608	512	6.564327
155110051328	155109821440	229888	512	5.883714
192207774208	192207513088	261120	512	1.081015
70579292672	70579149312	143360	512	6.983551
210779195392	210779039232	156160	512	1.182576
136517375488	136517157888	217600	512	4.785107
22129661440	22129512960	148480	512	2.104862
86698746880	86698552832	194048	512	6.526551
95948062208	95947820544	241664	512	4.644474
120917320192	120917111808	208384	512	4.885109
232291856384	232291678720	177664	512	0.985412
56245002752	56244869120	133632	512	5.749274
235103320576	235103096832	223744	512	5.156217
129922773504	129922537984	235520	512	4.634810
234492873728	234492621824	251904	512	4.764070
28919129088	28918872576	256512	512	6.115035
43922716672	43922581504	135168	512	7.136480
42933306880	42933106688	200192	512	1.152722
122660785152	122660644864	140288	512	6.902423
119334660096	119334458368	201728	512	6.136089
132818098176	132817958400	139776	512	1.268760
16519838720	16519703552	135168	512	1.168492
17642171904	17642033152	138752	512	4.933880
241072910336	241072775680	134656	512	6.278101
19727605248	19727465472	139776	512	1.860471
210923476480	210923272192	204288	512	4.325887
145810396672	145810248704	147968	512	1.118410
219552939008	219552721408	217600	512	5.460227
226177508864	226177341440	167424	512	1.079344
199664800768	199664622080	178688	512	4.792637
150177357824	150177156096	201728	512	1.084821
54211054592	54210832384	222208	512	4.993745
243637350912	243637095424	255488	512	4.390691
161856975872	161856754688	221184	512	4.569821
197345234432	197345032704	201728	512	5.896477
19351109120	19350928384	180736	512	1.109421
140207088128	140206913024	175104	512	6.573340
28441360384	28441125888	234496	512	4.813702
193411432448	193411252736	179712	512	1.169159
7528313856	7528056832	257024	512	1.111775
27505767936	27505547264	220672	512	5.049136
95395274752	95395023360	251392	512	3.173314
26216403968	26216234496	169472	512	6.883914
196996378112	196996156416	221696	512	4.241740
192570452992	192570290176	162816	512	0.932671
201382980608	201382808064	172544	512	4.903096
60203863040	60203659776	203264	512	1.113174
227847154688	227846915584	239104	512	5.072034
91532977664	91532812288	165376	512	5.443329
85682273280	85682110464	162816	512	6.847087
187869063168	187868879872	183296	512	4.862119
159685045248	159684834816	210432	512	6.107963
175635448832	175635187712	261120	512	1.028482
19565882880	19565628416	254464	512	6.166712
146177804288	146177662976	141312	512	6.820893
197488111616	197487943168	168448	512	1.131064
45576799232	45576578048	221184	512	1.048751
180402578432	180402360320	218112	512	1.118131
113646610944	113646368768	242176	512	5.978342
26985388032	26985242112	145920	512	1.256319
18316102144	18315893248	208896	512	5.199035
245566069760	245565851648	218112	512	3.497304
216746504192	216746248192	256000	512	4.991741
219023761920	219023585792	176128	512	4.211934
100772672000	100772414976	257024	512	5.986506
121661585920	121661430272	155648	512	1.060527
45292304896	45292088832	216064	512	5.122877
162582917632	162582757376	160256	512	6.580541
40472853504	40472716800	136704	512	5.746709
2070649344	2070454784	194560	512	6.715837
202944104448	202943950336	154112	512	4.931170
230003467264	230003205120	262144	512	3.369491
89356872704	89356730880	141824	512	5.609897
194834808320	194834571776	236544	512	1.103218
81146656768	81146421760	235008	512	1.191031
30802426368	30802173440	252928	512	6.154844
245166480896	245166305792	175104	512	4.292885
117912733184	117912549376	183808	512	5.087357
78224690688	78224461824	228864	512	6.222516
124273103360	124272939008	164352	512	6.693580
60139656192	60139517952	138240	512	1.083112
211243077632	211242878464	199168	512	5.778099
63153800704	63153631744	168960	512	6.794705
115641765888	115641604608	161280	512	1.194325
221679104	221485056	194048	512	6.757008
11012390912	11012205056	185856	512	1.235136
237963714560	237963496448	218112	512	3.556428
113355902976	113355758080	144896	512	7.005949
106872695808	106872450560	245248	512	1.082865
25546093056	25545917952	175104	512	6.807930
145820319744	145820171776	147968	512	1.046513
30693790720	30693642240	148480	512	6.770340
245332569088	245332376064	193024	512	5.244194
2290058752	2289858560	200192	512	1.339174
140553675264	140553422336	252928	512	4.425830
227547347456	227547143168	204288	512	1.095363
45249368064	45249166848	201216	512	6.547235
84681342976	84681179648	163328	512	0.986265
23532906496	23532733440	173056	512	6.834468
15695160832	15694947328	213504	512	1.264165
154288855040	154288683008	172032	512	6.497943
76539345920	76539118080	227840	512	1.191292
195022458880	195022256640	202240	512	4.580911
170503205888	170502995456	210432	512	3.208528
59118871040	59118733824	137216	512	7.074358
191763094528	191762929664	164864	512	1.146732
97780317696	97780074496	243200	512	4.718242
36252395008	36252168704	226304	512	1.045519
139603636736	139603375104	261632	512	5.628592
64218226688	64218089472	137216	512	7.046958
32754593280	32754396160	197120	512	6.576990
92771064320	92770900480	163840	512	1.117753
223348139008	223347954176	184832	512	1.156771
166476359168	166476180480	178688	512	4.944769
155229700608	155229472256	228352	512	1.071799
102313333760	102313147392	186368	512	6.483809
82709985792	82709785088	200704	512	6.449928
154593013760	154592823296	190464	512	4.939911
51639065088	51638827520	237568	512	6.228375
105262215168	105262019584	195584	512	6.416410
12096582144	12096370176	211968	512	5.204491
47106194944	47105989632	205312	512	6.529592
125216240640	125215982080	258560	512	1.125384
68423118848	68422894592	224256	512	4.940251
151319744000	151319493120	250880	512	5.695407
220397121536	220396865024	256512	512	3.607251
186654814720	186654622208	192512	512	6.114139
79998792192	79998617600	174592	512	2.026353
54049050112	54048830976	219136	512	6.395592
24374576640	24374331392	245248	512	6.271649
108658693120	108658489856	203264	512	1.170243
223744326144	223744116224	209920	512	5.432474
10444337664	10444187648	150016	512	7.005842
54400589312	54400385024	204288	512	6.473500
164543240704	164543047680	193024	512	4.876517
15306294272	15306062336	231936	512	6.359565
156494772736	156494566400	206336	512	3.251796
141756660224	141756493824	166400	512	5.239826
176019366400	176019172352	194048	512	1.065490
102786052608	102785910272	142336	512	1.132596
5598872576	5598712832	159744	512	7.005606
195320404480	195320240128	164352	512	6.320313
103899647488	103899408384	239104	512	6.020366
193820705280	193820468736	236544	512	5.547809
48903754240	48903580672	173568	512	6.775516
23258921984	23258690560	231424	512	6.397587
3205348864	3205118976	229888	512	6.429401
51604051968	51603898368	153600	512	1.098812
103650264064	103650114048	150016	512	5.447028
209114964480	209114826752	137728	512	5.278003
124048601600	124048401920	199680	512	6.381144
224715190272	224715001856	188416	512	4.736458
216489007104	216488754688	252416	512	1.115726
152937860096	152937681408	178688	512	5.069491
63513044992	63512864256	180736	512	4.266782
36158188032	36157944832	243200	512	1.211220
133311754752	133311503360	251392	512	1.059960
233257622016	233257367040	254976	512	4.698758
144054043648	144053837824	205824	512	6.200493
243345631744	243345413120	218624	512	1.034026
18263027200	18262847488	179712	512	1.138257
32867601408	32867463168	138240	512	5.705048
122424090624	122423913984	176640	512	1.086636
41340660736	41340512256	148480	512	7.014133
17747742208	17747540992	201216	512	6.570179
59995979776	59995725824	253952	512	6.100548
20108108288	20107850752	257536	512	6.149605
196699968512	196699772416	196096	512	5.918461
208294752256	208294534144	218112	512	5.533284
207986702336	207986460672	241664	512	1.142494
216818919424	216818700800	218624	512	3.873087
113337760768	113337628160	132608	512	1.066691
29045806592	29045675008	131584	512	5.882906
158830474240	158830339584	134656	512	6.895227
159305773056	159305549312	223744	512	5.988868
117237115392	117236863488	251904	512	1.027038
33190707200	33190470656	236544	512	2.041918
18966098432	18965871104	227328	512	6.487383
76974455808	76974281216	174592	512	5.323123
162042558976	162042364416	194560	512	6.191345
15325556224	15325383168	173056	512	6.854165
37647234048	37647074816	159232	512	1.048994
31087151616	31086916096	235520	512	4.914833
192025595392	192025339904	255488	512	3.988323
63306342400	63306106880	235520	512	1.014457
49564482048	49564256768	225280	512	3.515563
205868908032	205868731392	176640	512	1.144280
86772336128	86772131840	204288	512	1.062460
194637681664	194637487104	194560	512	1.144385
90631676928	90631480320	196608	512	1.062189
193481323520	193481161728	161792	512	6.387212
91082768896	91082563072	205824	512	4.995288
11461692416	11461478400	214016	512	5.121365
79111565312	79111329280	236032	512	6.161585
232161684992	232161461248	223744	512	5.128281
204577964032	204577802752	161280	512	6.197114
109686671360	109686475776	195584	512	6.412847
125343932928	125343686656	246272	512	4.522045
174886521344	174886387712	133632	512	5.372081
5529461248	5529226752	234496	512	6.413333
60222326272	60222153728	172544	512	1.213568
61900871168	61900611072	260096	512	6.041111
153291131904	153290946048	185856	512	6.365804
40847460352	40847264256	196096	512	6.633801
124955200000	124955022848	177152	512	6.558684
51336784896	51336606720	178176	512	5.360690
185954537472	185954386432	151040	512	5.199858
141762753024	141762542592	210432	512	6.160808
1876275200	1876033024	242176	512	1.090190
215561594880	215561429504	165376	512	4.765871
138130307072	138130114048	193024	512	1.035330
17043881472	17043702784	178688	512	6.821626
160615250432	160615111680	138752	512	1.150600
172564276736	172564022784	253952	512	4.157628
24630977536	24630763520	214016	512	6.438928
25479835136	25479701504	133632	512	7.069841
158417331712	158417170944	160768	512	1.126611
126653949952	126653735424	214528	512	1.094103
46802219520	46801973248	246272	512	6.238220
152884740608	152884501504	239104	512	5.809866
40419448320	40419237376	210944	512	6.511069
210425761280	210425549824	211456	512	5.635291
230885458944	230885267456	191488	512	5.564012
211258563072	211258427904	135168	512	1.098350
11597794304	11597603328	190976	512	5.305128
173765793280	173765647360	145920	512	6.704329
11410266624	11410053120	213504	512	6.569317
222615098368	222614851072	247296	512	1.048340
83770679808	83770547200	132608	512	7.077159
128352371712	128352189952	181760	512	1.096635
218518877184	218518662656	214528	512	1.126533
189278269952	189278054912	215040	512	5.776918
90161552896	90161352192	200704	512	6.447030
161089451008	161089230336	220672	512	1.679597
164093505536	164093278720	226816	512	5.893683
246420640768	246420438016	202752	512	5.090368
14912404480	14912239104	165376	512	5.560939
154232022528	154231857664	164864	512	6.558485
84845383680	84845231616	152064	512	5.552751
36923767296	36923525120	242176	512	1.084324
94007483904	94007293440	190464	512	6.530790
204636061184	204635884032	177152	512	1.058930
231985992704	231985838592	154112	512	6.116381
41392742912	41392506880	236032	512	4.917010
136346412032	136346233856	178176	512	6.516553
92662306816	92662146560	160256	512	6.701772
88410749952	88410614784	135168	512	1.051645
71720177152	71719960576	216576	512	4.974148
32622644736	32622484480	160256	512	6.907794
120262637056	120262490112	146944	512	1.727783
172769125888	172768867328	258560	512	4.083905
9355828736	9355611648	217088	512	5.213262
124972161536	124971991040	170496	512	5.273995
219066587136	219066418176	168960	512	4.694824
235223856640	235223692800	163840	512	4.611709
97274434048	97274295808	138240	512	1.206065
154265659904	154265418240	241664	512	4.415990
164972010496	164971750400	260096	512	1.043729
100679591936	100679446016	145920	512	6.928121
64867518464	64867373568	144896	512	1.082508
92366962176	92366818816	143360	512	6.967571
158184154112	158183963648	190464	512	5.027298
74010360832	74010122752	238080	512	6.165479
101415412224	101415273472	138752	512	1.129717
64951776256	64951604736	171520	512	5.401218
44099956736	44099701760	254976	512	1.206939
187598919168	187598709248	209920	512	5.825067
33135034368	33134882816	151552	512	2.012303
107533266944	107533039616	227328	512	6.148590
207014731776	207014507008	224768	512	4.177640
15812530688	15812303872	226816	512	1.079199
74649969152	74649752064	217088	512	6.326803
35343207936	35342995456	212480	512	6.495193
171712427008	171712294912	132096	512	6.856732
27076653568	27076464640	188928	512	6.709784
10209617408	10209380864	236544	512	4.955660
152353623552	152353463808	159744	512	5.301301
231252396544	231252255744	140800	512	6.291925
247702139904	247701878784	261120	512	2.832751
202102042112	202101799424	242688	512	1.035342
185035633664	185035400192	233472	512	1.182460
22061761536	22061608960	152576	512	5.668832
163002915840	163002702848	212992	512	4.680739
189283392000	189283254784	137216	512	6.664321
74974329856	74974126080	203776	512	1.183962
162378031616	162377830912	200704	512	6.133530
210400126464	210399916544	209920	512	4.177824
246579988992	246579773440	215552	512	1.025747
127497889792	127497655296	234496	512	6.010957
160785728000	160785542144	185856	512	0.944007
226097329152	226097177088	152064	512	2.850544
61062814720	61062566912	247808	512	4.780227
104177997824	104177769984	227840	512	6.120293
216617641472	216617499136	142336	512	6.423364
206034716160	206034511872	204288	512	4.410124
17323692544	17323556864	135680	512	1.056285
70295227392	70295011328	216064	512	6.383829
65198714368	65198481920	232448	512	6.153931
48468392448	48468256256	136192	512	5.728762
219989060608	219988886528	174080	512	6.047412
244027810304	244027578368	231936	512	4.824709
40707856896	40707629568	227328	512	6.364019
39641436672	39641192960	243712	512	6.201386
167340402688	167340268544	134144	512	6.862124
106905353216	106905176064	177152	512	6.665816
110944184320	110944024064	160256	512	6.748752
227483069952	227482903552	166400	512	6.037985
180784466432	180784287232	179200	512	1.024497
64066918912	64066703360	215552	512	1.129268
248368700416	248368505856	194560	512	5.248567
146121649664	146121451520	198144	512	6.271281
191883275776	191883064832	210944	512	4.493841
14576065024	14575815680	249344	512	4.863913
27653894656	27653662208	232448	512	4.961074
46747889664	46747648000	241664	512	4.954849
157517280768	157517149184	131584	512	1.010743
80702087168	80701907456	179712	512	6.658462
146389264896	146389090304	174592	512	6.505713
37843392000	37843193856	198144	512	1.184705
3380486144	3380251136	235008	512	5.047876
49236428800	49236258304	170496	512	5.430263
210204485632	210204299776	185856	512	5.953829
159512125440	159511893504	231936	512	1.075558
33898033152	33897871360	161792	512	1.124586
107469730304	107469475328	254976	512	4.486742
72532912128	72532744704	167424	512	6.781731
86730599936	86730356224	243712	512	6.088907
136382562816	136382356480	206336	512	4.885291
133027357184	133027153920	203264	512	4.934620
170992774144	170992622080	152064	512	6.618270
152229248512	152229112320	136192	512	1.129807
190455494656	190455354880	139776	512	5.282441
91657901056	91657721856	179200	512	1.118704
42599240704	42599067648	173056	512	6.805529
110995919872	110995716096	203776	512	1.121066
94043385856	94043129856	256000	512	1.243071
120289438208	120289222656	215552	512	6.196315
117624397312	117624265728	131584	512	7.087611
87796042240	87795824640	217600	512	4.936351
94530170368	94529974784	195584	512	1.083290
151361004544	151360790528	214016	512	1.056118
119185501696	119185310208	191488	512	6.431381
142806976000	142806766592	209408	512	6.177566
80194678272	80194425344	252928	512	6.009651
44621832704	44621624832	207872	512	6.487891
75473903616	75473649152	254464	512	5.988239
109755319808	109755106816	212992	512	1.091903
107892158976	107891959808	199168	512	6.357666
26792190464	26791961088	229376	512	1.201669
199308416000	199308193792	222208	512	4.994712
240625534976	240625274368	260608	512	4.366187
74732083200	74731885568	197632	512	1.067889
98138908160	98138727936	180224	512	6.614701
114456890880	114456631808	259072	512	5.841160
201977269760	201977015296	254464	512	5.197592
39255729152	39255579648	149504	512	7.008483
150287478272	150287253504	224768	512	4.599017
236225440256	236225305088	135168	512	1.017509
243299653120	243299426816	226304	512	3.462470
64590033408	64589813248	220160	512	6.367136
206306301952	206306169344	132608	512	5.342984
170613762560	170613616640	145920	512	1.063126
220804211712	220804001792	209920	512	5.553585
249621971968	249621793280	178688	512	4.074838
108252284928	108252085248	199680	512	1.209182
156389682688	156389490688	192000	512	6.297921
41432257536	41432019968	237568	512	1.151243
183279179776	183278989824	189952	512	6.082051
37490203136	37490006528	196608	512	1.033282
17639740416	17639564288	176128	512	5.435853
58683066368	58682854912	211456	512	5.127052
103445262848	103445107712	155136	512	1.118808
165564370432	165564215296	155136	512	1.060954
57409740288	57409478656	261632	512	1.125850
100378263552	100378100224	163328	512	6.767488
119557893632	119557655552	238080	512	5.958360
69841774592	69841534464	240128	512	1.120056
208650038272	208649819136	219136	512	1.117674
78217902592	78217644544	258048	512	4.643362
134338850304	134338640896	209408	512	6.245834
46178067456	46177845760	221696	512	6.419960
69542362624	69542149632	212992	512	1.036036
68693604352	68693469696	134656	512	1.009873
14077030400	14076796928	233472	512	6.353280
232671511552	232671378944	132608	512	6.400270
241343468544	241343324160	144384	512	4.759552
132872485376	132872265728	219648	512	1.108483
110914197504	110913986048	211456	512	6.361804
150681126912	150680989696	137216	512	6.834765
151678495744	151678318592	177152	512	5.169912
209151787008	209151635456	151552	512	1.055522
230484017664	230483841536	176128	512	5.823655
241240330240	241240194048	136192	512	1.034388
180714825728	180714612736	212992	512	4.517989
180121651200	180121424896	226304	512	5.686604
177720036864	177719876608	160256	512	6.442104
61141285376	61141122048	163328	512	6.799618
129538869248	129538715136	154112	512	5.423686
101298852864	101298638848	214016	512	1.048411
89829900288	89829703168	197120	512	1.040215
156032534528	156032283136	251392	512	5.680960
171938425344	171938262016	163328	512	6.490896
106138215424	106138067968	147456	512	1.012532
191145612288	191145424384	187904	512	1.033358
125966080512	125965910528	169984	512	1.785275
64474918912	64474775552	143360	512	1.089384
101782345728	101782154752	190976	512	1.127264
178513186304	178513020928	165376	512	1.096886
183279906304	183279691264	215040	512	1.098980
89803323904	89803065856	258048	512	1.210625
19281980928	19281735168	245760	512	1.065756
61915129856	61914967040	162816	512	1.228164
126017529856	126017373184	156672	512	5.028902
44856854528	44856708608	145920	512	7.030950
226979325952	226979112448	213504	512	5.414566
214862276608	214862064640	211968	512	5.611115
27291575296	27291416576	158720	512	6.964839
207880394752	207880160768	233984	512	4.079210
75572651520	75572393472	258048	512	5.960349
40167320064	40167104512	215552	512	1.071210
30480450560	30480196608	253952	512	4.762834
186088541696	186088380416	161280	512	1.037609
35519014912	35518864384	150528	512	6.993785
139548594176	139548388352	205824	512	4.857542
56594056704	56593843200	213504	512	6.469188
96966682112	96966459392	222720	512	6.265311
168074218496	168074033152	185344	512	1.037505
9244334592	9244118528	216064	512	6.515959
91360365568	91360164864	200704	512	6.440181
149062221824	149062032384	189440	512	6.374801
119679063552	119678930432	133120	512	6.991556
225443252224	225443104768	147456	512	6.280541
220818216448	220817968128	248320	512	5.077801
227340607488	227340382720	224768	512	1.078438
52354892288	52354734592	157696	512	5.534661
30606489600	30606326272	163328	512	1.291718
155141358592	155141100032	258560	512	5.568579
150291538432	150291308032	230400	512	4.180086
19720548352	19720387072	161280	512	6.237554
186420890624	186420723712	166912	512	6.435969
154895603200	154895470592	132608	512	1.103126
79928264704	79928025600	239104	512	1.170515
33736115200	33735939072	176128	512	1.234047
4985357312	4985167872	189440	512	6.746308
114919426560	114919261184	165376	512	6.768942
155992068608	155991915520	153088	512	1.199143
30399150592	30398915584	235008	512	6.277679
69438406656	69438273024	133632	512	7.076336
18248450560	18248192000	258560	512	6.143530
81219821056	81219685888	135168	512	1.749463
6323721216	6323481600	239616	512	1.098423
64549207552	64549044736	162816	512	6.847373
144689389056	144689206272	182784	512	1.048661
72832823296	72832604160	219136	512	6.361971
92026236928	92026013696	223232	512	4.859937
135988232192	135988053504	178688	512	1.152204
113911438336	113911204864	233472	512	1.089546
71551706112	71551530496	175616	512	1.196015
57089528320	57089310208	218112	512	6.389998
174097245696	174097031680	214016	512	4.559404
64755638272	64755457536	180736	512	6.656238
169087277568	169087110144	167424	512	6.487886
94360303104	94360046080	257024	512	1.135476
55889530880	55889359872	171008	512	6.796619
204932974080	204932785664	188416	512	5.990176
229923853824	229923625472	228352	512	5.176440
197691194880	197690953216	241664	512	1.086899
97838439424	97838226432	212992	512	6.302013
213961158656	213960999936	158720	512	4.872304
128647812096	128647552512	259584	512	4.426368
98360568320	98360363008	205312	512	1.949952
150140480512	150140238848	241664	512	4.404498
205262740480	205262485504	254976	512	3.759103
113673565696	113673402880	162816	512	3.701774
197928998912	197928818688	180224	512	4.767347
131628867584	131628708864	158720	512	1.210428
207580777472	207580529664	247808	512	1.060791
204713589760	204713356288	233472	512	5.419414
188050008576	188049809408	199168	512	1.066906
241589319680	241589060096	259584	512	3.034770
86703308800	86703138816	169984	512	1.147661
199030588416	199030346752	241664	512	4.071930
98943049728	98942885888	163840	512	1.040188
190149046784	190148863488	183296	512	6.152631
183417501696	183417316352	185344	512	6.179775
154111668224	154111448064	220160	512	1.068641
81387092480	81386853888	238592	512	1.123242
35895119872	35894895104	224768	512	6.317224
54660518912	54660322816	196096	512	5.199432
199655735296	199655533568	201728	512	4.521314
97156781568	97156588032	193536	512	5.133508
168656056832	168655901696	155136	512	5.215124
77294072320	77293837824	234496	512	6.155377
94314034176	94313814528	219648	512	4.909041
201099089408	201098896896	192512	512	1.088582
153686153216	153686016000	137216	512	6.837664
30706250752	30706048512	202240	512	5.202665
47175953408	47175778816	174592	512	1.045957
207399983616	207399846400	137216	512	6.603580
236940386304	236940181504	204800	512	10.650826
17546615296	17546482688	132608	512	7.123395
4001990144	4001758208	231936	512	6.414525
12777021952	12776829952	192000	512	1.622569
7725231104	7724972032	259072	512	4.842150
190671856128	190671667712	188416	512	6.132759
34884314112	34884153344	160768	512	1.079702
50234362880	50234104832	258048	512	6.058414
101600402432	101600200192	202240	512	5.060640
3240857600	3240716288	141312	512	1.201696
188618941952	188618685440	256512	512	4.987708
9308060672	9307823616	237056	512	6.356708
49334915072	49334717952	197120	512	1.114821
24438923264	24438768128	155136	512	1.139701
52251306496	52251147264	159232	512	1.306484
140721916928	140721755136	161792	512	6.680583
29882099200	29881952768	146432	512	7.034608
159787578368	159787316736	261632	512	5.625271
13992907264	13992743936	163328	512	1.371068
2074386944	2074190336	196608	512	5.318166
207463047168	207462833152	214016	512	4.309453
220270152192	220269919744	232448	512	5.307003
227916561920	227916390912	171008	512	5.922287
165405916160	165405673472	242688	512	4.353611
223878102528	223877933056	169472	512	6.000194
179632014336	179631783424	230912	512	1.160561
26883313152	26883099136	214016	512	5.079536
88748423168	88748221440	201728	512	1.084853
117660164096	117659986432	177664	512	1.881404
35286524416	35286365696	158720	512	6.934705
160861307392	160861112320	195072	512	1.115410
234407360512	234407122944	237568	512	4.956732
123381318656	123381178880	139776	512	5.563485
96798245888	96798065664	180224	512	3.830162
40570935296	40570788864	146432	512	1.180340
33699797504	33699545088	252416	512	4.826219
193771080704	193770861056	219648	512	1.042423
30617438720	30617242624	196096	512	6.621932
31784153600	31783921664	231936	512	6.406108
118347981312	118347834368	146944	512	6.855759
80656111616	80655923712	187904	512	5.211095
174832275968	174832035840	240128	512	5.696698
65758195200	65757972480	222720	512	4.969788
11205053440	11204835840	217600	512	6.518267
209506699264	209506490368	208896	512	5.764735
112007568896	112007354880	214016	512	6.260613
10169061376	10168910336	151040	512	1.073536
87078689280	87078455808	233472	512	6.171328
126423865856	126423682048	183808	512	1.600142
59517955584	59517806080	149504	512	1.139731
134868268032	134868087296	180736	512	1.157968
141357689856	141357461504	228352	512	6.001541
11714539520	11714394112	145408	512	7.075415
217415549440	217415337984	211456	512	5.536847
162504539136	162504325632	213504	512	4.621535
121301663744	121301429760	233984	512	1.129883
115929188864	115928931328	257536	512	5.834501
53562767360	53562597376	169984	512	5.462181
98343651328	98343500288	151040	512	1.091047
234185504768	234185351168	153600	512	6.119387
66528970240	66528809984	160256	512	6.851953
44054344192	44054155264	188928	512	5.287545
69225920000	69225762304	157696	512	1.031028
232594576384	232594426880	149504	512	1.074374
40717707264	40717559296	147968	512	1.076139
88564486144	88564316160	169984	512	1.764786
226729445888	226729311232	134656	512	0.994647
206163833856	206163578368	255488	512	5.184938
114011884544	114011631104	253440	512	1.269644
116598657024	116598510592	146432	512	1.105579
99750920192	99750673920	246272	512	4.676204
133230433792	133230192640	241152	512	1.087826
67073258496	67073010688	247808	512	1.031579
49738298368	49738147840	150528	512	1.357274
170049968128	170049705984	262144	512	1.652915
109835598848	109835458560	140288	512	5.580465
122901650944	122901488128	162816	512	5.368833
234617961984	234617746944	215040	512	1.065563
161676334592	161676118528	216064	512	1.093948
243898959360	243898711552	247808	512	4.579381
19630009856	19629846528	163328	512	1.157382
151028566016	151028323840	242176	512	4.424091
73132996096	73132855808	140288	512	1.190174
138187428864	138187226624	202240	512	6.276262
202614964224	202614813696	150528	512	1.008573
211896293376	211896160256	133120	512	1.056319
214964943360	214964744704	198656	512	5.875860
29698802688	29698634240	168448	512	6.777914
235684369920	235684212224	157696	512	4.687415
198325864960	198325682176	182784	512	1.061660
111101264384	111101102080	162304	512	6.742484
10737178624	10736999936	178688	512	1.123508
64230206976	64229990400	216576	512	6.402913
71025041408	71024879616	161792	512	1.056031
147807726592	147807532032	194560	512	4.973853
205713747968	205713612800	135168	512	5.303740
133524114432	133523884544	229888	512	1.685748
17143601664	17143367680	233984	512	6.343953
198242015744	198241818624	197120	512	5.972972
131014806528	131014605824	200704	512	6.288898
245020118016	245019887616	230400	512	3.462553
91433818112	91433647616	170496	512	5.340393
110342433792	110342231040	202752	512	1.022064
176748145152	176747998208	146944	512	5.327125
193788456960	193788207104	249856	512	4.012312
86801479680	86801345024	134656	512	0.980934
247858717184	247858472448	244736	512	4.442782
10204859904	10204722688	137216	512	7.115013
113652643328	113652452352	190976	512	1.271121
1892629504	1892470272	159232	512	6.982527
197552757760	197552534016	223744	512	11.100769
43511493632	43511288832	204800	512	5.155311
127297323520	127297106432	217088	512	6.182581
237231367168	237231220736	146432	512	4.692202
87462205440	87462031872	173568	512	5.318083
56088157184	56087906816	250368	512	6.141721
26948857856	26948627968	229888	512	4.960500
4846317056	4846057984	259072	512	1.089541
93404518400	93404260352	258048	512	4.571221
113702955520	113702778880	176640	512	5.247914
203885363712	203885101568	262144	512	5.077640
211218177536	211218039808	137728	512	6.531720
95113026560	95112779776	246784	512	6.035032
70501284352	70501137408	146944	512	6.973827
49949054464	49948838400	216064	512	1.063912
59710861312	59710652928	208384	512	5.100540
76712165888	76711992320	173568	512	1.058802
161149611520	161149416960	194560	512	1.079900
41669128192	41668873216	254976	512	4.755844
151965352960	151965112320	240640	512	4.419791
103107554304	103107352576	201728	512	1.109274
91732173824	91731953664	220160	512	6.176374
47006436352	47006286848	149504	512	5.614281
89966591488	89966454272	137216	512	7.014265
225178130944	225177897984	232960	512	3.741882
213529223168	213528965632	257536	512	3.699066
168260160000	168259965440	194560	512	1.755358
242847873536	242847681024	192512	512	20.158564
82013449216	82013279744	169472	512	6.745653
155704204800	155703996928	207872	512	1.111400
182386085376	182385924096	161280	512	5.077389
181101844992	181101667840	177152	512	6.346178
68516831744	68516657152	174592	512	6.689327
124152881152	124152645632	235520	512	1.177200
29665866752	29665653760	212992	512	6.491015
58638753280	58638497792	255488	512	1.135261
106365229568	106365079552	150016	512	1.143872
212759700992	212759459840	241152	512	5.263479
95029075968	95028824576	251392	512	5.993755
204856305152	204856108032	197120	512	4.509744
217879598592	217879339008	259584	512	4.919990
21078961664	21078703104	258560	512	1.035616
20326509568	20326330880	178688	512	1.182595
98877681664	98877514752	166912	512	1.147852
23559247360	23559104000	143360	512	1.081038
199590664704	199590475776	188928	512	4.695149
68190117376	68189959680	157696	512	5.541598
21725847040	21725649408	197632	512	5.269003
108017391616	108017165312	226304	512	1.042825
214906817024	214906620416	196608	512	5.678849
47060775424	47060553216	222208	512	6.411389
67664228352	67664038400	189952	512	1.037726
213232254464	213232105472	148992	512	6.397276
172724313600	172724131328	182272	512	6.323774
128588631040	128588488704	142336	512	6.878956
37451645952	37451468288	177664	512	1.242804
199762495488	199762289152	206336	512	4.467668
141843870720	141843691008	179712	512	1.095524
143219033600	143218820096	213504	512	1.009715
31775768064	31775575040	193024	512	6.641011
217772750336	217772582400	167936	512	6.115281
137649606144	137649384960	221184	512	1.030566
88442832384	88442627072	205312	512	6.425763
30898960896	30898823168	137728	512	1.191234
146710676992	146710478336	198656	512	6.263098
70938102784	70937894400	208384	512	1.259475
165593155584	165593004032	151552	512	5.295769
77219051520	77218875392	176128	512	1.247594
238622596096	238622396416	199680	512	5.169111
209556942336	209556767744	174592	512	4.716804
42225487360	42225271808	215552	512	1.192091
132283489280	132283280384	208896	512	6.255295
151354037248	151353833472	203776	512	6.182054
42397954560	42397802496	152064	512	1.036320
82420176896	82420008448	168448	512	1.202928
131507143168	131507004416	138752	512	6.821566
38577720832	38577476608	244224	512	4.843686
91851947008	91851773440	173568	512	5.314395
81679795712	81679622144	173568	512	6.690807
224887606272	224887346176	260096	512	4.789321
110531702272	110531480064	222208	512	4.811463
129005676544	129005535744	140800	512	1.101657
158857950720	158857818112	132608	512	6.934358
110943320576	110943107584	212992	512	1.077744
53108264960	53108094464	170496	512	1.023133
223228950016	223228731904	218112	512	3.968961
200750123520	200749914112	209408	512	4.447048
47900888064	47900727296	160768	512	1.864360
26331928064	26331675136	252928	512	6.207749
34174331392	34174155776	175616	512	6.873520
187025916416	187025741824	174592	512	6.361546
163192569856	163192433664	136192	512	5.451851
101549957120	101549716480	240640	512	4.704739
137310134272	137309957120	177152	512	5.207612
122046373376	122046180864	192512	512	6.428983
11023292416	11023120384	172032	512	1.202538
24101473280	24101307904	165376	512	5.565591
164854626816	164854371328	255488	512	1.106429
70148013056	70147848704	164352	512	6.801100
156083647488	156083477504	169984	512	1.181095
178700664320	178700471808	192512	512	6.129664
170269201920	170269020160	181760	512	6.285245
74785357312	74785103360	253952	512	1.034866
191808844288	191808680960	163328	512	6.400068
162052092416	162051870208	222208	512	4.558285
101843277824	101843027456	250368	512	4.533661
128002180096	128001948160	231936	512	6.028780
179979982336	179979798016	184320	512	4.824756
120519165952	120519009280	156672	512	1.060337
42930732032	42930500096	231936	512	6.321643
165846347264	165846215680	131584	512	5.508972
70559308800	70559174144	134656	512	1.292057
57068110848	57067950592	160256	512	6.893740
90729505792	90729346560	159232	512	2.037172
219600206336	219599959040	247296	512	1.064362
2079843328	2079664640	178688	512	6.842855
46860304896	46860170752	134144	512	5.794895
524070912	523874304	196608	512	5.316477
25614297600	25614078976	218624	512	1.120630
109201232384	109201014784	217600	512	6.288364
182102074368	182101832192	242176	512	4.214929
137835978240	137835732992	245248	512	4.518423
18517188096	18516978688	209408	512	6.540304
124716442112	124716289024	153088	512	1.046448
236741372416	236741116928	255488	512	4.531803
199968403456	199968196608	206848	512	1.067476
204549584384	204549331456	252928	512	3.847418
15643923968	15643774976	148992	512	7.054268
82217366016	82217159680	206336	512	1.694870
234044941824	234044696576	245248	512	3.442019
24026017792	24025767424	250368	512	1.325117
244066233856	244065995776	238080	512	4.726584
203925208576	203924950016	258560	512	5.117821
88140824576	88140692992	131584	512	1.740393
202507546112	202507311616	234496	512	4.055260
141693692416	141693500928	191488	512	6.234329
46868917760	46868734976	182784	512	6.701979
105797368832	105797208576	160256	512	6.746603
174461407232	174461168640	238592	512	4.320560
117373609984	117373437440	172544	512	1.283245
148779352576	148779209216	143360	512	5.410803
180536531968	180536299008	232960	512	1.052115
109836269056	109836105728	163328	512	1.040086
142756448768	142756234752	214016	512	1.278382
123987417600	123987245056	172544	512	1.101300
4226793472	4226542080	251392	512	6.211989
103755070976	103754897408	173568	512	6.625978
62728286208	62728068096	218112	512	6.270910
224214742016	224214569984	172032	512	1.104838
137052776448	137052527616	248832	512	4.481532
2086971904	2086801408	170496	512	5.507448
112200882176	112200665600	216576	512	4.863698
140825539072	140825364480	174592	512	6.542099
32063885824	32063628288	257536	512	6.078047
167932541440	167932354048	187392	512	1.137995
39264445952	39264202752	243200	512	6.264210
182548313088	182548100096	212992	512	4.520473
44776440320	44776261120	179200	512	1.104439
224882437632	224882181120	256512	512	3.440176
31259366912	31259167232	199680	512	4.541701
73457137664	73456948224	189440	512	6.610171
40603800064	40603622400	177664	512	6.766028
8382940160	8382792192	147968	512	5.677307
108362983936	108362735104	248832	512	4.593292
99859570688	99859434496	136192	512	1.154841
172027258880	172027103744	155136	512	1.065071
56806153728	56805995520	158208	512	1.275144
247630422016	247630259712	162304	512	1.081672
227375066112	227374848512	217600	512	3.989523
80514761216	80514617344	143872	512	6.984946
126549490688	126549303296	187392	512	1.045536
168227674624	168227440128	234496	512	4.459656
222471314432	222471111168	203264	512	4.173144
187073920512	187073743872	176640	512	6.292128
233125248512	233125110272	138240	512	1.025963
218375731200	218375495168	236032	512	3.866351
231250054656	231249796608	258048	512	3.300193
43909291520	43909136384	155136	512	6.903927
229322015232	229321841152	174080	512	5.898275
23091862016	23091661824	200192	512	5.239288
179766937088	179766785024	152064	512	5.225525
96051830784	96051587072	243712	512	4.697871
219416504832	219416308224	196608	512	5.836490
111273361408	111273202688	158720	512	1.218923
133187076096	133186895872	180224	512	1.206104
173963380736	173963168256	212480	512	4.588641
113239102976	113238864384	238592	512	1.050780
99165521920	99165376512	145408	512	6.937150
135623465984	135623221248	244736	512	5.876385
19911823872	19911598592	225280	512	1.072152
191042102272	191041900032	202240	512	5.939739
56419824640	56419631616	193024	512	1.305232
149325233664	149324986880	246784	512	5.778097
107664850944	107664667136	183808	512	1.139669
20365621248	20365370368	250880	512	4.852364
235875107840	235874905600	202240	512	5.421879
44461720064	44461500928	219136	512	6.424993
36253618176	36253365760	252416	512	6.153214
164416835072	164416679936	155136	512	6.613881
51635697152	51635490304	206848	512	1.024506
89813117440	89812922880	194560	512	1.245941
5610472960	5610271744	201216	512	1.089707
148029827072	148029617152	209920	512	6.129766
156528659968	156528420864	239104	512	4.465529
152775284224	152775078400	205824	512	6.142524
146710011392	146709817344	194048	512	4.965671
40384439296	40384252928	186368	512	5.351578
32714762240	32714561536	200704	512	6.584874
202933658624	202933503488	155136	512	1.175193
153753295360	153753162752	132608	512	6.916514
26898351616	26898103808	247808	512	0.988381
219823908352	219823652864	255488	512	1.036971
129479325696	129479119872	205824	512	6.341289
156933519872	156933338624	181248	512	6.401865
119751182848	119751017984	164864	512	1.019607
81068385792	81068211200	174592	512	5.336814
212923411968	212923151872	260096	512	3.659088
12054338560	12054097920	240640	512	6.319015
14526501376	14526268416	232960	512	4.800658
37913102848	37912850432	252416	512	1.162034
131012257280	131012038656	218624	512	1.033371
6892782080	6892568064	214016	512	1.238368
109880777728	109880556032	221696	512	6.207527
115711226368	115710966784	259584	512	1.182422
4287783936	4287537664	246272	512	1.122258
243735735296	243735602688	132608	512	6.307741
33852304384	33852139520	164864	512	1.142389
44034907648	44034678272	229376	512	6.335557
51881042944	51880798720	244224	512	1.067427
180116478464	180116317184	161280	512	6.464845
24793128448	24792902656	225792	512	5.049339
5964983808	5964789760	194048	512	6.730764
122326509568	122326264320	245248	512	4.451071
33834641920	33834441216	200704	512	1.261224
227809776640	227809601024	175616	512	1.061427
3775766528	3775580160	186368	512	6.760002
105458954240	105458802688	151552	512	6.860235
157858160128	157858006528	153600	512	1.229731
225736576000	225736398848	177152	512	4.487145
135269037568	135268798464	239104	512	5.961178
217813490176	217813232640	257536	512	4.963341
174329239040	174329055232	183808	512	1.032697
15768119808	15767986688	133120	512	7.093646
84568797184	84568543232	253952	512	4.648712
134613108736	134612905984	202752	512	6.257875
77658419712	77658227712	192000	512	6.525351
4751698432	4751491072	207360	512	1.144439
12552179200	12552046080	133120	512	7.193823
28632889856	28632738816	151040	512	1.119226
221896658944	221896446976	211968	512	5.410627
99251916288	99251746816	169472	512	5.348571
126910385664	126910214656	171008	512	1.736797
56778321920	56778186240	135680	512	5.711159
155949388800	155949243904	144896	512	1.080997
230027727872	230027543552	184320	512	5.937609
160958394880	160958256640	138240	512	6.800740
229624949248	229624760832	188416	512	1.101290
31645940224	31645785088	155136	512	6.951051
174885781504	174885628416	153088	512	5.255843
201235831296	201235632128	199168	512	5.707763
5679146496	5678934528	211968	512	5.179124
230126084608	230125941248	143360	512	4.904111
104148282880	104148043264	239616	512	6.025902
31773950976	31773696000	254976	512	1.874524
206148560384	206148321280	239104	512	5.387599
180247244800	180247101440	143360	512	6.680710
162678029824	162677815296	214528	512	1.149560
184384909824	184384702464	207360	512	4.571825
44760549888	44760379392	170496	512	6.862695
157090897920	157090710528	187392	512	6.345189
82997310464	82997068288	242176	512	4.745081
28820456960	28820236800	220160	512	6.312783
35027587072	35027416064	171008	512	6.801218
132491490304	132491312640	177664	512	1.109320
199618235392	199618011648	223744	512	4.270118
234853292544	234853097472	195072	512	4.186733
121666386432	121666244608	141824	512	6.903080
8867310080	8867164160	145920	512	5.811529
1196444160	1196252160	192000	512	5.371141
233030833152	233030667776	165376	512	5.958214
132568672256	132568425472	246784	512	4.489257
213934016000	213933758976	257024	512	20.185732
51479963648	51479783936	179712	512	6.753680
222391857152	222391693824	163328	512	1.147156
214354016768	214353759744	257024	512	1.081769
186621207552	186621057536	150016	512	6.544202
176603941888	176603721728	220160	512	5.926543
53605175296	53604953600	221696	512	1.166575
225365151744	225364946944	204800	512	4.080424
29911647744	29911396352	251392	512	6.183329
28100645376	28100430848	214528	512	6.472319
18483459072	18483216384	242688	512	4.906203
229971978240	229971724288	253952	512	4.858534
148508109824	148507910144	199680	512	6.272337
80081518080	80081322496	195584	512	1.166654
249363020800	249362762752	258048	512	2.864264
160193627136	160193452032	175104	512	6.533259
65799156736	65798996992	159744	512	6.874043
164117490176	164117293568	196608	512	1.162606
145796736512	145796566016	170496	512	5.187723
151843734016	151843601408	132608	512	6.882051
25221537792	25221373952	163840	512	6.903316
180934556672	180934307328	249344	512	4.118081
89039655936	89039512064	143872	512	5.572446
6604252672	6604094464	158208	512	1.082375
123806953472	123806708224	245248	512	1.054309
63588208640	63587952128	256512	512	4.660015
11730044416	11729834496	209920	512	6.540958
64497994752	64497840128	154624	512	6.921832
235143324672	235143151104	173568	512	5.847991
127488804864	127488554496	250368	512	1.149900
211383294464	211383154176	140288	512	5.183327
133907445248	133907290624	154624	512	6.739178
141882874368	141882629632	244736	512	1.047256
106075112448	106074979328	133120	512	1.031676
197611721728	197611492352	229376	512	1.044484
232102380544	232102190592	189952	512	4.276784
154987197440	154986968576	228864	512	4.516250
118739903488	118739704832	198656	512	6.365884
26786197504	26785949696	247808	512	6.242844
53479298048	53479134720	163328	512	1.055637
159796130304	159795971072	159232	512	1.100980
88916813312	88916594688	218624	512	4.899619
249091542528	249091313664	228864	512	4.719405
221455960576	221455722496	238080	512	1.103034
82410230784	82410032128	198656	512	1.031786
103529401344	103529175552	225792	512	4.800579
96748769792	96748565504	204288	512	5.045594
130171281920	130171097088	184832	512	1.103323
109778343936	109778094080	249856	512	1.202002
246124877312	246124625408	251904	512	4.709183
162974906368	162974698496	207872	512	6.098150
101632842752	101632674816	167936	512	6.740513
167900103168	167899889152	214016	512	4.651478
191244731392	191244531712	199680	512	4.619966
48591135232	48590993920	141312	512	5.688123
243403209728	243402990080	219648	512	4.989217
168619420672	168619165184	255488	512	5.561976
220054926336	220054693888	232448	512	1.196151
3453972480	3453805056	167424	512	6.920812
31818571264	31818329600	241664	512	1.049600
148994907136	148994763264	143872	512	6.839908
128198797312	128198545408	251904	512	5.894357
34181505536	34181316608	188928	512	6.727480
124032517120	124032381440	135680	512	7.011229
154467389440	154467214336	175104	512	0.969548
152218066944	152217907200	159744	512	5.410568
234135197184	234134959104	238080	512	3.601057
200680107520	200679910400	197120	512	5.944475
190727202304	190726951936	250368	512	5.407932
104496356352	104496104960	251392	512	1.943897
209512713728	209512497152	216576	512	5.531148
176911366656	176911170560	196096	512	1.139330
144791019520	144790879232	140288	512	5.493113
238992325120	238992159232	165888	512	1.056133
97844193792	97844036608	157184	512	1.038717
159292369408	159292204032	165376	512	1.022915
20462296064	20462155776	140288	512	1.044619
155612412928	155612214784	198144	512	6.213782
111180974080	111180749824	224256	512	6.173528
163112861184	163112723456	137728	512	6.817819
240262675968	240262524416	151552	512	5.993320
37945459200	37945209344	249856	512	4.802899
93451578368	93451390464	187904	512	6.566428
181790053888	181789907968	145920	512	6.584199
82899411456	82899204608	206848	512	1.175941
144664120320	144663897088	223232	512	1.609049
110741598720	110741386752	211968	512	1.051101
178616095232	178615872000	223232	512	1.133036
67968616960	67968409088	207872	512	4.713222
202567923712	202567773184	150528	512	1.927567
10724350464	10724151808	198656	512	6.632440
204207575040	204207435264	139776	512	6.542515
62909658112	62909470208	187904	512	6.607732
193783916544	193783720960	195584	512	4.653867
208921438208	208921257984	180224	512	1.101914
100392399360	100392208384	190976	512	6.597419
137841296384	137841117184	179200	512	1.056504
178557819904	178557559296	260608	512	5.399577
115996309504	115996120064	189440	512	6.485889
224255490048	224255343616	146432	512	1.115594
25570039296	25569824768	214528	512	1.728526
212413699072	212413452800	246272	512	5.218704
64454151168	64453892096	259072	512	4.664064
245886025728	245885854720	171008	512	1.092075
127545125888	127544930304	195584	512	6.369572
207842094592	207841908224	186368	512	5.986688
192141632512	192141472768	159744	512	6.428564
107123624960	107123459072	165888	512	1.140366
244473529856	244473374208	155648	512	5.968736
20983507968	20983263744	244224	512	6.256479
105701548032	105701361152	186880	512	0.988607
41124117504	41123953664	163840	512	5.503123
140766929408	140766671360	258048	512	4.361202
81678560768	81678369792	190976	512	1.136112
79140683264	79140441600	241664	512	4.731758
46884655104	46884456960	198144	512	6.582487
248028307968	248028165632	142336	512	4.679780
233837253632	233837064192	189440	512	4.280358
222362263552	222362037760	225792	512	3.897701
198880913408	198880743424	169984	512	6.301149
209214227968	209213993472	234496	512	3.969936
203314068480	203313926144	142336	512	5.100025
145616225792	145616053248	172544	512	6.554629
75489640960	75489397760	243200	512	1.103684
39027109376	39026934784	174592	512	1.885876
2573051904	2572838400	213504	512	6.549949
120981564928	120981319680	245248	512	2.079969
97180721152	97180532736	188416	512	6.554586
11427944448	11427687424	257024	512	1.272375
208702003200	208701830656	172544	512	6.108660
153159228416	153159013888	214528	512	6.058877
240155131904	240154962432	169472	512	1.051089
210044110336	210043857920	252416	512	5.147863
24677248000	24677063680	184320	512	5.327485
69102832640	69102588416	244224	512	6.115238
40366941696	40366722048	219648	512	1.206486
73448413184	73448219648	193536	512	6.594779
188496814592	188496664576	150016	512	1.070547
76831309312	76831073280	236032	512	6.163973
147855191552	147854951424	240128	512	4.487422
165194378752	165194134016	244736	512	1.171446
231616764928	231616531456	233472	512	0.990768
108612310528	108612087296	223232	512	6.176290
46749276672	46749143552	133120	512	7.136957
151597352448	151597176320	176128	512	1.033079
36177025536	36176820224	205312	512	1.194924
215146598400	215146360320	238080	512	5.300993
224961645056	224961452544	192512	512	5.742934
236401222656	236401071104	151552	512	4.758955
12934781440	12934551552	229888	512	6.361831
202565086720	202564904448	182272	512	6.094383
62507310080	62507120128	189952	512	5.356878
19756180480	19755976704	203776	512	5.211776
245883133952	245882925568	208384	512	3.663518
125469519872	125469299712	220160	512	1.112946
29216584704	29216427008	157696	512	6.949152
205355820544	205355585536	235008	512	5.357517
244611835904	244611662336	173568	512	4.383822
75310454272	75310201856	252416	512	6.016489
194417872384	194417612800	259584	512	1.071066
181274406400	181274259968	146432	512	6.573303
38455890944	38455732736	158208	512	6.989054
24857566720	24857384960	181760	512	6.793392
9759361536	9759225856	135680	512	1.116335
47201064960	47200832000	232960	512	0.919547
121974522368	121974326784	195584	512	6.379051
68650699264	68650527232	172032	512	6.786672
67014249472	67014038016	211456	512	1.240813
102613763584	102613629440	134144	512	6.999219
119496300032	119496113152	186880	512	1.009420
211223575040	211223320064	254976	512	0.952256
242435264512	242435006976	257536	512	1.059499
226153502208	226153356800	145408	512	6.307228
214863547392	214863382528	164864	512	1.107848
83081153536	83080951296	202240	512	6.431506
59650111488	59649935872	175616	512	6.611069
188732836864	188732668928	167936	512	6.396364
169697265152	169697102336	162816	512	1.066125
