base_offset	offset	absdelta	probe_length	millis
126027435520	126027342848	92672	512	48.630191
240315702784	240315591680	111104	512	1.155883
109844520960	109844408320	112640	512	5.828255
76658364928	76658233856	131072	512	7.092957
121913790464	121913689600	100864	512	5.927185
76726770176	76726648320	121856	512	5.782437
230592769536	230592641024	128512	512	1.128050
139912382464	139912294400	88064	512	15.633291
27613431296	27613363712	67584	512	1.217972
143186061824	143185962496	99328	512	1.078448
194981219840	194981101056	118784	512	6.861611
153217904640	153217810944	93696	512	1.096505
138169118720	138169028608	90112	512	7.369696
126233930752	126233854976	75776	512	1.040498
53313183744	53313067008	116736	512	1.143149
189685599232	189685484544	114688	512	6.976983
195603484160	195603412992	71168	512	1.064597
162823225856	162823141888	83968	512	7.408084
190540777472	190540688896	88576	512	7.210825
209029364736	209029245952	118784	512	1.023814
198997147136	198997038592	108544	512	1.092938
54011407360	54011315712	91648	512	7.457391
216374813184	216374744576	68608	512	7.368974
150005669888	150005597696	72192	512	1.094828
172502352384	172502248448	103936	512	1.050162
233742567424	233742436864	130560	512	5.049274
97954385920	97954297856	88064	512	6.049156
78150047232	78149972992	74240	512	1.183754
244833876480	244833786368	90112	512	6.947700
70894704640	70894601216	103424	512	7.326086
62448308736	62448194048	114688	512	7.545854
150544097280	150544005632	91648	512	7.309461
96117999104	96117898752	100352	512	7.345187
148541619712	148541511168	108544	512	5.805060
161469728256	161469612032	116224	512	7.039215
102712032768	102711940608	92160	512	1.092396
181170037760	181169936384	101376	512	1.037226
212452897792	212452785664	112128	512	1.039670
37809753600	37809628672	124928	512	7.235564
68814082048	68813974528	107520	512	1.332175
65813763584	65813637632	125952	512	7.157929
214951927808	214951845376	82432	512	0.935287
179725347328	179725238784	108544	512	7.027215
216027001856	216026895872	105984	512	6.880111
102998400000	102998323712	76288	512	1.147083
125483154944	125483037696	117248	512	5.760606
127938787840	127938689024	98816	512	1.155377
81506446336	81506326528	119808	512	7.181378
72043295744	72043180544	115200	512	1.011765
4337332224	4337213952	118272	512	7.333898
168670346240	168670216704	129536	512	1.147172
173986068480	173985951744	116736	512	1.074352
243535323648	243535243776	79872	512	7.041887
111409051136	111408932352	118784	512	7.129754
136596853760	136596751872	101888	512	7.217967
185908942848	185908814336	128512	512	5.437978
187878179328	187878110720	68608	512	7.507844
171429776896	171429691392	85504	512	1.035170
128213277696	128213163008	114688	512	1.924373
149488978432	149488855040	123392	512	1.898274
135684150784	135684037632	113152	512	1.317051
90341391360	90341274624	116736	512	7.160193
70130334208	70130265600	68608	512	1.149732
57363951616	57363883520	68096	512	7.651422
236761447424	236761331200	116224	512	6.588112
146981379072	146981264896	114176	512	1.118858
139505773568	139505645056	128512	512	6.992350
226180024832	226179897856	126976	512	0.968630
57265895424	57265785344	110080	512	5.947658
221956017664	221955907072	110592	512	6.747656
46949969920	46949839872	130048	512	15.426646
169656088576	169656018944	69632	512	1.139460
111330330112	111330202624	127488	512	6.979142
24924018176	24923944448	73728	512	7.645021
56233707520	56233601536	105984	512	7.350461
119189198848	119189072384	126464	512	6.998171
185520563712	185520493568	70144	512	0.997951
113031507968	113031406592	101376	512	7.275654
216753951744	216753862144	89600	512	5.667861
159303109632	159303041536	68096	512	1.079818
137868893184	137868790784	102400	512	0.909976
142489320960	142489225728	95232	512	7.376185
235624436224	235624323072	113152	512	6.663798
55159944192	55159821312	122880	512	0.978691
236795028480	236794903040	125440	512	6.508851
137316278272	137316189696	88576	512	0.977959
4267377664	4267299328	78336	512	7.662799
166460289024	166460161024	128000	512	6.975016
39949647872	39949541376	106496	512	5.126340
13895398400	13895284736	113664	512	1.793110
232761379328	232761295872	83456	512	7.107173
225789459968	225789344768	115200	512	6.726441
165766262784	165766183936	78848	512	1.110594
153037602304	153037530112	72192	512	1.025576
18209408000	18209311744	96256	512	1.344419
225401135616	225401016832	118784	512	6.654054
16954201088	16954126848	74240	512	7.647184
53748185600	53748057600	128000	512	1.311520
221458739200	221458655744	83456	512	1.769665
89176716800	89176612352	104448	512	7.329392
167023348224	167023221760	126464	512	1.026254
36568386048	36568268288	117760	512	7.302065
114432372736	114432294912	77824	512	7.508450
210228912128	210228806144	105984	512	1.017126
96528675840	96528604160	71680	512	7.592344
50505280512	50505207296	73216	512	1.211868
92515755008	92515642880	112128	512	7.238208
12505439232	12505349120	90112	512	1.272697
38120608256	38120535552	72704	512	7.651197
7254270464	7254176768	93696	512	1.275946
222520044544	222519955968	88576	512	7.189752
54512643584	54512553984	89600	512	6.115912
116486104064	116486006272	97792	512	5.875365
146280606720	146280525824	80896	512	7.423704
75564386304	75564281856	104448	512	1.137758
234773778432	234773706752	71680	512	1.106797
25588975616	25588861952	113664	512	1.272522
191635884544	191635817984	66560	512	7.465337
3419043328	3418915328	128000	512	7.186242
90134194176	90134124544	69632	512	1.169595
55322288128	55322200576	87552	512	4.686911
237134224384	237134139904	84480	512	1.019269
165932636160	165932509696	126464	512	6.594186
200722731520	200722615808	115712	512	6.900342
58000641024	58000523264	117760	512	1.270518
111730819072	111730717696	101376	512	1.145337
172277533696	172277467648	66048	512	1.106101
111960633856	111960522240	111616	512	1.054775
187475593728	187475487232	106496	512	7.018557
13844191232	13844106752	84480	512	1.230375
199491597824	199491486208	111616	512	5.577082
100448896000	100448805888	90112	512	1.130008
73014697472	73014611456	86016	512	1.021450
83526878208	83526811136	67072	512	1.310457
106706424320	106706325504	98816	512	7.073049
207431485440	207431400960	84480	512	1.077556
103734912000	103734822912	89088	512	7.289659
188716843520	188716762624	80896	512	1.163647
143705448960	143705322496	126464	512	1.105927
193753317888	193753190912	126976	512	1.182180
147612343808	147612260352	83456	512	7.416205
71626716160	71626621952	94208	512	1.089975
166395315712	166395220480	95232	512	7.292876
80146034176	80145914880	119296	512	1.174041
145305774592	145305673728	100864	512	7.232034
40148433408	40148359168	74240	512	1.174213
222054652928	222054548480	104448	512	5.551787
181140385280	181140291072	94208	512	7.233389
157195848704	157195739136	109568	512	1.174951
19474183168	19474064896	118272	512	7.207647
92717311488	92717190656	120832	512	7.158001
12485230592	12485145600	84992	512	7.574379
211062718464	211062642176	76288	512	5.932245
167340696064	167340567040	129024	512	5.541260
224779764736	224779653120	111616	512	6.685453
131817867264	131817743360	123904	512	7.049282
157905257984	157905158144	99840	512	7.233406
235239154176	235239080960	73216	512	1.035005
246371571200	246371461120	110080	512	1.035569
210621121024	210621008384	112640	512	1.166736
217557508608	217557427200	81408	512	7.211524
70589527552	70589412864	114688	512	1.045460
44584860672	44584777728	82944	512	1.326377
237066678272	237066594304	83968	512	1.066242
227791564800	227791445504	119296	512	5.298874
51826621952	51826531840	90112	512	0.982466
34413442048	34413313536	128512	512	7.143766
203108626432	203108555264	71168	512	1.072108
9290945024	9290829824	115200	512	7.302639
60734593024	60734495744	97280	512	7.411691
108901826560	108901743616	82944	512	1.122505
115294758400	115294651904	106496	512	1.138206
171915921408	171915819520	101888	512	7.153003
44326471680	44326368256	103424	512	7.048398
83663838720	83663728128	110592	512	0.966299
129076366848	129076275200	91648	512	7.358965
140480819712	140480707072	112640	512	7.183077
122992396800	122992321024	75776	512	1.089343
82131177984	82131065344	112640	512	1.339013
147543296512	147543171584	124928	512	5.654392
143080451584	143080337408	114176	512	7.115403
38425255424	38425142784	112640	512	7.283834
47910246400	47910124544	121856	512	7.149840
156464273408	156464164864	108544	512	5.780309
234436550144	234436476416	73728	512	1.105840
172188477440	172188361216	116224	512	1.048286
160856076800	160855971328	105472	512	7.137201
144536910848	144536836096	74752	512	7.496258
56753537536	56753447424	90112	512	1.265005
230812320768	230812201984	118784	512	1.169223
246909739008	246909642240	96768	512	6.735862
208696906240	208696784384	121856	512	6.734475
48199506432	48199376896	129536	512	1.275164
235882492928	235882405376	87552	512	6.785609
179213074432	179212946944	127488	512	6.858864
43299183616	43299097600	86016	512	1.234887
220586943488	220586848768	94720	512	7.011023
151071987712	151071866368	121344	512	7.036696
71673484288	71673383424	100864	512	1.228135
59802212352	59802146304	66048	512	1.233730
54215844352	54215760896	83456	512	1.022316
137354104320	137353982976	121344	512	7.062899
78827723776	78827610112	113664	512	1.129851
61268437504	61268343296	94208	512	7.450217
126940615680	126940486656	129024	512	1.143069
173826963968	173826843648	120320	512	1.011270
129716639744	129716571648	68096	512	1.117625
148186033664	148185961472	72192	512	1.040442
104249432064	104249364992	67072	512	15.883978
61781399552	61781314048	85504	512	7.510168
38955533824	38955405312	128512	512	7.177346
144026977792	144026879488	98304	512	5.882781
26210554368	26210427392	126976	512	7.204762
146166900736	146166785536	115200	512	1.148032
232085162496	232085031936	130560	512	5.055103
89054932992	89054858240	74752	512	1.109256
95221685760	95221606400	79360	512	1.144025
155487505920	155487394304	111616	512	0.993665
58905788416	58905680896	107520	512	1.323921
162634027008	162633927680	99328	512	1.092076
211589979648	211589891584	88064	512	5.793967
200075167232	200075060224	107008	512	1.060712
227539781632	227539690496	91136	512	1.058920
195611787776	195611714048	73728	512	1.032458
188565516288	188565395456	120832	512	5.545528
49216066048	49215996928	69120	512	7.649184
162586134016	162586018816	115200	512	7.047174
231720208384	231720111616	96768	512	1.091243
228287412224	228287333376	78848	512	5.756324
133324780032	133324684800	95232	512	7.303834
5994403328	5994322432	80896	512	6.185441
160366649856	160366580736	69120	512	7.523459
55428739584	55428613632	125952	512	1.124427
104281793536	104281705472	88064	512	1.141316
65795480064	65795393536	86528	512	1.125592
36419358208	36419268096	90112	512	7.495436
30942208000	30942109696	98304	512	1.102444
192868609024	192868529152	79872	512	7.327393
33909510656	33909410816	99840	512	7.417918
226244963840	226244837376	126464	512	1.105753
59510439936	59510345216	94720	512	7.451764
29969065472	29968962048	103424	512	1.607056
186843364352	186843276800	87552	512	5.905664
207476335104	207476254720	80384	512	1.136419
33884607488	33884525568	81920	512	7.574951
76013458432	76013331968	126464	512	15.386230
47952787968	47952705536	82432	512	7.530657
193892067840	193891953152	114688	512	5.542765
86754491904	86754399232	92672	512	7.420396
71264326656	71264211456	115200	512	7.249659
242260126720	242260009472	117248	512	5.197953
202790659072	202790592512	66560	512	7.434725
161106204672	161106109952	94720	512	5.934124
150786074624	150785971200	103424	512	1.222100
71606456832	71606362624	94208	512	1.311535
4628869632	4628770304	99328	512	6.104763
33677748224	33677627904	120320	512	1.147239
2651975680	2651851776	123904	512	1.155991
90589170176	90589059072	111104	512	1.144626
36130173952	36130058752	115200	512	1.061576
67519146496	67519075840	70656	512	1.165298
204172487680	204172410368	77312	512	7.339751
13567604736	13567535104	69632	512	1.056304
82451442176	82451361792	80384	512	7.531109
46901313536	46901202432	111104	512	7.393573
175249980416	175249851904	128512	512	6.804469
242272335872	242272267776	68096	512	7.232338
75650494976	75650400768	94208	512	7.418452
156988459520	156988383232	76288	512	7.476460
109189438976	109189325824	113152	512	4.383928
94484171264	94484097024	74240	512	1.227700
2426629632	2426506240	123392	512	1.122904
111218509824	111218378752	131072	512	1.230901
100100936704	100100807168	129536	512	1.080530
91988210176	91988089856	120320	512	7.134101
153217719808	153217649664	70144	512	1.082294
56947513344	56947402240	111104	512	7.304383
27890425344	27890345472	79872	512	6.243940
78597614592	78597506560	108032	512	1.036521
73030533632	73030436352	97280	512	15.651327
93959543808	93959429120	114688	512	7.170059
82522708480	82522580992	127488	512	7.126664
225692760576	225692690432	70144	512	7.311284
67357947904	67357840384	107520	512	1.114131
131042604032	131042494976	109056	512	7.198624
67046803968	67046695424	108544	512	1.123744
137652976640	137652871168	105472	512	7.189075
88039326208	88039258624	67584	512	1.135317
144289808384	144289680896	127488	512	6.988944
218409537024	218409415680	121344	512	1.040803
202296037376	202295922688	114688	512	6.780613
105834848256	105834771968	76288	512	1.191688
80994803200	80994732032	71168	512	7.619383
38543590912	38543523328	67584	512	15.934087
225974466560	225974400512	66048	512	1.016592
51796873728	51796773888	99840	512	1.242881
135757082624	135756978688	103936	512	1.121213
105905476096	105905364480	111616	512	7.125195
139355100160	139354976768	123392	512	5.667220
147330545152	147330438656	106496	512	5.809949
215392957952	215392829952	128000	512	5.239379
238515048448	238514959360	89088	512	1.014104
95206302720	95206180864	121856	512	5.779023
203068173824	203068045312	128512	512	1.022154
81716907520	81716797952	109568	512	1.153087
206833984000	206833885696	98304	512	7.049826
233385870848	233385775616	95232	512	7.001587
128401537536	128401469440	68096	512	1.002222
41336658944	41336576512	82432	512	1.353330
106192349184	106192242176	107008	512	5.889708
190866611200	190866535424	75776	512	1.177022
151572437504	151572349440	88064	512	7.340670
7170350080	7170270720	79360	512	1.238366
86238986240	86238904320	81920	512	7.473484
205296215552	205296118784	96768	512	2.155459
196742695936	196742604800	91136	512	1.078135
87206285312	87206218752	66560	512	7.649383
122876907008	122876785664	121344	512	7.098006
28027986944	28027862528	124416	512	1.148938
135414100480	135413990400	110080	512	5.815680
35744192000	35744114176	77824	512	1.074533
68172328448	68172201472	126976	512	1.147407
128806671872	128806544896	126976	512	1.169813
119000386560	119000275456	111104	512	1.008078
73913782272	73913702400	79872	512	6.207300
13019193344	13019127296	66048	512	7.720658
159888734720	159888663552	71168	512	1.097999
104961243648	104961115648	128000	512	1.834739
91407409152	91407303680	105472	512	7.290744
147603343360	147603240448	102912	512	5.874510
235422618112	235422497280	120832	512	5.198664
99683170816	99683043840	126976	512	7.036838
11704254464	11704132608	121856	512	1.060666
109258220032	109258146816	73216	512	1.075139
242551307264	242551194624	112640	512	6.630744
171882434048	171882357248	76800	512	1.124091
45411038720	45410941952	96768	512	1.220485
247211905024	247211829248	75776	512	7.051678
76454902784	76454823936	78848	512	7.562032
58125473280	58125399040	74240	512	7.634652
225927790080	225927662080	128000	512	5.126075
21797122560	21797045760	76800	512	1.146066
235194584576	235194466816	117760	512	6.566300
184398148096	184398060544	87552	512	1.097394
109735549440	109735432192	117248	512	1.139720
112734627328	112734517248	110080	512	7.226393
168535602176	168535471104	131072	512	1.010453
31589588992	31589505536	83456	512	7.531180
198531279360	198531181568	97792	512	7.091035
23992586240	23992509440	76800	512	7.557746
212164374016	212164287488	86528	512	1.164423
154774315520	154774220800	94720	512	1.050163
34610515456	34610414080	101376	512	1.885616
80179399680	80179324416	75264	512	7.580861
128767932928	128767851008	81920	512	1.058053
33555912704	33555824128	88576	512	1.005395
66397905920	66397809664	96256	512	1.047436
187195079168	187195005952	73216	512	7.447838
95423961600	95423877120	84480	512	1.147122
234512294400	234512196096	98304	512	5.529126
224566930944	224566815744	115200	512	6.693731
41253174784	41253072384	102400	512	7.417274
45560024576	45559897600	126976	512	1.155438
176391618048	176391527424	90624	512	7.276276
166372428800	166372304384	124416	512	5.602636
245714916352	245714785280	131072	512	6.202270
22270998016	22270886400	111616	512	5.986867
167484436480	167484338176	98304	512	1.059787
208774192640	208774100480	92160	512	7.115530
729931264	729804800	126464	512	7.271866
166173053440	166172983296	70144	512	7.516571
170873688576	170873600000	88576	512	7.281335
116886626816	116886510592	116224	512	7.157002
42938137600	42938017280	120320	512	1.110999
199581761536	199581659136	102400	512	1.134240
166534523392	166534428672	94720	512	7.219623
176667154944	176667056640	98304	512	1.020132
211360976384	211360895488	80896	512	1.054563
60290040320	60289931776	108544	512	5.935405
189915067392	189914983936	83456	512	0.895550
184307189248	184307118080	71168	512	1.020115
50068738560	50068632576	105984	512	7.351778
212823217664	212823095808	121856	512	5.362793
39995642880	39995555328	87552	512	6.186929
153671050240	153670982144	68096	512	1.168923
99625757184	99625659904	97280	512	1.410599
107531886592	107531776512	110080	512	7.240980
104613168128	104613093888	74240	512	1.173901
54115768320	54115646976	121344	512	1.212807
26957878784	26957790720	88064	512	7.499234
227751492608	227751387136	105472	512	1.132006
150003968512	150003891712	76800	512	7.474242
33174674944	33174607872	67072	512	1.379230
139785737216	139785627136	110080	512	1.078244
30615276544	30615200768	75776	512	1.277058
189621314048	189621186560	127488	512	6.791294
49003993088	49003923456	69632	512	1.114226
102666905088	102666838528	66560	512	7.652376
198976368640	198976250368	118272	512	1.060150
75579043840	75578915840	128000	512	1.080797
60920800256	60920705024	95232	512	7.502904
27350092800	27349972992	119808	512	7.263858
194767431168	194767361024	70144	512	7.404120
74050793472	74050682368	111104	512	1.166921
205105653248	205105541120	112128	512	1.129391
147043632640	147043526144	106496	512	5.883277
65028919296	65028824576	94720	512	1.231301
178268037632	178267927552	110080	512	7.044752
168622176768	168622089216	87552	512	0.946709
33300706304	33300580864	125440	512	7.232831
118405942784	118405849088	93696	512	1.112531
121059322368	121059230720	91648	512	7.411471
44080431104	44080312320	118784	512	7.272872
32306623488	32306545664	77824	512	1.074203
205607264256	205607163904	100352	512	1.094499
81999635456	81999546880	88576	512	6.148925
190487936000	190487827456	108544	512	6.991235
243443582976	243443455488	127488	512	6.027017
212128711680	212128630272	81408	512	1.020129
181445743104	181445675008	68096	512	6.140235
16879364608	16879275520	89088	512	1.212403
54574551040	54574439936	111104	512	7.261548
213954665984	213954596352	69632	512	7.398837
118757601792	118757472768	129024	512	1.162881
122153913344	122153820160	93184	512	1.957305
142936500736	142936374272	126464	512	6.992276
68464339456	68464241664	97792	512	6.027440
45882771456	45882664448	107008	512	7.374977
158809907712	158809819648	88064	512	1.098149
34050242560	34050167296	75264	512	1.212923
58165389312	58165321216	68096	512	7.238430
242048028672	242047928320	100352	512	1.039566
39417465856	39417358848	107008	512	1.232792
2792708608	2792587264	121344	512	7.286449
79445777408	79445699072	78336	512	7.568167
231784999936	231784923648	76288	512	1.133389
182868387840	182868271104	116736	512	1.086009
55955279872	55955179008	100864	512	7.366511
118610788864	118610693120	95744	512	1.018025
13493623296	13493555200	68096	512	1.106907
155844491264	155844406784	84480	512	1.091424
228422760960	228422648320	112640	512	6.742661
90060512256	90060424704	87552	512	1.153871
6944333312	6944225280	108032	512	1.480840
141462780928	141462671872	109056	512	7.231760
28662380032	28662256640	123392	512	1.188657
206096443904	206096356864	87040	512	1.201285
20830442496	20830344704	97792	512	1.275889
147098440704	147098349568	91136	512	7.350881
106418316800	106418216448	100352	512	1.082632
130656905728	130656779264	126464	512	7.027216
186145078784	186145008640	70144	512	1.054643
158284340736	158284210688	130048	512	6.765996
87201974784	87201897984	76800	512	7.524439
118012165632	118012058112	107520	512	1.111829
187903228416	187903104512	123904	512	5.489591
217733987328	217733860352	126976	512	6.611971
2099675136	2099590144	84992	512	7.578332
75291100672	75290972160	128512	512	7.087669
174394067968	174393973248	94720	512	5.835732
129864429056	129864313856	115200	512	5.770354
154976365568	154976273408	92160	512	7.321227
170854072832	170853981696	91136	512	1.043058
143619043328	143618962432	80896	512	7.420320
11825263104	11825136128	126976	512	7.213932
217848908288	217848777216	131072	512	5.213952
146276134912	146276040704	94208	512	1.100699
155649419264	155649303552	115712	512	7.112313
74154044416	74153914880	129536	512	5.691786
155608480256	155608376320	103936	512	7.184963
104318874624	104318770176	104448	512	7.372909
112712880640	112712780800	99840	512	7.316696
192553736192	192553646080	90112	512	1.085488
244833271808	244833163776	108032	512	6.650579
3202836992	3202747392	89600	512	6.113191
187422429696	187422362624	67072	512	1.128213
104317212672	104317105664	107008	512	7.235758
114400270336	114400158720	111616	512	7.212079
235343655424	235343574016	81408	512	1.103935
223040185344	223040070144	115200	512	1.039435
37420665344	37420582912	82432	512	7.569463
119050560512	119050478592	81920	512	7.473767
175150895104	175150781440	113664	512	5.653168
117288675840	117288594944	80896	512	7.470524
84742320640	84742206464	114176	512	1.081240
11179213824	11179097600	116224	512	1.822492
126825562112	126825474560	87552	512	7.392974
236193169920	236193042944	126976	512	1.036928
50771045376	50770941440	103936	512	1.206721
195107321344	195107204096	117248	512	6.877456
126758364160	126758262272	101888	512	1.071444
68374056960	68373966336	90624	512	7.508347
182475880448	182475795456	84992	512	7.274937
122459307520	122459190272	117248	512	1.139483
126605777920	126605655040	122880	512	1.859453
206381617152	206381547520	69632	512	1.165898
151243078144	151242989056	89088	512	1.030703
119367137280	119367053824	83456	512	7.453647
19518408192	19518289408	118784	512	1.647012
34391491584	34391394304	97280	512	7.303152
125148704256	125148619776	84480	512	1.226208
58464420864	58464306176	114688	512	7.259449
162090296320	162090174464	121856	512	5.625635
177065569280	177065495040	74240	512	7.474449
208034412032	208034308608	103424	512	1.005649
111573976576	111573864960	111616	512	7.228793
186507793920	186507694592	99328	512	1.008959
211620922880	211620823040	99840	512	6.971786
97187598848	97187485184	113664	512	1.150426
139918178816	139918070784	108032	512	1.075122
45934894080	45934809600	84480	512	7.547689
100697887744	100697812480	75264	512	1.303235
191837487616	191837405696	81920	512	5.940777
247288480256	247288409088	71168	512	2.005498
56691102720	56690993152	109568	512	1.163926
120529163776	120529064448	99328	512	7.320225
107397260288	107397153792	106496	512	1.195704
140302474752	140302376448	98304	512	7.282976
117885173760	117885097472	76288	512	1.191827
56862157824	56862085120	72704	512	7.609873
101421619712	101421530624	89088	512	7.451230
158674161152	158674068992	92160	512	1.130894
3269648384	3269565440	82944	512	6.243777
167180440576	167180345856	94720	512	7.294159
248406918144	248406790144	128000	512	6.258540
178833616896	178833531904	84992	512	7.332446
103749948416	103749851136	97280	512	1.036880
224688631808	224688565248	66560	512	1.013898
12242280960	12242155520	125440	512	1.232057
169845253632	169845144064	109568	512	7.056050
57415588864	57415502848	86016	512	7.531384
236121382912	236121295872	87040	512	1.144845
88062841344	88062727680	113664	512	1.237953
54444765184	54444697088	68096	512	1.078625
208191690240	208191608320	81920	512	5.833389
40781153280	40781030912	122368	512	5.843692
133229819392	133229693952	125440	512	7.035921
173521218560	173521094656	123904	512	5.529673
53949277184	53949159424	117760	512	1.137770
18710813184	18710737920	75264	512	7.638047
171648470528	171648342016	128512	512	1.126954
231430994944	231430881792	113152	512	1.043944
206943790080	206943694336	95744	512	5.772937
17479615488	17479506432	109056	512	1.128444
243953391616	243953302528	89088	512	1.000416
222165843968	222165775360	68608	512	7.329497
168382405120	168382291968	113152	512	5.715586
155139342848	155139216896	125952	512	1.167985
20097480704	20097374208	106496	512	6.022402
18094979072	18094890496	88576	512	1.032622
230229836288	230229763584	72704	512	7.214365
127623394304	127623302144	92160	512	7.377459
131747547648	131747465728	81920	512	7.463701
211839443968	211839368704	75264	512	1.007421
91650285056	91650212352	72704	512	7.588550
46581897216	46581790208	107008	512	7.339760
109599821824	109599707648	114176	512	1.296821
167390216704	167390090240	126464	512	1.149609
46477626880	46477547520	79360	512	0.972533
213593796608	213593724416	72192	512	1.990242
48020793344	48020688896	104448	512	1.070861
78010938368	78010860032	78336	512	1.277581
66060914688	66060788224	126464	512	1.127851
153832512512	153832427520	84992	512	1.041782
82379961856	82379876864	84992	512	1.129281
140186712576	140186617344	95232	512	7.320277
230594315776	230594200576	115200	512	1.012857
234823834624	234823720960	113664	512	1.153597
111787587072	111787496960	90112	512	7.390490
2370408960	2370330624	78336	512	1.340951
59760578560	59760499712	78848	512	1.057565
30181993984	30181869568	124416	512	1.129080
105902025216	105901939712	85504	512	1.134775
169166863872	169166737920	125952	512	15.172210
15558995456	15558880768	114688	512	7.298244
206196659200	206196573184	86016	512	7.211594
235534659584	235534554624	104960	512	1.084519
152631549952	152631475712	74240	512	7.507600
28257026048	28256900608	125440	512	1.234375
46634094080	46633998848	95232	512	1.309196
211516975616	211516860416	115200	512	6.820401
142534046208	142533958656	87552	512	6.138972
141381944320	141381866496	77824	512	1.288191
153257311232	153257190912	120320	512	7.070277
85344434176	85344350720	83456	512	7.337435
47196076544	47196009984	66560	512	1.108463
63071771648	63071701504	70144	512	7.591962
49821858816	49821730816	128000	512	7.116052
154400528896	154400420864	108032	512	7.144099
32346108928	32345998336	110592	512	1.221058
17131496960	17131426816	70144	512	7.656331
152940605440	152940519936	85504	512	7.367281
144467259392	144467168256	91136	512	7.355118
36381245952	36381124608	121344	512	1.185800
234415113728	234415003648	110080	512	6.695852
200413124608	200413033472	91136	512	7.182724
222262933504	222262802944	130560	512	6.556074
31205278720	31205148160	130560	512	1.821593
214807074816	214806983168	91648	512	5.361842
33238389760	33238277120	112640	512	1.225694
47189062656	47188934656	128000	512	1.146541
212323072000	212322965504	106496	512	6.902965
171609693696	171609580544	113152	512	1.146530
224378315264	224378198528	116736	512	6.673182
83990922240	83990805504	116736	512	6.753669
194928837120	194928755712	81408	512	1.055723
186058430464	186058353664	76800	512	5.973237
158920991744	158920921088	70656	512	7.533745
125684164608	125684036096	128512	512	5.714385
23869611520	23869523456	88064	512	7.516923
124868224000	124868143616	80384	512	7.499980
235835046400	235834973696	72704	512	7.203898
188908355072	188908289024	66048	512	1.147129
173298265088	173298170880	94208	512	1.065026
158193476608	158193385472	91136	512	7.316748
143643026432	143642935808	90624	512	7.423374
220557658112	220557564928	93184	512	7.051000
248883834880	248883768832	66048	512	1.006593
106556463104	106556386816	76288	512	7.555398
84199481344	84199390208	91136	512	7.439600
50370299392	50370188800	110592	512	5.946130
65922254336	65922151424	102912	512	7.343245
98172657664	98172588544	69120	512	6.268085
229519773696	229519666688	107008	512	1.896604
18575693824	18575607296	86528	512	1.700246
55314395136	55314288640	106496	512	7.342729
214127262208	214127160832	101376	512	1.024561
123932865536	123932760064	105472	512	5.865920
22622321664	22622202880	118784	512	2.228412
125534105088	125533996544	108544	512	7.219266
113847290368	113847214080	76288	512	1.219721
82341047296	82340927488	119808	512	1.015078
180689572864	180689463808	109056	512	1.122395
53638307328	53638230016	77312	512	1.316631
208250588160	208250497536	90624	512	7.116895
141283628544	141283511808	116736	512	1.176901
120388583424	120388493312	90112	512	7.388089
222343160832	222343050240	110592	512	1.005581
46664056832	46663944704	112128	512	1.252109
44160308736	44160179712	129024	512	1.141493
96101416448	96101321216	95232	512	1.071490
36190731264	36190621184	110080	512	7.338815
198297971200	198297862656	108544	512	2.161204
197601961472	197601837568	123904	512	1.142650
241939493376	241939402240	91136	512	5.497109
237733341184	237733232128	109056	512	1.181834
140521432576	140521320448	112128	512	7.157127
124381260800	124381191680	69120	512	7.602490
29214390272	29214279680	110592	512	1.230589
3782223360	3782149120	74240	512	6.258030
217877067264	217876976640	90624	512	7.212370
124352685056	124352557056	128000	512	1.079888
125015003648	125014882304	121344	512	1.084726
215714232320	215714128384	103936	512	1.045867
26674166272	26674090496	75776	512	7.655101
212266938880	212266867712	71168	512	7.464269
78750096896	78750007296	89600	512	7.531649
73329057280	73328957440	99840	512	1.846830
227595603968	227595502592	101376	512	1.105295
150170497024	150170369024	128000	512	6.869525
67422371328	67422256640	114688	512	7.253295
121638180864	121638086144	94720	512	7.327310
246065338880	246065270272	68608	512	5.776950
85952693248	85952623616	69632	512	1.098035
113916539904	113916441600	98304	512	1.126421
189563635200	189563513344	121856	512	1.084918
12846020608	12845944320	76288	512	7.636208
12279114240	12278989312	124928	512	7.291231
136229566976	136229494784	72192	512	1.199916
87235896832	87235814400	82432	512	6.152143
40246307328	40246216704	90624	512	7.498064
11406501376	11406371328	130048	512	1.246778
98187367936	98187297792	70144	512	7.613135
245944392192	245944317440	74752	512	5.723588
60087340544	60087260672	79872	512	1.298902
23610799104	23610681344	117760	512	5.921824
248023958528	248023834112	124416	512	6.319705
131331277312	131331210752	66560	512	1.168209
60961122304	60961046016	76288	512	1.192201
68548555776	68548434432	121344	512	1.066796
109322806784	109322735616	71168	512	1.007122
67831102464	67831012352	90112	512	7.464921
4781110272	4780997632	112640	512	1.282635
187285514752	187285407232	107520	512	7.023147
192755809280	192755735040	74240	512	1.110160
221608118784	221608006144	112640	512	6.730031
76072382976	76072291840	91136	512	1.230153
54024278528	54024169472	109056	512	7.320243
154346644992	154346543616	101376	512	7.214997
138604358656	138604257280	101376	512	1.091287
177587488256	177587378688	109568	512	5.653540
234768387584	234768294400	93184	512	6.932891
163328279040	163328159744	119296	512	5.668646
155697431040	155697341952	89088	512	7.324995
166895004672	166894935040	69632	512	1.065441
55080606720	55080513536	93184	512	1.201945
84393366016	84393270784	95232	512	7.385976
143838915584	143838806528	109056	512	1.084338
246093678080	246093608448	69632	512	0.979891
232369364992	232369289216	75776	512	1.040350
218969118208	218968990208	128000	512	6.626352
11010656256	11010528256	128000	512	5.851220
247440282624	247440205312	77312	512	7.089632
133397353984	133397280256	73728	512	0.968973
200332881408	200332763136	118272	512	1.044389
51573094400	51572980736	113664	512	7.299638
178019316736	178019191808	124928	512	2.070115
131862315008	131862194688	120320	512	1.070334
124277102592	124277002752	99840	512	1.146019
39328414720	39328316928	97792	512	6.075565
157031892992	157031778816	114176	512	7.040448
103503215616	103503099392	116224	512	1.102897
111593248256	111593142784	105472	512	7.268928
144450613760	144450499584	114176	512	7.146024
202388295680	202388217856	77824	512	7.317649
191739653632	191739558400	95232	512	1.008260
222538254336	222538152960	101376	512	6.852564
210569256448	210569126912	129536	512	1.110999
98128063488	98127948800	114688	512	1.091847
168047071744	168046982144	89600	512	7.318240
102775049216	102774927872	121344	512	1.104795
126865071104	126864960000	111104	512	1.312420
235778529792	235778404352	125440	512	6.507745
107210607104	107210540032	67072	512	7.643171
229899838976	229899772416	66560	512	7.336253
13413542912	13413450752	92160	512	1.309934
92454190592	92454112256	78336	512	1.290774
146665133056	146665008128	124928	512	1.028440
179897774592	179897673728	100864	512	1.002306
212973736448	212973632000	104448	512	1.101377
247779897856	247779826176	71680	512	2.014738
51201446912	51201346560	100352	512	4.452244
248459694592	248459568640	125952	512	1.006887
204142758400	204142642176	116224	512	1.097361
11205524480	11205452800	71680	512	1.196949
161036985856	161036894720	91136	512	7.230885
245785633792	245785524224	109568	512	5.112905
62740772352	62740677632	94720	512	7.483139
149860751872	149860639744	112128	512	7.024182
2857143296	2857012736	130560	512	1.375162
198595594752	198595510784	83968	512	7.240368
153980704256	153980632576	71680	512	7.547551
56307436032	56307341824	94208	512	1.089089
143968003072	143967883776	119296	512	7.057550
96716850688	96716768768	81920	512	1.149373
59902273536	59902192640	80896	512	7.571094
210985029120	210984912384	116736	512	1.181327
26402583040	26402491904	91136	512	7.559596
118433411584	118433340416	71168	512	1.113340
111467679744	111467590656	89088	512	1.103167
135889544192	135889463808	80384	512	1.213672
216940794368	216940716032	78336	512	5.863570
124886111232	124886027776	83456	512	7.423916
13743057408	13742928384	129024	512	1.766995
111779950592	111779866112	84480	512	1.162725
102703982080	102703867904	114176	512	1.110512
246130141184	246130054144	87040	512	1.138441
192536548864	192536445952	102912	512	7.075697
166970969600	166970873856	95744	512	7.236816
186132474880	186132375552	99328	512	5.776364
11952951296	11952837120	114176	512	7.337940
245728303104	245728194560	108544	512	1.062561
174291058688	174290977280	81408	512	7.424356
76216215552	76216147968	67584	512	7.486660
174727621632	174727554560	67072	512	1.165706
97695681536	97695568384	113152	512	1.218368
130617460224	130617385472	74752	512	7.488220
46849979904	46849863168	116736	512	7.353064
200986409984	200986300928	109056	512	0.999198
59811861504	59811777536	83968	512	1.344187
164637056512	164636948480	108032	512	6.743935
123370960896	123370877440	83456	512	1.050460
123280547328	123280471040	76288	512	7.477942
149620191232	149620071936	119296	512	7.085773
188511103488	188511020544	82944	512	5.933424
83232534016	83232403456	130560	512	6.894682
222143427584	222143360512	67072	512	7.331984
248094539264	248094417920	121344	512	1.023582
122294225408	122294127616	97792	512	1.027550
156264609280	156264514048	95232	512	1.106451
192520003072	192519888896	114176	512	6.917698
217748079104	217747956736	122368	512	6.704803
173182483968	173182363648	120320	512	6.961013
36042109440	36042034176	75264	512	7.646489
28452387840	28452268032	119808	512	1.071363
215790532608	215790443008	89600	512	7.103479
38785541632	38785424384	117248	512	5.913502
122281517568	122281413632	103936	512	7.159072
158422395904	158422279680	116224	512	1.120201
182014214656	182014092800	121856	512	0.992864
180469612544	180469491200	121344	512	1.029748
66593285632	66593203712	81920	512	1.156564
12670889984	12670819328	70656	512	1.155521
116310826496	116310706176	120320	512	1.159804
131081334272	131081234432	99840	512	1.058689
214574521344	214574412800	108544	512	6.892090
100776978432	100776896512	81920	512	7.512901
229202152960	229202035200	117760	512	1.095208
49457106432	49457020416	86016	512	7.531758
138168395264	138168309760	85504	512	1.998324
144385495552	144385379328	116224	512	1.133830
218081300992	218081219584	81408	512	7.143163
149142488064	149142376448	111616	512	1.136265
99484853248	99484743168	110080	512	5.895002
242652140032	242652063744	76288	512	7.077637
110742653440	110742543872	109568	512	1.197778
159745395712	159745315840	79872	512	7.393575
35398096384	35398011392	84992	512	6.154551
2943017984	2942892544	125440	512	7.240923
128177403392	128177298944	104448	512	1.301070
36070934528	36070846976	87552	512	7.512125
145937390080	145937282560	107520	512	1.136667
243623356928	243623256576	100352	512	6.762929
8553378816	8553280512	98304	512	1.128726
130269304832	130269202432	102400	512	7.290715
92970578432	92970497536	80896	512	1.148478
112047202816	112047104000	98816	512	1.065320
115867903488	115867779584	123904	512	5.728683
16863697408	16863605248	92160	512	6.151867
163367697920	163367596032	101888	512	7.176984
11397378048	11397289984	88064	512	7.516765
224071601152	224071517696	83456	512	7.115616
194750369792	194750280704	89088	512	1.027171
33757855232	33757782016	73216	512	1.173368
183143559168	183143458304	100864	512	7.154739
186678551552	186678476800	74752	512	1.026784
72796461568	72796335104	126464	512	1.143512
120805699584	120805606912	92672	512	1.154018
42050527744	42050423296	104448	512	7.333574
76273627136	76273496576	130560	512	7.096609
123973359616	123973254656	104960	512	1.179980
77557446144	77557318656	127488	512	1.091713
203052853760	203052787200	66560	512	7.435940
15079141376	15079054336	87040	512	7.512629
119023110144	119022986240	123904	512	7.078979
198973583360	198973504000	79360	512	1.106471
177244021760	177243936768	84992	512	1.071758
108414927872	108414819328	108544	512	7.238099
20242066944	20241982464	84480	512	7.555882
103704329728	103704217088	112640	512	1.078347
156659216896	156659089920	126976	512	6.981371
154733407232	154733311488	95744	512	7.246515
49524237824	49524152320	85504	512	7.525579
90415742464	90415613952	128512	512	7.091891
31861904384	31861809664	94720	512	1.179741
211264800256	211264717824	82432	512	7.208509
19680686080	19680592896	93184	512	1.170791
148340060672	148339966464	94208	512	3.228354
104002882048	104002796544	85504	512	1.075739
121432216576	121432115200	101376	512	7.275441
31808745472	31808669696	75776	512	1.992158
77983455744	77983347712	108032	512	1.088435
137476657664	137476590080	67584	512	7.496112
65183946240	65183827456	118784	512	1.021727
227011592704	227011461632	131072	512	5.114107
177927476736	177927404544	72192	512	6.089222
235136257536	235136184320	73216	512	7.221363
213174454784	213174351872	102912	512	6.969264
191148255232	191148160000	95232	512	5.760133
155558126592	155558042112	84480	512	1.229993
160125795840	160125725696	70144	512	6.225082
244659917824	244659831808	86016	512	1.023851
137954976256	137954909184	67072	512	7.597234
29584107008	29583994880	112128	512	1.236506
41939976704	41939886080	90624	512	1.088908
87152046080	87151945216	100864	512	1.140962
32177417728	32177338880	78848	512	1.250158
187866962944	187866840576	122368	512	1.001993
45329709056	45329607680	101376	512	7.471572
199260937728	199260822528	115200	512	1.176973
181266132480	181266034688	97792	512	1.199860
160051873280	160051790336	82944	512	6.028263
25101419008	25101347840	71168	512	1.100979
54901613056	54901517824	95232	512	1.129388
50977243648	50977152512	91136	512	1.306053
73564668416	73564576768	91648	512	1.275290
201903972352	201903875584	96768	512	4.929210
47056222208	47056147456	74752	512	7.573778
197304543744	197304451584	92160	512	7.096452
116164014592	116163898880	115712	512	6.971536
176161624064	176161543168	80896	512	1.089551
7751959040	7751872512	86528	512	7.577406
223740904448	223740836864	67584	512	1.016033
216049104384	216048982016	122368	512	1.014299
145757943296	145757821952	121344	512	7.093595
136280170496	136280073728	96768	512	1.879329
168117048320	168116932608	115712	512	7.050795
240002117120	240002037760	79360	512	6.994445
183389253120	183389133312	119808	512	1.027023
203848503296	203848429568	73728	512	1.102703
50416170496	50416097792	72704	512	7.612396
121885898752	121885814272	84480	512	6.088063
197894920704	197894811648	109056	512	6.908566
136750937600	136750822400	115200	512	1.029130
181950253568	181950150656	102912	512	7.114591
106803140096	106803035136	104960	512	1.054695
3751860224	3751737856	122368	512	7.254635
223437352448	223437229568	122880	512	1.135657
178975380480	178975273472	107008	512	7.014008
125202245632	125202137600	108032	512	7.219940
185152105472	185151979008	126464	512	6.872649
20173027328	20172897280	130048	512	1.174195
95372414976	95372296192	118784	512	1.046876
141479857664	141479730688	126976	512	5.617767
208713372160	208713283584	88576	512	1.165158
94657001472	94656898048	103424	512	5.991965
110772436992	110772331520	105472	512	6.012111
173052610048	173052481536	128512	512	6.898862
171342359040	171342251520	107520	512	7.096880
13391440384	13391364608	75776	512	7.405878
35939943424	35939844608	98816	512	6.036801
17706824704	17706744832	79872	512	6.241953
37801957376	37801873408	83968	512	1.041128
108226342912	108226263040	79872	512	1.211900
84890540544	84890473472	67072	512	1.172215
153169580544	153169501184	79360	512	7.446453
123922110464	123921993216	117248	512	7.104595
205572188672	205572105728	82944	512	7.244919
116911891456	116911783424	108032	512	7.216936
170508576256	170508481536	94720	512	7.122134
43930110976	43930001920	109056	512	5.947918
90336991232	90336872960	118272	512	1.293124
198612353536	198612229632	123904	512	6.761190
193034382336	193034289664	92672	512	1.022008
89056318464	89056227328	91136	512	1.116746
103025793024	103025705984	87040	512	1.168747
248825951232	248825870336	80896	512	1.095361
206868776960	206868670976	105984	512	5.575405
55710478336	55710381056	97280	512	7.447323
249127308288	249127220736	87552	512	1.901443
142214240256	142214161920	78336	512	1.051865
166505944064	166505842176	101888	512	1.056630
237280321024	237280226816	94208	512	1.008209
216138232832	216138145280	87552	512	7.115220
167898649088	167898566144	82944	512	1.037909
235579487744	235579374080	113664	512	1.025272
230809133056	230809018368	114688	512	0.989940
173798493696	173798374400	119296	512	1.232260
59257011200	59256883712	127488	512	7.173474
36547971584	36547863552	108032	512	7.348613
85640197632	85640071680	125952	512	1.091339
127467019264	127466934784	84480	512	1.113397
58448337920	58448223744	114176	512	1.253453
182104380416	182104262656	117760	512	1.010495
53283422208	53283326464	95744	512	7.428178
199675936256	199675854848	81408	512	7.257894
26726871040	26726795776	75264	512	1.087002
187595796480	187595685888	110592	512	1.092526
218490108928	218489987072	121856	512	6.701635
225220801536	225220723712	77824	512	5.843409
21029623296	21029514240	109056	512	7.063559
204185296384	204185178112	118272	512	6.123145
162334821376	162334715392	105984	512	0.806842
26776206848	26776101376	105472	512	1.123204
96849326080	96849208832	117248	512	1.235360
72933851648	72933742592	109056	512	7.315592
21830111232	21830029824	81408	512	1.166409
175443966464	175443899392	67072	512	0.997202
58032823296	58032755712	67584	512	1.837416
4274509824	4274394624	115200	512	1.099450
64347883008	64347803136	79872	512	7.567469
195416435200	195416308736	126464	512	6.766283
217507585536	217507462144	123392	512	6.611115
24649122304	24649017856	104448	512	1.148375
30638100992	30638031360	69632	512	1.054373
80417123840	80417005056	118784	512	7.101898
101673619968	101673499136	120832	512	7.229358
246745964032	246745855488	108544	512	5.168857
84402868224	84402784768	83456	512	7.490236
67291382784	67291304960	77824	512	1.041040
80708319744	80708227072	92672	512	1.085960
137453834240	137453738496	95744	512	1.238198
18806260224	18806172672	87552	512	7.523273
146696187392	146696086016	101376	512	7.236954
51486512640	51486440448	72192	512	7.647911
245924238336	245924140032	98304	512	6.653235
61827171840	61827056128	115712	512	1.162194
181467393024	181467301888	91136	512	5.803155
77931602944	77931511808	91136	512	1.234585
66806279168	66806195200	83968	512	6.160370
35823042560	35822973440	69120	512	1.232685
82172132864	82172052480	80384	512	7.515157
161883801088	161883682816	118272	512	6.988207
23177786880	23177702400	84480	512	7.554832
147799673856	147799562240	111616	512	1.158816
245195072512	245194971648	100864	512	6.762272
192076815360	192076696064	119296	512	1.774001
207887775232	207887707136	68096	512	7.426140
31131675648	31131596288	79360	512	7.568271
76451740672	76451619840	120832	512	1.292405
37092795904	37092668416	127488	512	7.187837
199965747200	199965680128	67072	512	1.124153
161326046720	161325975552	71168	512	15.739695
117433403392	117433295872	107520	512	7.206451
181159781376	181159670784	110592	512	7.061992
12917149184	12917034496	114688	512	7.311332
46494123008	46494003712	119296	512	7.248809
180010354688	180010262016	92672	512	1.181515
20636472320	20636371456	100864	512	1.301168
110189479424	110189367808	111616	512	1.031890
218136330240	218136204800	125440	512	1.027407
217345825280	217345715200	110080	512	6.595756
74212308992	74212242944	66048	512	1.137837
249065935872	249065844224	91648	512	6.821226
19907865600	19907742720	122880	512	7.273249
41091801600	41091675136	126464	512	15.504557
170490744320	170490640896	103424	512	5.778281
189874672640	189874585600	87040	512	1.167587
99064270336	99064192512	77824	512	7.647773
185101392896	185101283840	109056	512	15.307475
151110801920	151110686208	115712	512	1.059521
188268029952	188267898880	131072	512	6.752731
78745084416	78744994816	89600	512	2.184473
211906234368	211906143232	91136	512	31.834185
162497107968	162497038336	69632	512	7.528979
153833844224	153833719808	124416	512	1.220016
66646239744	66646114304	125440	512	1.027696
212047227392	212047122432	104960	512	6.908838
243967740416	243967611392	129024	512	4.965826
108778408448	108778307584	100864	512	7.316672
59531200000	59531113984	86016	512	1.221566
43908005376	43907887616	117760	512	7.256325
249814495232	249814364672	130560	512	1.058264
248815065088	248814972416	92672	512	5.458604
167987418624	167987347968	70656	512	6.115005
212245136896	212245040128	96768	512	7.033115
204091639808	204091533312	106496	512	1.865473
150315252224	150315184640	67584	512	1.105950
127663077376	127662965760	111616	512	1.291643
183738417664	183738342912	74752	512	1.082180
126182085632	126181996032	89600	512	7.428407
49019760128	49019637248	122880	512	1.205370
218183142912	218183032320	110592	512	1.087053
15789215744	15789130752	84992	512	7.544438
23360844800	23360732160	112640	512	1.744995
122350450688	122350354944	95744	512	1.010115
70697039872	70696939520	100352	512	7.390423
148260295680	148260201472	94208	512	6.989176
249133393920	249133316096	77824	512	1.032326
106716632064	106716547584	84480	512	1.319639
237563598336	237563484160	114176	512	6.483378
153101797888	153101728256	69632	512	0.983397
129641803264	129641720320	82944	512	1.106546
125280470016	125280349184	120832	512	0.981881
64940811776	64940692992	118784	512	1.216411
222544810496	222544700416	110080	512	2.010912
103309511168	103309415936	95232	512	7.353682
224270051328	224269943808	107520	512	5.424296
31819475456	31819394048	81408	512	1.239578
239147438080	239147321344	116736	512	6.522516
39849375744	39849293824	81920	512	2.134354
62390902272	62390825984	76288	512	1.268027
185501786624	185501685760	100864	512	1.100234
150079184896	150079062528	122368	512	6.986196
75344640000	75344563712	76288	512	1.230813
68290660352	68290533376	126976	512	2.144879
177183542272	177183464448	77824	512	1.233351
72703607808	72703513600	94208	512	1.051057
57133788672	57133678080	110592	512	7.236437
93721019904	93720925696	94208	512	7.384969
99107048448	99106936832	111616	512	5.857414
70087302144	70087171072	131072	512	7.113511
140538639872	140538553344	86528	512	1.142750
52447574016	52447496704	77312	512	7.591508
56995257856	56995154432	103424	512	7.374350
26971801600	26971733504	68096	512	7.657256
215210856960	215210754560	102400	512	6.970942
185159547904	185159439360	108544	512	1.160106
87036167168	87036080640	86528	512	1.150939
130141652480	130141582336	70144	512	1.048194
14888919552	14888793600	125952	512	5.854724
31091110912	31091021312	89600	512	7.355198
69761022976	69760929792	93184	512	7.422406
127048955904	127048851456	104448	512	1.028358
122879681536	122879558144	123392	512	0.984679
34401796096	34401677312	118784	512	5.871988
118035236864	118035146240	90624	512	7.102726
85585296896	85585225216	71680	512	1.231346
7550843392	7550714880	128512	512	1.897641
50931064832	50930966528	98304	512	1.084900
237154740736	237154629120	111616	512	5.189603
235611821568	235611750400	71168	512	1.016377
216530846720	216530738176	108544	512	5.498256
176683037184	176682911232	125952	512	1.174961
59655691264	59655567872	123392	512	1.137887
116043178496	116043108864	69632	512	1.045723
24447574528	24447479296	95232	512	7.421077
248417900544	248417797120	103424	512	1.732802
236098495488	236098401792	93696	512	1.048152
11010163200	11010063360	99840	512	7.409008
175691117056	175690994688	122368	512	6.976522
10083127808	10082998784	129024	512	7.193562
225295678976	225295558656	120320	512	6.712680
44545046016	44544916480	129536	512	7.194821
134503438336	134503347200	91136	512	1.174621
78797021184	78796916224	104960	512	1.225201
27288251392	27288146432	104960	512	1.074411
105802300928	105802176000	124928	512	0.938486
1837281280	1837180928	100352	512	1.770519
103496900608	103496771584	129024	512	1.197926
209536445952	209536365056	80896	512	7.244180
192447887360	192447767552	119808	512	1.057181
162515073536	162514957312	116224	512	7.053631
11005039616	11004936704	102912	512	1.230131
121798362112	121798282240	79872	512	1.092443
250059081216	250058999808	81408	512	6.984449
72544877056	72544770048	107008	512	1.061755
89538919424	89538794496	124928	512	1.079416
162104871936	162104801792	70144	512	1.173593
9795700736	9795593728	107008	512	7.394110
148495199232	148495094272	104960	512	1.174830
42141480960	42141383680	97280	512	1.099639
97816274944	97816190976	83968	512	7.488284
62737103872	62737004544	99328	512	7.393870
75611238912	75611161600	77312	512	1.215395
3374376448	3374258688	117760	512	1.169873
37744588800	37744499712	89088	512	7.533858
158302782464	158302691840	90624	512	1.085288
236963261440	236963138560	122880	512	6.500175
2626283520	2626195456	88064	512	1.253595
81555536896	81555419136	117760	512	5.848944
133056397312	133056283648	113664	512	1.055342
123708151808	123708074496	77312	512	1.288906
73435430400	73435323904	106496	512	1.185907
84510151168	84510079488	71680	512	7.610932
35297595392	35297524736	70656	512	6.282614
118655834112	118655729664	104448	512	1.046464
75734665216	75734589952	75264	512	1.270666
154395171840	154395057152	114688	512	1.209362
204504314880	204504189952	124928	512	6.727296
31601085440	31600979456	105984	512	5.989103
46168671232	46168579072	92160	512	1.006762
160608098816	160608015872	82944	512	1.081347
167928965632	167928852992	112640	512	1.084596
74690384896	74690269696	115200	512	1.171744
53486261248	53486136832	124416	512	7.120757
100415834624	100415759360	75264	512	1.079855
61852791808	61852725248	66560	512	1.170639
20886941184	20886842368	98816	512	1.101996
152380913664	152380839936	73728	512	1.102110
134808031232	134807907328	123904	512	4.261617
57144562176	57144477184	84992	512	7.527286
7642635776	7642546176	89600	512	1.300449
14350012416	14349907968	104448	512	1.240119
113188915200	113188784640	130560	512	7.058193
119264526848	119264456704	70144	512	7.570704
3584171520	3584051200	120320	512	7.282255
169855277568	169855159808	117760	512	6.944766
90606588928	90606460416	128512	512	1.317826
183007340544	183007220736	119808	512	1.047797
91081643008	91081549824	93184	512	7.393943
177585829888	177585748992	80896	512	0.979489
30047097344	30047013376	83968	512	1.049804
85884944384	85884874240	70144	512	6.238455
43679497728	43679392256	105472	512	4.301371
143451228672	143451136512	92160	512	1.254404
55516079616	55515983360	96256	512	6.984108
206395787776	206395702272	85504	512	7.239287
142266546688	142266420736	125952	512	6.995894
107948929024	107948809728	119296	512	7.152436
154565979136	154565912576	66560	512	1.103035
209461922304	209461855232	67072	512	1.132840
156676262400	156676142080	120320	512	7.028929
145672439808	145672310784	129024	512	1.799905
131616556032	131616462336	93696	512	7.301575
194412952576	194412839424	113152	512	5.550184
10459352064	10459230208	121856	512	5.900366
189174510592	189174422016	88576	512	1.127850
203993387520	203993308672	78848	512	5.999103
45503922688	45503797248	125440	512	7.179604
139347559424	139347461120	98304	512	1.030407
236646634496	236646538240	96256	512	1.102620
89773019648	89772899328	120320	512	7.135652
202409319424	202409248256	71168	512	1.042153
31192985088	31192903168	81920	512	7.550559
94855653376	94855533568	119808	512	1.283148
63078696448	63078576640	119808	512	7.219462
49404020736	49403906048	114688	512	7.301772
210309934080	210309828096	105984	512	1.190116
49440566784	49440440832	125952	512	7.195433
98573037056	98572926976	110080	512	1.071963
225427548672	225427457024	91648	512	5.657968
216685133312	216685062144	71168	512	1.805861
128401107456	128401025536	81920	512	1.149081
23993321984	23993197568	124416	512	7.217442
2857950720	2857849856	100864	512	1.212058
50303648256	50303571456	76800	512	7.548725
162844800512	162844714496	86016	512	7.361280
233507559424	233507429888	129536	512	5.070251
239997953024	239997844480	108544	512	5.260542
38637033984	38636944384	89600	512	1.014040
151228463104	151228357120	105984	512	0.948040
58534083072	58533990400	92672	512	1.691335
5974999040	5974916096	82944	512	1.067961
11585619456	11585542656	76800	512	6.246839
75837238272	75837129728	108544	512	1.037205
213145358336	213145246208	112128	512	0.910625
64965545472	64965423616	121856	512	1.030704
193160857088	193160785408	71680	512	0.935050
186111497728	186111371264	126464	512	6.941381
86205200896	86205110784	90112	512	1.090355
202300608512	202300481536	126976	512	6.722147
117601122816	117601016320	106496	512	7.192189
50073382912	50073255424	127488	512	5.815669
216163554816	216163430400	124416	512	6.645617
161227056640	161226990592	66048	512	1.129809
17320361984	17320279040	82944	512	7.566407
23589216256	23589138432	77824	512	1.082713
209760650752	209760534016	116736	512	6.831608
236404076544	236403974656	101888	512	1.164403
193498634752	193498535424	99328	512	1.162616
54285206016	54285129216	76800	512	7.584106
97982843392	97982743040	100352	512	5.943579
113066486784	113066415104	71680	512	7.572506
67208422912	67208299520	123392	512	1.158827
32170842624	32170751488	91136	512	1.105140
88837013504	88836905984	107520	512	1.010916
93393034240	93392960512	73728	512	7.573620
66804385792	66804263936	121856	512	4.193718
172591154176	172591065600	88576	512	5.942049
159617674240	159617569280	104960	512	7.189720
223236472832	223236398592	74240	512	1.080333
84036803584	84036676096	127488	512	1.051759
87104438272	87104337408	100864	512	7.341546
44947130880	44947003904	126976	512	7.208930
150865016320	150864909312	107008	512	2.012182
181680473088	181680365568	107520	512	5.658337
36919357952	36919261696	96256	512	7.555943
117563866112	117563792384	73728	512	7.554863
136435654656	136435581440	73216	512	1.030950
25256837120	25256741888	95232	512	7.486058
58665137664	58665030656	107008	512	7.330707
136814321664	136814211584	110080	512	1.166860
177225563648	177225492480	71168	512	1.101757
185285758464	185285635584	122880	512	1.048070
54431469056	54431368192	100864	512	1.156513
118283295232	118283223552	71680	512	1.301126
210225213440	210225144832	68608	512	7.281042
127674609664	127674517504	92160	512	5.985429
180888107008	180887997440	109568	512	5.631495
210318116352	210317993984	122368	512	5.384354
226640164352	226640066560	97792	512	6.879386
136407418368	136407316992	101376	512	1.007987
138318501888	138318400512	101376	512	5.915949
210803164160	210803065856	98304	512	7.007483
40997637632	40997511680	125952	512	7.165846
55139479552	55139361280	118272	512	1.082125
129339058688	129338950144	108544	512	7.243927
112428890112	112428791808	98304	512	1.182945
163304200704	163304080384	120320	512	6.992230
73425480704	73425371648	109056	512	1.133961
191981801472	191981702656	98816	512	7.112345
27579497984	27579408896	89088	512	1.153865
138605918720	138605805056	113664	512	7.136645
201533595136	201533487616	107520	512	5.612088
196225255424	196225151488	103936	512	1.010709
88848037888	88847934464	103424	512	1.021845
74906741760	74906668032	73728	512	7.600576
11399184896	11399104000	80896	512	1.214079
196833818112	196833725952	92160	512	0.943904
30155392512	30155283456	109056	512	5.961062
161998099456	161998001152	98304	512	1.971904
4241143808	4241017344	126464	512	1.293354
2600007168	2599911424	95744	512	7.490561
56744667136	56744594944	72192	512	1.235915
64418205184	64418116096	89088	512	1.228672
65777501184	65777419776	81408	512	7.529808
117880957440	117880875008	82432	512	7.381064
16352304128	16352211968	92160	512	1.309091
132770494976	132770415616	79360	512	7.452350
202191389184	202191280128	109056	512	1.091223
244926091264	244926007296	83968	512	7.011056
188829688832	188829618176	70656	512	1.022164
68079131648	68079030272	101376	512	1.137630
129768502272	129768390656	111616	512	7.171262
215524961280	215524892672	68608	512	1.194634
62331281408	62331176448	104960	512	7.319771
90164670464	90164548096	122368	512	1.720961
99044448768	99044327936	120832	512	7.091750
221576092160	221576023040	69120	512	5.945842
149556899840	149556802048	97792	512	1.132290
15308478464	15308368896	109568	512	6.016538
44764819968	44764715008	104960	512	7.351369
188685925376	188685808128	117248	512	5.542926
108764148224	108764066816	81408	512	7.491036
26794939392	26794843648	95744	512	1.091040
90461871616	90461775360	96256	512	6.009358
15324172288	15324056576	115712	512	1.232525
96113190912	96113102336	88576	512	6.064290
63226896896	63226782720	114176	512	1.187505
86377299456	86377171968	127488	512	1.292577
111434357248	111434260992	96256	512	7.285568
66319839744	66319753216	86528	512	1.305601
246633907712	246633841664	66048	512	7.236290
240083718656	240083617792	100864	512	1.020012
243371103744	243371010560	93184	512	1.799653
203882917376	203882808832	108544	512	1.084509
112042040320	112041925120	115200	512	7.110461
177578285056	177578170880	114176	512	6.989572
10725205504	10725133312	72192	512	7.635088
230697385984	230697264640	121344	512	6.568536
92664136704	92664038400	98304	512	7.124229
232836215808	232836146688	69120	512	1.043559
248695023616	248694956544	67072	512	1.164010
144525157376	144525065216	92160	512	1.105556
140152693248	140152580096	113152	512	1.092975
71185146368	71185016832	129536	512	1.096688
94552006656	94551897088	109568	512	1.126514
114364972032	114364852224	119808	512	1.765700
123181330944	123181203968	126976	512	1.095238
158655480320	158655413760	66560	512	7.570214
122327992832	122327889920	102912	512	2.006202
128219407872	128219302912	104960	512	5.852212
83760928256	83760821248	107008	512	5.940049
141363509248	141363400192	109056	512	7.211216
229865891840	229865813504	78336	512	5.859883
102706988544	102706907136	81408	512	1.151333
162735107584	162735021056	86528	512	1.231712
11475238912	11475145728	93184	512	1.169089
210281495040	210281425408	69632	512	7.383865
186322565120	186322483200	81920	512	1.085674
75140839424	75140742144	97280	512	7.423035
26148076544	26147959296	117248	512	1.145707
174524603904	174524494848	109056	512	7.087215
112425426432	112425353728	72704	512	7.554327
119150024704	119149917184	107520	512	1.201991
49258220544	49258137088	83456	512	7.485775
26508555776	26508457472	98304	512	7.388869
79434765824	79434678272	87552	512	1.289408
79486519808	79486435328	84480	512	6.116788
154336128512	154336039424	89088	512	1.114930
87306969600	87306899456	70144	512	1.022351
47052653056	47052559872	93184	512	1.191452
68070076416	68069950976	125440	512	7.153589
195123758080	195123655680	102400	512	7.073175
135955014144	135954890752	123392	512	1.182288
48275923456	48275801088	122368	512	1.088202
91677149184	91677081600	67584	512	7.599987
159489854976	159489764352	90624	512	7.304089
97867633664	97867539968	93696	512	7.403937
27608741376	27608664576	76800	512	1.211074
244947481600	244947407360	74240	512	5.773865
143910063104	143909977600	85504	512	7.314401
9757252096	9757172736	79360	512	1.237237
76865330688	76865209856	120832	512	7.161293
222220612608	222220499968	112640	512	0.998661
16364297216	16364176384	120832	512	7.272272
122897159168	122897046016	113152	512	1.016186
139029510144	139029420032	90112	512	10.561550
77043820544	77043735552	84992	512	1.060048
55413367296	55413269504	97792	512	1.053295
37833843200	37833745920	97280	512	1.051889
7987889664	7987806720	82944	512	1.049782
219891691520	219891602944	88576	512	7.109420
137589356544	137589241344	115200	512	1.058689
2164138496	2164008960	129536	512	5.847510
237012961280	237012894208	67072	512	1.026733
79973345792	79973254144	91648	512	1.261061
188245058560	188244984832	73728	512	1.098077
140456605184	140456493568	111616	512	0.895668
27986902528	27986828288	74240	512	6.275878
9809188864	9809061888	126976	512	7.251807
230768116736	230768044032	72704	512	1.047740
85303967232	85303890944	76288	512	1.232521
216535344640	216535271936	72704	512	5.950708
19237411328	19237316096	95232	512	1.159850
172800153088	172800074240	78848	512	1.124905
235987622400	235987500032	122368	512	1.040333
41689661952	41689566720	95232	512	1.300045
60111408640	60111312896	95744	512	1.229812
122695687168	122695562240	124928	512	7.062720
192004179968	192004094464	85504	512	1.138787
182337016320	182336908288	108032	512	1.134985
198056637952	198056542720	95232	512	7.137470
71534933504	71534820352	113152	512	5.985973
65286842880	65286713344	129536	512	1.126895
165845358080	165845278720	79360	512	7.428039
144113848832	144113722368	126464	512	1.049598
222981235200	222981159424	75776	512	5.856638
61184352256	61184261632	90624	512	1.854441
80703704064	80703597056	107008	512	1.283502
36740989440	36740897792	91648	512	7.547617
224311575040	224311463936	111104	512	5.387245
196550101504	196550033920	67584	512	7.478565
149096846848	149096754176	92672	512	1.231694
228727465472	228727376896	88576	512	2.889661
233955489280	233955368448	120832	512	6.505071
219409647104	219409554432	92672	512	5.715770
172072727552	172072658432	69120	512	7.553308
224270892032	224270807552	84480	512	1.074586
151979466240	151979393536	72704	512	7.527044
217702184448	217702116864	67584	512	1.074503
15209743360	15209673728	69632	512	7.668061
206254245376	206254133248	112128	512	6.866601
10327398400	10327268352	130048	512	7.179752
96618256896	96618166272	90624	512	1.384224
122602621440	122602494976	126464	512	1.170850
199806624768	199806551552	73216	512	7.385761
137187329536	137187200512	129024	512	5.605387
33427436032	33427306496	129536	512	5.810712
20808860160	20808784384	75776	512	1.051698
34073605120	34073538560	66560	512	1.578917
5927299072	5927196672	102400	512	7.421027
193860959232	193860873728	85504	512	0.998604
116119711232	116119629312	81920	512	1.085775
215576410624	215576286208	124416	512	1.189059
167107165696	167107082240	83456	512	1.230186
82406226432	82406104064	122368	512	7.174039
187723205632	187723094528	111104	512	5.611407
22465401344	22465318400	82944	512	1.041678
194511546368	194511442432	103936	512	5.532444
153699281920	153699205632	76288	512	0.960675
154778312192	154778246144	66048	512	1.017531
247484627968	247484521472	106496	512	1.816399
130543453184	130543386112	67072	512	1.082980
208861032960	208860921344	111616	512	0.988922
9247729152	9247619072	110080	512	7.403052
168922143744	168922047488	96256	512	7.223223
74207220736	74207151104	69632	512	7.570671
178425473536	178425344000	129536	512	1.117957
24253480448	24253400576	79872	512	1.313913
50133732864	50133647872	84992	512	6.157436
86410262016	86410182656	79360	512	7.529640
68567119360	68567022080	97280	512	1.107143
104983735296	104983662080	73216	512	7.571101
40006726656	40006621184	105472	512	1.102121
24297098752	24296969216	129536	512	1.113412
232895313408	232895200256	113152	512	5.297871
70251031552	70250908672	122880	512	1.089911
109670313472	109670188032	125440	512	5.716207
12128081920	12127960576	121344	512	5.984001
154544310784	154544231424	79360	512	7.513971
116400259072	116400128512	130560	512	7.025375
190293056000	190292944896	111104	512	0.885350
198010394112	198010306048	88064	512	0.855593
90191736832	90191643136	93696	512	7.359235
27436222464	27436093440	129024	512	1.044409
170234723328	170234627072	96256	512	1.956940
211434481664	211434354688	126976	512	6.689615
42434079232	42433955840	123392	512	1.239995
174450959360	174450873344	86016	512	7.327267
13915271168	13915157504	113664	512	1.212208
97617071104	97616995840	75264	512	7.542573
107156887552	107156816896	70656	512	1.059056
62722560	62623232	99328	512	6.077389
83335624192	83335494656	129536	512	7.073103
42892403712	42892307456	96256	512	1.108607
12524902912	12524804608	98304	512	1.240028
54558233600	54558162944	70656	512	7.636591
215742034432	215741922304	112128	512	5.464779
197475684352	197475592192	92160	512	1.627459
81633209856	81633100800	109056	512	7.277637
106029877760	106029778944	98816	512	7.353682
104611233792	104611140096	93696	512	1.057598
203798228992	203798134272	94720	512	1.033738
167635441152	167635371520	69632	512	1.082977
237303886848	237303802368	84480	512	5.632990
88052908544	88052801536	107008	512	7.281647
9053209600	9053137408	72192	512	7.629394
9387905536	9387826688	78848	512	1.035275
232186007552	232185880576	126976	512	1.146014
195254843392	195254723584	119808	512	5.482190
122867935744	122867813376	122368	512	7.097259
41246056960	41245954048	102912	512	7.356328
79658745856	79658618368	127488	512	1.040983
159054004736	159053906432	98304	512	5.926409
95763735552	95763654144	81408	512	1.637843
101505631232	101505521152	110080	512	1.272307
190829519872	190829400576	119296	512	1.085205
100579401216	100579324928	76288	512	5.364594
108937654272	108937540608	113664	512	1.104183
31870942208	31870875136	67072	512	1.173608
189838768640	189838699520	69120	512	7.447188
237202558464	237202471936	86528	512	6.984943
39393300992	39393180672	120320	512	7.233508
148025730048	148025657344	72704	512	1.073654
52489553408	52489478144	75264	512	7.624524
232487342592	232487247360	95232	512	5.602887
147053782528	147053713920	68608	512	1.049017
38001664512	38001571328	93184	512	7.447374
201614468096	201614363136	104960	512	1.102222
58332153856	58332083200	70656	512	7.721786
227550481920	227550359552	122368	512	6.614608
208057299456	208057202688	96768	512	7.053539
120454125056	120453999616	125440	512	1.795353
167509266944	167509156352	110592	512	7.105789
109797681664	109797563392	118272	512	7.155736
74271332352	74271216640	115712	512	7.201076
37804538368	37804433920	104448	512	7.359542
145052454912	145052338176	116736	512	1.192521
83989870592	83989782016	88576	512	1.971723
240838193152	240838075392	117760	512	6.489411
92956169216	92956094976	74240	512	1.031251
1411990016	1411867648	122368	512	7.287176
115843480064	115843414016	66048	512	7.632553
148605172224	148605103104	69120	512	1.083435
140365373440	140365305856	67584	512	1.027864
8802150400	8802056192	94208	512	1.289319
123624247296	123624163840	83456	512	1.147635
96421640704	96421571584	69120	512	1.161447
212198096384	212197979136	117248	512	6.787434
80035831808	80035701248	130560	512	7.151329
122327603712	122327495168	108544	512	1.175586
102149204992	102149120512	84480	512	1.101968
11890356736	11890231296	125440	512	5.876229
43212680192	43212612608	67584	512	7.702602
164142446080	164142338560	107520	512	5.798853
144917377536	144917294592	82944	512	7.425421
2177628160	2177503744	124416	512	5.887500
82021354496	82021285376	69120	512	7.613392
205788964864	205788850688	114176	512	6.845095
197294025216	197293928960	96256	512	5.817784
33329050112	33328968704	81408	512	7.557051
84471660032	84471557120	102912	512	7.287749
205879184384	205879088640	95744	512	7.099305
111425509376	111425416704	92672	512	1.294943
40297414656	40297319424	95232	512	1.069530
61871326208	61871256064	70144	512	1.335971
146776441344	146776357376	83968	512	1.107633
218359330816	218359225856	104960	512	2.003439
52697260544	52697193472	67072	512	7.658894
200229723648	200229654528	69120	512	7.468117
122321907200	122321794560	112640	512	7.170193
112240856064	112240756736	99328	512	1.054080
247620630016	247620535296	94720	512	5.356688
225575586816	225575519232	67584	512	7.344125
14276332544	14276249600	82944	512	1.983801
204136026624	204135917056	109568	512	1.120184
50171665920	50171584512	81408	512	6.175366
27614096896	27613999104	97792	512	7.426815
15337627136	15337533440	93696	512	1.149676
12719590912	12719489024	101888	512	1.180090
96400783872	96400659968	123904	512	7.147271
4538761728	4538634752	126976	512	1.133017
241755104256	241754993152	111104	512	6.584921
26318855168	26318744576	110592	512	7.368225
33925622272	33925497344	124928	512	1.030212
11239631360	11239508992	122368	512	1.208059
211004316672	211004213248	103424	512	6.965356
148157865472	148157764096	101376	512	1.670669
106594880512	106594763776	116736	512	7.145891
44151850496	44151733760	116736	512	5.924155
220614060032	220613957120	102912	512	6.924408
33104744960	33104636928	108032	512	7.342159
135556448768	135556382208	66560	512	1.638041
6189487104	6189409280	77824	512	1.112010
80771278848	80771202048	76800	512	15.610919
92194044928	92193948160	96768	512	6.019267
157704743936	157704671232	72704	512	1.021186
95604545536	95604442112	103424	512	1.070233
58100874240	58100750336	123904	512	1.125589
17039865856	17039763968	101888	512	1.080766
104839710720	104839607808	102912	512	7.301083
233977916928	233977821184	95744	512	1.157735
218314285568	218314205696	79872	512	7.357208
197098375168	197098286080	89088	512	7.193284
27126995456	27126871552	123904	512	1.057039
161422857728	161422771200	86528	512	5.966468
205147823616	205147715072	108544	512	5.601697
8433674752	8433582592	92160	512	1.314566
139103231488	139103128576	102912	512	1.235594
97667642368	97667532800	109568	512	7.238335
133676911616	133676800000	111616	512	7.173488
177285743104	177285665280	77824	512	7.316609
15715431936	15715358720	73216	512	1.187942
53585511424	53585445376	66048	512	7.669279
168651934720	168651812352	122368	512	1.175279
243016641536	243016562688	78848	512	7.063400
19158048768	19157982208	66560	512	1.115458
146327963648	146327843840	119808	512	2.045645
55973585408	55973477888	107520	512	3.105122
174177847808	174177719808	128000	512	1.125336
177383014400	177382897664	116736	512	1.086994
105367642112	105367534592	107520	512	7.241691
199639951872	199639852032	99840	512	7.047869
219940067840	219939940352	127488	512	1.165727
122247066112	122246940672	125440	512	1.756531
34585627136	34585500672	126464	512	7.175058
220661499392	220661432832	66560	512	7.394686
213780316160	213780206592	109568	512	6.922842
217447151104	217447026688	124416	512	6.675518
150205778432	150205699072	79360	512	1.235642
117319161344	117319054848	106496	512	1.039902
131340228608	131340121600	107008	512	7.146702
163132788736	163132706816	81920	512	7.382808
16748403712	16748273664	130048	512	7.178196
203194259456	203194139136	120320	512	6.738364
231681745920	231681658880	87040	512	5.650417
71665171456	71665075712	95744	512	7.425534
62887059456	62886945792	113664	512	5.794794
74575678976	74575602176	76800	512	6.212100
145021657600	145021574656	82944	512	7.438965
154478795776	154478728192	67584	512	1.154178
249244563968	249244434432	129536	512	6.238921
111942326272	111942253568	72704	512	7.568205
162335036928	162334909952	126976	512	1.126497
105115209728	105115113984	95744	512	1.024677
183285401088	183285322240	78848	512	7.345835
109682382336	109682306560	75776	512	1.229559
99979525120	99979404288	120832	512	7.159449
51167352832	51167270400	82432	512	6.155793
69492655616	69492530176	125440	512	7.087768
189155722752	189155603456	119296	512	1.168702
223760356864	223760259584	97280	512	6.946528
236937875968	236937750528	125440	512	5.123611
6688987648	6688881664	105984	512	1.162408
79857486336	79857381888	104448	512	7.343128
172419810304	172419720704	89600	512	1.101100
194720776192	194720649728	126464	512	6.781034
162854150656	162854032384	118272	512	7.010737
192566747648	192566617600	130048	512	1.004257
217470354432	217470224384	130048	512	1.001562
144990093824	144989975040	118784	512	1.275376
95639510016	95639380480	129536	512	1.187395
206168010240	206167913472	96768	512	1.222502
246561896448	246561776128	120320	512	1.037702
185554843648	185554775040	68608	512	1.097985
63662557696	63662450688	107008	512	7.306533
121489239552	121489135616	103936	512	1.074884
21617786880	21617693696	93184	512	1.165372
190492557312	190492482048	75264	512	7.377238
1672809472	1672726016	83456	512	7.576188
243583369216	243583250944	118272	512	1.866855
112533961728	112533879808	81920	512	2.051963
244310834176	244310728192	105984	512	6.667884
17592803328	17592711168	92160	512	7.504574
67026290176	67026182656	107520	512	1.166023
31946156544	31946037760	118784	512	1.079671
83204107264	83203980288	126976	512	1.144635
18372274176	18372174336	99840	512	1.140653
88866086400	88865982976	103424	512	7.290933
244752927744	244752822272	105472	512	6.696195
174911737344	174911630848	106496	512	1.218348
190216545280	190216471552	73728	512	1.104665
87701048320	87700974080	74240	512	1.014982
72181572096	72181497344	74752	512	1.002562
238027630080	238027553280	76800	512	7.129552
3960042496	3959929856	112640	512	7.364720
45159435264	45159317504	117760	512	1.114733
154249014272	154248888832	125440	512	7.030560
19775131648	19775060992	70656	512	1.314236
19404904448	19404786688	117760	512	1.006772
186999758848	186999688704	70144	512	7.478000
199888185344	199888092160	93184	512	1.899536
49549929984	49549809152	120832	512	0.991410
188742045184	188741923328	121856	512	1.106303
177120495616	177120399872	95744	512	1.137955
198809606144	198809529856	76288	512	7.366188
9026092544	9025963008	129536	512	7.217050
76077332480	76077240320	92160	512	1.073146
167852966400	167852870656	95744	512	1.101481
232403360768	232403253248	107520	512	1.129458
147215008768	147214879744	129024	512	1.164931
183040226816	183040099840	126976	512	6.917692
15890296832	15890193920	102912	512	7.025307
249865679872	249865590784	89088	512	6.859114
214790847488	214790760960	86528	512	1.030035
235077985792	235077857280	128512	512	6.439468
208922489344	208922404864	84480	512	1.085182
189605223936	189605105152	118784	512	1.030319
127707940352	127707839488	100864	512	7.321217
86513666560	86513537536	129024	512	7.092227
242934212608	242934138880	73728	512	7.111526
13184687104	13184588800	98304	512	7.407194
162058782208	162058709504	72704	512	1.153639
100125049344	100124953088	96256	512	7.381705
50592043520	50591940608	102912	512	7.350398
25358552576	25358426624	125952	512	1.089060
25824262144	25824160768	101376	512	1.096995
214984699392	214984571904	127488	512	6.630803
1297403392	1297329664	73728	512	1.166461
233425433600	233425329664	103936	512	5.435822
13161979392	13161890816	88576	512	7.493195
9936047616	9935922176	125440	512	7.282083
45352902144	45352817664	84480	512	6.203886
50048003072	50047873024	130048	512	1.952085
175737903104	175737837056	66048	512	1.112449
206602543104	206602420736	122368	512	1.238287
60896247808	60896144896	102912	512	2.131436
106016249856	106016143872	105984	512	3.316256
136567473664	136567406080	67584	512	1.865538
109200303616	109200218112	85504	512	7.448396
123061319680	123061224448	95232	512	7.340734
169209264128	169209133568	130560	512	1.157406
118160836096	118160710656	125440	512	7.024760
126919188480	126919074816	113664	512	5.820432
215509008896	215508913664	95232	512	1.111717
180356574208	180356469760	104448	512	1.822357
105098033664	105097957888	75776	512	1.212266
4975119360	4975011840	107520	512	1.173227
17226899456	17226829312	70144	512	1.108867
239576920576	239576793600	126976	512	6.428592
178846163456	178846081024	82432	512	1.094314
142654762496	142654661632	100864	512	1.044251
170472092160	170471974912	117248	512	6.990081
245863861248	245863761920	99328	512	6.690330
190818352640	190818239488	113152	512	6.523334
8508252672	8508126208	126464	512	5.889769
162208863744	162208790016	73728	512	7.489791
176166550016	176166429696	120320	512	6.935456
39209610240	39209541120	69120	512	1.228223
175949875200	175949790208	84992	512	7.151831
215199591936	215199489024	102912	512	1.022345
186789739520	186789648896	90624	512	1.117112
57134444032	57134329856	114176	512	2.220486
189811500032	189811424256	75776	512	1.086425
83186530816	83186423808	107008	512	7.269867
120888922112	120888812544	109568	512	1.188303
183378928640	183378843648	84992	512	1.098075
94335136256	94335005184	131072	512	5.696110
220349454848	220349337088	117760	512	6.759449
221830060032	221829981696	78336	512	7.178762
246977629184	246977550336	78848	512	1.035843
19363066880	19362979840	87040	512	6.170590
197683670016	197683566592	103424	512	7.092528
93629608960	93629513216	95744	512	7.386239
169793358336	169793228800	129536	512	4.039740
204613749248	204613641216	108032	512	1.110552
244504802304	244504706048	96256	512	6.813609
249094235136	249094107136	128000	512	1.141577
142226438656	142226365952	72704	512	1.104781
198527103488	198527008768	94720	512	5.762333
246732287488	246732158464	129024	512	6.161456
880715264	880637440	77824	512	7.619387
68200848896	68200776192	72704	512	1.089672
73697112064	73697030656	81408	512	1.101863
127606848000	127606744064	103936	512	1.021834
51110362112	51110253568	108544	512	1.191806
45979497472	45979401216	96256	512	1.101124
48372334592	48372235264	99328	512	7.386892
130841361408	130841242624	118784	512	7.114358
201054766592	201054644224	122368	512	1.009618
181469257728	181469147136	110592	512	1.158874
76679422464	76679306240	116224	512	7.229802
126475563008	126475487744	75264	512	1.100368
79745934336	79745848832	85504	512	7.487833
220936035840	220935952896	82944	512	5.847586
158478842368	158478742528	99840	512	7.218562
163849394176	163849322496	71680	512	7.524663
57369007104	57368909824	97280	512	2.055940
247974981632	247974870016	111616	512	6.449412
89848071168	89847988736	82432	512	7.488042
75727156224	75727080448	75776	512	7.520400
27016329728	27016205312	124416	512	1.676599
210779796480	210779697664	98816	512	1.168756
839819776	839723008	96768	512	1.216263
116068827648	116068707840	119808	512	5.743527
150246625280	150246556160	69120	512	8.069016
147353086976	147353010176	76800	512	6.096765
128981439488	128981328896	110592	512	1.139262
186825040896	186824935424	105472	512	1.179404
174417304576	174417210368	94208	512	7.138606
237697292800	237697214464	78336	512	1.026248
233785924096	233785833472	90624	512	1.771659
201939851776	201939720704	131072	512	1.108822
218883496448	218883394048	102400	512	6.927433
97691293696	97691222528	71168	512	7.589029
167556870656	167556801024	69632	512	1.185881
200241775616	200241676800	98816	512	5.739617
39677857280	39677731328	125952	512	5.195887
46341147648	46341060608	87040	512	6.139102
178866912768	178866832384	80384	512	5.964666
153425354752	153425248768	105984	512	5.782575
22611440640	22611373568	67072	512	7.720638
232606691840	232606597632	94208	512	6.981389
124448103936	124448013824	90112	512	7.384243
135304524288	135304402944	121344	512	1.129531
112943000576	112942911488	89088	512	7.420135
147547917312	147547792384	124928	512	1.163042
233325277184	233325210624	66560	512	1.067043
158174238208	158174127616	110592	512	7.113702
25252469248	25252376064	93184	512	0.994140
109056662016	109056580608	81408	512	7.495383
174187689472	174187581952	107520	512	0.991295
74833153024	74833046016	107008	512	1.157320
97735981568	97735867904	113664	512	7.222517
18967591936	18967464960	126976	512	7.164512
246257807360	246257692672	114688	512	4.997161
221036877824	221036799488	78336	512	7.246484
21664722432	21664606208	116224	512	6.057404
30082019328	30081921536	97792	512	1.087652
250042801664	250042680320	121344	512	6.346163
178832848384	178832726016	122368	512	6.889081
222024635392	222024566272	69120	512	7.300459
54644160512	54644068352	92160	512	1.063642
133705351168	133705256960	94208	512	7.301420
143824906240	143824830464	75776	512	7.510117
52582666240	52582596608	69632	512	7.627564
32032101376	32032024064	77312	512	1.103200
125568791552	125568725504	66048	512	1.209503
18017930752	18017829376	101376	512	7.245964
97101413888	97101327360	86528	512	1.157591
158208967680	158208881152	86528	512	7.375647
72468626432	72468556800	69632	512	1.230054
235118691840	235118589952	101888	512	6.880507
33741766656	33741681152	85504	512	7.518897
28918646272	28918559744	86528	512	7.531710
222234884096	222234811392	72704	512	1.023660
84100420096	84100310528	109568	512	7.292898
50203341824	50203241472	100352	512	1.242491
213324921856	213324811776	110080	512	1.162735
163715712512	163715605504	107008	512	7.115981
26563785216	26563693568	91648	512	1.231521
191565102592	191565004800	97792	512	1.155499
243242903040	243242778112	124928	512	6.413440
33350535168	33350459904	75264	512	7.614938
17179411968	17179330560	81408	512	1.138421
5066488320	5066377728	110592	512	1.064214
227661283840	227661186560	97280	512	6.946819
213073403904	213073328128	75776	512	7.295162
117591657472	117591546368	111104	512	1.059112
141320153600	141320047616	105984	512	7.198472
24883246080	24883119616	126464	512	7.200564
19261343744	19261268992	74752	512	7.711798
17997415936	17997333504	82432	512	1.049340
234118048768	234117931520	117248	512	6.616131
136357255168	136357141504	113664	512	7.146608
13814892032	13814786048	105984	512	1.288387
128161199104	128161105408	93696	512	7.374996
166527198208	166527087104	111104	512	5.759007
99956609024	99956516864	92160	512	1.211763
233111565824	233111495168	70656	512	1.083800
186433033728	186432921088	112640	512	5.574898
55914958336	55914838016	120320	512	5.875163
243534854656	243534760448	94208	512	5.520931
232125356544	232125289472	67072	512	7.317981
96799894528	96799788544	105984	512	2.002961
60495399936	60495287808	112128	512	5.963091
233709901824	233709815296	86528	512	1.029831
116023661056	116023532544	128512	512	1.075824
61788402688	61788296192	106496	512	1.125552
4406778880	4406659072	119808	512	1.121689
242984569856	242984466432	103424	512	6.762648
747133952	747043840	90112	512	7.506095
172956815360	172956733952	81408	512	5.994729
11533189632	11533079552	110080	512	1.188325
176184963072	176184852480	110592	512	6.859694
57387023360	57386906624	116736	512	1.232454
84586675712	84586546176	129536	512	1.160667
193375697408	193375581696	115712	512	6.924459
4806076928	4806000640	76288	512	1.214285
137984577024	137984466944	110080	512	7.120701
119216988672	119216902144	86528	512	1.252840
141105743360	141105639424	103936	512	1.182352
112775452160	112775353856	98304	512	7.322816
30196158976	30196057088	101888	512	6.009663
32244619264	32244503040	116224	512	7.229573
119571801088	119571693056	108032	512	1.097894
165053142528	165053064192	78336	512	1.097736
157303368704	157303242752	125952	512	6.993345
216465908224	216465787904	120320	512	5.315866
245084338176	245084243456	94720	512	5.390940
172644452864	172644338176	114688	512	7.047485
245538256896	245538173440	83456	512	6.992929
209439571968	209439505408	66560	512	1.000925
236476579328	236476482560	96768	512	6.898431
243656937984	243656828416	109568	512	1.115594
88738953216	88738880512	72704	512	1.056496
221826478080	221826360320	117760	512	6.690812
26730174464	26730093056	81408	512	1.198949
28079377408	28079282176	95232	512	6.081791
92085029888	92084902912	126976	512	1.031888
159338804224	159338693120	111104	512	1.098827
206196704256	206196622336	81920	512	7.261820
198668450304	198668345856	104448	512	1.027810
120927343104	120927261184	81920	512	7.433126
195033476096	195033396736	79360	512	1.122630
8038311424	8038180864	130560	512	1.403768
205859372032	205859267072	104960	512	5.633624
85412662784	85412561408	101376	512	1.229153
180620310528	180620190720	119808	512	1.194018
182662281728	182662152704	129024	512	1.191492
160014283264	160014154752	128512	512	1.154306
61557103616	61557016576	87040	512	1.048461
178049210368	178049140736	69632	512	1.261597
107231216128	107231106048	110080	512	7.215375
221607885312	221607807488	77824	512	1.092128
188019301888	188019230208	71680	512	0.975235
164617030144	164616937984	92160	512	5.879708
78213152256	78213045248	107008	512	7.313912
158950643200	158950526464	116736	512	1.107846
242576314880	242576226304	88576	512	5.568029
19494457344	19494367744	89600	512	1.109812
64590892032	64590805504	86528	512	1.224095
33910228480	33910148096	80384	512	1.170801
58125998592	58125894144	104448	512	7.355552
158157031424	158156937728	93696	512	1.233361
248899603968	248899522560	81408	512	1.140977
149229193216	149229125120	68096	512	7.588381
142496560640	142496474112	86528	512	7.360938
111766304256	111766231552	72704	512	1.104233
97754268672	97754144256	124416	512	7.125691
233737551872	233737439744	112128	512	1.117830
80143377920	80143309824	68096	512	7.591411
224734082560	224733958144	124416	512	1.152293
197331455488	197331337728	117760	512	5.495477
23640132096	23640017920	114176	512	1.290710
104443234816	104443153408	81408	512	1.002430
196486482432	196486397440	84992	512	7.238239
166005074432	166004980736	93696	512	1.034265
75688273920	75688166912	107008	512	5.926895
111065284608	111065190912	93696	512	7.360919
187757998592	187757879808	118784	512	6.880516
151273585152	151273500160	84992	512	1.124756
183373076480	183372952576	123904	512	15.115901
138502777344	138502705152	72192	512	1.037873
15901772800	15901645824	126976	512	5.946124
235803270656	235803146240	124416	512	5.135586
119602281984	119602215936	66048	512	7.624597
75643070464	75642954752	115712	512	1.067733
223883909632	223883832832	76800	512	1.044985
127266559488	127266445312	114176	512	7.156715
92596901376	92596804096	97280	512	7.361517
32332716032	32332591104	124928	512	5.822385
203391212544	203391145984	66560	512	7.462186
106160177152	106160090624	86528	512	1.244167
188453355520	188453235712	119808	512	1.124457
224008035328	224007967232	68096	512	1.148452
209421931008	209421801472	129536	512	1.090976
91201281536	91201207296	74240	512	7.607575
105876439040	105876339200	99840	512	7.330517
52652790784	52652681728	109056	512	1.079405
193317919232	193317817856	101376	512	1.170542
159648198656	159648088064	110592	512	1.094831
73610334720	73610263552	71168	512	1.114192
144330989568	144330906624	82944	512	7.455156
215669962752	215669882368	80384	512	5.861460
192428832256	192428736000	96256	512	7.133566
141084137472	141084070912	66560	512	1.245644
167462404096	167462315008	89088	512	7.286597
64966076416	64965977088	99328	512	6.007935
134078852608	134078722048	130560	512	1.231293
53199540736	53199422976	117760	512	2.084861
26828001792	26827907584	94208	512	1.179297
86659787264	86659661312	125952	512	7.200337
110772533760	110772419072	114688	512	1.020427
44109619200	44109491712	127488	512	7.199488
207206037504	207205906432	131072	512	6.673123
179137528320	179137401856	126464	512	5.541838
211452836352	211452754432	81920	512	7.207843
149276033024	149275905024	128000	512	1.030183
86904836608	86904734720	101888	512	2.166452
12501208064	12501138432	69632	512	1.164417
79417478656	79417349120	129536	512	1.010791
34429629440	34429542912	86528	512	6.160808
162625207808	162625103872	103936	512	7.179512
86187837952	86187720192	117760	512	5.860475
22129013760	22128919040	94720	512	7.549206
212899970048	212899868672	101376	512	6.982069
81615323136	81615217664	105472	512	6.045216
136491744256	136491636736	107520	512	7.186750
233249353216	233249277952	75264	512	5.820615
48263567360	48263492608	74752	512	1.227265
71075288064	71075214336	73728	512	7.613165
245017608192	245017536000	72192	512	7.185012
135654054912	135653950464	104448	512	1.157333
219748148736	219748044288	104448	512	6.911410
28749904384	28749798400	105984	512	1.197011
144715151360	144715041792	109568	512	1.020788
203232009728	203231926784	82944	512	7.259867
245205239808	245205147648	92160	512	1.042728
229390603776	229390498816	104960	512	1.053084
146252235776	146252113920	121856	512	6.881776
247149801984	247149691904	110080	512	1.116305
68092329472	68092258304	71168	512	1.021931
66845615104	66845512192	102912	512	6.008552
12765840384	12765765120	75264	512	1.030426
209107515904	209107428864	87040	512	7.174043
212565853696	212565780480	73216	512	7.379895
123837924864	123837857792	67072	512	7.602653
215403484672	215403415552	69120	512	6.965414
229381027328	229380914688	112640	512	6.737881
245200061440	245199994880	66560	512	7.271458
195688332288	195688236032	96256	512	7.118188
166678158848	166678088704	70144	512	7.483703
231971022336	231970934784	87552	512	1.021914
205059585024	205059501056	83968	512	1.165302
56178328576	56178236928	91648	512	1.226975
34578626560	34578515456	111104	512	1.070560
165374388224	165374277120	111104	512	7.096884
145673762816	145673671168	91648	512	7.325661
135949967872	135949881856	86016	512	1.205290
85471077376	85470983168	94208	512	1.119758
172080160256	172080075776	84480	512	4.537552
107088211456	107088088064	123392	512	5.737122
119545000448	119544888320	112128	512	1.206813
230197380608	230197263360	117248	512	5.259736
102464800768	102464694272	106496	512	7.309596
214113335808	214113255424	80384	512	7.252176
195985019904	195984948224	71680	512	1.256283
48772651520	48772569600	81920	512	7.542651
171550787072	171550709248	77824	512	1.087300
133646006272	133645879808	126464	512	7.009794
131176582144	131176453120	129024	512	5.615841
101051965952	101051879424	86528	512	6.166790
165363553792	165363456000	97792	512	7.239996
90622879744	90622781952	97792	512	1.299253
227499726336	227499606528	119808	512	6.669317
86315408896	86315310080	98816	512	7.362600
206358682112	206358614528	67584	512	7.439304
111021059584	111020966400	93184	512	1.187829
237493883904	237493807104	76800	512	1.040674
32174492672	32174407168	85504	512	7.562470
94434718208	94434632192	86016	512	1.015325
77708543488	77708464128	79360	512	0.954139
154820380160	154820281344	98816	512	7.323286
116183182848	116183103488	79360	512	6.139051
140845579776	140845459968	119808	512	7.081676
115750941184	115750852096	89088	512	1.152544
199857252864	199857165824	87040	512	7.186571
79618876416	79618763264	113152	512	7.253828
125477051392	125476981248	70144	512	1.061325
115764523520	115764433408	90112	512	7.394727
198754345984	198754271744	74240	512	1.104582
166745189888	166745100800	89088	512	7.313922
168956571648	168956469248	102400	512	7.181558
55407527424	55407413248	114176	512	1.307893
181367853056	181367759872	93184	512	1.234292
128135211520	128135106560	104960	512	1.057117
33608528896	33608412160	116736	512	1.100027
30284426240	30284296704	129536	512	1.272035
133979992064	133979880960	111104	512	1.077636
131437976576	131437848576	128000	512	6.995991
138879127040	138879045632	81408	512	1.041067
77453452800	77453349888	102912	512	1.170980
24234615296	24234519552	95744	512	7.501077
211329957376	211329831936	125440	512	1.795557
233340344832	233340251136	93696	512	5.566440
135128159232	135128091648	67584	512	7.606939
98613618688	98613539328	79360	512	15.760141
42067113472	42066982912	130560	512	1.106399
100387331072	100387208704	122368	512	7.126301
134503585280	134503463936	121344	512	7.052160
207251620352	207251525120	95232	512	7.114596
70506529280	70506419712	109568	512	1.168620
39254978048	39254910464	67584	512	7.651305
93051013632	93050913280	100352	512	1.239338
92788543488	92788433920	109568	512	7.280782
109562716160	109562619904	96256	512	5.979946
231057987072	231057892864	94208	512	1.133039
132619170304	132619067392	102912	512	1.097238
239796474368	239796383744	90624	512	0.908931
14285591040	14285467648	123392	512	5.865482
76588478976	76588375552	103424	512	7.353778
101664165376	101664069120	96256	512	1.278621
55923721728	55923651072	70656	512	6.279466
42567292416	42567200768	91648	512	1.129874
120083103744	120082975744	128000	512	6.991868
159218162688	159218049024	113664	512	5.717012
9622343168	9622260736	82432	512	7.569362
75825426432	75825326080	100352	512	7.316050
176621347328	176621277696	69632	512	6.151740
125504667648	125504545792	121856	512	7.074353
114995014144	114994920448	93696	512	1.234132
72344034304	72343918080	116224	512	7.235060
216578078208	216577985536	92672	512	7.081058
25956996608	25956908544	88064	512	7.517746
29783889920	29783819264	70656	512	1.162610
20957895680	20957788672	107008	512	6.006719
222631575552	222631477248	98304	512	5.559225
112796450816	112796339712	111104	512	1.091916
64357038592	64356925952	112640	512	1.030805
93164007424	93163902976	104448	512	1.207113
215745240064	215745120768	119296	512	5.364727
186679720960	186679629312	91648	512	7.236622
33826951168	33826829824	121344	512	1.228553
40481150464	40481073664	76800	512	1.080337
183530040320	183529917440	122880	512	6.886943
55998574080	55998445056	129024	512	1.222565
88769018368	88768889856	128512	512	1.869516
248924491776	248924369920	121856	512	1.053789
176814394880	176814318080	76800	512	1.154844
81062613504	81062489088	124416	512	1.119298
221355505664	221355403264	102400	512	6.921558
81115291136	81115215360	75776	512	1.055834
74443097600	74443018752	78848	512	1.014372
176125037056	176124925952	111104	512	5.708205
214121670656	214121595392	75264	512	1.001567
213069651968	213069549056	102912	512	1.085845
109952159744	109952063488	96256	512	7.339283
161146696704	161146575360	121344	512	5.582991
51934055424	51933975552	79872	512	7.495179
136007013888	136006909440	104448	512	1.048242
71492619776	71492523520	96256	512	7.427483
81608430080	81608307712	122368	512	1.107859
209353442304	209353358336	83968	512	1.116300
241362918912	241362805760	113152	512	6.568853
170115235328	170115123200	112128	512	1.104962
114861884416	114861803008	81408	512	6.102412
33092201984	33092082176	119808	512	1.302641
176221878784	176221782528	96256	512	1.054728
154291831808	154291721216	110592	512	1.155599
77625731584	77625634816	96768	512	7.336247
53662854656	53662765568	89088	512	1.887201
109012305920	109012218880	87040	512	7.427246
116905106432	116904982016	124416	512	7.052831
170948387840	170948317184	70656	512	7.445230
199089709056	199089618944	90112	512	7.152959
18577296384	18577178624	117760	512	7.268235
10070575104	10070454272	120832	512	7.236283
152012648448	152012547584	100864	512	1.096315
165017371648	165017281536	90112	512	7.372374
153165955584	153165865472	90112	512	1.026509
93825230336	93825162752	67584	512	1.325932
1491628032	1491538944	89088	512	1.221437
166992018944	166991896576	122368	512	6.968215
52563192832	52563090432	102400	512	1.047686
27654289920	27654161920	128000	512	7.200251
167536575488	167536506880	68608	512	1.806805
128575818240	128575730176	88064	512	1.145627
103429097984	103428975616	122368	512	15.341275
159414190080	159414117376	72704	512	1.087027
218442591232	218442520064	71168	512	7.349993
126686226944	126686141440	85504	512	7.394324
62533212672	62533096448	116224	512	5.904057
2131327488	2131196416	131072	512	7.243225
75831895552	75831764992	130560	512	1.302291
168020901376	168020818944	82432	512	1.069661
72109006336	72108888576	117760	512	1.129470
239351039488	239350965248	74240	512	7.151134
85154878464	85154796032	82432	512	7.525216
43734688768	43734577664	111104	512	7.327051
191013090816	191012996608	94208	512	1.158878
238591764480	238591633408	131072	512	6.302748
165346219520	165346128384	91136	512	1.107517
73015754752	73015681536	73216	512	1.086787
101458551296	101458473984	77312	512	1.090690
245428845568	245428773376	72192	512	7.122860
17335634944	17335511552	123392	512	7.180439
79274388992	79274321920	67072	512	1.004841
210161590272	210161489408	100864	512	6.949903
101640365056	101640238080	126976	512	6.696458
234737898496	234737818112	80384	512	7.165615
213858110976	213857985536	125440	512	6.674759
235366691840	235366625792	66048	512	7.329212
244745043456	244744976896	66560	512	1.004394
96838619136	96838491648	127488	512	15.334543
68108289024	68108204032	84992	512	1.183773
147232569856	147232498176	71680	512	7.516441
213976206848	213976087040	119808	512	1.174567
36957773824	36957674496	99328	512	7.427340
22439865344	22439756288	109056	512	7.070443
182690697728	182690613760	83968	512	1.085474
119529164800	119529041920	122880	512	7.098278
241658872320	241658777088	95232	512	6.831934
212331186176	212331086336	99840	512	1.089954
76530065408	76529994240	71168	512	1.150854
50689844736	50689736192	108544	512	1.158533
32130816512	32130734592	81920	512	1.669452
47362299904	47362210816	89088	512	6.143829
96187867136	96187736064	131072	512	7.075869
154962997248	154962887168	110080	512	1.085199
179940066304	179939974144	92160	512	1.130679
78011259904	78011149312	110592	512	5.879144
140940817408	140940717568	99840	512	7.268490
81952795648	81952701440	94208	512	1.669438
69939610112	69939516928	93184	512	7.459021
150744527360	150744396288	131072	512	1.113232
87553162240	87553085952	76288	512	1.157157
124241017856	124240924160	93696	512	5.993763
82991698432	82991580160	118272	512	7.225297
82350144512	82350026752	117760	512	5.798943
91885893120	91885800448	92672	512	6.043187
114261434368	114261358080	76288	512	1.117067
176086455808	176086387200	68608	512	1.003612
211818019328	211817915392	103936	512	5.573501
102620300288	102620184064	116224	512	1.066752
242911377408	242911303680	73728	512	7.140102
146773004288	146772896256	108032	512	7.174259
183446440448	183446319104	121344	512	6.953070
88960206336	88960092160	114176	512	1.107776
63480857088	63480737280	119808	512	7.241361
132739553792	132739480576	73216	512	1.182343
57155202560	57155129856	72704	512	1.086723
184687713280	184687593472	119808	512	1.070821
48853737472	48853621760	115712	512	2.028145
212076255744	212076128768	126976	512	6.684843
98541577728	98541455872	121856	512	7.093629
100874576896	100874477056	99840	512	1.189100
178452632064	178452537344	94720	512	7.057432
214888819712	214888713216	106496	512	1.141444
235640492544	235640388608	103936	512	1.102453
103835681280	103835594240	87040	512	7.433234
225616590848	225616502272	88576	512	1.064116
137157538304	137157428224	110080	512	7.202008
198937317888	198937199616	118272	512	5.484307
200718152192	200718038016	114176	512	6.932350
122072444928	122072313856	131072	512	1.158741
196093897728	196093793792	103936	512	7.070405
249831949312	249831883264	66048	512	5.875219
74831713280	74831629824	83456	512	1.245783
114795478016	114795354624	123392	512	1.033373
229972662784	229972540928	121856	512	1.015431
219725261312	219725150208	111104	512	1.147850
11763452928	11763360768	92160	512	7.541124
214418103296	214418004480	98816	512	1.124913
95038937600	95038807040	130560	512	7.079066
140555117568	140555027456	90112	512	7.378855
191918700032	191918590976	109056	512	6.993475
245234102272	245234013184	89088	512	1.003868
37080321536	37080224256	97280	512	1.746481
105414946816	105414846464	100352	512	1.140539
148646179840	148646080000	99840	512	1.093402
76634756608	76634628608	128000	512	7.137375
164437931520	164437811200	120320	512	1.064030
229303406592	229303296000	110592	512	1.091528
162412701184	162412603392	97792	512	1.112969
162689773568	162689656832	116736	512	1.106251
5853786624	5853684736	101888	512	1.147277
73542673408	73542586880	86528	512	7.499923
42336627200	42336556544	70656	512	7.713000
129890090496	129890001920	88576	512	7.416556
76203057152	76202982912	74240	512	7.592660
121397709824	121397582848	126976	512	5.655347
102492258816	102492142592	116224	512	1.034154
112329318400	112329243136	75264	512	1.144138
217299378688	217299308544	70144	512	7.153291
145398294528	145398225920	68608	512	7.589139
15932943872	15932872704	71168	512	7.687156
103031428096	103031317504	110592	512	7.200804
212324988928	212324866048	122880	512	6.714903
197245376000	197245301248	74752	512	1.023193
80594750976	80594652672	98304	512	7.361809
147261471744	147261376000	95744	512	1.007296
3516776448	3516708864	67584	512	7.735697
68401084416	68400971776	112640	512	0.992961
48078397440	48078297088	100352	512	1.149741
189411080192	189410950656	129536	512	1.170524
43001658880	43001589760	69120	512	7.584666
181881695744	181881611264	84480	512	1.046165
37540276224	37540166656	109568	512	1.156027
191113848832	191113736192	112640	512	1.115643
148948798976	148948704256	94720	512	1.084399
58401175040	58401086976	88064	512	7.511008
230306488320	230306394624	93696	512	6.929533
221218171392	221218092544	78848	512	7.248396
97162473984	97162363392	110592	512	7.231208
235852723200	235852632576	90624	512	5.625849
176672017920	176671933440	84480	512	1.110299
93365026816	93364900864	125952	512	5.739131
197397211136	197397126144	84992	512	5.861008
63968601088	63968476160	124928	512	1.211955
86277746688	86277630976	115712	512	1.072699
136676682240	136676591616	90624	512	6.052006
53822886912	53822771200	115712	512	7.259085
88711726592	88711633920	92672	512	7.402676
52978902016	52978813440	88576	512	1.093570
204738676736	204738606080	70656	512	7.386203
27538690560	27538586112	104448	512	1.093198
148897054208	148896961536	92672	512	7.069582
187350273024	187350171648	101376	512	7.092380
137949829120	137949730816	98304	512	1.116538
225411195392	225411111424	83968	512	1.148671
606160896	606069248	91648	512	7.522088
22977619456	22977497600	121856	512	7.256829
234345323520	234345246720	76800	512	7.152891
10722486272	10722398720	87552	512	0.994274
247943841280	247943718912	122368	512	6.349900
212847613440	212847496704	116736	512	1.085447
88843867136	88843764224	102912	512	1.121153
905256960	905175040	81920	512	7.603439
164261828608	164261741568	87040	512	1.180553
30466570240	30466451456	118784	512	5.882578
208640409600	208640330240	79360	512	1.029491
244419390464	244419290624	99840	512	1.040375
40762989568	40762906112	83456	512	1.039417
90567503360	90567408128	95232	512	7.345064
107450916352	107450812928	103424	512	5.950767
60001471488	60001362432	109056	512	1.263131
171624723968	171624645120	78848	512	6.048636
90418583552	90418504192	79360	512	7.535845
113770754048	113770675712	78336	512	1.160813
103077634048	103077558272	75776	512	1.197218
52652843520	52652737536	105984	512	7.333823
117451805696	117451702272	103424	512	7.258106
169269769728	169269668864	100864	512	7.096701
202948560384	202948461056	99328	512	7.062056
85269831680	85269764608	67072	512	7.666420
229020836864	229020767744	69120	512	7.329624
29892907008	29892833280	73728	512	7.747221
6110494720	6110413312	81408	512	1.061374
240455341056	240455216128	124928	512	6.400414
215618488320	215618413568	74752	512	7.295049
163894672384	163894577664	94720	512	1.229198
189512437248	189512317952	119296	512	6.880295
36078721536	36078604800	116736	512	7.248794
191887941632	191887853568	88064	512	1.152166
229789908480	229789777408	131072	512	1.030196
150994710528	150994594816	115712	512	7.087195
53793117184	53793041920	75264	512	7.590459
153240792064	153240716800	75264	512	7.502703
92998995968	92998911488	84480	512	7.380015
109107020800	109106917888	102912	512	1.042527
220792373760	220792275968	97792	512	7.089758
191306672640	191306602496	70144	512	1.101537
164044380160	164044260864	119296	512	1.155488
128051522560	128051408896	113664	512	1.036627
82107360256	82107273216	87040	512	7.475891
32452426752	32452321280	105472	512	1.095511
191209304576	191209233408	71168	512	7.431401
112987072512	112986957312	115200	512	7.179791
139129976832	139129901568	75264	512	1.938528
244643995648	244643913728	81920	512	7.049621
190832239104	190832135168	103936	512	1.086468
66835052032	66834976768	75264	512	6.237762
12107718656	12107623424	95232	512	6.097771
199111588352	199111489536	98816	512	7.115120
179694912000	179694792704	119296	512	1.145570
142741690880	142741599232	91648	512	5.985847
74355227648	74355112960	114688	512	1.049051
178048894464	178048771584	122880	512	6.876405
35842701312	35842616320	84992	512	7.563551
19927576576	19927510528	66048	512	1.165464
179402287616	179402187776	99840	512	1.067358
230564062720	230563940864	121856	512	1.057360
72692498944	72692400128	98816	512	7.366902
65533155840	65533058560	97280	512	7.549591
135357246464	135357161984	84480	512	1.100975
177704720896	177704593408	127488	512	1.246522
78376795648	78376667648	128000	512	5.751127
153032594944	153032508928	86016	512	7.114954
29652099584	29651998208	101376	512	1.297276
213047967744	213047859712	108032	512	6.890832
119877545472	119877471232	74240	512	1.175065
236645279744	236645213696	66048	512	1.011369
164828621824	164828505088	116736	512	1.108906
193689950720	193689854976	95744	512	1.168154
107679977472	107679875584	101888	512	7.109422
68339543040	68339473408	69632	512	7.627312
4199598592	4199499776	98816	512	7.446512
40785971200	40785847808	123392	512	7.240833
63684552704	63684440576	112128	512	7.329578
70174614016	70174483968	130048	512	1.149303
86430652928	86430573056	79872	512	1.163214
38788491776	38788398592	93184	512	7.463211
47982383616	47982311424	72192	512	7.623858
67425545728	67425462784	82944	512	1.009534
62474190336	62474097664	92672	512	1.179180
160870555136	160870452224	102912	512	7.204951
155577036800	155576956416	80384	512	7.440505
152058293248	152058201088	92160	512	7.225770
226793158144	226793053184	104960	512	5.455441
141982042112	141981922304	119808	512	1.017043
127780462592	127780358144	104448	512	7.231131
110136950272	110136825344	124928	512	5.733220
182463004672	182462921216	83456	512	5.980994
105268896768	105268785664	111104	512	5.844682
84846421504	84846310400	111104	512	1.021678
5060568064	5060485120	82944	512	7.544643
199920139776	199920013312	126464	512	5.399974
135023571456	135023461376	110080	512	1.207774
237717618176	237717550592	67584	512	7.235725
19994508800	19994378240	130560	512	7.164579
143619183104	143619112960	70144	512	1.028833
101311559168	101311475712	83456	512	0.999943
160963725824	160963653632	72192	512	7.525377
74444712448	74444609024	103424	512	1.265545
140234561024	140234482688	78336	512	1.254464
32651430912	32651301376	129536	512	7.129858
161702733824	161702641152	92672	512	4.986350
106108996096	106108896256	99840	512	7.279731
15756595200	15756476416	118784	512	7.256774
63792969216	63792884736	84480	512	1.132790
133651758080	133651662336	95744	512	1.277463
18198437376	18198349824	87552	512	6.157347
51056475136	51056382464	92672	512	6.066365
237999895552	237999782912	112640	512	5.206727
170063544832	170063430656	114176	512	1.100429
184869946880	184869848576	98304	512	5.577552
102945766400	102945668096	98304	512	7.320220
168673059840	168672945152	114688	512	5.565896
40085347328	40085232128	115200	512	1.107299
248480464896	248480364544	100352	512	6.718785
244154986496	244154883072	103424	512	2.018622
201061902336	201061777408	124928	512	6.720305
14946666496	14946599936	66560	512	7.693345
22417550848	22417424896	125952	512	1.155275
69280101888	69280027136	74752	512	1.170083
76641132544	76641023488	109056	512	1.200154
36625787392	36625721344	66048	512	7.670611
86244691968	86244614656	77312	512	7.573095
187419243008	187419132416	110592	512	5.634058
75944537088	75944436736	100352	512	7.340067
100219289088	100219208192	80896	512	1.608226
20540122112	20540004352	117760	512	1.214153
125253353472	125253240832	112640	512	5.780911
66069236224	66069169664	66560	512	7.672048
135679133184	135679054848	78336	512	7.479629
215665724928	215665641472	83456	512	7.120887
5045149696	5045035520	114176	512	7.287978
24986189312	24986083840	105472	512	1.074986
211746578432	211746486784	91648	512	7.128090
151066003968	151065931264	72704	512	1.076126
49553511936	49553430528	81408	512	7.561379
182144893952	182144774656	119296	512	6.910708
145122463744	145122376192	87552	512	1.171262
129556986368	129556868096	118272	512	1.211551
212175175168	212175061504	113664	512	1.220784
217168034816	217167960576	74240	512	1.064908
232343540224	232343441408	98816	512	1.061889
16523426816	16523304448	122368	512	5.899739
24872557056	24872444416	112640	512	1.136228
176740493824	176740424192	69632	512	7.492226
186317400064	186317306880	93184	512	1.081131
146051331072	146051213824	117248	512	7.080077
248677804544	248677694464	110080	512	6.568705
10329664000	10329591808	72192	512	1.161837
62771384320	62771281920	102400	512	1.050611
1113087488	1113017344	70144	512	1.004334
102983363584	102983289344	74240	512	7.556198
128765009408	128764894208	115200	512	1.171470
121174953472	121174858752	94720	512	7.385206
205615888896	205615809024	79872	512	7.458298
21557920768	21557817856	102912	512	7.418751
238194632192	238194532864	99328	512	6.761355
194866421248	194866318848	102400	512	7.059181
7279332352	7279219712	112640	512	1.145747
70283161088	70283063296	97792	512	1.307340
6586146816	6586022912	123904	512	1.351188
182540501504	182540408320	93184	512	7.207516
98518519808	98518448640	71168	512	1.058157
13805587456	13805495296	92160	512	7.503059
84286492160	84286402048	90112	512	7.478852
244137433600	244137334784	98816	512	1.077623
11308378112	11308259328	118784	512	5.864035
230760520704	230760402944	117760	512	6.239193
152183197696	152183101440	96256	512	7.289847
178135368704	178135281152	87552	512	7.301024
25450959872	25450867712	92160	512	1.166973
170884218880	170884141568	77312	512	1.028916
179969811968	179969701888	110080	512	1.122019
68126712320	68126620672	91648	512	1.941094
171686491136	171686402048	89088	512	7.307941
153249773568	153249704448	69120	512	7.542179
148270673408	148270575104	98304	512	7.262862
196701615104	196701536256	78848	512	7.385745
35780953600	35780876800	76800	512	7.610154
46341727232	46341602304	124928	512	7.236479
165905230848	165905137152	93696	512	1.106376
227539769856	227539688960	80896	512	1.052519
206335945728	206335857664	88064	512	5.839033
223093408768	223093326848	81920	512	1.006472
136566987264	136566858240	129024	512	6.827069
162699751936	162699685888	66048	512	7.563294
132100810240	132100720128	90112	512	7.363015
239605102080	239604998656	103424	512	6.708525
165358231040	165358124544	106496	512	5.795945
219645402624	219645336064	66560	512	7.497278
102668039168	102667922944	116224	512	1.915645
163557194752	163557103616	91136	512	7.296285
82981656064	82981532160	123904	512	1.206618
91954880000	91954764288	115712	512	7.247118
178147480576	178147412992	67584	512	1.166321
225204655616	225204577280	78336	512	7.230240
62863360000	62863277056	82944	512	1.051856
212951167488	212951053312	114176	512	1.897948
99632318464	99632210432	108032	512	7.276875
13005816320	13005719040	97280	512	7.445359
143164022272	143163940352	81920	512	7.453644
50700662784	50700567040	95744	512	1.245736
233305214976	233305141248	73728	512	7.225996
85683175936	85683060736	115200	512	7.242514
46908583424	46908494848	88576	512	7.178979
233488028160	233487935488	92672	512	6.921223
120175471104	120175342080	129024	512	1.266648
112895096320	112894996992	99328	512	1.033913
51859960832	51859891712	69120	512	7.646209
207456133120	207456060416	72704	512	1.017309
6617561600	6617452032	109568	512	7.383194
138770316800	138770234368	82432	512	6.168408
48438340608	48438217728	122880	512	7.201868
195423298048	195423230464	67584	512	1.086071
36434394112	36434280448	113664	512	1.142250
111593486848	111593389056	97792	512	1.327901
128454711296	128454625280	86016	512	7.412623
100952864256	100952753152	111104	512	7.270427
89835614720	89835505664	109056	512	1.035847
111495866368	111495754240	112128	512	5.850258
231236352000	231236230656	121344	512	6.537538
209296940544	209296836096	104448	512	5.607328
27848751616	27848624128	127488	512	5.799797
12215028224	12214935552	92672	512	1.092085
221428066816	221428000768	66048	512	7.459773
185191823872	185191742976	80896	512	1.217406
172572899328	172572827648	71680	512	7.482220
192661446656	192661373952	72704	512	1.081077
77201002496	77200919040	83456	512	7.137176
148902939136	148902866432	72704	512	1.100541
70158264320	70158158848	105472	512	7.337783
224591947776	224591863296	84480	512	5.783039
48634898944	48634823168	75776	512	7.595061
70638046208	70637934080	112128	512	7.279290
174668942336	174668812800	129536	512	1.031016
91449640448	91449545216	95232	512	7.401929
56052381696	56052306944	74752	512	1.067412
164147716608	164147614208	102400	512	7.197845
178966692352	178966580224	112128	512	7.018455
228731917824	228731845632	72192	512	7.282729
118266657280	118266543104	114176	512	1.113541
182471683072	182471608320	74752	512	1.208425
226272979968	226272894464	85504	512	7.111698
106585954304	106585840640	113664	512	7.109926
92500200960	92500105728	95232	512	2.103993
163742075392	163741946880	128512	512	6.908961
140120640512	140120558080	82432	512	6.075349
129683288064	129683166208	121856	512	7.095493
115092674048	115092557824	116224	512	1.120874
243807869440	243807770624	98816	512	6.790094
169524411392	169524341248	70144	512	1.032981
122850630144	122850501120	129024	512	7.028076
188745519104	188745439744	79360	512	7.340885
198673702400	198673616896	85504	512	1.020115
168290296320	168290214400	81920	512	1.868469
77770954752	77770851840	102912	512	7.378634
178203172864	178203090432	82432	512	5.924741
216473417216	216473297408	119808	512	6.730066
98672163328	98672078848	84480	512	1.094512
56880368128	56880292864	75264	512	7.566637
203396817408	203396724736	92672	512	7.167136
80762372608	80762268160	104448	512	1.231195
48355919360	48355808768	110592	512	1.199628
190241828352	190241748480	79872	512	7.335603
41681803264	41681725952	77312	512	7.610999
205326516224	205326444544	71680	512	5.988929
109230564864	109230436864	128000	512	1.064463
94154237952	94154154496	83456	512	1.287976
25135260160	25135190528	69632	512	3.401318
167774269952	167774150144	119808	512	6.985341
70611393024	70611290112	102912	512	1.517429
39978365952	39978247168	118784	512	1.311984
111799590400	111799488512	101888	512	1.076254
245479782400	245479697408	84992	512	5.580200
190585733120	190585664000	69120	512	1.231343
102642438656	102642350592	88064	512	0.964976
151235382784	151235307008	75776	512	1.114473
64418705920	64418639872	66048	512	1.104280
75338152448	75338027520	124928	512	7.156441
97982834176	97982745600	88576	512	6.098254
101295649280	101295559680	89600	512	1.126074
20458274304	20458179072	95232	512	7.473624
32209717248	32209611776	105472	512	1.084664
75307887616	75307799040	88576	512	1.102750
101093943808	101093832704	111104	512	7.240619
100576755200	100576680960	74240	512	7.563152
58487867904	58487757824	110080	512	7.320618
72881997312	72881876480	120832	512	1.073406
60707402752	60707296256	106496	512	1.169171
46575358464	46575257088	101376	512	1.113578
46680817152	46680711680	105472	512	1.092826
164205147136	164205061120	86016	512	5.972836
70725039104	70724929024	110080	512	1.055943
121833208320	121833129472	78848	512	7.592355
41353160192	41353035776	124416	512	1.144855
40286426112	40286342656	83456	512	7.538607
28341995008	28341907456	87552	512	7.539888
180401509376	180401404928	104448	512	5.733045
88346509824	88346441216	68608	512	1.078199
11389839872	11389760000	79872	512	1.094497
180698843648	180698771456	72192	512	1.140363
53670069248	53669989376	79872	512	1.150192
41136812032	41136709632	102400	512	1.084975
142057558528	142057450496	108032	512	1.246977
223225963520	223225866240	97280	512	1.080605
58528670720	58528567296	103424	512	7.382024
80439219200	80439092224	126976	512	5.766798
158397402624	158397332480	70144	512	7.555316
64176476160	64176346624	129536	512	7.129117
68281375232	68281297920	77312	512	7.562296
192905890304	192905780736	109568	512	1.156496
168062794752	168062665216	129536	512	6.885545
235133743104	235133671936	71168	512	1.144957
9783321088	9783221760	99328	512	7.452930
141544035328	141543951872	83456	512	6.052921
233048751616	233048629248	122368	512	6.546429
152190575616	152190490624	84992	512	1.089600
9510756352	9510685184	71168	512	7.671178
169209147392	169209067008	80384	512	1.110481
149516547072	149516465664	81408	512	6.073465
171169753600	171169679872	73728	512	7.455038
107469180416	107469089280	91136	512	1.253188
202529611776	202529543168	68608	512	7.419629
35521469952	35521364992	104960	512	7.355477
226083267584	226083197952	69632	512	7.294665
125617836544	125617709568	126976	512	1.092540
248445888000	248445807104	80896	512	1.053935
111628893184	111628797952	95232	512	7.362279
43178217984	43178112000	105984	512	1.253110
94908574208	94908494336	79872	512	1.110968
162807380992	162807297536	83456	512	7.356454
66118282240	66118197760	84480	512	1.236360
114896557056	114896473600	83456	512	6.088732
160796759040	160796645376	113664	512	7.024706
26369370112	26369260032	110080	512	1.027752
50316898304	50316792832	105472	512	1.086847
68195362816	68195261440	101376	512	1.249034
76708065792	76707935744	130048	512	5.720150
1245742592	1245615104	127488	512	1.110649
178015889408	178015763456	125952	512	1.118080
138149179904	138149053440	126464	512	1.110809
87031325184	87031228416	96768	512	1.096248
180080138240	180080035328	102912	512	5.738210
39990366720	39990254080	112640	512	1.331995
116374810112	116374684160	125952	512	1.071343
182912862208	182912750592	111616	512	1.054640
157883293184	157883224064	69120	512	1.113763
105812463616	105812365312	98304	512	7.323106
159448939520	159448871936	67584	512	6.193921
248276795392	248276719104	76288	512	1.026062
244198332416	244198207488	124928	512	1.136100
139460026880	139459911168	115712	512	5.737929
8777908224	8777793536	114688	512	1.119737
142086237184	142086148096	89088	512	1.061616
121623421952	121623315968	105984	512	1.173515
25446500352	25446433792	66560	512	1.185317
153572767232	153572663808	103424	512	1.058481
219252484608	219252366848	117760	512	6.737199
203721933824	203721823232	110592	512	6.956497
25512354304	25512239104	115200	512	7.315595
58029662208	58029595648	66560	512	7.680899
166247374336	166247245312	129024	512	1.147237
212996093952	212995987456	106496	512	1.094944
179927354880	179927257600	97280	512	1.197832
12490038784	12489935872	102912	512	7.396571
158231888896	158231798784	90112	512	1.290570
241786314752	241786189312	125440	512	6.369616
148800736768	148800625664	111104	512	1.246392
209967304192	209967190528	113664	512	1.186537
51517079040	51516979712	99328	512	7.363983
229581273600	229581203456	70144	512	1.045408
26628358656	26628234240	124416	512	7.229828
124041097728	124041031680	66048	512	1.110856
121255307776	121255183360	124416	512	0.967309
150373132288	150373027840	104448	512	7.170216
183369492480	183369388544	103936	512	1.142194
129778862592	129778738688	123904	512	1.274707
194477173760	194477107200	66560	512	7.481849
46215170560	46215041536	129024	512	1.116780
14878475264	14878392832	82432	512	1.176345
93118273024	93118149120	123904	512	1.857841
178966691840	178966602240	89600	512	1.171427
186214366720	186214254592	112128	512	6.990372
128312537600	128312444928	92672	512	5.994766
32295031808	32294934016	97792	512	7.429348
123270768640	123270672896	95744	512	5.984227
240327493632	240327407616	86016	512	6.957475
176017879552	176017777152	102400	512	7.214888
137785395200	137785315840	79360	512	1.251460
178208408064	178208291328	116736	512	5.607638
155104117760	155104034304	83456	512	6.020658
90331228160	90331150336	77824	512	1.170520
169845353472	169845252096	101376	512	7.119522
16220434944	16220314112	120832	512	1.071065
102088905728	102088834048	71680	512	1.174536
1154281472	1154163200	118272	512	1.163523
234499057152	234498927104	130048	512	6.448384
103722316800	103722242048	74752	512	7.567439
225526339072	225526255104	83968	512	1.151814
70941568000	70941442560	125440	512	7.149595
10007335936	10007267840	68096	512	7.679332
122590292480	122590215168	77312	512	1.073975
2472685056	2472598016	87040	512	1.208961
76124527616	76124396544	131072	512	7.121603
116783559680	116783480832	78848	512	1.151334
138564481536	138564386816	94720	512	7.321518
70340745216	70340631552	113664	512	7.197424
208917200384	208917096960	103424	512	6.510301
139837368320	139837238272	130048	512	6.925846
161146064896	161145969664	95232	512	1.096437
231687123968	231687057920	66048	512	5.954923
2691888640	2691813888	74752	512	7.622994
205495832576	205495710208	122368	512	6.781697
241688076288	241687965184	111104	512	6.712375
208235120128	208235013120	107008	512	1.056428
82820243456	82820165632	77824	512	7.471419
55410723328	55410633728	89600	512	7.491213
244856513536	244856403456	110080	512	1.002166
86279424512	86279350784	73728	512	7.619912
39925545984	39925465600	80384	512	1.151266
88335456256	88335326720	129536	512	7.062122
27075262976	27075139072	123904	512	1.068574
22598124032	22597994496	129536	512	5.786203
240482594304	240482480128	114176	512	1.027220
206002485760	206002407424	78336	512	0.936078
158704084480	158703963648	120832	512	1.026617
95049469440	95049358336	111104	512	5.852780
167317205504	167317123584	81920	512	1.125146
197251584000	197251483648	100352	512	5.725763
130285913088	130285845504	67584	512	0.999399
145988382208	145988265984	116224	512	7.111145
15697234432	15697152512	81920	512	5.280537
172351625216	172351528448	96768	512	7.200633
133795493376	133795364864	128512	512	6.976540
133720842240	133720730112	112128	512	7.186082
78840763904	78840683520	80384	512	7.552321
154148713472	154148613120	100352	512	1.094085
19258506240	19258433024	73216	512	7.665466
62405117440	62405051392	66048	512	7.628274
155846718976	155846607872	111104	512	5.809523
206168925184	206168846848	78336	512	1.037707
18465018880	18464952320	66560	512	7.711336
143113117696	143113041408	76288	512	1.072156
59796875264	59796800000	75264	512	7.626884
249898944512	249898814976	129536	512	6.017741
39743520768	39743445504	75264	512	1.219965
61753454080	61753343488	110592	512	15.553785
225359998464	225359927296	71168	512	7.343570
173871341568	173871251968	89600	512	1.824126
94987517952	94987450880	67072	512	7.612318
109218598400	109218528256	70144	512	7.573455
59794974720	59794908160	66560	512	7.675408
160487410176	160487287808	122368	512	1.089538
104605946880	104605873152	73728	512	7.568446
29645890048	29645771264	118784	512	1.179255
77065122816	77065029120	93696	512	6.064766
162702452736	162702323200	129536	512	1.107565
157199751680	157199622656	129024	512	1.095054
102750595584	102750502400	93184	512	1.247047
208051115008	208050995200	119808	512	1.049184
81386051584	81385972736	78848	512	1.251450
14217843712	14217775104	68608	512	7.702919
21057651712	21057561088	90624	512	7.578808
191319525376	191319413248	112128	512	5.607203
224550510080	224550442496	67584	512	7.346726
202506330624	202506208256	122368	512	6.787306
245933143040	245933063680	79360	512	2.012502
164799967232	164799863808	103424	512	7.153100
28174693888	28174563840	130048	512	2.101584
205985530880	205985404928	125952	512	1.111631
166510654976	166510563328	91648	512	1.069327
92395285504	92395158528	126976	512	7.101648
139527201280	139527100416	100864	512	1.000967
23336204288	23336092672	111616	512	1.262489
216018299904	216018204672	95232	512	5.664650
41120119296	41120035328	83968	512	1.795343
117243388416	117243309568	78848	512	7.492287
124202729472	124202615808	113664	512	5.800184
194024485888	194024363520	122368	512	1.204141
214678125568	214678052864	72704	512	1.108876
18574103552	18574006272	97280	512	7.408326
104793840640	104793742848	97792	512	1.235526
28469563904	28469489152	74752	512	7.616187
77390017024	77389890560	126464	512	1.238201
29807229440	29807106560	122880	512	7.228207
166593203200	166593105408	97792	512	1.051486
200093065728	200092949504	116224	512	6.887784
72749578752	72749497856	80896	512	1.288397
134307902464	134307779072	123392	512	1.126929
161295306240	161295226368	79872	512	1.086380
58790544384	58790461440	82944	512	1.238909
87849203200	87849103360	99840	512	5.951761
213822145024	213822014464	130560	512	1.087912
226790417408	226790339072	78336	512	7.191383
146484755456	146484681728	73728	512	1.680869
231183607296	231183522304	84992	512	6.947360
166311305728	166311193088	112640	512	5.701349
9994071552	9993947136	124416	512	1.140702
32788112896	32787992064	120832	512	5.877972
249371617792	249371548160	69632	512	1.021332
228720687104	228720585216	101888	512	5.434635
231743310848	231743190016	120832	512	1.128252
211435553792	211435427840	125952	512	1.079106
139330880000	139330794496	85504	512	7.426718
17481637888	17481506816	131072	512	1.182619
100420590592	100420490752	99840	512	1.224251
180536456704	180536334848	121856	512	1.119086
153890556928	153890456064	100864	512	1.103763
73414384128	73414281728	102400	512	1.158630
246099927040	246099832832	94208	512	1.155643
178885688320	178885612032	76288	512	7.401276
212277856768	212277773824	82944	512	7.197246
35498109440	35497995776	113664	512	1.246231
110804670464	110804599296	71168	512	7.536216
96428151808	96428064768	87040	512	1.213188
142852381696	142852252672	129024	512	1.263538
117163150336	117163083776	66560	512	1.997020
150660023296	150659893760	129536	512	6.933095
45020938240	45020816896	121344	512	1.086585
39021969408	39021893120	76288	512	1.005157
29415817728	29415692800	124928	512	7.197856
194567971328	194567866368	104960	512	7.061440
81729060864	81728979456	81408	512	1.314313
75130919424	75130831360	88064	512	1.349402
234430303232	234430177792	125440	512	1.069920
73966523392	73966427648	95744	512	7.391866
86945231872	86945101312	130560	512	7.104353
192427206144	192427140096	66048	512	1.255626
92526249984	92526149632	100352	512	1.144580
183041464832	183041395712	69120	512	1.792396
99033987584	99033883136	104448	512	7.422612
180181935104	180181826048	109056	512	7.080731
148151605248	148151522816	82432	512	1.080996
140695434240	140695310336	123904	512	7.033721
196757500928	196757398016	102912	512	7.049492
239479101440	239478983680	117760	512	5.123389
112401562624	112401458176	104448	512	5.898562
68270497792	68270402048	95744	512	1.128972
49724703232	49724611584	91648	512	1.087409
231709507072	231709381120	125952	512	1.101517
227700028416	227699959808	68608	512	7.357590
198141100032	198141017088	82944	512	5.903954
165467480576	165467376128	104448	512	7.211904
75473246208	75473145344	100864	512	5.993654
108628057600	108627984896	72704	512	1.143162
25561625600	25561507328	118272	512	1.322012
235933022208	235932914176	108032	512	5.366275
115551610368	115551536128	74240	512	7.548133
132902755840	132902671872	83968	512	6.090609
182409829376	182409725440	103936	512	7.101856
103920852992	103920783360	69632	512	1.118139
147700024832	147699944960	79872	512	6.074239
15509442560	15509372928	69632	512	1.357041
212997256704	212997184512	72192	512	5.965007
214619372544	214619284992	87552	512	7.172190
116490656768	116490572288	84480	512	1.093997
139919102976	139918974464	128512	512	6.996204
109045441536	109045320192	121344	512	5.754858
198614575616	198614446080	129536	512	6.701274
187912659968	187912539136	120832	512	5.494634
79272906240	79272810496	95744	512	1.075781
128287368704	128287281152	87552	512	6.053249
113083297280	113083200512	96768	512	5.998577
8204197376	8204106240	91136	512	1.092046
45669685760	45669615104	70656	512	7.655441
62813780992	62813711360	69632	512	1.243702
55428490240	55428402688	87552	512	0.959598
229220232704	229220139520	93184	512	5.612215
135903517184	135903431168	86016	512	7.422358
109187802112	109187702272	99840	512	7.328615
34379435520	34379365888	69632	512	1.221621
222788349952	222788255744	94208	512	6.986851
236731551232	236731443200	108032	512	6.738706
232256389632	232256309760	79872	512	1.167214
128294693376	128294618624	74752	512	7.521202
160715589120	160715462144	126976	512	6.903337
28431135744	28431030784	104960	512	1.229593
67098406912	67098298880	108032	512	1.157809
50237299200	50237228032	71168	512	1.186320
134829240320	134829147136	93184	512	1.923398
146884898304	146884789248	109056	512	7.158018
229548618752	229548532224	86528	512	1.129848
142230536192	142230444544	91648	512	7.360711
186664635904	186664544256	91648	512	7.216709
207018859520	207018771456	88064	512	1.033677
202277636608	202277523456	113152	512	6.915490
184589456896	184589354496	102400	512	1.233881
47061409280	47061320192	89088	512	1.161488
30729100800	30729027072	73728	512	1.019720
66955458048	66955368448	89600	512	7.487099
51292881408	51292809728	71680	512	1.836922
104293999104	104293880832	118272	512	1.009603
49621938688	49621838848	99840	512	7.402217
212302197248	212302083072	114176	512	1.107628
142573346816	142573249536	97280	512	7.368600
128804157952	128804076544	81408	512	1.102601
8887303168	8887235584	67584	512	1.115629
154751673344	154751584256	89088	512	7.348238
234166063616	234165982720	80896	512	5.718023
232962925568	232962849280	76288	512	6.971747
67799889920	67799814656	75264	512	7.572418
222134888960	222134776832	112128	512	6.804837
175398148096	175398027264	120832	512	1.084994
86680977920	86680907776	70144	512	7.590379
237453551104	237453460480	90624	512	6.904320
154559226368	154559141376	84992	512	1.158205
195425169920	195425050624	119296	512	6.850706
217292788736	217292692992	95744	512	1.008221
198090344960	198090264576	80384	512	1.076251
93492932096	93492826112	105984	512	1.046390
161377672704	161377564160	108544	512	7.114507
102877829632	102877708800	120832	512	7.113922
222984388608	222984311296	77312	512	5.835309
95848074240	95847996928	77312	512	1.891821
164108910080	164108788736	121344	512	1.184598
214184268800	214184157184	111616	512	6.859682
2607729152	2607614976	114176	512	5.983958
214216753152	214216656384	96768	512	7.057910
171824083456	171823958016	125440	512	6.915061
228320133120	228320031232	101888	512	1.970057
81765156864	81765063680	93184	512	7.421236
5662533120	5662467072	66048	512	7.743455
8076499456	8076412416	87040	512	7.683076
94578204672	94578080256	124416	512	1.033261
66014246912	66014134784	112128	512	5.897486
85728829440	85728745472	83968	512	6.159948
25205437440	25205331968	105472	512	6.037788
112739800064	112739720192	79872	512	7.507248
155006016512	155005943808	72704	512	1.102594
182439291904	182439175168	116736	512	6.928074
182548931072	182548848640	82432	512	5.956691
126332082688	126332015104	67584	512	1.149204
247215223808	247215150592	73216	512	1.077830
198968528384	198968461312	67072	512	1.091998
205072557056	205072441856	115200	512	1.114509
199608964096	199608844288	119808	512	3.792170
186248921088	186248839680	81408	512	1.053251
85035082240	85034983936	98304	512	1.951239
204076955648	204076849152	106496	512	6.951060
88871969280	88871896576	72704	512	7.592860
73031032320	73030903296	129024	512	7.155313
126269852160	126269739520	112640	512	1.907791
235947368960	235947280384	88576	512	7.022870
1984709632	1984619008	90624	512	1.013039
68796411904	68796293120	118784	512	1.116206
39347430400	39347354112	76288	512	1.002598
216333639168	216333544960	94208	512	5.673872
115179600384	115179526144	74240	512	7.586232
105585890816	105585807360	83456	512	1.109192
56938050560	56937961984	88576	512	7.554143
128036408832	128036318208	90624	512	1.234149
114062180864	114062057984	122880	512	7.116695
142225297408	142225177088	120320	512	1.215937
76532332032	76532215808	116224	512	1.034422
43310542848	43310431744	111104	512	7.297359
216156503552	216156430848	72704	512	5.970052
117518908928	117518842368	66560	512	1.238952
116792904704	116792777728	126976	512	1.080371
85056538112	85056415744	122368	512	2.220949
102087069184	102086982656	86528	512	7.465811
228957675008	228957589504	85504	512	1.068891
97650422784	97650335744	87040	512	7.311048
124426539520	124426447872	91648	512	7.499467
225888636928	225888569856	67072	512	7.351594
83609727488	83609648128	79360	512	1.146723
143012024832	143011929088	95744	512	1.032188
226421960192	226421842432	117760	512	6.657962
42337576960	42337464832	112128	512	7.337518
82009274368	82009194496	79872	512	7.598165
37683487232	37683367424	119808	512	1.270243
84688330752	84688229376	101376	512	5.990430
202668995072	202668871680	123392	512	6.790380
102649533440	102649412608	120832	512	1.035653
145724130816	145724003840	126976	512	2.048755
142014514176	142014437888	76288	512	7.459128
139701382656	139701314048	68608	512	1.026847
84626194944	84626091520	103424	512	7.335897
236310731776	236310648320	83456	512	2.060871
193349753856	193349678592	75264	512	7.387643
96514629632	96514518528	111104	512	1.086375
40327218176	40327092224	125952	512	1.092577
206707017728	206706929152	88576	512	7.189668
187666671616	187666541568	130048	512	5.420727
139654702080	139654615040	87040	512	1.040043
223123552768	223123462144	90624	512	6.832277
95007614464	95007505408	109056	512	1.147249
68780558336	68780480512	77824	512	7.587691
160222551040	160222456320	94720	512	7.046635
45611991552	45611896320	95232	512	1.075081
63467075584	63466962944	112640	512	7.314385
64184465920	64184384000	81920	512	7.516647
156395694080	156395592704	101376	512	0.967132
53164211712	53164104704	107008	512	7.377482
21665184768	21665053696	131072	512	7.098066
131583655936	131583546368	109568	512	7.165751
91541718528	91541643776	74752	512	7.535870
91895205376	91895112192	93184	512	0.964626
66326361600	66326294528	67072	512	7.661783
52379040256	52378912256	128000	512	7.188966
193017518592	193017405952	112640	512	6.951566
32387224064	32387137024	87040	512	1.163511
56098669056	56098585088	83968	512	7.535993
168043579392	168043474432	104960	512	1.093256
170545537024	170545420288	116736	512	1.696689
101443947008	101443826176	120832	512	1.175700
39175741952	39175657984	83968	512	1.194440
8469424128	8469351424	72704	512	7.649797
187330869248	187330748928	120320	512	6.872066
157212660736	157212564480	96256	512	1.041214
92028048896	92027949568	99328	512	4.560789
106838047744	106837918208	129536	512	7.047515
35262047744	35261957632	90112	512	1.108825
99158651392	99158539776	111616	512	7.269040
146407652352	146407555584	96768	512	1.023597
96911623168	96911511040	112128	512	1.056583
86273820160	86273695744	124416	512	1.817047
32065495552	32065426432	69120	512	7.658467
193683797504	193683686912	110592	512	5.617670
97491140096	97491022336	117760	512	7.165014
193786911232	193786786304	124928	512	1.039654
199260366848	199260300288	66560	512	6.085403
163282625536	163282519040	106496	512	1.018666
87047843328	87047728640	114688	512	1.067023
57961054720	57960930304	124416	512	7.213373
133796880384	133796809216	71168	512	7.582524
121634768384	121634650112	118272	512	7.148288
169053310976	169053241344	69632	512	1.149706
102027312640	102027222016	90624	512	4.606587
40346094592	40345978880	115712	512	7.248523
129243625984	129243513856	112128	512	7.174462
102085436928	102085355520	81408	512	7.240946
132275391488	132275270144	121344	512	7.059883
193212156928	193212055040	101888	512	1.907492
3546087936	3545965568	122368	512	1.278962
86440463872	86440347136	116736	512	1.061214
102584872448	102584753664	118784	512	1.057336
236181511680	236181383168	128512	512	1.139829
65761107456	65760992768	114688	512	5.884221
68223945728	68223868416	77312	512	7.570955
52607206400	52607091712	114688	512	7.255659
26098099200	26098002432	96768	512	1.064104
133842333184	133842210304	122880	512	7.019709
128873970688	128873843712	126976	512	5.681888
238224821248	238224743936	77312	512	7.112588
187321638400	187321532928	105472	512	1.045762
209264816128	209264702464	113664	512	2.027819
201561300480	201561198592	101888	512	7.070391
75362117632	75362013184	104448	512	7.320210
54963866624	54963745792	120832	512	7.200796
124377040384	124376920576	119808	512	7.113995
112912373248	112912272384	100864	512	7.311724
183711217664	183711119872	97792	512	7.166827
7018040320	7017929216	111104	512	1.282060
187653574656	187653466112	108544	512	5.654322
219862884352	219862793728	90624	512	1.052441
216639921152	216639830528	90624	512	1.024353
69674541568	69674433024	108544	512	5.949732
190746709504	190746596352	113152	512	1.163584
117593464320	117593360384	103936	512	1.073685
195358626816	195358512128	114688	512	1.147539
55279159808	55279078912	80896	512	7.602507
117282676224	117282575872	100352	512	7.301632
81246261248	81246152704	108544	512	7.296453
195139870208	195139797504	72704	512	1.087713
239215969280	239215843840	125440	512	5.018265
124105245184	124105142272	102912	512	5.904674
43706529280	43706458624	70656	512	1.018626
16038452224	16038323712	128512	512	7.189778
59736347648	59736268288	79360	512	1.091209
63582960128	63582872064	88064	512	1.158170
127543479808	127543390208	89600	512	1.095090
211004026368	211003909120	117248	512	5.408187
246689854976	246689748992	105984	512	6.573284
101230773760	101230684672	89088	512	6.059451
40887802368	40887735808	66560	512	1.098650
138576859648	138576786944	72704	512	1.019130
33846070272	33845963264	107008	512	6.965334
102483870720	102483798016	72704	512	1.075906
157897488896	157897388544	100352	512	5.834816
204800134144	204800041472	92672	512	1.071395
62285387264	62285271552	115712	512	7.270892
3373258240	3373186560	71680	512	1.104314
238151953920	238151861760	92160	512	6.893708
188376217600	188376138752	78848	512	7.341438
15242891776	15242792960	98816	512	7.481945
236054805504	236054686720	118784	512	1.132654
138181006336	138180931584	74752	512	1.085878
206144607744	206144477696	130048	512	6.691740
193674011136	193673922048	89088	512	1.161995
48470136320	48470020096	116224	512	7.237300
149146471936	149146391040	80896	512	1.083629
97006463488	97006381568	81920	512	0.925229
248137942528	248137823232	119296	512	1.084251
107559633408	107559537152	96256	512	7.351746
44459408384	44459330560	77824	512	1.122012
169208164352	169208066048	98304	512	1.037970
11560033792	11559942144	91648	512	7.491146
200826003968	200825912320	91648	512	1.085730
175856753664	175856654848	98816	512	5.803993
211318319616	211318238720	80896	512	7.270981
206769637376	206769533440	103936	512	6.989935
109836883456	109836813824	69632	512	1.167045
225050087936	225049977344	110592	512	6.767639
206703826944	206703698944	128000	512	5.332029
62542047232	62541923840	123392	512	7.174386
150176144896	150176015872	129024	512	5.598004
107909585408	107909505024	80384	512	7.517938
3731929088	3731852800	76288	512	1.348937
175135037952	175134920704	117248	512	1.104274
2283796480	2283691008	105472	512	7.396158
150767875584	150767768576	107008	512	7.173509
38705597952	38705508864	89088	512	1.068706
174445559296	174445440512	118784	512	6.984380
229111711232	229111613952	97280	512	1.116089
98390615040	98390523904	91136	512	1.135310
88930555392	88930487296	68096	512	1.017453
193287157760	193287063552	94208	512	7.168970
130627594240	130627522560	71680	512	6.189012
593717248	593650688	66560	512	1.224071
135649783808	135649671680	112128	512	7.213147
92563817472	92563740160	77312	512	1.076279
28634562048	28634434560	127488	512	1.153703
1314651648	1314520576	131072	512	1.162395
93250404352	93250281984	122368	512	5.787922
225210622976	225210522112	100864	512	1.127871
199031580160	199031479808	100352	512	1.124641
161900160512	161900039168	121344	512	7.002090
78509130240	78509064192	66048	512	1.071992
187287132160	187287001088	131072	512	1.961469
153664987648	153664899072	88576	512	1.977728
175807513600	175807443968	69632	512	1.101858
121725097984	121724990976	107008	512	7.224210
112735337984	112735267328	70656	512	7.584963
194694402560	194694277632	124928	512	3.850710
239473939456	239473865728	73728	512	1.097479
152827200000	152827118592	81408	512	1.076334
34458949632	34458866688	82944	512	7.539550
160447886848	160447775232	111616	512	7.100815
188284639232	188284536832	102400	512	1.003641
227442220544	227442132480	88064	512	7.084152
26685310464	26685240320	70144	512	7.691689
50127440896	50127360000	80896	512	7.577149
18572808192	18572686848	121344	512	5.917679
219616718848	219616625152	93696	512	0.989967
100053469184	100053339648	129536	512	1.048714
189263427584	189263296512	131072	512	5.373821
83623042048	83622943232	98816	512	1.045653
115351319552	115351188480	131072	512	1.079934
46812937216	46812838912	98304	512	1.094534
39021671424	39021573120	98304	512	0.999835
213540395520	213540328448	67072	512	1.200870
14762339328	14762236928	102400	512	7.390185
71623263232	71623188992	74240	512	7.597676
122625893888	122625812480	81408	512	1.005470
177964837888	177964713472	124416	512	5.488063
15750477312	15750371840	105472	512	0.971783
71604789248	71604699136	90112	512	1.269880
78698490368	78698377728	112640	512	5.875872
170132984320	170132877312	107008	512	0.983367
67814945792	67814838272	107520	512	7.308151
129981255680	129981142016	113664	512	1.023964
225218053120	225217959424	93696	512	6.798126
102918196224	102918082560	113664	512	1.118426
197991638528	197991562752	75776	512	1.010700
54729085952	54728974336	111616	512	1.079343
177734635008	177734511616	123392	512	1.062569
186023745536	186023634432	111104	512	1.083890
38366899200	38366790144	109056	512	1.920493
203901364736	203901248000	116736	512	6.854320
113021152768	113021050368	102400	512	5.950912
175398787072	175398720512	66560	512	7.472503
130349508096	130349400064	108032	512	1.155909
4950856704	4950760448	96256	512	5.446432
194819023360	194818893312	130048	512	1.145321
64535620608	64535541760	78848	512	7.573599
107165348352	107165241856	106496	512	7.283116
247706038272	247705954816	83456	512	1.052868
68537133056	68537025536	107520	512	1.779141
91833438720	91833324544	114176	512	1.211689
214584373760	214584302080	71680	512	1.940572
156746777088	156746666496	110592	512	1.186396
79980560896	79980492800	68096	512	1.103406
241223732736	241223657472	75264	512	7.137599
189357516288	189357415424	100864	512	1.191234
167570302464	167570223104	79360	512	7.405286
214911520256	214911411200	109056	512	6.899235
52604574720	52604448768	125952	512	7.177147
173769894912	173769798144	96768	512	1.166518
78555282944	78555194880	88064	512	7.022065
24548569088	24548501504	67584	512	1.039190
149185641984	149185540608	101376	512	7.243787
130571126272	130571034624	91648	512	7.347394
85493393920	85493289472	104448	512	1.028926
104398103552	104397996544	107008	512	1.040091
153601798656	153601697792	100864	512	7.194364
186844148736	186844030464	118272	512	5.572101
45726001152	45725906432	94720	512	7.426870
210495859712	210495730176	129536	512	6.700852
91776711680	91776620544	91136	512	1.832051
27890759168	27890680320	78848	512	1.148837
49664268800	49664175616	93184	512	1.234537
80499770880	80499669504	101376	512	1.300419
55731804160	55731699200	104960	512	7.344693
147367382016	147367311360	70656	512	1.036306
101392654336	101392523264	131072	512	1.218225
96070030848	96069908992	121856	512	5.703834
137537644032	137537534464	109568	512	5.887195
243214210048	243214082560	127488	512	4.964961
195519789568	195519678976	110592	512	1.110634
37275727872	37275635712	92160	512	7.467668
40793672192	40793599488	72704	512	7.639716
227213955072	227213869568	85504	512	7.113937
172066105344	172065974784	130560	512	1.114150
119949274624	119949163520	111104	512	1.859442
198909943808	198909851648	92160	512	7.161590
88905916416	88905808896	107520	512	1.100018
91855079424	91854987264	92160	512	1.143566
56901416448	56901337088	79360	512	1.228093
127718148608	127718078976	69632	512	6.224847
9391456768	9391360512	96256	512	7.483477
220028083200	220027988992	94208	512	1.075428
241011356672	241011260416	96256	512	1.063438
53779032064	53778928128	103936	512	1.031642
23471413760	23471329792	83968	512	1.094437
57833169408	57833066496	102912	512	7.364702
99752510464	99752381952	128512	512	1.933858
133606431232	133606335488	95744	512	7.323905
198476416000	198476312576	103424	512	1.059290
200757558784	200757472256	86528	512	1.076331
97164118016	97164039680	78336	512	1.003837
142696889856	142696811008	78848	512	15.709185
232472920064	232472797696	122368	512	1.142864
146803911680	146803834368	77312	512	1.239409
210597715456	210597606912	108544	512	6.887152
204639630848	204639544832	86016	512	5.839102
4089934336	4089826816	107520	512	1.267799
110037323264	110037214720	108544	512	1.945042
4351724032	4351602176	121856	512	1.081859
29738467840	29738384384	83456	512	1.024047
62618990080	62618898432	91648	512	7.454929
182408627200	182408546304	80896	512	1.047777
215943989248	215943904256	84992	512	1.043507
54614336000	54614231040	104960	512	1.023800
77738339840	77738232320	107520	512	5.910143
179747933184	179747839488	93696	512	1.112914
14315526656	14315429888	96768	512	7.408516
45285405696	45285288448	117248	512	7.304256
165646432768	165646310400	122368	512	1.026233
240894412800	240894299136	113664	512	4.856610
237545184768	237545060864	123904	512	5.049413
186434099712	186434012160	87552	512	1.010215
139013085184	139012981248	103936	512	7.247279
147037386752	147037278720	108032	512	1.117259
239083624448	239083556864	67584	512	1.036456
55302984704	55302870528	114176	512	7.214483
71986465792	71986381312	84480	512	1.151622
58866555904	58866445824	110080	512	1.111527
16684647424	16684554240	93184	512	1.248662
127129125376	127129026048	99328	512	1.029731
25242587648	25242490880	96768	512	1.158406
224171864576	224171778048	86528	512	7.093299
218315006976	218314906112	100864	512	6.979973
196383457792	196383382528	75264	512	1.053627
161243310592	161243202048	108544	512	1.020376
20856438272	20856368128	70144	512	1.034251
74436900352	74436775936	124416	512	1.240623
94913394176	94913319424	74752	512	1.016325
67449829376	67449742848	86528	512	7.487645
101517343744	101517250048	93696	512	7.392185
185771400704	185771270656	130048	512	5.436673
22192487936	22192356864	131072	512	7.177436
125312145408	125312016384	129024	512	1.125990
101356309504	101356184576	124928	512	1.062275
183223867392	183223780864	86528	512	1.055363
196439062528	196438983168	79360	512	7.321003
6294727680	6294655488	72192	512	7.691796
129799918080	129799787520	130560	512	1.963053
107628267008	107628176384	90624	512	1.026122
66777188352	66777103872	84480	512	7.549299
185455891456	185455811072	80384	512	7.328609
204737513984	204737436160	77824	512	1.029319
138077169664	138077059072	110592	512	7.179865
231695485440	231695371776	113664	512	5.311424
150803165184	150803045376	119808	512	1.172115
36310144512	36310013952	130560	512	1.080219
20620573696	20620460544	113152	512	5.977867
246351519744	246351452160	67584	512	2.159099
61866089984	61865996800	93184	512	1.143936
93794670080	93794544640	125440	512	1.192715
72848884736	72848753664	131072	512	1.074141
119395928064	119395816960	111104	512	1.049897
140374728704	140374629888	98816	512	5.859775
150881896448	150881802240	94208	512	1.078171
91225636864	91225570816	66048	512	6.268643
84246397952	84246318080	79872	512	7.599258
12577027584	12576924672	102912	512	6.031782
248936861184	248936790528	70656	512	1.155371
100254912512	100254830080	82432	512	7.463893
65423775232	65423703040	72192	512	7.702414
196437310976	196437237248	73728	512	1.118219
73122662400	73122574848	87552	512	7.429137
233270366720	233270285312	81408	512	0.990583
96375658496	96375537664	120832	512	7.167201
48513382912	48513273856	109056	512	1.032029
115615495680	115615384576	111104	512	5.859262
202393634816	202393539072	95744	512	7.102744
63932674048	63932546048	128000	512	1.161767
69389036032	69388925440	110592	512	1.103097
106340374016	106340264448	109568	512	1.244999
155715318272	155715225600	92672	512	7.315646
134312245760	134312119808	125952	512	1.175072
86118329856	86118218240	111616	512	1.158086
57236048896	57235933696	115200	512	1.095343
173713805312	173713699840	105472	512	7.235434
136881477632	136881395712	81920	512	7.453120
96273835520	96273757184	78336	512	7.526423
57712333824	57712238080	95744	512	1.104085
48305070080	48304969216	100864	512	1.121040
92726454784	92726360064	94720	512	1.210495
15331643392	15331533312	110080	512	7.343009
248481615360	248481532416	82944	512	6.949990
236795888640	236795777024	111616	512	1.033570
52682469376	52682338816	130560	512	1.322372
70705720832	70705612288	108544	512	1.084742
209106492928	209106382336	110592	512	6.860237
250023107584	250023002624	104960	512	6.622803
49991108608	49991016448	92160	512	7.457366
184883044352	184882938880	105472	512	1.178190
227624951808	227624871936	79872	512	7.116855
8881874944	8881760768	114176	512	5.992725
103736513536	103736436224	77312	512	6.179884
147567969280	147567900160	69120	512	1.239239
36204631552	36204542464	89088	512	1.102344
83817367040	83817261056	105984	512	7.277969
102134305792	102134186496	119296	512	7.154533
209024850944	209024753664	97280	512	1.133005
154824499200	154824393216	105984	512	1.794150
15428024320	15427911168	113152	512	7.214547
12300978176	12300858880	119296	512	7.295831
191559133184	191559041536	91648	512	1.091233
79800998912	79800901632	97280	512	1.121275
180400446976	180400344064	102912	512	1.183511
244193431040	244193320960	110080	512	5.271987
200837597184	200837511680	85504	512	7.242090
14555294720	14555198976	95744	512	7.448155
80893245440	80893136896	108544	512	7.290688
20540024832	20539900416	124416	512	7.248733
4390927360	4390816256	111104	512	5.993920
141049008128	141048939520	68608	512	6.215887
81517503488	81517406720	96768	512	7.322671
180135687680	180135558144	129536	512	1.137607
216960156160	216960086016	70144	512	1.653151
79587289088	79587174400	114688	512	1.265206
147536339968	147536239616	100352	512	7.240574
89935394304	89935301120	93184	512	1.808052
74324024320	74323897856	126464	512	7.111987
204084498944	204084429312	69632	512	7.423390
70770595840	70770509312	86528	512	6.110175
198152891392	198152778240	113152	512	6.514609
26201532928	26201416704	116224	512	5.922274
234774622720	234774525440	97280	512	5.599429
49221484544	49221395968	88576	512	7.501599
127107421184	127107330048	91136	512	7.360791
36702431744	36702359040	72704	512	7.355857
214360777216	214360677888	99328	512	7.082998
41465027072	41464953856	73216	512	7.631823
103610322944	103610196992	125952	512	5.689049
159735627776	159735534080	93696	512	1.109732
198961367040	198961257984	109056	512	6.996647
93238462464	93238389248	73216	512	6.253915
116062363136	116062244864	118272	512	7.079719
193562961920	193562881024	80896	512	1.102063
144764412416	144764319744	92672	512	7.283073
31322229248	31322107904	121344	512	1.274222
105769672704	105769570816	101888	512	6.898634
146519712256	146519644672	67584	512	1.200037
30234930688	30234846208	84480	512	7.529244
187772968960	187772849152	119808	512	6.861420
129270364160	129270255104	109056	512	1.028464
244906807808	244906721792	86016	512	6.948795
109516189184	109516073472	115712	512	1.140400
39787038720	39786937856	100864	512	1.098530
12752863232	12752755712	107520	512	7.376535
59395634176	59395530752	103424	512	7.374966
220516605952	220516517376	88576	512	1.152722
99176080384	99175983104	97280	512	7.374791
143482994176	143482864640	129536	512	6.945309
211140897280	211140810240	87040	512	1.102551
62267189248	62267087360	101888	512	7.410244
249202938880	249202862592	76288	512	1.150421
20563340800	20563264000	76800	512	1.300772
230175855616	230175785472	70144	512	7.263255
147258286592	147258164224	122368	512	7.033333
186975549440	186975478272	71168	512	7.447843
126206038528	126205925376	113152	512	7.101428
32852504576	32852420096	84480	512	1.023684
177671720960	177671603200	117760	512	6.944432
231332916736	231332802560	114176	512	0.996430
169465563648	169465488896	74752	512	6.071182
25809248768	25809150464	98304	512	1.096468
82987536896	82987417088	119808	512	7.187522
8615172096	8615065088	107008	512	7.375550
191161030144	191160904192	125952	512	6.850459
118534235648	118534156800	78848	512	1.024897
188465964544	188465867776	96768	512	7.111865
166774822400	166774739456	82944	512	6.008538
11218129920	11218027520	102400	512	7.422159
149426265088	149426141696	123392	512	1.066279
59915996672	59915915776	80896	512	7.402948
198452545536	198452471808	73728	512	7.130692
101351998976	101351896576	102400	512	1.077456
71827212288	71827143168	69120	512	1.356799
16058993152	16058887680	105472	512	7.377075
69120699392	69120586240	113152	512	1.231391
4206775296	4206681600	93696	512	1.321795
246749201920	246749122560	79360	512	5.645560
89340811776	89340740608	71168	512	7.628598
154748651008	154748548608	102400	512	1.164149
53814633984	53814525952	108032	512	1.398020
67747747840	67747626496	121344	512	1.103677
212254785024	212254707712	77312	512	1.059571
247369469952	247369395200	74752	512	7.200424
182374715904	182374602240	113664	512	7.017746
247928053248	247927955968	97280	512	1.146798
101405840384	101405749760	90624	512	7.446929
205384380416	205384252928	127488	512	5.374436
89572954624	89572877312	77312	512	7.573638
45125031936	45124927488	104448	512	1.090264
149168872960	149168794624	78336	512	7.449680
87410541056	87410443264	97792	512	7.400567
60815033856	60814936064	97792	512	1.073790
36913333248	36913222144	111104	512	5.926909
30037031424	30036957696	73728	512	6.270447
137700633088	137700549632	83456	512	1.100669
161565772800	161565696512	76288	512	1.029133
151738221568	151738137088	84480	512	0.999852
41088953344	41088844288	109056	512	1.156960
31577965056	31577847296	117760	512	7.268698
187544750080	187544639488	110592	512	5.610661
125521188864	125521067008	121856	512	1.116385
38556151808	38556065792	86016	512	1.144486
232692092928	232691991552	101376	512	6.851750
47928759808	47928655872	103936	512	1.219160
200080170496	200080044544	125952	512	6.692182
38102231040	38102128128	102912	512	1.246852
5724647936	5724579840	68096	512	1.045417
93530626048	93530538496	87552	512	7.417506
118241458176	118241329152	129024	512	1.144330
213437649920	213437522432	127488	512	6.662732
217122301440	217122185728	115712	512	1.069628
10473204736	10473109504	95232	512	7.440498
6462137856	6462039552	98304	512	1.024022
20278571520	20278445056	126464	512	1.123077
213494943232	213494862336	80896	512	7.334618
6851507712	6851414016	93696	512	5.877983
120612915200	120612848128	67072	512	1.143027
45172417536	45172350464	67072	512	1.157036
179432916992	179432790528	126464	512	1.116811
132942164480	132942048768	115712	512	1.099490
4287380992	4287313408	67584	512	7.717304
45723257344	45723144192	113152	512	1.093105
172316653568	172316563968	89600	512	2.814470
30264877056	30264748544	128512	512	1.054115
40816805376	40816738304	67072	512	2.166537
162663572480	162663471104	101376	512	7.142624
150090103296	150090035200	68096	512	1.052063
15144682496	15144582656	99840	512	1.116820
221806805504	221806707200	98304	512	6.956508
204336033792	204335904768	129024	512	1.001657
137382113280	137382018048	95232	512	7.333758
12478626304	12478498816	127488	512	7.197159
114152927744	114152799232	128512	512	1.144718
112541364736	112541265920	98816	512	1.075825
23190132736	23190061056	71680	512	1.299425
233081889792	233081776640	113152	512	1.152460
58200994816	58200869376	125440	512	1.296144
30965302784	30965193728	109056	512	7.287796
82201064960	82200968192	96768	512	7.387323
248198799872	248198709760	90112	512	1.186194
35710011904	35709890560	121344	512	1.334578
141035973632	141035847680	125952	512	7.030950
29283108352	29283036672	71680	512	7.662928
91286696960	91286606848	90112	512	1.246400
201101087744	201101004288	83456	512	1.065652
73894193152	73894075392	117760	512	5.818367
101534927360	101534832128	95232	512	7.354692
197824903168	197824821760	81408	512	1.225109
35175887360	35175776768	110592	512	1.163019
163216471552	163216354816	116736	512	1.049696
176976609280	176976540672	68608	512	7.496400
141778440192	141778343424	96768	512	0.975150
196954194944	196954091008	103936	512	1.063082
149296617472	149296526848	90624	512	1.119146
36980894720	36980805120	89600	512	7.535003
68067556352	68067453952	102400	512	7.379850
43644659712	43644563456	96256	512	6.086704
214832262656	214832191488	71168	512	7.355761
235216964096	235216837120	126976	512	6.450596
28916358144	28916291584	66560	512	7.683542
182370746368	182370626048	120320	512	6.863200
219236070912	219235978752	92160	512	7.070235
217359440896	217359360000	80896	512	7.234865
238107028992	238106941952	87040	512	0.964129
169177213952	169177136128	77824	512	7.406540
222354067968	222353947648	120320	512	6.623801
203816042496	203815926272	116224	512	5.481177
5553419264	5553288192	131072	512	1.288651
38572263936	38572196352	67584	512	1.154231
39250780672	39250657792	122880	512	7.258324
80288897536	80288829440	68096	512	1.035695
87910583808	87910483456	100352	512	6.967229
170393763328	170393641472	121856	512	6.922720
111569167872	111569100288	67584	512	0.923866
137965356544	137965254656	101888	512	1.286943
202082589184	202082495488	93696	512	0.991891
228140196864	228140119552	77312	512	1.009476
204774530048	204774412288	117760	512	6.830631
177910547968	177910430208	117760	512	1.066659
220231326720	220231248896	77824	512	7.335792
245859425280	245859328512	96768	512	6.769086
148995983360	148995873792	109568	512	1.095208
232147220480	232147136512	83968	512	7.081480
148875456512	148875371008	85504	512	1.130333
27000359424	27000276480	82944	512	1.165042
45847815680	45847739904	75776	512	7.638176
218382712832	218382614528	98304	512	5.614718
24441747456	24441662976	84480	512	7.554862
92567546368	92567478272	68096	512	7.635694
184401827328	184401712128	115200	512	1.176212
185983252992	185983124992	128000	512	6.841306
212806324736	212806218240	106496	512	6.917242
148799897088	148799812096	84992	512	7.417074
79421946880	79421817856	129024	512	7.056127
125094660096	125094585344	74752	512	1.101794
5846311424	5846191616	119808	512	1.083038
144766854656	144766753280	101376	512	1.030922
75442082816	75441998336	84480	512	7.122461
98650507264	98650404352	102912	512	1.042861
94300890112	94300798464	91648	512	7.413329
116998225920	116998142464	83456	512	1.162748
180636590080	180636510208	79872	512	1.065912
201267805696	201267692032	113664	512	1.046629
131031365632	131031246336	119296	512	1.222920
234282102784	234281972224	130560	512	5.049782
2179768320	2179685376	82944	512	6.216719
193694950912	193694876672	74240	512	7.398241
120479605248	120479499776	105472	512	0.902563
194992747008	194992668160	78848	512	1.093446
241524118016	241523992576	125440	512	6.383253
85619089920	85619006976	82944	512	7.521489
214755114496	214755032064	82432	512	5.875715
131990922752	131990831616	91136	512	7.375799
111890888704	111890778112	110592	512	7.245003
176688796160	176688688640	107520	512	7.107691
136064216576	136064133632	82944	512	7.458059
222122414080	222122343936	70144	512	7.317076
77568479744	77568410112	69632	512	1.125812
98282181632	98282066944	114688	512	7.109796
215898247680	215898173440	74240	512	1.900769
229377739776	229377626112	113664	512	6.734131
47995052032	47994950656	101376	512	5.339701
124582029824	124581958144	71680	512	7.591906
73047910912	73047821312	89600	512	1.302477
14577499136	14577375744	123392	512	1.108812
205928292352	205928184320	108032	512	6.956105
56673113088	56673036288	76800	512	7.601450
92183090176	92182994432	95744	512	7.402610
22281740288	22281673216	67072	512	1.306937
186639152640	186639030784	121856	512	6.909537
182937997824	182937900032	97792	512	1.099320
249496982016	249496856576	125440	512	1.051927
143711647744	143711539712	108032	512	1.680317
210677832704	210677722112	110592	512	1.054610
6284476928	6284375552	101376	512	7.429902
110192190464	110192109568	80896	512	1.053974
105149006336	105148923904	82432	512	1.082778
134990141440	134990035456	105984	512	1.234639
49053025792	49052905472	120320	512	7.091382
18968365568	18968240640	124928	512	1.115717
206467989504	206467900928	88576	512	1.073748
57811494912	57811418624	76288	512	1.150337
150807920128	150807798272	121856	512	1.009873
37769871872	37769777152	94720	512	1.223671
137634787840	137634694144	93696	512	5.966137
149108689408	149108570112	119296	512	5.688659
99958295040	99958221312	73728	512	1.156893
157665021440	157664932864	88576	512	5.992705
131082327552	131082196480	131072	512	1.170521
137266962432	137266891264	71168	512	7.566706
174458931200	174458857472	73728	512	7.416474
136671874560	136671801856	72704	512	7.500392
33532833280	33532731392	101888	512	0.940288
105503942656	105503846400	96256	512	1.097663
128957798912	128957709824	89088	512	7.486996
178649694208	178649613312	80896	512	1.114206
193992964608	193992860160	104448	512	7.051097
162609743360	162609647616	95744	512	1.235457
221148430336	221148343296	87040	512	1.123836
41871165440	41871085568	79872	512	1.139210
101371517440	101371410944	106496	512	1.230131
54092289536	54092187136	102400	512	2.755002
179950123520	179950022656	100864	512	7.130081
184680940032	184680837632	102400	512	1.050779
93927403008	93927328256	74752	512	1.153505
202045446656	202045363200	83456	512	1.019522
120773215744	120773118464	97280	512	1.154187
214796988416	214796872704	115712	512	1.136129
21155525632	21155418112	107520	512	1.231891
245404307968	245404235776	72192	512	7.251304
186357196288	186357087232	109056	512	1.230870
197596983296	197596895744	87552	512	1.094138
85538631168	85538524672	106496	512	1.203313
96143531008	96143430144	100864	512	0.989234
197028289024	197028185600	103424	512	1.026512
178646468096	178646352384	115712	512	6.977200
110801951744	110801847296	104448	512	7.269732
149722126848	149722055680	71168	512	7.537764
73628598784	73628485120	113664	512	1.510913
188287692288	188287590400	101888	512	5.722705
104205179904	104205110784	69120	512	7.591343
208829369344	208829287936	81408	512	1.079063
199455841280	199455734784	106496	512	1.133808
120985881088	120985801728	79360	512	1.306176
192271274496	192271176192	98304	512	1.813095
216276824576	216276725248	99328	512	1.158852
103887948288	103887833600	114688	512	1.079100
82258081792	82258001920	79872	512	1.236513
14226332160	14226238464	93696	512	1.083513
242699586560	242699494912	91648	512	6.894831
92457438208	92457332736	105472	512	1.072584
232577923584	232577851904	71680	512	7.264984
231045518336	231045429760	88576	512	7.002602
3104520192	3104429056	91136	512	1.344302
119263904256	119263792128	112128	512	1.062455
133218038272	133217951232	87040	512	1.274070
217638102016	217637986816	115200	512	5.410480
3798980608	3798850048	130560	512	5.863582
88970856960	88970755584	101376	512	5.942984
22112426496	22112332800	93696	512	7.457714
247167288832	247167213568	75264	512	1.024596
82544380416	82544268288	112128	512	1.269572
87202833920	87202727936	105984	512	7.330619
153172301824	153172177920	123904	512	7.009725
154905721856	154905654784	67072	512	7.559310
133451837952	133451770368	67584	512	1.015109
150021436928	150021343232	93696	512	7.290709
9696102400	9696023040	79360	512	3.241900
71549871616	71549747712	123904	512	7.203442
186936871936	186936775680	96256	512	7.170671
212754258432	212754162176	96256	512	7.064038
180134677504	180134553600	123904	512	5.523637
101070864896	101070784000	80896	512	1.075633
114094365184	114094265344	99840	512	1.170170
130692567040	130692485120	81920	512	7.443427
186823263232	186823169536	93696	512	1.020735
33724871680	33724768768	102912	512	7.361853
201078430720	201078320640	110080	512	1.095271
62685927936	62685844992	82944	512	7.552967
75563257856	75563170304	87552	512	7.502025
181101271040	181101179392	91648	512	7.250122
185623408640	185623313408	95232	512	5.782611
52343289856	52343222784	67072	512	1.100314
233772789248	233772717056	72192	512	1.192039
175422492160	175422413312	78848	512	7.416598
25567508480	25567420928	87552	512	1.135607
181468891648	181468825600	66048	512	6.132050
222089371648	222089291264	80384	512	7.173767
212806556160	212806457856	98304	512	5.649615
11791275008	11791154688	120320	512	7.271897
100502007296	100501893632	113664	512	7.170691
81854834176	81854754304	79872	512	1.032738
176373454848	176373338112	116736	512	6.994018
149868839936	149868745728	94208	512	7.319773
217533072896	217532961792	111104	512	6.843200
88389287936	88389185536	102400	512	7.025963
20151626240	20151524864	101376	512	1.166559
111581406720	111581298176	108544	512	7.222669
14900507136	14900415488	91648	512	1.088231
62790528000	62790411776	116224	512	1.011971
30243876864	30243791360	85504	512	6.169266
106320199168	106320069120	130048	512	1.338417
229858472448	229858385408	87040	512	5.645726
108703419392	108703331328	88064	512	7.431422
230789072896	230788972032	100864	512	1.075187
4348897280	4348771328	125952	512	1.317801
126789854208	126789723136	131072	512	7.013728
78157037568	78156920832	116736	512	7.189552
2565371392	2565255680	115712	512	1.206989
91437745152	91437615616	129536	512	7.048295
127256267776	127256142848	124928	512	1.086647
135834240512	135834137088	103424	512	6.888388
212967216640	212967119360	97280	512	5.995396
97007744512	97007636992	107520	512	1.061917
159953888256	159953786368	101888	512	7.197476
219923505664	219923424768	80896	512	1.034720
158020094464	158020017152	77312	512	6.090271
26117659136	26117566464	92672	512	1.253933
140451361280	140451267584	93696	512	7.371338
125730787328	125730705408	81920	512	1.028593
6082252800	6082163200	89600	512	1.059051
166586716672	166586598912	117760	512	5.655946
155019653632	155019585024	68608	512	15.838220
212945179136	212945105408	73728	512	7.328792
49170196992	49170096128	100864	512	6.004530
245985017344	245984932352	84992	512	0.931272
148024625152	148024500736	124416	512	7.031304
95471134208	95471044608	89600	512	1.229225
150429210624	150429132288	78336	512	1.144425
135131954176	135131862016	92160	512	5.970089
149126917632	149126819840	97792	512	7.266671
238809583104	238809486848	96256	512	1.074420
196672649728	196672528896	120832	512	6.852492
41481145856	41481039360	106496	512	5.999393
147149982208	147149896192	86016	512	1.074656
12768496640	12768370176	126464	512	1.064776
131316338688	131316209152	129536	512	7.003987
56903652352	56903557120	95232	512	1.046161
21488802304	21488679424	122880	512	1.257788
107722095104	107722012672	82432	512	1.023541
5812647936	5812576256	71680	512	7.679264
232186416640	232186324992	91648	512	6.972454
20753349632	20753240064	109568	512	1.335808
231316946432	231316819456	126976	512	6.462402
42904556544	42904445440	111104	512	7.341163
111645227520	111645100032	127488	512	5.686243
156969267712	156969188352	79360	512	15.698922
242907558912	242907461632	97280	512	5.388240
132308173824	132308089856	83968	512	7.417187
137003473920	137003367936	105984	512	7.172966
6172924416	6172794880	129536	512	5.842559
2778488320	2778397184	91136	512	1.184217
215037601280	215037512192	89088	512	7.157625
26697453568	26697329664	123904	512	1.077422
188790331392	188790234112	97280	512	7.147832
74135026688	74134950400	76288	512	1.259121
23362354176	23362260992	93184	512	1.232782
108270065152	108269981696	83456	512	1.234658
33256671232	33256590336	80896	512	1.109505
74054921728	74054836736	84992	512	7.483855
153504966144	153504837120	129024	512	5.537412
60259537408	60259453952	83456	512	7.529998
119125052416	119124940288	112128	512	5.814692
186908545536	186908461568	83968	512	1.040510
69170250752	69170151936	98816	512	1.071119
84002537472	84002446848	90624	512	1.214554
46271054336	46270960640	93696	512	1.210615
160942721536	160942614016	107520	512	5.534057
4418180608	4418080256	100352	512	1.110003
33478451712	33478379008	72704	512	1.163446
76326784512	76326661632	122880	512	5.762403
144153310720	144153189376	121344	512	1.153112
231326267904	231326167040	100864	512	1.029493
26140334080	26140207104	126976	512	7.235446
16729369600	16729266688	102912	512	7.396970
143706109440	143706015744	93696	512	1.075846
119790047744	119789980160	67584	512	6.249506
133763473408	133763382784	90624	512	7.370818
51402497536	51402366976	130560	512	1.087396
169054414848	169054292480	122368	512	1.040760
11716419072	11716319744	99328	512	1.307546
42470702080	42470575104	126976	512	1.128183
178193072640	178192964096	108544	512	1.157413
68244844032	68244734976	109056	512	7.320986
204204923904	204204827136	96768	512	1.166409
160362564608	160362492416	72192	512	6.107861
177557134336	177557065216	69120	512	1.101063
8775501824	8775415296	86528	512	1.032888
197724975104	197724881408	93696	512	7.157390
93929426944	93929336320	90624	512	1.222202
67544942592	67544832000	110592	512	1.075868
109658420224	109658332160	88064	512	7.403532
106118706688	106118583808	122880	512	7.096492
171452696064	171452612608	83456	512	7.369887
122132326400	122132257280	69120	512	1.039266
217953891840	217953811456	80384	512	1.885165
131926035968	131925950976	84992	512	7.409105
129931080192	129930996736	83456	512	7.456849
250051394048	250051284992	109056	512	14.809708
70332516864	70332420608	96256	512	1.065840
249914735616	249914656256	79360	512	7.025745
41654578688	41654455296	123392	512	31.970697
7421919744	7421853696	66048	512	1.159184
108450894336	108450790912	103424	512	0.929954
72221752320	72221679616	72704	512	0.929232
159011282944	159011177472	105472	512	40.214593
198037888000	198037784064	103936	512	5.662644
70285224960	70285156864	68096	512	1.165099
159823663104	159823565312	97792	512	7.245065
236790228480	236790100992	127488	512	0.989114
77546473984	77546349568	124416	512	1.337014
236990905344	236990815744	89600	512	7.002184
96056694784	96056572416	122368	512	1.161743
115761716736	115761625600	91136	512	1.164800
190368107008	190368011776	95232	512	1.168907
207130304000	207130234368	69632	512	1.070188
16541708800	16541596160	112640	512	5.971991
93720709632	93720614912	94720	512	2.051557
57797853184	57797739008	114176	512	7.232866
156454310400	156454204928	105472	512	7.187480
230524248576	230524146176	102400	512	1.077055
219472947200	219472841216	105984	512	6.921038
49306511360	49306428416	82944	512	7.543608
37499780096	37499680256	99840	512	1.235302
138806690816	138806566400	124416	512	1.270716
98162859008	98162767360	91648	512	7.397034
187007108096	187007008256	99840	512	5.809740
152295356416	152295271424	84992	512	1.063107
224796014592	224795935232	79360	512	7.157782
85574091264	85574006784	84480	512	7.482454
33718014464	33717947392	67072	512	7.599772
27054901248	27054807552	93696	512	1.117482
144805896704	144805830144	66560	512	1.746440
211809401856	211809284608	117248	512	6.777204
12266558976	12266476544	82432	512	1.146558
50702715904	50702622720	93184	512	1.095416
159732669952	159732551680	118272	512	7.052857
108039866880	108039775232	91648	512	1.262934
46098795520	46098682368	113152	512	1.089785
188741452800	188741336064	116736	512	6.907681
135138987520	135138916864	70656	512	1.075056
46635026944	46634920448	106496	512	1.203124
169036936704	169036810240	126464	512	1.191953
14540279296	14540148224	131072	512	7.205484
63370711552	63370623488	88064	512	1.126954
249656131072	249656002560	128512	512	4.916324
105805444096	105805353984	90112	512	1.153211
202133285888	202133182464	103424	512	1.105720
51144968192	51144896512	71680	512	6.262226
205038388736	205038263296	125440	512	6.741920
53695742976	53695641088	101888	512	7.407260
156519415296	156519348224	67072	512	1.199657
234210595840	234210476032	119808	512	6.562830
160270311936	160270182912	129024	512	1.113034
236985182208	236985053184	129024	512	1.114190
228113130496	228113011200	119296	512	1.085095
136439976448	136439907840	68608	512	1.047558
54470160896	54470053376	107520	512	7.341615
86439895040	86439821824	73216	512	1.195864
180559379456	180559282176	97280	512	7.185160
190412669952	190412588032	81920	512	7.315511
227998209024	227998115840	93184	512	6.984540
51211021312	51210922496	98816	512	1.241752
211020138496	211020039168	99328	512	1.022144
163337218048	163337090560	127488	512	1.020998
133107280384	133107161088	119296	512	5.719037
23894501888	23894394880	107008	512	1.141026
37505411072	37505319424	91648	512	1.272010
37773295616	37773189120	106496	512	7.371607
196655632896	196655546368	86528	512	1.021525
249646709760	249646579200	130560	512	1.103141
210912483840	210912375808	108032	512	1.010605
108714789888	108714672640	117248	512	5.741407
61846188032	61846093824	94208	512	7.411074
165460517376	165460446208	71168	512	2.070371
81018053120	81017937920	115200	512	1.046296
54280547328	54280419840	127488	512	1.256475
218558758912	218558649856	109056	512	1.119405
64494599168	64494505984	93184	512	7.424729
120605441024	120605360640	80384	512	7.475144
210070495232	210070391296	103936	512	6.959243
73862661120	73862562816	98304	512	1.069918
28812847104	28812749312	97792	512	1.243960
157571901952	157571800064	101888	512	1.102954
68907517440	68907438080	79360	512	7.554451
79836814336	79836719104	95232	512	1.186634
115887663104	115887545344	117760	512	7.140504
198680791552	198680709632	81920	512	1.080664
156103933952	156103847424	86528	512	1.093686
237688653312	237688586752	66560	512	1.125356
149405752320	149405632000	120320	512	7.052521
86502793216	86502674944	118272	512	1.085081
188233149952	188233057280	92672	512	7.189547
227008152576	227008041984	110592	512	1.098112
6581437440	6581364224	73216	512	7.622913
79244822528	79244709888	112640	512	1.145376
203292003840	203291872768	131072	512	5.293763
59585017344	59584888320	129024	512	1.137340
122030022144	122029947904	74240	512	1.143223
7176749568	7176651264	98304	512	7.460362
181853323776	181853220864	102912	512	7.105558
152781618176	152781528576	89600	512	7.345620
92056292352	92056201728	90624	512	7.406951
239967744512	239967637504	107008	512	6.664343
1986234880	1986127872	107008	512	7.412399
83406320640	83406230528	90112	512	1.019060
178662665728	178662575616	90112	512	7.143761
170342560768	170342453760	107008	512	1.093436
116504634880	116504525312	109568	512	7.203609
124149588480	124149490688	97792	512	1.788761
69677499392	69677394944	104448	512	7.324443
3240126976	3239995904	131072	512	1.277982
58420106752	58420027904	78848	512	7.551693
81507222016	81507142144	79872	512	1.108452
218058992640	218058890752	101888	512	6.937957
76962477056	76962397184	79872	512	7.096202
160079738880	160079626240	112640	512	7.112203
132271617024	132271547392	69632	512	7.571634
82669398016	82669283328	114688	512	1.148826
2169172480	2169054208	118272	512	7.321569
166136024576	166135911936	112640	512	7.056208
98946325504	98946226688	98816	512	1.310010
152986966016	152986855424	110592	512	7.098019
174830117376	174830035456	81920	512	7.400916
132235843584	132235731456	112128	512	1.099476
7627314688	7627244544	70144	512	7.694910
53753781248	53753659904	121344	512	7.184683
176331810304	176331741184	69120	512	7.434300
75230557184	75230479872	77312	512	7.572177
16408716288	16408634368	81920	512	7.579661
119900336640	119900221440	115200	512	7.166771
140399099392	140398986752	112640	512	7.172092
112723084800	112722977280	107520	512	7.252673
168222213632	168222113280	100352	512	7.189296
9272663040	9272538624	124416	512	1.147593
116483222016	116483107328	114688	512	7.146528
160354044416	160353939968	104448	512	1.081734
69718120960	69718027264	93696	512	1.168234
203344738816	203344622080	116736	512	6.835385
90261121024	90261013504	107520	512	1.012805
158015307776	158015207936	99840	512	5.915079
129866957312	129866863104	94208	512	6.017359
190643833856	190643709952	123904	512	6.831819
218079967744	218079843840	123904	512	0.996625
63100013568	63099886080	127488	512	6.892268
206304828928	206304759296	69632	512	7.419122
206409297920	206409183744	114176	512	6.925649
33186258944	33186192896	66048	512	1.160446
166097357312	166097268736	88576	512	7.335064
124403944960	124403827712	117248	512	1.004062
88286365696	88286245888	119808	512	1.069272
170700019712	170699922944	96768	512	7.025289
155996699648	155996618240	81408	512	1.027449
194349355008	194349280768	74240	512	1.141087
201963295744	201963187200	108544	512	1.016419
35409700352	35409581568	118784	512	7.258867
175042314752	175042241024	73728	512	1.160127
228530325504	228530221568	103936	512	1.098012
64339440640	64339328512	112128	512	7.299217
206833673728	206833574912	98816	512	2.020036
145598282240	145598184448	97792	512	5.904652
148083413504	148083305472	108032	512	1.105483
115982190080	115982091264	98816	512	1.221377
81155463680	81155393536	70144	512	7.662627
159108794368	159108673536	120832	512	1.114922
125964463616	125964343808	119808	512	5.735737
71287598080	71287497216	100864	512	7.410320
242034057216	242033926656	130560	512	1.008337
150121064448	150120954368	110080	512	7.117622
71766851584	71766745600	105984	512	1.078147
52740564480	52740478464	86016	512	1.048176
201290030080	201289913856	116224	512	1.083118
27531926016	27531827712	98304	512	1.171550
147646358528	147646259200	99328	512	1.207555
181479969792	181479883776	86016	512	1.084429
121770633728	121770508288	125440	512	7.077450
222352228864	222352110080	118784	512	1.091508
1536883712	1536816640	67072	512	1.075271
92826006528	92825937408	69120	512	1.100414
105780317184	105780191744	125440	512	1.131172
111546784768	111546712064	72704	512	0.999182
131976488960	131976380928	108032	512	1.093098
217278171648	217278104064	67584	512	7.394438
142984085504	142984001536	83968	512	1.209460
211549907456	211549783552	123904	512	1.036753
100593018368	100592894976	123392	512	7.152568
183912345600	183912230912	114688	512	1.656438
153382676480	153382577664	98816	512	7.251405
15855651840	15855542784	109056	512	1.280670
197650470912	197650390528	80384	512	7.313505
121717853184	121717742080	111104	512	2.093283
200213988352	200213916672	71680	512	1.128411
163504120320	163503994368	125952	512	6.957458
1234255360	1234178048	77312	512	1.162137
26070465024	26070374400	90624	512	6.158772
482751488	482650112	101376	512	7.322008
194865850880	194865774592	76288	512	1.049263
214703831040	214703749120	81920	512	0.990787
133567593984	133567507968	86016	512	1.919027
65581103104	65581014528	88576	512	1.137443
88808908288	88808784384	123904	512	1.166775
211732210688	211732084736	125952	512	1.069467
85974569472	85974440448	129024	512	1.304817
24087399936	24087332864	67072	512	7.688103
166178805248	166178700288	104960	512	5.791369
249892988416	249892875776	112640	512	6.504838
15314312192	15314189824	122368	512	7.269843
115608033280	115607964160	69120	512	1.229344
113898977280	113898859008	118272	512	7.143391
221210875904	221210802688	73216	512	7.315937
170921613312	170921515520	97792	512	1.136781
217045210624	217045082624	128000	512	5.234941
247287950848	247287820288	130560	512	6.235482
797638656	797532160	106496	512	4.411738
221469977088	221469887488	89600	512	7.036546
106475128832	106475049472	79360	512	1.057927
215325628416	215325518848	109568	512	1.016402
233748003840	233747889152	114688	512	1.053067
164796190208	164796061184	129024	512	1.065165
168151206912	168151119872	87040	512	7.366567
5176505856	5176418816	87040	512	1.241571
204923873792	204923743744	130048	512	1.096080
161916003328	161915884544	118784	512	1.154198
125754074112	125753955840	118272	512	7.112208
110509434880	110509338112	96768	512	7.345583
244580076544	244579956224	120320	512	1.060187
234351284224	234351193088	91136	512	1.067334
178256236544	178256161792	74752	512	6.078841
212352068608	212351963136	105472	512	1.040911
169368174592	169368057344	117248	512	5.631743
219409985024	219409906176	78848	512	7.236206
35982790656	35982669824	120832	512	1.023642
25607496704	25607416320	80384	512	1.262107
33281067520	33280978432	89088	512	1.296884
22406062080	22405947392	114688	512	5.970094
165528986112	165528893952	92160	512	1.034010
229275709440	229275589120	120320	512	6.609775
206919050752	206918982656	68096	512	0.998729
144013853696	144013752832	100864	512	1.036342
79395162112	79395075072	87040	512	1.082883
112320220672	112320094720	125952	512	7.067216
229496616448	229496528896	87552	512	0.939805
217544072704	217544003072	69632	512	7.365329
43002290688	43002217472	73216	512	2.083082
112222797824	112222666752	131072	512	1.249236
162039618048	162039504384	113664	512	1.065060
121690311168	121690191872	119296	512	7.124480
201930812928	201930730496	82432	512	7.202152
249820325376	249820222464	102912	512	6.609534
218939101184	218938986496	114688	512	1.018418
243274762752	243274676736	86016	512	6.982589
132560670720	132560587776	82944	512	1.243043
157798268928	157798195712	73216	512	1.727536
235494087168	235493964288	122880	512	6.529280
34394373120	34394304512	68608	512	1.242144
164187489280	164187382272	107008	512	7.122778
40633363968	40633288192	75776	512	1.207778
135933081600	135932976128	105472	512	1.087672
182191776768	182191677440	99328	512	5.781026
96124808192	96124685824	122368	512	1.289514
61788368384	61788291072	77312	512	1.179631
192806775296	192806679552	95744	512	7.154634
194811731456	194811651584	79872	512	7.393180
221260047872	221259952128	95744	512	1.057203
7860355584	7860244992	110592	512	7.365068
78228189184	78228063232	125952	512	5.768449
140570594304	140570485760	108544	512	1.209353
18204300288	18204174848	125440	512	7.212389
113429301760	113429223936	77824	512	7.516181
236525766656	236525668864	97792	512	6.882094
39332080640	39331993088	87552	512	7.491815
219652478976	219652365824	113152	512	1.087872
124128289792	124128213504	76288	512	1.102583
229423535104	229423425536	109568	512	6.784871
46866194944	46866080256	114688	512	5.941430
57895078912	57894987264	91648	512	1.080965
144324662272	144324587520	74752	512	7.493232
37474669056	37474540032	129024	512	1.268391
37384677888	37384586240	91648	512	0.991827
4485641728	4485547520	94208	512	1.231194
134879565312	134879460864	104448	512	6.413985
5595784704	5595661824	122880	512	7.262469
226157708800	226157592064	116736	512	6.550825
133537886720	133537799168	87552	512	1.052542
85560625664	85560558080	67584	512	7.685842
15213382656	15213258752	123904	512	1.171745
118224778240	118224686080	92160	512	7.363859
238216626688	238216522240	104448	512	5.315247
60937581568	60937453056	128512	512	7.156090
16349816320	16349716992	99328	512	7.426537
68076656640	68076540928	115712	512	7.114861
2224981504	2224869376	112128	512	1.124730
132883935232	132883812352	122880	512	1.748654
235376759808	235376677376	82432	512	5.725852
65338215936	65338126848	89088	512	7.453833
139795308032	139795229696	78336	512	7.469143
247645667328	247645583872	83456	512	5.608198
219392766976	219392662016	104960	512	5.543021
230655907840	230655797248	110592	512	1.190014
203012687872	203012587008	100864	512	7.006892
148128416768	148128307712	109056	512	1.146586
30528276480	30528206848	69632	512	1.015170
115029636096	115029553664	82432	512	1.275899
64656016896	64655935488	81408	512	7.552109
157359954432	157359853568	100864	512	1.146387
149443342336	149443267584	74752	512	7.445658
34905376256	34905273856	102400	512	1.236489
33947498496	33947379712	118784	512	1.046145
223012980224	223012888576	91648	512	7.034475
236936752128	236936665600	86528	512	7.046426
174356679168	174356606976	72192	512	1.225782
194398895616	194398781440	114176	512	1.255481
190259790848	190259676672	114176	512	1.100914
203840305664	203840232448	73216	512	7.368530
7413637632	7413547520	90112	512	7.501609
161521022464	161520922624	99840	512	1.147903
231692350464	231692280320	70144	512	1.164410
887782912	887715840	67072	512	7.701174
25480146432	25480022528	123904	512	7.226589
38171148800	38171038720	110080	512	5.943609
112910522880	112910398976	123904	512	1.104364
170995110912	170995009536	101376	512	7.171360
246433991680	246433916928	74752	512	1.180241
157043565056	157043454464	110592	512	1.002563
18034315776	18034204672	111104	512	1.223220
222509612032	222509535232	76800	512	5.763850
135650033152	135649926656	106496	512	7.234238
227246322688	227246253056	69632	512	7.300842
244402707968	244402577920	130048	512	6.321903
152859736576	152859643904	92672	512	1.227373
103055885312	103055764480	120832	512	7.124687
151501470720	151501385728	84992	512	1.057906
246972562944	246972480000	82944	512	1.023563
97853262336	97853146624	115712	512	1.265983
172141411840	172141326336	85504	512	1.109804
183281169920	183281046016	123904	512	6.855957
176232002048	176231934464	67584	512	0.787548
142913908224	142913795072	113152	512	1.012348
128201763328	128201665024	98304	512	7.294145
269181952	269093888	88064	512	1.068095
116726618112	116726501376	116736	512	1.133095
38964602368	38964484096	118272	512	5.898563
135036905984	135036779520	126464	512	1.160294
231636255744	231636179456	76288	512	1.107371
135446753792	135446687232	66560	512	7.603959
153711513600	153711415808	97792	512	1.042395
28764200448	28764128256	72192	512	7.640384
378345472	378224640	120832	512	7.289326
80802439168	80802357760	81408	512	7.503029
156680867328	156680782848	84480	512	1.238934
51210774016	51210675712	98304	512	1.245485
98409103872	98408980480	123392	512	7.107949
126009171968	126009044480	127488	512	1.185285
179482361856	179482250752	111104	512	7.042618
236617424896	236617317376	107520	512	1.063748
216599084032	216598966784	117248	512	1.032497
236265329664	236265222144	107520	512	1.149383
9852552704	9852472832	79872	512	7.612937
241022184960	241022118400	66560	512	7.331722
148971793408	148971724800	68608	512	1.093709
64602520576	64602400768	119808	512	7.191532
198102416896	198102328320	88576	512	1.083057
106262818816	106262744576	74240	512	1.129786
84792053248	84791976448	76800	512	6.186434
193122482176	193122351616	130560	512	1.001845
38275689472	38275585024	104448	512	7.362593
146268669440	146268572672	96768	512	7.258205
50591343616	50591234560	109056	512	1.070513
164634961920	164634853888	108032	512	7.241922
17806003200	17805908480	94720	512	1.229448
168164126208	168164023808	102400	512	1.799051
161113476608	161113410560	66048	512	7.555151
105700264448	105700179968	84480	512	1.111169
126429085184	126428992512	92672	512	7.364726
12634245632	12634122240	123392	512	7.237203
218547842048	218547729408	112640	512	6.816393
127114141696	127114049024	92672	512	6.082347
139615348224	139615218176	130048	512	6.962104
215385651712	215385524224	127488	512	0.971212
221975059456	221974974976	84480	512	1.109426
216885512704	216885412352	100352	512	1.017250
47306031104	47305921024	110080	512	7.329508
188200058368	188199977472	80896	512	1.008286
143936995328	143936915456	79872	512	0.970686
232880645632	232880571904	73728	512	7.197781
54296415744	54296286208	129536	512	1.230787
151157912576	151157829632	82944	512	1.162999
17752569856	17752503808	66048	512	1.059636
159028868608	159028756480	112128	512	5.737171
194109616128	194109525504	90624	512	5.842397
232141897216	232141796864	100352	512	6.860911
227730056192	227729979904	76288	512	7.177799
104759786496	104759669248	117248	512	1.014591
184463336448	184463244288	92160	512	5.867204
132350041088	132349940224	100864	512	1.072907
204114526720	204114449408	77312	512	0.964788
242106601984	242106481152	120832	512	0.888953
17399950336	17399849472	100864	512	7.441854
83044773376	83044657152	116224	512	1.466454
88791675904	88791574016	101888	512	1.083301
81254735360	81254644224	91136	512	1.106063
100538238976	100538154496	84480	512	1.300374
47081951744	47081837056	114688	512	6.051400
125942757888	125942640128	117760	512	7.113441
190369152000	190369026048	125952	512	5.426921
2273417216	2273342464	74752	512	1.304512
119700834816	119700706304	128512	512	1.170547
203655352832	203655261696	91136	512	1.067803
35279826432	35279699456	126976	512	7.152790
191630400000	191630294528	105472	512	1.071654
5524649472	5524524032	125440	512	5.890853
223076270080	223076148736	121344	512	1.105140
44363568128	44363440640	127488	512	5.766785
158203171328	158203093504	77824	512	7.472146
215546951168	215546879488	71680	512	7.331946
202266157056	202266046976	110080	512	5.572335
119757925376	119757831168	94208	512	7.271195
49026300416	49026209792	90624	512	1.049055
179093432320	179093365760	66560	512	7.455529
158662063104	158661974016	89088	512	1.210144
229985139200	229985013760	125440	512	6.590206
158388230144	158388120064	110080	512	1.101151
95558340096	95558263296	76800	512	6.182906
59867511296	59867419136	92160	512	7.499002
87236778496	87236655616	122880	512	1.585697
119095970304	119095865856	104448	512	1.078101
49162225664	49162155520	70144	512	1.288401
5503866368	5503780352	86016	512	7.569154
201422482432	201422363136	119296	512	1.080419
68556156416	68556050432	105984	512	1.355837
242663953920	242663875584	78336	512	5.694815
234352452608	234352349184	103424	512	6.795992
246575297536	246575215104	82432	512	1.116023
129117840896	129117758976	81920	512	1.133792
192230487552	192230417920	69632	512	1.161805
199908541440	199908429824	111616	512	1.043260
186023808512	186023698432	110080	512	1.070441
91088581120	91088450048	131072	512	1.218528
106882222592	106882145792	76800	512	1.106449
160846805504	160846727168	78336	512	1.020076
206858001408	206857897472	103936	512	1.010903
117226524672	117226435584	89088	512	1.141073
128167809536	128167743488	66048	512	7.584540
1090232832	1090131456	101376	512	1.174753
158798732800	158798635520	97280	512	1.265120
62009647616	62009527808	119808	512	5.928626
239468154368	239468083200	71168	512	1.087075
62927560192	62927477760	82432	512	7.534468
21623411200	21623288832	122368	512	1.039500
114363467776	114363342848	124928	512	7.073351
248610085888	248609961984	123904	512	1.084296
180120686080	180120565760	120320	512	6.925011
226029771776	226029690880	80896	512	7.174922
99199844864	99199772672	72192	512	1.098622
48349782016	48349654528	127488	512	1.107388
39898558976	39898443264	115712	512	1.145839
33214650368	33214579200	71168	512	6.308387
52389826048	52389701120	124928	512	5.818776
111997342720	111997229568	113152	512	7.177409
6593619968	6593517568	102400	512	6.057731
109560686592	109560560128	126464	512	1.133917
187316506112	187316386816	119296	512	6.864259
33177558528	33177443840	114688	512	1.171250
59406938624	59406825472	113152	512	7.301314
81447905792	81447823872	81920	512	7.517634
106854613504	106854525440	88064	512	0.978463
26736130560	26736031744	98816	512	7.424422
9555251200	9555137024	114176	512	5.967560
45464354816	45464252416	102400	512	7.386791
143332936192	143332806144	130048	512	1.127370
84117097472	84116999168	98304	512	6.113570
139430461952	139430388224	73728	512	1.081626
27725408768	27725319168	89600	512	6.109633
148448388608	148448308224	80384	512	1.094383
66312359424	66312279040	80384	512	7.486855
157201032704	157200943104	89600	512	1.848951
171102218240	171102142976	75264	512	0.989745
143186654208	143186550272	103936	512	1.166039
163142059520	163141981184	78336	512	1.169441
78266646016	78266516992	129024	512	1.016759
18051054080	18050960896	93184	512	1.693372
197032547840	197032445440	102400	512	7.004505
23671377920	23671253504	124416	512	1.194605
181022763520	181022669824	93696	512	7.231182
83289325056	83289214976	110080	512	7.276962
85216152064	85216044544	107520	512	7.299279
74913378304	74913257984	120320	512	1.085850
201830017024	201829934592	82432	512	7.252252
228194326016	228194232832	93184	512	1.198070
89199989760	89199902208	87552	512	1.973522
233556410880	233556312064	98816	512	6.919844
95992609792	95992482304	127488	512	7.147150
55118938624	55118862848	75776	512	1.012125
179822456832	179822382080	74752	512	0.946634
30380131840	30380038656	93184	512	0.985228
126679269888	126679139328	130560	512	1.112144
211784933376	211784843776	89600	512	1.110520
231963213824	231963111424	102400	512	5.464292
16701964288	16701894144	70144	512	1.286081
237208280064	237208155136	124928	512	6.408620
186699952640	186699849728	102912	512	7.103503
195876037632	195875966464	71168	512	1.079359
86535875584	86535747584	128000	512	1.070606
234901710848	234901634048	76800	512	7.252820
104550799360	104550716416	82944	512	0.991213
111729359360	111729278976	80384	512	1.019677
144093260800	144093157888	102912	512	1.158011
171550272000	171550186496	85504	512	7.322933
233858003456	233857876480	126976	512	5.185520
217111159808	217111063040	96768	512	7.063464
241961664000	241961570304	93696	512	1.001132
234007076352	234006958592	117760	512	1.042188
198283321344	198283249152	72192	512	0.982012
197102502400	197102414848	87552	512	7.232058
146048558592	146048491520	67072	512	7.587496
247501194240	247501118464	75776	512	5.705329
234343677952	234343596032	81920	512	7.130272
27412263936	27412177920	86016	512	1.035020
42159702016	42159580672	121344	512	1.110619
90520543232	90520420352	122880	512	5.799082
202359002112	202358878720	123392	512	5.362615
125541612032	125541487616	124416	512	1.100070
68121628160	68121535488	92672	512	1.161700
109344534016	109344438784	95232	512	1.254681
214700596224	214700497408	98816	512	1.074473
158807159296	158807054848	104448	512	7.192423
217339317760	217339237888	79872	512	1.089842
23645368320	23645277184	91136	512	6.129845
125103404544	125103298560	105984	512	1.139510
115134250496	115134126080	124416	512	1.143956
196408796160	196408680960	115200	512	5.528436
44878956032	44878878208	77824	512	1.093786
176095946240	176095834112	112128	512	1.150678
246661544960	246661458432	86528	512	6.821225
202084232192	202084131840	100352	512	1.019598
154835243008	154835154432	88576	512	1.047358
153934891008	153934806528	84480	512	7.387933
61721374720	61721286144	88576	512	7.504072
220551161856	220551093760	68096	512	7.379867
166024809472	166024719360	90112	512	5.916266
1393695744	1393574400	121344	512	5.945316
77357413888	77357316096	97792	512	1.156849
127291553280	127291436032	117248	512	7.123274
115989388288	115989273088	115200	512	1.267067
76413429248	76413304320	124928	512	2.177967
27316301824	27316220416	81408	512	1.229861
217544776192	217544692736	83456	512	7.198582
188365594624	188365528576	66048	512	1.147981
11729150464	11729022976	127488	512	1.153019
18456837632	18456764928	72704	512	7.665898
83155267584	83155137024	130560	512	1.044343
71143864320	71143758848	105472	512	1.084732
200173408768	200173312512	96256	512	7.136867
2037988864	2037885440	103424	512	2.767134
116307048960	116306954240	94720	512	1.076328
243531301376	243531230720	70656	512	7.213442
115362903552	115362773504	130048	512	1.128398
152663921152	152663844352	76800	512	7.420443
66158499328	66158424576	74752	512	1.095135
77160202240	77160077312	124928	512	1.275845
50135305216	50135175168	130048	512	7.140285
35169753600	35169664000	89600	512	7.523772
32095717376	32095614464	102912	512	7.376219
207946748416	207946643456	104960	512	6.789137
130045130752	130045001728	129024	512	6.978798
144055367168	144055257600	109568	512	5.816206
162450279424	162450198528	80896	512	7.399462
118637409792	118637301248	108544	512	7.217195
151534622208	151534528000	94208	512	5.910531
163315827712	163315723264	104448	512	1.082387
158257669120	158257562112	107008	512	1.027500
40598663168	40598560256	102912	512	1.073361
177143080448	177142956544	123904	512	6.751223
113687250944	113687144448	106496	512	1.167045
103285624320	103285540864	83456	512	1.318737
118199598080	118199477248	120832	512	0.999457
220373371904	220373251584	120320	512	6.715903
190567095808	190567012352	83456	512	7.311001
244231826944	244231718912	108032	512	6.607460
225944402944	225944273408	129536	512	6.489698
66411529216	66411413504	115712	512	1.037345
65738327552	65738260480	67072	512	1.101255
225216241664	225216159232	82432	512	7.153799
211509874176	211509777408	96768	512	1.029470
5400809472	5400731648	77824	512	1.190366
192066724864	192066633728	91136	512	4.335258
4481615360	4481509888	105472	512	7.407057
1206105600	1205985280	120320	512	1.024976
206317080576	206316976640	103936	512	6.998558
78878536704	78878414336	122368	512	1.117174
189971103744	189971025920	77824	512	1.131551
69783162880	69783060992	101888	512	1.101797
135257842176	135257745408	96768	512	7.321523
154019690496	154019562496	128000	512	6.968543
58756353024	58756254208	98816	512	7.398727
53886565888	53886491648	74240	512	1.090440
23069018624	23068930048	88576	512	1.053531
114899947520	114899871744	75776	512	1.275531
49193610240	49193540608	69632	512	7.614345
82454797824	82454727168	70656	512	2.032605
87884317696	87884205568	112128	512	7.240975
193075788288	193075659264	129024	512	6.717638
30424981504	30424892416	89088	512	1.084604
56829096448	56828973056	123392	512	1.072214
46856303104	46856233472	69632	512	1.061524
227414964224	227414840320	123904	512	1.176377
25430517760	25430394368	123392	512	7.163718
218400234496	218400165888	68608	512	5.988925
26965307904	26965184000	123904	512	7.147027
116594756096	116594662912	93184	512	1.156939
77249020416	77248945152	75264	512	1.316201
42659173888	42659103232	70656	512	1.109538
115076990464	115076878336	112128	512	14.081024
152596893696	152596823552	70144	512	7.509557
77636603904	77636495872	108032	512	1.111860
114683880960	114683784704	96256	512	1.147716
125797830144	125797763072	67072	512	1.123827
178813511680	178813424640	87040	512	7.359108
109171593728	109171469824	123904	512	7.139227
90497058816	90496946688	112128	512	1.162998
27105438208	27105352192	86016	512	1.216422
226455967232	226455856128	111104	512	1.109389
105272068096	105271979008	89088	512	7.422851
178513370624	178513283584	87040	512	7.280485
100329961984	100329890304	71680	512	7.590067
65329018368	65328908800	109568	512	1.197345
105254948864	105254845952	102912	512	1.159443
38574852096	38574734336	117760	512	1.024706
88622349312	88622227456	121856	512	5.792194
152226441216	152226325504	115712	512	1.109234
68166904832	68166838272	66560	512	1.356119
242864252416	242864145408	107008	512	6.286063
180360565248	180360492544	72704	512	1.102129
231755821056	231755724800	96256	512	6.890278
116170595328	116170516480	78848	512	1.263347
188559570432	188559483392	87040	512	1.236471
50958515200	50958426624	88576	512	7.485418
151481747968	151481664000	83968	512	1.991815
146038267904	146038161920	105984	512	1.148880
116937456128	116937365504	90624	512	7.396315
155515009024	155514938368	70656	512	7.530823
189909063680	189908952064	111616	512	1.871508
191875528192	191875411968	116224	512	1.116304
145430712832	145430627840	84992	512	1.006829
140038973440	140038856192	117248	512	1.047854
168752757248	168752675840	81408	512	6.084584
110859952128	110859875840	76288	512	1.139027
158677786112	158677682688	103424	512	5.839405
226103864320	226103734272	130048	512	1.065012
76630666752	76630576128	90624	512	1.106709
76662128128	76662043136	84992	512	1.829043
95382912000	95382799360	112640	512	7.234537
60026176512	60026100224	76288	512	14.612010
205531108864	205531001344	107520	512	1.078861
117537280000	117537171456	108544	512	1.228592
150111505920	150111426048	79872	512	7.432989
62123773952	62123653632	120320	512	5.856698
220311982592	220311883264	99328	512	5.617946
228444713984	228444598784	115200	512	6.716200
238337315840	238337211904	103936	512	5.367070
162913185280	162913087488	97792	512	5.861700
168090305024	168090207232	97792	512	1.811945
26016820224	26016748544	71680	512	1.101733
162722909184	162722823680	85504	512	7.362325
139788500992	139788393984	107008	512	1.105788
107686814720	107686743552	71168	512	1.194508
142632228864	142632152064	76800	512	1.148607
64281016832	64280892928	123904	512	1.274105
70483396096	70483280384	115712	512	1.216620
72468699648	72468582400	117248	512	7.191847
181176891392	181176794624	96768	512	1.098979
138782407168	138782286336	120832	512	1.073286
41973521920	41973431296	90624	512	1.032166
86898172928	86898100224	72704	512	1.233553
28281276928	28281177088	99840	512	0.999818
110150643200	110150535168	108032	512	1.151629
4553477120	4553347072	130048	512	7.268305
211199009280	211198908928	100352	512	7.013449
208455520256	208455401472	118784	512	1.038090
225451578368	225451459072	119296	512	1.187253
231046433792	231046363648	70144	512	1.002742
217064436736	217064333824	102912	512	1.104588
133231077888	133230958080	119808	512	15.320056
96891694592	96891573248	121344	512	4.362114
87398784512	87398709760	74752	512	7.643445
34223364096	34223251456	112640	512	1.241474
134565697536	134565626368	71168	512	1.036429
105795386880	105795305472	81408	512	7.488671
205518595584	205518483968	111616	512	6.924633
125131010048	125130913280	96768	512	7.322204
232790685696	232790615552	70144	512	7.283725
26058677760	26058579968	97792	512	7.465455
64959201280	64959119360	81920	512	7.555199
65608120832	65608032256	88576	512	7.471383
2937383936	2937298432	85504	512	1.183102
68355396608	68355323904	72704	512	1.245727
70144855552	70144771072	84480	512	1.240329
105935624704	105935504384	120320	512	7.117048
131133338624	131133255680	82944	512	1.080129
240315767808	240315663872	103936	512	1.766303
236180942848	236180857344	85504	512	1.135101
241427139584	241427045888	93696	512	6.862311
198628839424	198628743168	96256	512	1.031729
124123658240	124123565056	93184	512	1.028839
185726927872	185726809088	118784	512	1.129023
233511776768	233511669760	107008	512	1.001024
98045525504	98045433344	92160	512	7.323193
212885702656	212885628928	73728	512	1.270481
88878583296	88878497792	85504	512	7.468541
50363051008	50362923008	128000	512	1.142527
169038561280	169038457856	103424	512	1.148449
48998493184	48998415872	77312	512	1.085441
145935370752	145935286784	83968	512	7.403098
41706551296	41706427904	123392	512	1.177493
56376538624	56376441344	97280	512	1.093323
89342263808	89342191616	72192	512	1.004592
76779739136	76779657216	81920	512	7.515762
227085268992	227085143040	125952	512	5.199358
108970655744	108970548736	107008	512	7.247511
247511419904	247511328768	91136	512	1.035564
239640542208	239640431104	111104	512	5.246836
126550461440	126550358528	102912	512	1.130747
249399483392	249399384064	99328	512	6.707040
39368886784	39368786432	100352	512	1.232147
18008388096	18008313856	74240	512	1.767750
36576171008	36576083456	87552	512	7.510620
138311716352	138311609344	107008	512	5.823624
81737096192	81737028096	68096	512	1.034172
230221929472	230221859840	69632	512	7.276399
55881445376	55881333760	111616	512	1.241715
1928638464	1928541184	97280	512	1.119141
239908749312	239908657152	92160	512	6.890788
122482235904	122482106880	129024	512	7.024694
213887065600	213886987264	78336	512	7.424447
137361803264	137361699840	103424	512	1.041848
191021578240	191021504000	74240	512	1.125793
27806813184	27806723584	89600	512	3.363216
66522464256	66522379776	84480	512	6.140712
64373428736	64373336576	92160	512	6.068266
207251547136	207251434496	112640	512	1.033610
189712617472	189712502784	114688	512	1.025515
102498055168	102497957376	97792	512	1.088609
121593311744	121593215488	96256	512	7.345264
168059159040	168059049472	109568	512	1.147712
47987591168	47987485184	105984	512	6.020197
40643689984	40643603968	86016	512	1.341913
134217622016	134217539072	82944	512	7.410133
68503746048	68503648768	97280	512	7.383662
241341568000	241341471232	96768	512	6.472548
109353581056	109353499648	81408	512	1.246064
179608422400	179608336896	85504	512	5.917720
4609317888	4609209344	108544	512	7.318315
177995690496	177995571712	118784	512	1.096038
88323992064	88323874816	117248	512	1.149118
72669609984	72669539328	70656	512	7.632654
11882386944	11882275840	111104	512	1.022714
15448105984	15448030720	75264	512	1.087853
80578326016	80578231808	94208	512	1.012811
157176843776	157176772608	71168	512	1.021199
150550422016	150550350848	71168	512	1.215638
100308838912	100308710400	128512	512	1.012871
143842001920	143841890304	111616	512	7.110784
88281484800	88281364992	119808	512	1.120743
219493630976	219493542912	88064	512	7.108925
59858387968	59858272768	115200	512	1.249066
44585430528	44585359872	70656	512	1.100582
1250238464	1250119680	118784	512	7.316095
8158894080	8158765056	129024	512	7.258622
172911030784	172910962176	68608	512	1.277392
74747841536	74747771904	69632	512	1.028131
150663776256	150663675904	100352	512	1.106059
23621377536	23621282816	94720	512	1.172817
120407101952	120407015424	86528	512	1.988509
30051368448	30051292160	76288	512	7.593990
163597435392	163597338112	97280	512	1.066277
204842359296	204842274816	84480	512	1.196692
6276883968	6276813312	70656	512	1.294013
233734898176	233734775296	122880	512	6.604704
211050196992	211050120192	76800	512	7.291909
39823722496	39823591936	130560	512	7.165262
25417395712	25417275904	119808	512	1.139463
147066338304	147066227200	111104	512	1.027790
132988293120	132988220928	72192	512	1.168498
145098402304	145098333184	69120	512	7.552194
173912680448	173912610816	69632	512	1.123153
126206609408	126206535680	73728	512	1.067027
126996940288	126996824576	115712	512	1.130543
181754396672	181754267136	129536	512	1.900742
122184406528	122184322560	83968	512	1.751327
197932869120	197932759552	109568	512	1.144100
6219501056	6219392000	109056	512	1.320442
62361823744	62361740800	82944	512	1.151564
75751454720	75751324672	130048	512	7.118449
108926499328	108926379520	119808	512	7.137052
4546406912	4546321920	84992	512	6.201552
13815170560	13815077888	92672	512	1.804411
144055758336	144055648768	109568	512	7.161174
206868553728	206868482048	71680	512	1.144281
95091423232	95091346432	76800	512	7.565993
170199045632	170198919680	125952	512	6.902708
109417355264	109417233920	121344	512	7.113281
52889655808	52889526784	129024	512	1.203681
131461913600	131461796864	116736	512	1.099754
223184312832	223184227840	84992	512	5.741136
243046069248	243046002688	66560	512	5.929178
185686640640	185686512128	128512	512	6.805509
35061133824	35061027328	106496	512	0.984266
236694376960	236694309888	67072	512	7.329689
54780150784	54780041728	109056	512	7.303731
160137496576	160137394176	102400	512	1.049348
200375770112	200375691264	78848	512	7.331143
172638895104	172638789120	105984	512	7.127255
51493021696	51492936192	85504	512	1.165021
124244589568	124244506112	83456	512	1.029865
210723854336	210723787264	67072	512	1.158626
57270704640	57270601728	102912	512	7.364627
133153488384	133153394688	93696	512	1.020628
156281537536	156281433088	104448	512	6.809085
5932648960	5932545536	103424	512	7.408434
144218852352	144218761216	91136	512	15.607159
67791251968	67791151104	100864	512	7.370610
37280743424	37280676352	67072	512	1.169742
26667339264	26667249664	89600	512	7.531539
26179817472	26179714560	102912	512	1.230595
130630109184	130630034944	74240	512	7.532393
160614993408	160614923264	70144	512	7.518814
169880110592	169879986176	124416	512	1.002894
197176166912	197176061440	105472	512	1.052844
45159454720	45159342080	112640	512	1.162550
201166574080	201166493696	80384	512	7.300456
202416984064	202416875520	108544	512	1.071507
215531648512	215531582464	66048	512	1.196929
209157742080	209157625344	116736	512	6.824353
9435392000	9435260928	131072	512	1.066592
100188065792	100187990016	75776	512	7.576200
118671635968	118671553024	82944	512	6.132878
85243115008	85242994688	120320	512	7.154390
9600520192	9600397312	122880	512	7.278976
45988831744	45988707840	123904	512	7.187388
169066276864	169066152960	123904	512	6.898621
126744887808	126744797184	90624	512	1.211670
108262698496	108262608896	89600	512	1.040718
198886475776	198886386176	89600	512	1.016424
99096743936	99096653824	90112	512	7.334261
92309078528	92308953600	124928	512	7.118981
191801736704	191801607680	129024	512	1.210024
24328339456	24328269312	70144	512	7.659715
73715403264	73715323392	79872	512	1.084642
174540231680	174540105728	125952	512	5.548201
106348560896	106348483072	77824	512	1.142373
97978510848	97978411520	99328	512	1.080957
55438784000	55438657536	126464	512	1.329216
144845421568	144845295616	125952	512	6.986505
184314493440	184314394624	98816	512	7.130781
29330263552	29330185216	78336	512	7.297716
165597501440	165597370880	130560	512	1.100237
1077261824	1077169664	92160	512	7.530383
175215232000	175215137280	94720	512	1.062655
107399356928	107399250944	105984	512	5.854634
96616901632	96616775680	125952	512	7.141184
166270067200	166269943808	123392	512	5.586606
141680493056	141680395264	97792	512	1.192629
242805975552	242805892608	82944	512	1.043658
222388835328	222388755968	79360	512	1.924083
176459973632	176459853312	120320	512	6.962800
192740348928	192740273664	75264	512	7.385649
43159503872	43159395328	108544	512	5.945755
111575576576	111575486976	89600	512	7.374191
13521999872	13521883136	116736	512	0.952489
103677164032	103677038080	125952	512	1.006438
123034751488	123034667520	83968	512	7.497838
206225596416	206225473024	123392	512	6.763183
19615375360	19615295488	79872	512	1.228544
121700831744	121700746240	85504	512	1.079710
202126963712	202126855680	108032	512	6.979358
239043002880	239042920448	82432	512	7.022019
96520641536	96520534528	107008	512	1.153980
82101607936	82101490176	117760	512	1.028695
129870023168	129869941760	81408	512	1.077106
124365977600	124365847040	130560	512	1.178171
31760796672	31760695808	100864	512	1.263965
9502203392	9502078976	124416	512	1.016486
181411131904	181411028480	103424	512	7.113263
129959756288	129959652352	103936	512	1.223631
68418145792	68418052096	93696	512	7.449855
243517559296	243517486080	73216	512	7.173178
204105846272	204105771008	75264	512	7.325884
143854469120	143854367744	101376	512	1.096579
27558126592	27558008320	118272	512	1.173479
145673484800	145673357312	127488	512	6.810472
60392504832	60392409088	95744	512	1.087759
67603787776	67603698176	89600	512	1.235853
76831010304	76830933504	76800	512	7.576566
89793778688	89793655296	123392	512	1.145288
55011844608	55011713536	131072	512	5.761874
222859441152	222859339776	101376	512	1.050969
55231343104	55231276032	67072	512	7.655920
209679524352	209679430656	93696	512	5.735420
48315267072	48315183104	83968	512	1.148600
186036448256	186036343808	104448	512	1.175124
12347824640	12347702784	121856	512	1.208210
37875008000	37874936320	71680	512	1.109376
99077415424	99077297664	117760	512	1.174190
8248595968	8248465408	130560	512	7.199545
245267619328	245267542016	77312	512	1.101702
124724434944	124724345856	89088	512	1.150993
229469683712	229469614592	69120	512	5.971016
151709537792	151709455360	82432	512	1.093907
49071158784	49071061504	97280	512	7.417161
61161054208	61160940032	114176	512	5.908657
141887640064	141887539200	100864	512	5.866312
221377038336	221376914944	123392	512	5.267677
28285280768	28285196800	83968	512	7.550589
231417895936	231417781760	114176	512	1.094666
77508826624	77508710912	115712	512	7.222002
232621944320	232621854208	90112	512	6.909713
33726709760	33726640128	69632	512	7.637026
52710050816	52709929984	120832	512	5.833631
36542443008	36542362112	80896	512	6.192377
19455436288	19455355904	80384	512	6.200603
194372964864	194372877824	87040	512	5.864680
80366218752	80366116352	102400	512	2.234492
226873932288	226873838592	93696	512	6.977589
111909803008	111909676544	126464	512	7.041484
213179013120	213178909184	103936	512	6.951750
236826870784	236826779648	91136	512	7.016812
7585241600	7585119232	122368	512	7.321872
91328533504	91328467456	66048	512	1.056084
1474932736	1474845696	87040	512	1.104385
134263901696	134263781376	120320	512	7.050956
44412685312	44412617728	67584	512	1.086848
120290002944	120289875968	126976	512	1.135726
133491465216	133491396096	69120	512	1.223931
45039717376	45039626752	90624	512	6.114583
221142880768	221142786048	94720	512	7.148083
117087497728	117087416832	80896	512	6.112788
42182655488	42182572544	82944	512	1.156850
159918333440	159918232064	101376	512	7.199847
84828482560	84828378624	103936	512	5.957810
225904953344	225904862208	91136	512	7.034393
222078144512	222078048256	96256	512	5.607216
113704681984	113704562688	119296	512	5.749346
211123313152	211123184128	129024	512	5.217034
108322346496	108322221568	124928	512	7.153951
186806401024	186806325760	75264	512	1.197252
128047815168	128047703552	111616	512	7.192902
64052550144	64052478976	71168	512	1.171098
168754952192	168754868224	83968	512	1.136112
105338409472	105338290176	119296	512	1.109105
141525345280	141525233664	111616	512	1.121031
225948470784	225948376576	94208	512	1.151073
167445171712	167445104640	67072	512	7.516622
15814025216	15813895168	130048	512	1.273887
88543003648	88542917632	86016	512	1.081356
31951705600	31951605760	99840	512	1.172511
236617487872	236617381376	106496	512	6.683003
245555413504	245555339776	73728	512	5.715962
120444679680	120444612096	67584	512	1.055774
106246255104	106246133760	121344	512	7.119010
236862763520	236862659584	103936	512	6.772979
26666219008	26666103808	115200	512	1.234178
2507357184	2507268096	89088	512	7.486490
55916896256	55916770816	125440	512	5.817246
106935280128	106935187456	92672	512	1.069024
225871331328	225871241216	90112	512	2.154627
67660387840	67660269568	118272	512	1.295410
231928857088	231928777728	79360	512	1.046886
140072142336	140072037888	104448	512	7.238343
157026245632	157026148864	96768	512	7.261259
249262072320	249261950464	121856	512	6.389784
67373627392	67373545984	81408	512	7.510044
61871258624	61871151104	107520	512	7.407564
137589312000	137589209088	102912	512	1.233247
39795565056	39795497984	67072	512	1.384777
216650760704	216650661376	99328	512	6.945232
234945635840	234945566720	69120	512	1.007244
228350299648	228350224896	74752	512	7.254099
27369354752	27369236992	117760	512	6.544068
90555768320	90555668480	99840	512	7.358606
73348211712	73348125184	86528	512	1.627242
138881000448	138880888832	111616	512	7.178590
245763177984	245763067392	110592	512	5.212361
244465864192	244465748480	115712	512	6.531404
41520182784	41520054784	128000	512	1.092524
209565011456	209564896256	115200	512	6.835027
103802099712	103802022400	77312	512	1.300071
153537319424	153537205248	114176	512	7.075950
220885957120	220885862400	94720	512	6.805670
133228432384	133228315136	117248	512	5.733980
46959093760	46958976000	117760	512	1.139220
163938847232	163938718720	128512	512	7.012552
195077550592	195077465600	84992	512	7.267032
126597053440	126596967424	86016	512	1.240449
121189206528	121189139968	66560	512	1.003333
104236504064	104236378624	125440	512	1.229839
143366495744	143366429696	66048	512	1.000696
111927689728	111927570432	119296	512	7.114229
120263589376	120263501312	88064	512	6.034455
58390868992	58390796800	72192	512	1.312599
119079459840	119079388672	71168	512	7.576399
43918744064	43918625280	118784	512	1.099295
88006363136	88006278656	84480	512	1.014952
20550607872	20550540800	67072	512	7.703690
114902396928	114902329856	67072	512	1.221366
60632737280	60632619520	117760	512	1.058506
121434104832	121434016768	88064	512	2.110215
197388995072	197388917248	77824	512	1.074748
52158748160	52158661632	86528	512	1.229883
225433371648	225433288704	82944	512	1.065788
180706210816	180706144256	66560	512	1.084419
197360550400	197360479232	71168	512	0.949417
206021005312	206020908032	97280	512	5.778483
38647313920	38647201280	112640	512	6.653353
48246929408	48246812160	117248	512	7.233938
43805519872	43805440000	79872	512	7.606356
101694454784	101694323712	131072	512	1.190025
52795522048	52795413504	108544	512	7.318224
7017106944	7017029632	77312	512	1.284231
215910903296	215910832128	71168	512	7.344683
81776794624	81776704000	90624	512	7.431953
195984086528	195983983104	103424	512	1.151656
135773730816	135773620736	110080	512	1.102726
158960558592	158960480256	78336	512	6.100783
245528596992	245528522752	74240	512	1.128279
197257962496	197257831936	130560	512	5.341839
144507196928	144507079168	117760	512	1.225847
93393283072	93393214976	68096	512	1.199842
159173924864	159173811200	113664	512	1.185459
151604577280	151604486144	91136	512	1.004486
164640155648	164640089088	66560	512	1.009190
93004301312	93004228096	73216	512	7.582644
121131725824	121131614208	111616	512	1.169268
68843788288	68843704832	83456	512	7.518516
141077777408	141077656064	121344	512	5.670911
96618664448	96618537984	126464	512	1.075730
12352717312	12352616960	100352	512	7.435451
13041532928	13041457664	75264	512	7.743527
192622429696	192622311936	117760	512	6.955964
134288962048	134288832000	130048	512	1.022423
132300719104	132300606464	112640	512	1.137486
155965135360	155965036544	98816	512	7.238258
79250878976	79250790400	88576	512	7.389568
18340464640	18340348416	116224	512	5.908062
207143787008	207143671296	115712	512	1.981917
44507645952	44507524608	121344	512	2.148207
55629025280	55628958208	67072	512	1.104293
127032143872	127032026112	117760	512	1.175735
27309548544	27309471232	77312	512	1.290942
211562973696	211562863616	110080	512	6.863965
235329758208	235329672704	85504	512	5.686239
57717033984	57716932096	101888	512	1.216271
186306322432	186306227200	95232	512	7.196573
230076891136	230076793344	97792	512	1.076868
173127428608	173127317504	111104	512	1.219900
179598187008	179598085120	101888	512	6.900086
166148452352	166148381184	71168	512	1.187524
215475055104	215474937344	117760	512	6.740005
159032296448	159032185344	111104	512	7.118874
246600056320	246599971840	84480	512	1.051365
158583600128	158583496192	103936	512	5.820145
32459687424	32459616256	71168	512	7.649870
55089779200	55089660416	118784	512	1.024073
147859944448	147859862016	82432	512	1.050058
214720859136	214720764928	94208	512	7.070806
15897695744	15897573376	122368	512	5.894270
207500038656	207499937792	100864	512	5.659430
138218601984	138218472960	129024	512	6.993733
63891584512	63891508736	75776	512	1.229639
60777314816	60777208320	106496	512	1.320205
186512483840	186512393728	90112	512	7.241359
176511080960	176510956032	124928	512	1.099289
51207730176	51207648768	81408	512	1.186417
217442783232	217442660352	122880	512	1.121599
83990384128	83990264832	119296	512	1.175763
221344107520	221344003584	103936	512	1.043781
53518591488	53518514176	77312	512	7.598006
98797755392	98797682688	72704	512	7.595378
31239866880	31239776256	90624	512	1.357163
130999947264	130999848960	98304	512	1.183513
117129603584	117129506304	97280	512	1.103531
51978607104	51978487296	119808	512	1.025315
192120559616	192120458240	101376	512	7.154259
188808407040	188808331264	75776	512	7.364413
69436556288	69436448256	108032	512	1.232668
129775569408	129775468544	100864	512	5.954510
180712086528	180711966720	119808	512	1.065620
228262932992	228262864896	68096	512	1.165420
202842132480	202842055680	76800	512	7.174030
35906686976	35906573824	113152	512	1.170864
78711115776	78711002624	113152	512	1.230956
124209312256	124209203200	109056	512	7.200281
130012532736	130012430848	101888	512	1.036527
168433805312	168433680384	124928	512	1.207520
194376546816	194376433664	113152	512	1.962587
175267677184	175267577344	99840	512	5.807197
10080838144	10080752640	85504	512	1.184060
85842416640	85842313216	103424	512	7.334161
156093306880	156093218816	88064	512	1.192253
84454943232	84454869504	73728	512	1.161938
71592052736	71591927296	125440	512	1.126172
118305305600	118305225216	80384	512	7.492108
114049574912	114049504768	70144	512	7.550282
115510813184	115510685184	128000	512	6.911253
119661208576	119661085184	123392	512	7.132825
199546021376	199545931776	89600	512	5.843456
175433362432	175433269760	92672	512	7.256428
56007036928	56006937088	99840	512	1.303419
97974358016	97974245376	112640	512	1.178091
24282435072	24282337280	97792	512	1.102179
208773546496	208773424640	121856	512	2.088666
91399155712	91399068672	87040	512	1.056240
6438949376	6438824448	124928	512	1.360961
212163979264	212163907072	72192	512	5.984021
133352582656	133352456704	125952	512	7.014329
125524608000	125524485120	122880	512	7.160310
10458899968	10458771456	128512	512	1.109311
200264430592	200264318976	111616	512	5.571133
173203524608	173203452928	71680	512	7.474291
17187424768	17187316736	108032	512	7.369200
34897309184	34897219072	90112	512	1.118622
194090137088	194090019840	117248	512	5.509206
247407091200	247406968320	122880	512	6.310693
149224080896	149224004608	76288	512	1.134589
47690525184	47690416640	108544	512	7.261446
119144712704	119144590848	121856	512	1.024541
12185994240	12185878016	116224	512	5.940182
244488180736	244488055296	125440	512	6.503106
223930767872	223930682880	84992	512	1.761917
72704512512	72704419840	92672	512	7.442556
186243243008	186243159040	83968	512	7.370935
122459788800	122459696640	92160	512	1.024209
212876483584	212876365824	117760	512	6.778992
113911238144	113911110144	128000	512	7.045706
11567917056	11567792640	124416	512	1.272546
97463225344	97463151616	73728	512	7.564871
245087785472	245087676928	108544	512	1.037765
72414780416	72414650368	130048	512	1.229670
210552121344	210552047616	73728	512	7.225601
194458997760	194458893824	103936	512	1.057758
215464492032	215464401920	90112	512	0.946742
182072680448	182072549376	131072	512	6.783168
246066617344	246066521088	96256	512	1.058436
382275584	382191616	83968	512	0.919986
51396745728	51396649984	95744	512	1.177737
55484536320	55484438016	98304	512	7.404870
245153104896	245153011712	93184	512	5.497373
196611858432	196611745792	112640	512	0.973379
40008919552	40008827392	92160	512	7.310033
161480548352	161480417792	130560	512	1.102036
70178004480	70177907200	97280	512	6.008018
72949572608	72949481984	90624	512	15.705597
144282947072	144282834944	112128	512	1.767484
206064049152	206063920128	129024	512	1.156914
212071640064	212071564288	75776	512	7.320860
162153634304	162153517056	117248	512	1.863190
123754890752	123754767360	123392	512	7.089046
44028931072	44028804608	126464	512	1.071536
71063424000	71063296512	127488	512	7.030750
219766195200	219766100992	94208	512	1.154104
25938464768	25938372608	92160	512	7.429629
130896187392	130896097280	90112	512	0.985741
23477117440	23477029888	87552	512	7.359719
181082653184	181082534400	118784	512	1.070015
15537278976	15537161216	117760	512	7.355484
75033569280	75033451008	118272	512	1.196245
240702147072	240702025728	121344	512	1.025479
49628787712	49628694016	93696	512	1.039245
17297441280	17297339904	101376	512	6.018991
244539560960	244539447808	113152	512	6.581026
109186967040	109186838016	129024	512	0.916895
175541712896	175541596672	116224	512	1.135510
16542050304	16541974016	76288	512	7.565628
31621599744	31621492736	107008	512	7.367567
19977696768	19977618432	78336	512	1.002133
174568378368	174568288768	89600	512	7.399090
235069325312	235069250560	74752	512	1.089047
71568884736	71568817664	67072	512	1.193042
38469883904	38469815808	68096	512	7.668104
46415993856	46415883264	110592	512	1.026486
34375421440	34375291904	129536	512	7.257987
195663661568	195663569408	92160	512	1.071788
174307012096	174306881536	130560	512	1.020337
158275435520	158275353600	81920	512	7.401525
197531536896	197531460096	76800	512	1.719779
26372555264	26372471808	83456	512	1.120604
102243497984	102243395584	102400	512	1.068495
100222914048	100222812672	101376	512	7.344790
56405082112	56405001728	80384	512	1.234264
239114178048	239114104320	73728	512	1.134832
228194022912	228193942016	80896	512	7.141418
107161900032	107161829376	70656	512	1.235905
84605691904	84605583872	108032	512	7.277313
38147231232	38147135488	95744	512	6.046198
207247451648	207247351808	99840	512	7.049701
73431944704	73431856640	88064	512	1.088524
191631999488	191631873024	126464	512	1.190085
32813064704	32812947456	117248	512	7.263087
85251795968	85251670016	125952	512	7.118435
141898718208	141898596864	121344	512	1.065414
179637129216	179637026304	102912	512	1.049590
21036214784	21036110336	104448	512	7.391038
130514674688	130514547712	126976	512	1.058016
163423607808	163423536128	71680	512	7.526844
46216458752	46216388096	70656	512	1.279998
94328660992	94328569856	91136	512	7.469884
159448165888	159448096768	69120	512	7.527450
229937860608	229937757696	102912	512	6.829761
235614939136	235614812160	126976	512	1.046283
77166752256	77166642176	110080	512	7.250645
214979767808	214979650560	117248	512	5.440300
159581255680	159581138944	116736	512	1.074143
219198189568	219198080512	109056	512	5.391401
103427585024	103427457536	127488	512	1.233224
49836376064	49836269056	107008	512	7.319272
140880352256	140880271360	80896	512	1.023591
249490680832	249490566144	114688	512	1.112276
177498925056	177498813440	111616	512	7.000850
205453559296	205453488128	71168	512	1.133753
185162580480	185162487296	93184	512	1.081226
249721732096	249721620480	111616	512	1.076801
67559313920	67559219200	94720	512	1.117783
102137856000	102137747456	108544	512	7.249204
59188560896	59188440064	120832	512	7.191768
240203743232	240203676672	66560	512	1.099429
58028576256	58028466688	109568	512	1.214129
163838725120	163838604800	120320	512	1.086454
18921912832	18921781760	131072	512	1.391268
68274066944	68273989632	77312	512	1.149605
38954941440	38954817536	123904	512	1.150837
64190565376	64190491648	73728	512	7.661244
124392039424	124391947776	91648	512	1.104038
173474660352	173474547712	112640	512	1.060593
194511806464	194511702528	103936	512	1.072986
72583561216	72583494144	67072	512	1.232614
155196022784	155195922432	100352	512	7.278410
216258395648	216258322944	72704	512	7.319298
186700101120	186700017664	83456	512	1.067310
71639173120	71639105024	68096	512	1.344539
174030016512	174029892096	124416	512	6.905619
7108406784	7108284416	122368	512	7.280879
213512159232	213512064000	95232	512	1.121912
3128721920	3128612864	109056	512	6.012645
99097400320	99097269248	131072	512	7.008745
18720977920	18720880640	97280	512	1.850360
17956740608	17956635136	105472	512	1.007168
42451677696	42451586048	91648	512	1.034276
62950763520	62950675456	88064	512	7.511793
131593800704	131593704960	95744	512	1.135219
93433032192	93432949760	82432	512	1.055894
123498517504	123498403328	114176	512	1.189362
194893764096	194893670912	93184	512	1.011768
212249344000	212249259008	84992	512	1.010605
26301912064	26301788160	123904	512	7.246666
102763145216	102763066368	78848	512	1.709813
144997397504	144997283840	113664	512	1.133289
93347796480	93347698176	98304	512	0.980741
61512166400	61512100352	66048	512	1.028418
68683772416	68683689472	82944	512	7.482508
154806699520	154806582784	116736	512	5.751218
199506528768	199506426368	102400	512	7.031853
93131773440	93131700224	73216	512	1.125859
153114553856	153114459136	94720	512	7.277691
113022667776	113022597632	70144	512	7.644238
