base_offset	offset	absdelta	probe_length	millis
7395974656	7395470336	504320	512	53.748918
29167817216	29167399424	417792	512	4.781336
11123985408	11123607552	377856	512	5.173586
80023547904	80023139328	408576	512	3.266471
64036800000	64036496896	303104	512	5.640550
233135067648	233134786560	281088	512	2.962442
93770791424	93770458112	333312	512	1.087077
87364806144	87364455424	350720	512	5.141629
125901003776	125900483072	520704	512	10.189990
186010738176	186010330624	407552	512	10.563667
206678087680	206677823488	264192	512	1.048764
250018802176	250018427392	374784	512	9.333073
86556982784	86556710912	271872	512	5.844302
84415650304	84415344640	305664	512	5.538174
123166401024	123165934592	466432	512	2.607134
162514631680	162514248192	383488	512	4.249139
31130611712	31130235904	375808	512	5.132193
166927598080	166927197696	400384	512	1.113800
229323765760	229323318272	447488	512	9.187259
99448683008	99448273408	409600	512	4.626600
170824781312	170824439808	341504	512	3.253146
139132082176	139131749888	332288	512	5.023196
174994636288	174994263552	372736	512	4.271056
22976292864	22975808000	484864	512	2.974945
76992248320	76991916032	332288	512	3.954904
44585073152	44584808448	264704	512	6.022349
195621449728	195621176320	273408	512	1.115023
113762124288	113761743360	380928	512	4.691131
31762600448	31762088448	512000	512	1.129154
170130975744	170130613760	361984	512	4.729508
211434123264	211433677824	445440	512	9.561905
123822934016	123822410752	523264	512	3.278820
51915422208	51914902016	520192	512	3.796977
77974063616	77973800960	262656	512	4.545732
89336069632	89335673344	396288	512	3.308120
1701412352	1700992000	420352	512	1.248796
158345465344	158345075712	389632	512	2.924854
45318895104	45318501376	393728	512	1.251846
194499254784	194498832384	422400	512	10.311147
113374552064	113374184960	367104	512	4.792419
218065293312	218065008640	284672	512	4.618577
36179234304	36178971136	263168	512	1.271327
139295457792	139295164928	292864	512	4.030651
101176578048	101176312320	265728	512	0.972709
177357660160	177357160448	499712	512	9.610555
139447662080	139447234048	428032	512	1.103465
169405306880	169405003264	303616	512	3.634312
101455621632	101455211008	410624	512	3.178632
152052694016	152052281856	412160	512	1.113746
22702778880	22702512640	266240	512	4.742710
241784650752	241784164352	486400	512	7.952093
105040148480	105039707136	441344	512	1.070306
142916322816	142915874304	448512	512	2.774771
167572236800	167571771392	465408	512	1.104155
118201101312	118200750080	351232	512	4.903809
6809268224	6808877056	391168	512	5.172046
59864137216	59863627264	509952	512	3.943575
58491730432	58491327488	402944	512	4.832505
29663726592	29663272960	453632	512	4.491529
20692432384	20692140544	291840	512	5.910040
24784438272	24783940096	498176	512	4.200986
20119098880	20118594048	504832	512	2.769966
100184848384	100184414208	434176	512	2.972055
20967942656	20967634432	308224	512	1.735879
201508591104	201508276224	314880	512	4.548300
29990723584	29990312448	411136	512	4.865879
235155943424	235155487744	455680	512	10.146349
102173338624	102172866048	472576	512	2.482838
44221740544	44221223424	517120	512	2.609352
194724919296	194724634624	284672	512	3.703565
139976202240	139975780864	421376	512	1.104268
70701734400	70701309440	424960	512	3.211354
190776714240	190776362496	351744	512	1.076923
108754435584	108754014208	421376	512	4.321318
181109525504	181109031936	493568	512	9.581693
116149900800	116149572608	328192	512	3.773466
4301512704	4301137408	375296	512	5.280790
165290954752	165290625024	329728	512	3.466783
95450738176	95450425344	312832	512	5.422057
131606666752	131606188544	478208	512	10.487220
195984009216	195983519744	489472	512	9.368277
141669068800	141668634112	434688	512	1.827038
121973472768	121973037568	435200	512	4.113154
72610805248	72610290688	514560	512	3.834292
248609553920	248609088512	465408	512	7.924567
84103781888	84103273984	507904	512	3.768813
5891561984	5891191296	370688	512	5.302601
156159703552	156159365632	337920	512	3.447763
160383574528	160383239168	335360	512	4.622100
76453624320	76453304832	319488	512	2.093445
42738836992	42738424320	412672	512	1.677316
137351072768	137350566400	506368	512	10.216701
12509008896	12508745728	263168	512	4.749286
41148178944	41147883520	295424	512	4.491499
11115552256	11115088384	463872	512	3.044473
47978433536	47978167808	265728	512	5.991901
235317989888	235317577216	412672	512	9.387838
37424715776	37424246784	468992	512	2.908187
18272846848	18272552960	293888	512	5.866302
48616667136	48616231936	435200	512	3.191875
184173658112	184173365760	292352	512	1.086684
136119499776	136119020544	479232	512	10.484378
88254240256	88253910016	330240	512	5.263233
234714112	234190848	523264	512	4.091646
182003488768	182003028992	459776	512	10.046317
88133553664	88133194752	358912	512	3.708285
36629345792	36628872704	473088	512	2.869193
178652732416	178652300288	432128	512	10.383196
112847740928	112847449088	291840	512	1.705326
195471936512	195471533568	402944	512	10.430695
151994729472	151994235392	494080	512	10.115136
21634584576	21634128384	456192	512	3.212489
139808380416	139808034816	345600	512	4.863202
71937095680	71936713216	382464	512	1.082524
38343966720	38343672832	293888	512	5.749782
184328893440	184328396288	497152	512	9.619378
187327240192	187326848000	392192	512	10.334034
62725829120	62725499392	329728	512	5.357788
106449979904	106449548800	431104	512	1.190844
165908235264	165907909632	325632	512	3.488193
184085014528	184084681728	332800	512	4.572079
141283072512	141282663936	408576	512	19.306550
117279227904	117278815232	412672	512	2.952661
224716939776	224716440576	499200	512	8.464268
213592327168	213591864832	462336	512	10.778802
238594526720	238594006016	520704	512	7.503387
724829184	724557312	271872	512	6.160092
141587926528	141587662848	263680	512	5.637149
228691365888	228690945536	420352	512	9.543378
189642199040	189641892864	306176	512	3.396740
158163080704	158162776576	304128	512	10.383147
9695323648	9694885376	438272	512	3.417715
223598307328	223597936640	370688	512	3.264615
133075361792	133075040768	321024	512	5.149041
186025546752	186025267200	279552	512	3.758666
34187373568	34186972672	400896	512	1.128229
127940775424	127940428800	346624	512	4.951995
11962850304	11962382336	467968	512	3.051286
89905062400	89904699904	362496	512	13.237492
100918788096	100918342656	445440	512	4.242340
172406562816	172406051328	511488	512	9.667796
13656107008	13655720448	386560	512	3.779506
202329947136	202329493504	453632	512	2.760029
171780784640	171780310016	474624	512	3.172465
218665509376	218665004544	504832	512	10.093345
110594498560	110593996800	501760	512	3.620046
3748201472	3747876864	324608	512	1.177492
167378645504	167378124288	521216	512	11.072812
97514983424	97514492416	491008	512	3.818766
159659378176	159658924032	454144	512	10.501625
229928327168	229927926272	400896	512	11.148453
130753654272	130753299456	354816	512	1.155948
30784195584	30783693312	502272	512	2.734847
26667071488	26666664448	407040	512	3.588014
17050655232	17050332672	322560	512	4.239724
160364025856	160363623424	402432	512	4.010829
97261794816	97261354496	440320	512	12.530036
3634878976	3634354688	524288	512	4.110855
73894373888	73893990400	383488	512	3.485132
202341076480	202340773376	303104	512	19.721916
201361771520	201361433600	337920	512	2.860087
147291768832	147291322880	445952	512	3.855485
78068418560	78068063232	355328	512	3.779365
231669863424	231669380608	482816	512	8.368233
178907992064	178907502080	489984	512	9.741582
43992892416	43992425984	466432	512	2.985392
44846470144	44846199808	270336	512	5.995711
140705547776	140705097728	450048	512	2.510518
157791150592	157790876160	274432	512	4.148217
46066469888	46066113536	356352	512	1.225378
98243980288	98243687424	292864	512	5.587650
247792895488	247792395264	500224	512	7.383021
60546974208	60546595328	378880	512	3.677820
247251379200	247250968576	410624	512	8.768373
157058601472	157058146816	454656	512	1.082883
186968192000	186967788544	403456	512	10.680453
101350886912	101350444032	442880	512	2.895581
33501554688	33501285376	269312	512	1.145233
32983991808	32983595520	396288	512	19.749752
135905857024	135905402368	454656	512	4.293028
136738138112	136737638400	499712	512	10.356542
124181780992	124181423104	357888	512	4.834615
27573921280	27573509120	412160	512	4.805835
379901952	379608576	293376	512	1.129086
48555732992	48555282944	450048	512	4.428850
64722253824	64721937920	315904	512	5.550184
238153192960	238152919552	273408	512	4.200427
158339755008	158339277824	477184	512	3.393748
81608263168	81607935488	327680	512	5.319034
12662760448	12662453248	307200	512	5.738587
13541593600	13541188608	404992	512	4.941019
96881512448	96881129472	382976	512	2.020946
176617924608	176617497088	427520	512	3.677642
60004671488	60004306944	364544	512	1.151362
68654455296	68654007808	447488	512	3.007999
235114799616	235114362880	436736	512	2.604256
215234091008	215233702912	388096	512	3.442732
150818186752	150817665536	521216	512	9.821506
185121534464	185121101312	433152	512	3.476615
193974042624	193973633024	409600	512	10.465164
23281808896	23281303552	505344	512	2.772994
200267348992	200266932736	416256	512	10.254635
84343592448	84343328256	264192	512	1.045678
125828443136	125827978752	464384	512	12.087286
23628636672	23628349440	287232	512	5.902518
107734720000	107734374912	345088	512	3.673100
35143362560	35142996992	365568	512	1.175674
6813918720	6813414912	503808	512	2.914595
6249929216	6249638400	290816	512	1.223836
208743067136	208742727680	339456	512	2.691769
20987504640	20986995712	508928	512	2.680487
69164583936	69164285952	297984	512	4.319281
205228974080	205228686848	287232	512	3.432619
140668832768	140668399616	433152	512	2.649853
10189772288	10189438976	333312	512	5.531142
249026936832	249026663424	273408	512	3.986338
223681065984	223680757760	308224	512	1.067219
165846423552	165846027264	396288	512	2.740118
127180886016	127180620800	265216	512	1.269112
136319566336	136319104000	462336	512	10.650332
137929332224	137928813568	518656	512	10.112332
136128327680	136127803904	523776	512	3.172585
203600353280	203599885824	467456	512	9.536568
183903302144	183902928896	373248	512	4.117506
174794400768	174793973760	427008	512	1.122656
42419836416	42419380736	455680	512	3.111632
46149283328	46148833792	449536	512	3.174971
43050331648	43050030592	301056	512	4.351029
232708874752	232708547584	327168	512	3.698279
210749893120	210749537792	355328	512	3.837000
104433610752	104433104896	505856	512	10.423193
161762089472	161761679872	409600	512	1.074105
116945202176	116944687104	515072	512	10.267223
57169333248	57168946688	386560	512	4.945125
118951281152	118950873600	407552	512	3.001639
159504134656	159503664640	470016	512	3.439017
2223710720	2223212032	498688	512	2.951117
125151173120	125150722048	451072	512	1.091978
60626919424	60626601984	317440	512	4.162369
48303519232	48303004672	514560	512	3.862263
232866588672	232866146816	441856	512	8.997385
26583160320	26582709248	451072	512	1.151685
107016530432	107016130048	400384	512	3.229708
29595970048	29595656192	313856	512	1.136712
115776952832	115776443904	508928	512	3.652848
110682882048	110682594304	287744	512	4.210820
30628742144	30628446720	295424	512	4.412511
162692729344	162692435456	293888	512	3.832358
29990296064	29989826560	469504	512	19.462326
226501146624	226500759552	387072	512	7.999079
87867632128	87867203072	429056	512	1.241759
123904776192	123904288256	487936	512	3.623717
109399696896	109399208448	488448	512	1.114529
151625899008	151625510400	388608	512	2.934627
3262897664	3262457856	439808	512	4.781324
246519731200	246519458304	272896	512	4.042403
192349594112	192349257728	336384	512	4.427665
92513103360	92512778240	325120	512	3.986310
70682566656	70682074112	492544	512	2.662395
208008485888	208008148992	336896	512	2.779173
89240128000	89239689728	438272	512	4.393049
91962297856	91961805824	492032	512	2.714087
242554744832	242554256384	488448	512	7.904882
221428560384	221428109312	451072	512	9.340252
111646482432	111646178816	303616	512	5.426911
158821415936	158821149696	266240	512	5.560634
198923217920	198922757120	460800	512	8.316479
180961654272	180961138176	516096	512	9.307707
109043483136	109042994176	488960	512	1.134003
63442753024	63442285568	467456	512	4.171835
55667873280	55667563008	310272	512	4.257899
102925404160	102924969472	434688	512	4.208874
151846949888	151846447104	502784	512	10.035128
90162855424	90162514432	340992	512	3.781019
192628575744	192628242944	332800	512	1.080363
19715041280	19714671104	370176	512	5.235863
192831558144	192831048704	509440	512	9.338564
57794221056	57793776128	444928	512	1.120483
98426450432	98426020864	429568	512	4.341923
21921354752	21920998912	355840	512	1.100482
108991815168	108991405568	409600	512	4.429142
162781771264	162781352960	418304	512	2.740232
141300352000	141299849216	502784	512	1.135521
179373428224	179373004288	423936	512	3.557401
174356510720	174356142592	368128	512	4.291862
129589110784	129588685824	424960	512	4.191318
108158911488	108158589440	322048	512	5.239191
152734553600	152734077952	475648	512	3.418028
33599225344	33598807552	417792	512	4.776496
115757819392	115757321216	498176	512	10.512974
168764396032	168764081664	314368	512	3.526703
98994039296	98993756160	283136	512	5.704866
238894051840	238893592576	459264	512	8.346185
166949024256	166948747264	276992	512	1.078395
168894803456	168894422528	380928	512	4.153221
171839728640	171839457792	270848	512	3.995197
207024894976	207024499712	395264	512	10.399559
215923960320	215923510784	449536	512	9.418246
151581365760	151580941824	423936	512	3.900738
50839346176	50838873600	472576	512	2.922354
219884938240	219884549120	389120	512	3.278673
98433987072	98433593856	393216	512	9.994802
121947687936	121947212800	475136	512	2.576066
209831598592	209831333376	265216	512	3.605178
146117042176	146116699648	342528	512	3.463562
35643287040	35642883584	403456	512	4.897818
74766766080	74766459904	306176	512	5.510283
29532357632	29532020736	336896	512	1.103884
32959883776	32959595008	288768	512	5.825405
85397497856	85397116928	380928	512	4.883992
177399578624	177399105024	473600	512	2.947994
203573706240	203573248000	458240	512	2.872170
183105552896	183105162240	390656	512	3.919008
51606722048	51606362112	359936	512	1.115135
246978830336	246978475008	355328	512	11.025477
141754655744	141754255360	400384	512	1.066794
110529914880	110529626112	288768	512	4.191394
111326450688	111326078976	371712	512	3.433694
235484064768	235483688448	376320	512	8.258640
41464477184	41464019456	457728	512	3.050400
179319626240	179319217152	409088	512	3.752983
41796279808	41795830272	449536	512	3.197668
108316984832	108316676608	308224	512	1.077048
230158145536	230157875712	269824	512	3.129714
42046568960	42046178816	390144	512	5.014755
80687019520	80686523904	495616	512	2.578458
110007798784	110007484416	314368	512	1.111965
38344402432	38344139264	263168	512	5.793415
207184267264	207183870464	396800	512	3.415690
34143492608	34143212544	280064	512	4.570450
206315896832	206315599872	296960	512	4.596900
217393996288	217393657856	338432	512	1.104525
158123484160	158123022848	461312	512	10.515074
109228919808	109228428288	491520	512	10.595642
15624200704	15623781888	418816	512	4.960448
239215815680	239215548416	267264	512	4.292892
194240785408	194240431104	354304	512	4.200415
89623981568	89623606272	375296	512	3.486191
86918803968	86918483456	320512	512	5.536592
97392427520	97392083456	344064	512	3.649393
12354208768	12353837568	371200	512	5.232193
164410251776	164409893376	358400	512	1.059892
95711170560	95710743040	427520	512	1.109956
103564903936	103564432896	471040	512	3.872297
183826761216	183826348544	412672	512	18.819989
144714429952	144713956864	473088	512	10.459742
211728333312	211727953408	379904	512	3.533156
193847703552	193847416832	286720	512	1.728753
79009699840	79009187328	512512	512	3.717576
215327104512	215326614528	489984	512	8.888425
210941940224	210941599744	340480	512	4.010953
144359520256	144359040000	480256	512	3.484569
77395916800	77395606528	310272	512	1.300857
39837012992	39836701696	311296	512	5.637998
57265911808	57265437696	474112	512	2.838676
53127398912	53127100928	297984	512	5.721004
82200126464	82199633408	493056	512	3.818778
130469763072	130469400576	362496	512	4.775221
232287472128	232287183360	288768	512	2.859799
92958957568	92958661632	295936	512	4.214175
51920207360	51919899136	308224	512	1.126347
128305957376	128305543168	414208	512	2.966242
192225520640	192225178624	342016	512	1.121637
207858821120	207858444288	376832	512	3.724342
36651664384	36651220992	443392	512	4.574602
12405090304	12404722176	368128	512	1.185571
143577930240	143577657856	272384	512	5.516504
233648004096	233647693312	310784	512	2.655199
14552791552	14552384512	407040	512	3.571600
240651621376	240651101696	519680	512	7.443896
137381884928	137381378048	506880	512	10.241093
28962988032	28962595328	392704	512	4.993920
233005734912	233005240320	494592	512	8.262222
37363625472	37363118080	507392	512	4.028305
227701169664	227700878336	291328	512	2.983118
77309235200	77308710912	524288	512	10.481574
137058610176	137058134528	475648	512	10.500809
90436408832	90435912704	496128	512	2.592341
152072213504	152071899136	314368	512	5.041496
111678893568	111678547968	345600	512	1.972159
152916551680	152916167680	384000	512	1.163464
166553971200	166553452544	518656	512	2.845458
14848530432	14848053760	476672	512	3.007790
119726512640	119726099456	413184	512	2.902897
119061345280	119060961792	383488	512	1.163616
17422593024	17422117376	475648	512	3.006166
132695951872	132695533056	418816	512	19.322583
10366841344	10366474752	366592	512	5.263935
177003850752	177003344896	505856	512	9.482780
153370532864	153370131968	400896	512	4.169544
17213966848	17213531648	435200	512	4.711403
148522809856	148522439680	370176	512	1.065471
120739590656	120739067904	522752	512	3.359559
71651424768	71651098112	326656	512	5.439396
142246172160	142245875200	296960	512	1.146766
19640897024	19640572416	324608	512	1.168106
4930348544	4930013184	335360	512	5.571215
120178549760	120178132480	417280	512	2.900257
31398121472	31397823488	297984	512	5.806179
165792624128	165792360448	263680	512	1.072001
2201495040	2201125376	369664	512	5.294649
49997765632	49997454336	311296	512	5.600732
122826897408	122826425344	472064	512	2.590837
103288143360	103287792640	350720	512	1.174913
185555424256	185555158528	265728	512	3.940166
33868677632	33868372992	304640	512	5.699443
188731993088	188731665920	327168	512	1.095834
78192540160	78192052224	487936	512	4.029542
108873183232	108872865792	317440	512	3.930848
101914105344	101913806848	298496	512	5.563772
134533976064	134533555200	420864	512	4.156158
190145979392	190145665536	313856	512	4.670551
238352660992	238352364544	296448	512	3.847696
177255511552	177255185920	325632	512	4.657337
7460372480	7459849728	522752	512	2.740348
188302769152	188302251520	517632	512	10.586032
225961816064	225961318400	497664	512	8.488818
43301987328	43301699072	288256	512	5.863575
148348648448	148348243968	404480	512	4.234907
236247703552	236247357952	345600	512	10.328863
9397883904	9397586432	297472	512	5.917481
201524215808	201523866112	349696	512	4.133330
10652215296	10651723776	491520	512	1.262293
146652688896	146652335104	353792	512	3.380544
160858048000	160857531904	516096	512	9.657344
247392020480	247391608832	411648	512	8.737636
110496333824	110495909888	423936	512	2.910472
119234679296	119234365440	313856	512	5.292169
159785993728	159785594368	399360	512	4.152478
32863551488	32863175680	375808	512	5.106141
209228965376	209228600832	364544	512	8.966719
200462647296	200462258176	389120	512	10.581641
47401898496	47401525248	373248	512	3.725220
131296740352	131296464896	275456	512	5.586017
132021910016	132021431808	478208	512	3.625836
155970443776	155970093568	350208	512	3.323544
229176216576	229175876608	339968	512	3.694027
95083369984	95082965504	404480	512	3.219629
33133042688	33132769792	272896	512	1.806956
197144339456	197143847424	492032	512	9.336371
35402609664	35402147328	462336	512	4.428508
6331069440	6330665984	403456	512	5.039762
56727341568	56726904320	437248	512	4.529845
81169349120	81169025536	323584	512	4.026556
243127298560	243126786560	512000	512	7.509941
130971427328	130970991104	436224	512	2.672565
95339611648	95339132928	478720	512	2.565659
201082764288	201082362880	401408	512	10.452355
43107912704	43107522048	390656	512	3.646375
84801117184	84800713728	403456	512	1.214306
67592187904	67591887872	300032	512	5.706153
164546956800	164546460672	496128	512	11.315625
248430640640	248430117376	523264	512	7.036211
103509541888	103509202944	338944	512	1.191434
199185778176	199185451520	326656	512	4.423962
49135979520	49135601152	378368	512	5.048720
21984754176	21984465920	288256	512	4.546365
192806344704	192806069760	274944	512	1.131047
154036357632	154035896832	460800	512	1.741638
182586275840	182585932288	343552	512	3.081828
109947454976	109946950656	504320	512	3.566314
162888334336	162887827968	506368	512	2.918496
158756756480	158756284416	472064	512	10.300390
107436839424	107436546560	292864	512	4.226371
84297711616	84297293824	417792	512	3.212943
243752266752	243751855616	411136	512	9.091579
88560024576	88559761408	263168	512	4.449111
81200855040	81200333824	521216	512	3.684161
2388690432	2388235264	455168	512	3.296637
21931469312	21931185664	283648	512	5.944305
11317701120	11317179392	521728	512	2.613197
215739771904	215739365376	406528	512	1.083186
24962996736	24962479616	517120	512	2.660840
87027201024	87026913280	287744	512	1.267365
45620372480	45619877888	494592	512	2.781868
166067965440	166067591680	373760	512	2.936919
183027628544	183027253248	375296	512	2.720400
59723688960	59723363840	325120	512	4.110454
153367915520	153367570944	344576	512	3.385030
244488592896	244488136192	456704	512	8.362488
9785305600	9784980992	324608	512	5.629316
204485858304	204485560320	297984	512	1.049159
85175771648	85175404032	367616	512	4.991898
157522828288	157522402304	425984	512	2.539905
130210735616	130210338816	396800	512	1.773850
45479986688	45479485952	500736	512	4.190711
242043642880	242043309056	333824	512	10.136930
22199223808	22198910464	313344	512	5.696480
28104085504	28103721984	363520	512	1.149464
121221728256	121221286400	441856	512	4.046837
115593917952	115593641472	276480	512	5.654736
229359615488	229359331840	283648	512	3.101860
123077240320	123076852224	388096	512	4.558541
101875529216	101875112960	416256	512	3.035335
135914705920	135914216448	489472	512	10.404738
218765763584	218765394432	369152	512	10.420519
143579302912	143578930688	372224	512	9.814008
12775436800	12775110656	326144	512	5.629971
162159771648	162159420416	351232	512	4.595353
72777979392	72777507840	471552	512	2.810118
71786937856	71786588672	349184	512	1.246110
49352244224	49351778816	465408	512	2.957847
849696768	849278464	418304	512	1.309058
66515654144	66515161600	492544	512	4.015697
69880077824	69879727104	350720	512	5.210031
40830227456	40829752832	474624	512	19.444879
44439084544	44438753792	330752	512	5.479478
237808133120	237807798784	334336	512	3.294800
91745561600	91745282048	279552	512	4.352983
75046410240	75045892608	517632	512	10.565808
68825797120	68825414656	382464	512	3.590810
235661860864	235661438464	422400	512	9.144158
186119316992	186118886912	430080	512	10.402663
204716919296	204716424192	495104	512	9.171222
219114066944	219113721856	345088	512	2.614440
222295984128	222295587840	396288	512	11.309346
86506532352	86506221056	311296	512	5.486215
200604854784	200604545024	309760	512	4.648484
90298565632	90298183680	381952	512	10.081952
231534444544	231534155776	288768	512	2.873824
165591811072	165591331328	479744	512	10.208234
127093028864	127092510720	518144	512	3.275797
25964199936	25963935744	264192	512	6.103569
56767390720	56767126528	264192	512	6.032641
79602862080	79602418176	443904	512	2.929821
109902639616	109902273024	366592	512	4.844732
127708113408	127707696640	416768	512	4.284359
61040784384	61040429568	354816	512	1.039099
86446987264	86446619648	367616	512	3.577710
191205718528	191205305856	412672	512	10.494789
44435022336	44434542080	480256	512	1.281757
214273299456	214272837120	462336	512	9.427179
195630683648	195630400000	283648	512	4.927356
70039375872	70039080448	295424	512	1.170041
246805571072	246805084160	486912	512	7.570110
47547408384	47547050496	357888	512	5.290876
41256002048	41255645696	356352	512	1.165349
215012045824	215011736064	309760	512	4.422249
42526415360	42526076416	338944	512	5.490606
173783661056	173783325696	335360	512	1.102810
148215446528	148214959616	486912	512	18.565670
165030257664	165029900288	357376	512	4.446832
128569252352	128568791040	461312	512	3.846601
184830427648	184830130176	297472	512	3.568953
118649217536	118648902656	314880	512	3.901210
79237767680	79237427200	340480	512	5.260850
163829360128	163828865536	494592	512	9.985827
139367806464	139367398912	407552	512	1.139473
68859205120	68858807296	397824	512	1.139708
72918347264	72917924864	422400	512	4.147879
127226397184	127225926144	471040	512	2.638346
206175623168	206175186432	436736	512	11.253417
39929370624	39928995840	374784	512	5.158294
193518782464	193518408704	373760	512	3.983725
105274206720	105273913856	292864	512	4.169468
53191673856	53191387648	286208	512	5.774887
110478460928	110478051328	409600	512	3.104655
225521946112	225521456640	489472	512	8.610656
104940822528	104940437504	385024	512	3.257525
27326588416	27326075392	513024	512	1.957706
83511010304	83510606336	403968	512	1.215709
238021108224	238020830208	278016	512	2.734472
58078929920	58078410752	519168	512	2.624890
124153434624	124152940032	494592	512	10.431341
167722356224	167721834496	521728	512	8.260952
138256147456	138255850496	296960	512	5.364927
131452524032	131452189696	334336	512	1.092616
52258171392	52257907712	263680	512	6.035097
127036319232	127035916288	402944	512	4.459305
64067768832	64067321344	447488	512	2.996537
143807386624	143806867456	519168	512	3.122764
71632850944	71632342016	508928	512	2.565362
13957549056	13957207040	342016	512	4.120534
202747932672	202747431936	500736	512	2.685324
8696487936	8696037888	450048	512	3.300506
19850748416	19850403328	345088	512	4.090581
34214092288	34213720576	371712	512	3.790885
34990766592	34990409216	357376	512	5.276296
185509124608	185508701696	422912	512	10.465801
98935899136	98935438848	460288	512	2.751781
229342928896	229342534656	394240	512	9.885255
111108723200	111108409856	313344	512	1.100752
200369586176	200369116160	470016	512	2.714726
127955317248	127954823168	494080	512	1.113610
218179669504	218179358720	310784	512	2.927152
129694840320	129694439424	400896	512	3.059859
52697937408	52697443840	493568	512	1.158423
180044205568	180043725824	479744	512	9.819081
129241155584	129240870400	285184	512	4.173113
235617290752	235616900096	390656	512	9.744467
182120413184	182120150016	263168	512	1.145882
197364750336	197364300800	449536	512	9.866054
163200684544	163200334336	350208	512	3.240651
20084230656	20083783680	446976	512	3.235044
211901629952	211901161984	467968	512	9.315836
240444509696	240444073472	436224	512	8.669037
206652516352	206652108800	407552	512	10.238807
2756777984	2756306944	471040	512	4.530690
89852871680	89852517888	353792	512	5.059488
70802478080	70802136064	342016	512	3.942067
29003238400	29002878976	359424	512	3.905516
124808294912	124807930368	364544	512	4.775855
148292562432	148292084224	478208	512	10.412895
85245584896	85245124096	460800	512	2.797777
157489429504	157489060352	369152	512	4.492200
209912667136	209912375808	291328	512	1.155221
4377191936	4376712192	479744	512	4.449860
22069609472	22069307392	302080	512	5.773730
128047627264	128047157760	469504	512	3.784141
244819276288	244818860544	415744	512	8.916446
140325047296	140324524032	523264	512	3.195978
151956754944	151956332544	422400	512	3.897237
39411460096	39411159552	300544	512	1.133725
24151364608	24150857216	507392	512	2.732036
17245175808	17244665856	509952	512	4.106592
160538807296	160538345472	461824	512	10.283158
141865001472	141864582656	418816	512	4.096332
236916721152	236916382720	338432	512	10.426216
43291172864	43290699776	473088	512	3.998772
11658499072	11658046464	452608	512	4.564049
86690039808	86689707008	332800	512	3.950829
230107153408	230106689024	464384	512	8.673821
131915976192	131915662848	313344	512	1.044449
154051553792	154051126784	427008	512	3.879826
175324462592	175324125184	337408	512	4.636585
148484223488	148483960320	263168	512	4.188335
76765948416	76765621760	326656	512	3.987901
168104012800	168103593472	419328	512	2.613531
137543098368	137542764032	334336	512	1.113737
173049170432	173048878080	292352	512	5.061674
130601021952	130600607744	414208	512	4.210286
140714228736	140713899008	329728	512	3.590977
132461998080	132461641216	356864	512	1.136810
93816074752	93815752704	322048	512	5.322513
93353609216	93353131520	477696	512	3.945624
224083941888	224083487744	454144	512	9.071492
53238115840	53237678592	437248	512	4.543940
55614490112	55614104576	385536	512	20.134004
183982869504	183982581248	288256	512	3.723159
160271025664	160270725120	300544	512	5.207049
244200093696	244199616512	477184	512	8.049732
19207014400	19206630912	383488	512	5.198839
220539362816	220539091456	271360	512	4.758320
129236975104	129236549120	425984	512	2.827809
121819459584	121819080704	378880	512	4.643258
219588032512	219587682816	349696	512	2.676778
123606547968	123606219264	328704	512	3.782706
115674162688	115673692672	470016	512	2.640091
163928929792	163928624128	305664	512	5.048713
238475687424	238475239936	447488	512	9.888870
20826884608	20826391552	493056	512	2.888739
232316377600	232315911680	465920	512	8.769032
213852547584	213852126208	421376	512	8.291533
211195199488	211194883072	316416	512	4.327924
190874551296	190874146816	404480	512	1.116020
79455164928	79454718976	445952	512	2.917078
106997508608	106997011968	496640	512	3.623225
134839064576	134838550528	514048	512	10.144309
50793540608	50793183232	357376	512	2.017251
118048631296	118048188416	442880	512	2.653331
241363900416	241363467264	433152	512	8.704473
138966777344	138966360064	417280	512	4.199153
122356768768	122356253184	515584	512	18.483182
37885593088	37885234176	358912	512	5.266063
246743487488	246743092224	395264	512	8.998636
138501108224	138500656128	452096	512	2.564780
79688139776	79687752192	387584	512	4.815459
5664772096	5664284160	487936	512	3.025804
51096739328	51096324096	415232	512	4.722113
33839034880	33838514688	520192	512	2.543780
7060034560	7059765760	268800	512	1.254409
192705660928	192705321472	339456	512	1.166908
172417659904	172417396224	263680	512	5.360868
5278892032	5278368256	523776	512	4.070598
223238042112	223237719552	322560	512	12.058068
176959802368	176959332352	470016	512	9.945026
969078784	968580608	498176	512	2.940381
194338012160	194337648640	363520	512	1.183554
227666123776	227665804288	319488	512	2.697996
182033866240	182033346560	519680	512	2.812126
89163246080	89162881536	364544	512	4.992252
148826646016	148826310144	335872	512	4.937699
199400068096	199399775744	292352	512	4.803706
235742608896	235742088192	520704	512	7.917398
113898777088	113898488320	288768	512	1.142343
107887172608	107886700544	472064	512	1.196669
78910896640	78910491136	405504	512	3.282602
129980738560	129980233216	505344	512	3.458612
163615200768	163614766080	434688	512	3.719406
14724481024	14724068864	412160	512	3.511765
71439396352	71439098368	297984	512	5.695284
80462653440	80462276608	376832	512	3.470668
23508447744	23508005888	441856	512	3.282873
476828160	476507648	320512	512	1.026139
74135728128	74135332352	395776	512	4.694363
207506690048	207506392576	297472	512	1.175820
193982191616	193981848064	343552	512	2.954774
121700545024	121700184576	360448	512	3.465939
65192230400	65191891968	338432	512	5.296402
159243486720	159243054592	432128	512	2.652386
111283875328	111283572224	303104	512	5.421952
119026982400	119026679296	303104	512	3.999775
170017978880	170017688576	290304	512	5.156634
190087547392	190087258624	288768	512	3.526536
140587053568	140586569216	484352	512	10.458105
112774682624	112774371328	311296	512	5.345101
94122419200	94122004480	414720	512	3.146420
156103801344	156103507968	293376	512	1.076978
201802629632	201802364416	265216	512	3.692524
40977817600	40977398784	418816	512	4.804588
133879339520	133878988288	351232	512	4.849489
222384502784	222384024064	478720	512	10.119402
164310892544	164310428160	464384	512	10.282049
2436092928	2435697152	395776	512	1.203327
162415812608	162415548928	263680	512	4.150766
136646419456	136645934592	484864	512	3.549083
104082016768	104081688576	328192	512	5.197202
46658476032	46658201088	274944	512	4.592605
238408626688	238408310272	316416	512	3.527637
12475891200	12475416064	475136	512	4.401241
232115364864	232115082240	282624	512	4.312467
51295324160	51294972416	351744	512	1.164752
213509296128	213508885504	410624	512	10.033199
52973257728	52972906496	351232	512	3.347655
66820524544	66820164096	360448	512	5.166925
119942678016	119942281728	396288	512	3.107703
175727353344	175727036416	316928	512	4.863768
44383459840	44383182336	277504	512	4.581585
223564357120	223564024320	332800	512	2.673423
40053436416	40052995072	441344	512	3.197787
212935792640	212935462400	330240	512	4.149882
119689722880	119689306112	416768	512	4.283030
186950868480	186950374400	494080	512	2.988288
151838419456	151837899776	519680	512	1.135068
101461532672	101461048832	483840	512	1.109600
154330114560	154329836032	278528	512	5.397827
23071198720	23070714880	483840	512	1.290627
201800929280	201800526848	402432	512	10.275266
57156736512	57156319744	416768	512	1.074689
214098159616	214097871360	288256	512	1.130559
62835026432	62834691072	335360	512	1.217639
193930060800	193929677312	383488	512	3.667056
26443053568	26442629632	423936	512	1.236575
64987574784	64987095552	479232	512	2.731931
25300538368	25300195328	343040	512	1.161780
125531227136	125530730496	496640	512	10.446226
45855656448	45855249408	407040	512	4.864571
40842766848	40842276864	489984	512	2.836887
165570964480	165570555904	408576	512	2.689922
211258881024	211258499584	381440	512	10.405579
128022513664	128022245376	268288	512	5.693277
140809703424	140809218048	485376	512	10.406093
148543533056	148543099392	433664	512	2.664668
63082024960	63081562112	462848	512	2.820222
18225755136	18225321984	433152	512	4.740634
247261774336	247261407232	367104	512	2.677994
140582855168	140582404096	451072	512	2.689039
57757923328	57757541888	381440	512	4.987821
130690952192	130690673152	279040	512	1.040657
69791113728	69790815744	297984	512	5.400021
29907010048	29906515968	494080	512	2.773180
207319109632	207318809088	300544	512	1.740383
228759393280	228758899200	494080	512	8.556592
116252127232	116251684352	442880	512	10.541952
141207678976	141207215104	463872	512	3.583517
63068279808	63067895296	384512	512	3.551633
102886721536	102886265344	456192	512	4.006529
73636146176	73635836416	309760	512	4.127632
32036588032	32036194816	393216	512	3.616616
181217863680	181217591808	271872	512	3.862304
108404697088	108404237312	459776	512	2.589735
213852829184	213852504576	324608	512	4.197158
22207468032	22207021568	446464	512	4.611887
102210225664	102209704960	520704	512	11.583510
182756169728	182755763200	406528	512	10.612186
131707513856	131707124736	389120	512	4.473760
194253400064	194253137408	262656	512	3.883174
83769119744	83768742912	376832	512	4.923504
102710170624	102709710336	460288	512	2.612977
168944791552	168944386048	405504	512	2.581888
154158566400	154158298624	267776	512	5.517584
174171057664	174170660352	397312	512	3.994767
250953216	250561024	392192	512	1.012713
209118880256	209118605312	274944	512	20.003439
35325352960	35324858368	494592	512	1.125648
225690179072	225689825792	353280	512	10.426716
186597717504	186597220864	496640	512	9.672444
194601951232	194601658880	292352	512	1.166328
208556472832	208556021248	451584	512	9.508851
159494073344	159493665280	408064	512	4.075607
197019171840	197018889728	282112	512	3.558897
67336702976	67336212480	490496	512	2.649144
231300982272	231300548096	434176	512	9.139738
152189800448	152189337088	463360	512	10.419127
40723222016	40722785280	436736	512	1.295825
230280160768	230279651328	509440	512	8.040084
211051905024	211051561472	343552	512	3.998631
117401763840	117401342976	420864	512	2.882986
128135360000	128134890496	469504	512	2.696286
149981441536	149980929024	512512	512	9.986209
71805314560	71804839936	474624	512	2.781159
188294569472	188294255616	313856	512	4.677959
135285586944	135285305344	281600	512	4.168242
218535559680	218535289344	270336	512	1.106195
37562006528	37561670144	336384	512	5.381842
30360422912	30360117760	305152	512	4.323123
228901811712	228901512704	299008	512	3.924649
184777819648	184777479168	340480	512	4.489814
63840500736	63840015360	485376	512	2.658263
34294268928	34293840384	428544	512	4.690555
202768006656	202767583232	423424	512	3.511527
114700097024	114699735552	361472	512	3.522896
34773568512	34773269504	299008	512	2.030731
216249051648	216248728064	323584	512	4.134764
189343151104	189342725120	425984	512	3.373617
120612049408	120611682304	367104	512	3.385835
97098598912	97098264576	334336	512	5.223311
240210361856	240209946624	415232	512	8.987474
112664008704	112663669760	338944	512	3.736256
48645512704	48645122560	390144	512	3.181655
153724933120	153724571136	361984	512	4.558031
48503332864	48502857728	475136	512	4.207476
54184749568	54184292352	457216	512	2.994110
73797457408	73796995072	462336	512	4.191326
218045639680	218045355520	284160	512	3.260846
202167898112	202167624704	273408	512	3.676417
181739997184	181739576832	420352	512	3.625084
13770210304	13769854976	355328	512	1.101785
5418086400	5417691136	395264	512	3.687876
54967241728	54966874624	367104	512	3.728600
20758983680	20758590976	392704	512	3.767617
222073147392	222072652800	494592	512	9.883079
174643028992	174642563072	465920	512	10.173910
89745987072	89745590784	396288	512	3.307624
54967512576	54967237120	275456	512	0.959521
236002619392	236002230784	388608	512	9.384980
229400921088	229400653824	267264	512	4.649563
12294032896	12293508608	524288	512	2.643793
38998602752	38998239232	363520	512	3.830018
242290621952	242290289664	332288	512	3.335747
32154284544	32153797632	486912	512	4.215038
102539072512	102538681856	390656	512	1.129146
65683433984	65683137536	296448	512	4.318958
182259972608	182259613696	358912	512	2.911840
176485600256	176485097984	502272	512	9.791739
152386962944	152386541568	421376	512	2.591371
218889595904	218889095168	500736	512	8.730583
102437356544	102436986880	369664	512	1.105850
26213012992	26212535808	477184	512	3.008800
182692693504	182692305920	387584	512	2.568573
116259666944	116259313664	353280	512	2.140384
29694925824	29694659584	266240	512	6.060135
65478495232	65478050816	444416	512	3.055684
92211475456	92211153920	321536	512	3.991843
48589428736	48589017600	411136	512	3.402255
113675640832	113675166208	474624	512	2.502096
80730992640	80730555392	437248	512	19.540161
173374205440	173373818368	387072	512	4.114933
214026207744	214025893888	313856	512	1.104028
91876561408	91876188672	372736	512	4.882668
41434579456	41434091520	487936	512	2.806897
186550802432	186550447616	354816	512	4.318413
195088906752	195088549888	356864	512	4.161492
245869383680	245868866560	517120	512	7.113196
168644780032	168644412928	367104	512	2.965755
698879488	698490880	388608	512	1.148324
76476792832	76476482560	310272	512	5.505466
164112670208	164112385024	285184	512	1.103700
155298343936	155297842688	501248	512	10.022276
9911693824	9911303168	390656	512	5.154607
34032358400	34032020480	337920	512	5.457602
11861399552	11861033984	365568	512	5.287225
54526928384	54526661632	266752	512	5.974730
153785295360	153784771072	524288	512	9.797005
218791564288	218791222784	341504	512	2.753588
21627191296	21626925568	265728	512	4.738190
46390423040	46390070272	352768	512	5.258269
15161164288	15160865792	298496	512	4.609683
164287652352	164287166976	485376	512	17.987101
72111601152	72111319552	281600	512	1.079592
69869298176	69868899328	398848	512	3.445858
126053010944	126052610560	400384	512	4.468462
115353918976	115353510400	408576	512	9.901833
48634435584	48634121216	314368	512	5.575742
50565129216	50564692480	436736	512	3.157614
7522797568	7522327040	470528	512	3.173955
109970204160	109969929216	274944	512	1.124369
87419841024	87419443712	397312	512	1.215095
239568958464	239568458240	500224	512	7.676894
86931197440	86930787328	410112	512	3.249024
10706738688	10706359296	379392	512	5.144073
111046026752	111045726208	300544	512	5.450172
115374985728	115374626304	359424	512	3.515585
26523730944	26523216896	514048	512	2.696586
149810520576	149810027520	493056	512	10.189224
49751486976	49751036928	450048	512	3.057219
106114341888	106113901568	440320	512	2.802959
237143295488	237142873088	422400	512	8.874486
184105112064	184104594944	517120	512	2.769069
33911188480	33910834176	354304	512	1.252015
226255369216	226254855168	514048	512	8.257804
34348930048	34348500480	429568	512	4.548296
232198607360	232198123008	484352	512	8.398803
147182440960	147182132736	308224	512	5.202008
194652781056	194652299776	481280	512	2.776121
13292007936	13291701760	306176	512	5.757639
1580416512	1580120064	296448	512	5.888637
154177979904	154177634816	345088	512	19.577103
23225355776	23224979968	375808	512	5.205416
179538156544	179537678336	478208	512	9.864785
148100413440	148100033536	379904	512	3.120227
19865937920	19865571840	366080	512	3.953640
227680292352	227679930880	361472	512	10.308533
205186561024	205186106368	454656	512	9.671295
161248747520	161248242688	504832	512	2.992766
55494727168	55494454272	272896	512	4.560458
203308121088	203307782144	338944	512	2.818666
13142522368	13142254592	267776	512	6.069536
38735377920	38735067136	310784	512	5.676029
63511777792	63511286272	491520	512	2.723241
159981279232	159980937216	342016	512	3.413426
91355688448	91355344896	343552	512	1.232465
69328697344	69328211456	485888	512	2.734490
189512981504	189512712704	268800	512	3.869473
57114190336	57113918464	271872	512	4.550379
216607895040	216607573504	321536	512	4.191829
242224588800	242224180736	408064	512	9.098848
174931276800	174930853376	423424	512	3.655750
23610390528	23609967104	423424	512	4.801831
209736416256	209736050688	365568	512	10.599358
107849926144	107849423360	502784	512	3.574242
165440002048	165439538176	463872	512	18.553918
141476167168	141475861504	305664	512	1.157615
167844173824	167843664896	508928	512	9.833529
130755203072	130754793472	409600	512	4.260458
215845022720	215844730368	292352	512	4.600178
1996206080	1995731456	474624	512	3.121016
58675438080	58674916352	521728	512	2.635383
133359725056	133359301632	423424	512	2.774987
122999319552	122998985728	333824	512	3.728572
169000013312	168999573504	439808	512	11.694307
143558301696	143557995520	306176	512	3.876874
31419592704	31419277312	315392	512	5.663854
221939546112	221939186176	359936	512	8.702795
150421134336	150420769280	365056	512	1.172392
215637416960	215637129728	287232	512	4.593185
213393424896	213392913920	510976	512	8.794112
68578046976	68577644032	402944	512	4.786521
83747984896	83747702784	282112	512	4.327414
6683028992	6682530304	498688	512	4.288251
69468333056	69467945472	387584	512	3.531798
171883355136	171882859008	496128	512	9.851831
250040114688	250039627776	486912	512	7.555954
2792435200	2791986688	448512	512	4.743529
18761347584	18760845312	502272	512	4.179755
185152541184	185152262656	278528	512	3.822948
138015470080	138014982656	487424	512	10.358552
161175583232	161175151616	431616	512	3.209092
19357044224	19356549120	495104	512	2.843285
210583950848	210583513088	437760	512	2.953364
177344861696	177344545280	316416	512	4.764629
31379125248	31378643968	481280	512	4.312724
86006814720	86006547456	267264	512	1.007874
24881554944	24881071104	483840	512	2.951541
63233050112	63232649728	400384	512	4.849392
3862813696	3862446080	367616	512	3.944078
206536650752	206536143872	506880	512	10.274581
12457706496	12457389568	316928	512	5.654010
104558248960	104557871104	377856	512	4.708998
149565460992	149565075456	385536	512	4.403461
5133620224	5133159936	460288	512	4.539034
222075719680	222075355648	364032	512	10.258510
144272993792	144272580096	413696	512	2.785985
180663079936	180662774272	305664	512	3.518653
111929771520	111929348608	422912	512	2.957870
15077665280	15077401088	264192	512	6.109665
214204131328	214203721728	409600	512	9.984469
129220633600	129220210176	423424	512	2.877549
241171162624	241170866688	295936	512	1.032731
41891975680	41891532288	443392	512	3.192159
107019152896	107018755584	397312	512	3.189470
244210803200	244210425856	377344	512	8.115167
8572146176	8571640832	505344	512	2.863693
174344463872	174344053760	410112	512	3.855155
188060639744	188060229120	410624	512	10.452320
175817264128	175816931328	332800	512	1.918529
193919175680	193918747136	428544	512	10.238872
149437990912	149437662208	328704	512	5.034202
77982909440	77982558720	350720	512	5.140289
40062060032	40061739008	321024	512	5.579117
121871873024	121871512064	360960	512	4.793433
214915405824	214914912256	493568	512	9.011476
72782893568	72782512128	381440	512	4.942037
129976134656	129975759360	375296	512	1.081379
7768730112	7768395264	334848	512	1.249737
216968500224	216968087040	413184	512	2.928478
187311844864	187311439872	404992	512	10.511500
171067031552	171066633728	397824	512	3.956647
214962810368	214962427392	382976	512	3.489731
43589901824	43589518848	382976	512	5.091218
211242637312	211242184192	453120	512	9.558154
244859691008	244859401216	289792	512	3.960769
102560718336	102560311296	407040	512	2.906376
70015170048	70014866432	303616	512	4.174166
116614434816	116614137344	297472	512	5.420362
203489161216	203488683520	477696	512	2.765462
80531340288	80530899968	440320	512	4.350624
126406589440	126406249472	339968	512	3.630964
184999384064	184999020032	364032	512	2.857585
217309088768	217308750848	337920	512	3.926808
219889387520	219889003520	384000	512	3.359278
136940555776	136940031488	524288	512	3.152547
141045810688	141045519360	291328	512	4.075295
3868014080	3867585536	428544	512	3.483557
168448614400	168448212480	401920	512	19.196599
41254670336	41254304768	365568	512	3.835837
240064611840	240064236544	375296	512	9.550234
30204570624	30204050944	519680	512	3.925500
66321647616	66321382912	264704	512	1.002443
201904209408	201903920128	289280	512	0.987359
244133024768	244132638720	386048	512	9.431508
23259820544	23259307520	513024	512	4.104427
99305683968	99305416192	267776	512	1.228523
232975857664	232975529984	327680	512	10.508346
121837039104	121836551680	487424	512	3.652806
206014309376	206013867520	441856	512	9.839283
139540971008	139540658688	312320	512	3.867453
127116976640	127116461568	515072	512	10.250511
234786510336	234786190848	319488	512	9.220767
21133566976	21133228544	338432	512	4.090977
90037677056	90037377024	300032	512	5.530076
237452883968	237452394496	489472	512	7.913979
22544763904	22544325632	438272	512	4.698981
153096974336	153096476672	497664	512	3.195270
142444029952	142443766272	263680	512	4.267078
64024738816	64024454144	284672	512	1.109986
160614535168	160614050816	484352	512	10.075428
196010347008	196010050048	296960	512	4.798076
115274543616	115274044928	498688	512	3.609741
66736180736	66735723520	457216	512	4.285601
69445033984	69444674560	359424	512	5.178645
164988048384	164987623424	424960	512	3.823906
126818658816	126818276864	381952	512	4.620351
130511580160	130511064576	515584	512	11.507911
14830731264	14830373888	357376	512	1.174177
247899293696	247898773504	520192	512	7.071166
129007366144	129006895616	470528	512	2.572858
57691699200	57691337728	361472	512	4.884105
159934491136	159933979136	512000	512	1.123231
13308021760	13307667456	354304	512	5.364016
37770691072	37770418176	272896	512	5.926100
208488829440	208488408064	421376	512	3.064798
174119560192	174119097856	462336	512	10.129391
24966593536	24966240256	353280	512	5.388578
104651153920	104650807296	346624	512	3.651428
201976797696	201976463360	334336	512	9.441877
11378854912	11378482688	372224	512	5.206684
107879840256	107879422464	417792	512	1.121800
130350551040	130350089216	461824	512	1.159298
154006671360	154006276096	395264	512	2.855199
178206834688	178206428672	406016	512	3.776070
237757400576	237756950016	450560	512	9.775261
93125782016	93125261824	520192	512	10.418428
30550118912	30549612544	506368	512	2.633807
249782600192	249782266880	333312	512	9.978981
47160147968	47159795200	352768	512	5.331806
128104174592	128103882240	292352	512	5.402790
239831384576	239830947328	437248	512	10.052729
61132967936	61132517888	450048	512	3.107110
1303062016	1302642176	419840	512	3.557309
170103253504	170102917632	335872	512	3.303314
152861253120	152860769280	483840	512	3.318896
135091047936	135090652160	395776	512	3.076220
103623678464	103623388160	290304	512	4.198214
203145415680	203144994816	420864	512	2.756803
69306550784	69306134528	416256	512	3.289363
118324983808	118324519424	464384	512	3.827265
66057370624	66056979456	391168	512	3.514563
65194180096	65193862144	317952	512	1.252307
97950704128	97950436352	267776	512	4.490367
229650591744	229650164224	427520	512	9.455679
25086913536	25086420992	492544	512	2.867824
78568422400	78568100352	322048	512	5.398101
4999874560	4999411200	463360	512	3.245014
98841990144	98841672704	317440	512	1.817640
249153521664	249153025536	496128	512	7.471475
1958389760	1957923328	466432	512	4.557567
68637367296	68636985856	381440	512	4.966459
14351099904	14350801920	297984	512	1.162066
143002898944	143002594816	304128	512	3.911243
184195301888	184194780672	521216	512	9.366849
174024711168	174024263168	448000	512	10.323088
191362975744	191362573312	402432	512	8.917733
185327200768	185326858752	342016	512	4.461519
184465558016	184465038848	519168	512	9.400990
46790650880	46790218240	432640	512	3.263663
178041181696	178040912384	269312	512	4.016631
111212523520	111212012032	511488	512	10.373642
238217518592	238217025536	493056	512	7.789786
135795378176	135794877952	500224	512	10.289964
86948868608	86948542976	325632	512	3.957288
51800375808	51800054784	321024	512	5.542405
83854360576	83854015488	345088	512	3.838212
80247631872	80247211008	420864	512	3.164539
60332694016	60332352000	342016	512	1.201200
26098655744	26098196480	459264	512	4.507201
242778828800	242778328064	500736	512	7.745691
215663249408	215662759936	489472	512	8.900313
85948674048	85948323840	350208	512	3.796267
113013010432	113012576768	433664	512	1.182120
110124076032	110123738624	337408	512	1.175957
103997082624	103996737024	345600	512	3.693055
78961865728	78961481728	384000	512	4.865175
34458872832	34458463744	409088	512	4.860717
79914104832	79913692672	412160	512	3.231130
148406615552	148406199808	415744	512	11.449491
146662540800	146662196224	344576	512	3.505961
125961090048	125960671744	418304	512	2.933655
159350403072	159349906944	496128	512	3.196512
79971032576	79970693632	338944	512	3.886001
12259304448	12258908672	395776	512	4.074557
118803376640	118802883584	493056	512	10.463742
27088786432	27088295936	490496	512	12.393517
147182717440	147182307328	410112	512	1.177355
191394091008	191393782272	308736	512	4.731073
78499048960	78498643968	404992	512	1.217964
61437257728	61436829696	428032	512	3.234571
34883011584	34882611712	399872	512	20.082888
94677912064	94677403648	508416	512	44.900795
14431444480	14431127040	317440	512	5.670386
220254373888	220253901312	472576	512	9.112492
198298340352	198297867776	472576	512	9.629513
247001403904	247000899584	504320	512	7.286779
142249254400	142248860160	394240	512	1.145110
111942620672	111942356480	264192	512	1.234455
17239409152	17239010816	398336	512	5.007594
211227805184	211227475968	329216	512	4.043538
192561162752	192560887296	275456	512	5.111368
214391837184	214391477760	359424	512	2.695219
100372825088	100372353024	472064	512	2.619477
206801971200	206801694208	276992	512	4.934400
152323015680	152322629120	386560	512	3.003366
195358620672	195358353920	266752	512	5.150406
97611159040	97610825216	333824	512	5.237813
191077799936	191077418496	381440	512	2.112790
63916468736	63916101632	367104	512	1.143441
166708662784	166708250624	412160	512	3.952015
78008308736	78007900160	408576	512	4.602449
224933344768	224932932096	412672	512	9.676046
101986525184	101986144256	380928	512	3.323801
134112794112	134112489472	304640	512	5.283358
182204014080	182203677184	336896	512	4.486959
128411639808	128411367424	272384	512	1.279333
64923558400	64923228160	330240	512	1.177700
142607452160	142607082496	369664	512	3.213002
248745072640	248744658944	413696	512	10.059593
83668343296	83667825152	518144	512	10.555138
66864845312	66864335872	509440	512	2.494658
175410128384	175409750528	377856	512	2.842088
2869116416	2868707840	408576	512	3.656865
75953233408	75952969216	264192	512	5.909262
117433290240	117432863232	427008	512	2.835964
130219823616	130219330560	493056	512	10.482044
21393912320	21393425920	486400	512	2.927357
52765192704	52764730880	461824	512	4.317343
186053835264	186053457408	377856	512	4.086166
167131433984	167130947584	486400	512	10.071065
13844222976	13843805696	417280	512	4.864021
245631964160	245631475712	488448	512	7.295598
57148903936	57148639744	264192	512	1.104177
239538967552	239538577408	390144	512	7.950988
94245675520	94245310464	365056	512	1.067586
223811854848	223811347968	506880	512	9.727562
162135169024	162134658048	510976	512	2.902432
203144899072	203144399872	499200	512	9.153753
80161316352	80160953856	362496	512	5.039623
99686194688	99685774848	419840	512	4.464551
202465364480	202464867840	496640	512	10.536029
220579900416	220579447296	453120	512	9.357236
100218497024	100218054144	442880	512	2.877731
206794860032	206794469376	390656	512	10.444817
115549235712	115548719616	516096	512	10.339431
138915822592	138915537408	285184	512	5.495256
175420456960	175420080640	376320	512	1.154993
101082177024	101081856000	321024	512	5.365969
129321818624	129321348608	470016	512	3.791743
182672341504	182672051712	289792	512	3.647488
14210532864	14210206208	326656	512	4.236065
229078221312	229077715456	505856	512	8.445971
117708043264	117707651072	392192	512	4.503496
156657058816	156656690176	368640	512	3.103533
248014862336	248014404608	457728	512	8.033974
120297542656	120297219584	323072	512	3.819498
201054215680	201053900800	314880	512	3.192500
87019011584	87018719232	292352	512	4.277767
94030927872	94030518272	409600	512	3.196894
75624067584	75623738368	329216	512	5.346215
205309162496	205308760576	401920	512	3.381625
7359390720	7358903296	487424	512	4.394318
124184667648	124184190976	476672	512	10.606061
1037737984	1037443072	294912	512	4.499983
150218250240	150217825792	424448	512	3.924555
145199413248	145199082496	330752	512	4.946519
37489410048	37489111552	298496	512	1.105846
220118899200	220118514688	384512	512	10.198637
229809367552	229809083904	283648	512	4.463558
154890303488	154889793024	510464	512	11.306672
133879154688	133878853120	301568	512	5.266170
62568301056	62567932928	368128	512	5.093648
74200123904	74199849472	274432	512	5.821719
214707480064	214707207168	272896	512	4.851942
210150350336	210149832704	517632	512	8.707455
24330344448	24330065920	278528	512	5.971930
193683846656	193683548160	298496	512	3.498724
154723369472	154723062784	306688	512	0.995171
93044761088	93044435968	325120	512	5.331035
83745372672	83744962048	410624	512	4.651593
73355440128	73355051008	389120	512	4.879245
180903562240	180903180288	381952	512	1.047662
99823587840	99823307264	280576	512	1.020708
206601439744	206601166848	272896	512	3.639396
17037539328	17037091840	447488	512	3.218222
98208441344	98208172032	269312	512	4.443172
73750237696	73749820416	417280	512	3.194538
88800684032	88800261120	422912	512	4.450572
246653537792	246653162496	375296	512	9.207768
177701259264	177700995584	263680	512	3.964302
73227566592	73227061248	505344	512	2.540496
106276123648	106275755008	368640	512	3.404001
228797042688	228796575232	467456	512	8.922878
195632511488	195632113152	398336	512	10.478637
196957328896	196956882432	446464	512	3.027265
25013087232	25012813312	273920	512	6.020381
68590346240	68589982720	363520	512	0.955446
101076359680	101075916288	443392	512	1.230581
89509912064	89509638656	273408	512	5.807406
222676054528	222675751424	303104	512	4.200832
58461601280	58461111296	489984	512	4.524152
112852133376	112851832832	300544	512	5.455760
217708679680	217708398592	281088	512	4.685403
47731049984	47730692608	357376	512	5.243384
132336208384	132335722496	485888	512	10.501612
112358662656	112358397952	264704	512	1.248814
120593323008	120592820224	502784	512	3.448738
167534045184	167533575680	469504	512	3.354668
205126312448	205125796864	515584	512	10.377997
18596661760	18596161536	500224	512	1.145831
231572726784	231572411392	315392	512	3.858771
244677096960	244676686848	410112	512	9.072752
167760021504	167759541760	479744	512	10.117048
213640642048	213640126976	515072	512	8.739059
150239870976	150239595008	275968	512	1.092650
40852050432	40851707392	343040	512	1.106928
117824961536	117824680448	281088	512	4.198524
232274600448	232274127360	473088	512	8.574506
102579816960	102579530752	286208	512	5.245772
130957769728	130957468160	301568	512	3.944935
233001180672	233000704512	476160	512	9.939446
159265911296	159265635328	275968	512	5.461242
56337097216	56336586752	510464	512	3.907530
40451912704	40451463680	449024	512	1.916129
194673896448	194673585152	311296	512	1.105267
235576578048	235576227840	350208	512	1.787858
195530557440	195530231808	325632	512	3.046250
184093169664	184092744704	424960	512	1.170245
24643610624	24643135488	475136	512	2.051658
33038998528	33038532608	465920	512	3.018531
128195574784	128195286016	288768	512	1.190870
105679285248	105678891520	393728	512	4.563980
184078242304	184077897728	344576	512	4.637119
158469862912	158469600256	262656	512	4.179330
115240016896	115239583744	433152	512	4.205819
104132528640	104132009984	518656	512	3.423372
220335745024	220335399424	345600	512	1.102230
179407330304	179406901760	428544	512	10.409141
144041437696	144041040384	397312	512	2.943628
139004278784	139003839488	439296	512	2.620652
73998224896	73997844992	379904	512	3.537872
714084352	713611776	472576	512	3.136341
106813047808	106812570624	477184	512	2.586810
12173595136	12173275648	319488	512	1.276934
46645452800	46644972032	480768	512	2.886786
39450243584	39449816576	427008	512	4.697433
3506359808	3506048000	311808	512	5.761264
44710755328	44710301184	454144	512	3.114692
85848023040	85847605248	417792	512	4.552951
155675205632	155674749952	455680	512	3.616230
85914436608	85914108928	327680	512	1.166212
29837513216	29837160960	352256	512	5.369930
161279372288	161279015936	356352	512	3.179082
64919158272	64918697984	460288	512	2.906089
188352833536	188352538624	294912	512	4.862031
147204576256	147204268032	308224	512	3.819121
235873904640	235873445888	458752	512	8.768453
156027488256	156027145216	343040	512	4.737748
221834058240	221833681408	376832	512	3.217928
138378143232	138377657344	485888	512	3.508891
119681503232	119681138176	365056	512	3.377813
157482860032	157482461696	398336	512	4.359826
143072458752	143072113152	345600	512	1.095352
79229142016	79228747776	394240	512	4.687073
174072399360	174072028672	370688	512	2.914194
34768126976	34767861248	265728	512	6.031435
189122192896	189121698304	494592	512	9.484519
55434121216	55433793536	327680	512	5.364213
141631252480	141630744576	507904	512	1.113942
162340902400	162340400128	502272	512	11.249701
67969409024	67969075712	333312	512	1.295134
13645424640	13645105664	318976	512	1.176940
207735454208	207735037440	416768	512	10.107234
61334705664	61334219776	485888	512	2.702186
12469708288	12469289984	418304	512	3.445072
51976007680	51975606784	400896	512	1.155774
78446680064	78446288896	391168	512	1.107522
213829747712	213829368320	379392	512	2.027596
131559980032	131559590912	389120	512	4.496048
249640879104	249640535040	344064	512	9.780586
152316789760	152316455936	333824	512	4.869120
30613012480	30612533248	479232	512	2.896047
87969881600	87969603072	278528	512	4.442361
187236025856	187235581952	443904	512	10.104834
234550057984	234549649920	408064	512	9.436989
148980017152	148979593728	423424	512	4.487792
35112971776	35112589824	381952	512	3.724559
181952943104	181952603648	339456	512	1.034327
9348268544	9347884032	384512	512	5.227606
154770464256	154769956352	507904	512	9.950978
218215459840	218215121408	338432	512	2.718321
81108505088	81108179456	325632	512	5.365512
109477427200	109476999680	427520	512	2.916083
151119413760	151119042560	371200	512	3.117701
119508342272	119508030464	311808	512	5.289552
246101097472	246100792832	304640	512	10.413392
195008976896	195008538624	438272	512	3.201550
141992661504	141992220672	440832	512	3.824485
51676098048	51675631616	466432	512	1.167881
182624187392	182623878656	308736	512	4.817370
223740782592	223740333056	449536	512	17.396238
53265428480	53264942592	485888	512	4.127452
236514784256	236514474496	309760	512	3.944658
25911917056	25911415296	501760	512	4.091556
49833100288	49832606208	494080	512	2.741193
168611748864	168611470848	278016	512	1.201948
137322948608	137322548736	399872	512	3.004708
190118202368	190117679104	523264	512	9.178811
146252074496	146251600384	474112	512	3.520720
65907987968	65907614720	373248	512	3.667723
34212399616	34212023808	375808	512	1.156616
136144899072	136144624128	274944	512	4.167784
214178752000	214178330624	421376	512	9.904662
47886073344	47885791744	281600	512	5.851638
42397865984	42397595136	270848	512	4.626978
146573236736	146572922368	314368	512	3.778187
110804986880	110804616704	370176	512	4.796853
203714286080	203713858560	427520	512	9.989969
150476502016	150476122624	379392	512	4.409042
64948975104	64948563456	411648	512	3.295598
99934338560	99933855744	482816	512	2.537025
1794790400	1794338816	451584	512	3.305927
235379063808	235378723328	340480	512	3.530866
129299488256	129299019776	468480	512	2.563465
23708352000	23708083712	268288	512	4.753937
103208764416	103208378880	385536	512	3.295164
160653865984	160653546496	319488	512	3.574094
14157886464	14157368320	518144	512	19.175392
47843159040	47842874880	284160	512	1.094225
120433917952	120433523200	394752	512	4.523634
115162888192	115162409472	478720	512	3.822664
199375927296	199375465472	461824	512	9.748972
23142803456	23142502912	300544	512	5.796275
69521107968	69520728576	379392	512	3.591671
142816848384	142816520704	327680	512	3.644367
117204347392	117203884032	463360	512	2.597242
103090409472	103090058752	350720	512	3.616900
99969737728	99969364480	373248	512	4.951646
140522768896	140522345984	422912	512	4.161552
132647331840	132647038464	293376	512	4.016138
37897332224	37896996864	335360	512	5.449151
110534691328	110534414336	276992	512	1.148079
13657724416	13657451520	272896	512	1.795417
108237140992	108236632064	508928	512	3.504329
28887788032	28887499776	288256	512	4.481451
7548107776	7547720704	387072	512	3.810403
42366620160	42366316544	303616	512	5.723011
101795810816	101795453952	356864	512	4.895552
36479106048	36478602240	503808	512	2.708495
26900741120	26900399616	341504	512	5.411163
112269727744	112269441536	286208	512	1.121406
237955397120	237955134464	262656	512	2.999971
132942805504	132942446080	359424	512	3.391157
144242321920	144241885696	436224	512	19.074807
137869684224	137869300224	384000	512	4.531553
112825977344	112825456128	521216	512	10.272014
99868894720	99868482048	412672	512	1.138599
66406819328	66406509568	309760	512	5.583610
163459052032	163458684416	367616	512	4.433479
93075770880	93075260416	510464	512	1.142505
169318760448	169318326784	433664	512	10.495942
200917741568	200917220864	520704	512	9.071231
33736548864	33736147456	401408	512	1.779273
72816901632	72816638976	262656	512	1.160423
47916787712	47916332544	455168	512	3.028262
116260464128	116260150272	313856	512	1.092392
119036649472	119036263424	386048	512	3.324898
235564038656	235563703808	334848	512	3.615479
81485700096	81485190144	509952	512	10.629943
54724905472	54724527104	378368	512	3.608291
75454368768	75453882368	486400	512	3.948984
18781750784	18781253120	497664	512	4.183449
162700549632	162700049408	500224	512	9.953080
244944796672	244944312832	483840	512	8.020884
108966446080	108965973504	472576	512	2.653250
81526857216	81526466560	390656	512	3.428569
88663191040	88662864384	326656	512	5.304633
118273432064	118273029632	402432	512	4.452968
220112849408	220112471552	377856	512	10.314792
51572311040	51571870720	440320	512	3.154783
65519577600	65519292416	285184	512	4.437061
122464823296	122464526848	296448	512	4.008974
106789658112	106789293056	365056	512	3.493450
36209137152	36208851456	285696	512	1.100144
181145024000	181144615424	408576	512	3.730714
207918064128	207917733376	330752	512	4.133489
126092967936	126092631040	336896	512	5.058119
187285338112	187284985344	352768	512	4.237414
23084797440	23084331008	466432	512	3.066547
123086456832	123086050816	406016	512	3.027111
83722685952	83722228736	457216	512	2.868273
74047899136	74047617536	281600	512	5.712012
158770476032	158770114560	361472	512	3.200534
161915010560	161914716160	294400	512	3.775224
38284217344	38283721728	495616	512	1.089356
12432933376	12432566784	366592	512	3.885413
63583585792	63583197696	388096	512	3.591036
166258802688	166258513408	289280	512	5.245084
174386181632	174385826816	354816	512	4.464032
19538938368	19538428928	509440	512	2.742432
246811920384	246811602944	317440	512	3.325957
137957322752	137956898304	424448	512	2.780282
193055951872	193055491584	460288	512	3.059780
141679198720	141678717952	480768	512	10.372313
246968555008	246968242688	312320	512	11.744013
133317889536	133317420032	469504	512	10.591951
93903155712	93902704128	451584	512	4.181800
170999236096	170998922752	313344	512	4.904129
186820006400	186819599872	406528	512	1.156541
131052739072	131052280320	458752	512	3.776456
47831147520	47830786048	361472	512	3.772980
176373659648	176373225984	433664	512	3.618224
8347662848	8347161600	501248	512	2.921671
90714984960	90714561536	423424	512	3.136018
226215683072	226215328768	354304	512	10.416318
127232464896	127231984128	480768	512	10.561361
170719236608	170718869504	367104	512	4.320177
50448766976	50448500736	266240	512	1.208039
73010524672	73010193408	331264	512	5.388597
65778549760	65778062336	487424	512	9.486847
180863497728	180863198208	299520	512	3.570616
215986056192	215985644032	412160	512	9.890057
187419978752	187419522560	456192	512	9.924526
161563237888	161562750976	486912	512	3.159441
115436086784	115435624960	461824	512	2.597390
204902132736	204901761536	371200	512	3.804662
62951207936	62950708224	499712	512	3.954992
102458082816	102457571328	511488	512	3.490685
15808939520	15808445952	493568	512	1.176930
132904877056	132904440320	436736	512	4.011480
175405001216	175404637184	364032	512	4.366009
91883969536	91883506688	462848	512	4.062826
77224006144	77223578624	427520	512	4.474603
209634998272	209634486784	511488	512	8.817233
236320386560	236319911936	474624	512	8.566281
224140754432	224140380672	373760	512	10.157724
206961782272	206961354240	428032	512	9.981510
52528005120	52527508992	496128	512	2.674272
84360650752	84360179712	471040	512	4.023304
117090741760	117090333696	408064	512	4.400602
101165159424	101164894720	264704	512	1.090271
92611475456	92611050496	424960	512	3.051757
76798049792	76797663232	386560	512	3.457435
220056169472	220055832576	336896	512	3.978535
12321499648	12321004032	495616	512	4.208447
98358549504	98358089216	460288	512	4.130785
234430294528	234429910528	384000	512	9.879681
144897079296	144896755712	323584	512	10.486613
76670725120	76670358016	367104	512	3.645215
32141413888	32141040640	373248	512	5.111579
110619870208	110619504128	366080	512	3.469607
181034037248	181033636352	400896	512	2.620706
206474550272	206474115072	435200	512	3.041254
116378529280	116378201088	328192	512	5.109489
172747123200	172746626560	496640	512	2.958724
64288478720	64288007680	471040	512	2.820420
155947940352	155947599872	340480	512	1.073122
80212048896	80211691520	357376	512	3.738068
243368418816	243368135680	283136	512	2.712602
40478738944	40478303744	435200	512	4.644572
163722249728	163721872384	377344	512	4.326522
93375731200	93375237120	494080	512	3.795769
141751787520	141751503872	283648	512	4.082870
31817853952	31817527808	326144	512	4.187031
121805815296	121805498880	316416	512	10.498637
62615608832	62615232000	376832	512	5.000484
205280120832	205279852544	268288	512	5.079102
242391431680	242390992896	438784	512	8.666666
78197195776	78196873728	322048	512	5.428603
121264550912	121264249344	301568	512	4.018175
15144856576	15144455680	400896	512	5.001241
200700459008	200700177408	281600	512	4.974574
59132450816	59132024320	426496	512	1.240898
16673879552	16673579008	300544	512	4.440881
203927681024	203927228928	452096	512	9.699240
226175369216	226174957056	412160	512	9.629058
20246649344	20246380032	269312	512	5.821335
29465093632	29464686592	407040	512	4.878580
153183686656	153183362560	324096	512	1.169554
125861746688	125861408256	338432	512	3.683672
107041064960	107040657408	407552	512	4.479233
191821612032	191821090304	521728	512	9.207548
132068561920	132068119552	442368	512	9.148940
93064699392	93064344064	355328	512	4.877358
182568461312	182568111104	350208	512	9.658250
52247490560	52247205376	285184	512	1.257122
52654229504	52653783040	446464	512	1.175464
158831931392	158831566336	365056	512	4.536029
181694508544	181694116864	391680	512	1.149129
172585363968	172584847872	516096	512	9.632479
51331852288	51331483136	369152	512	3.746246
83926200320	83925932032	268288	512	5.870268
94727382528	94726948864	433664	512	4.375350
77734064128	77733733888	330240	512	5.316433
39593457152	39592951296	505856	512	4.059216
7652170752	7651809792	360960	512	4.029679
53463845376	53463336448	508928	512	2.597450
48605930496	48605646848	283648	512	5.799463
187372139008	187371774464	364544	512	2.748139
25322797056	25322383360	413696	512	1.160553
175709608960	175709220352	388608	512	4.023327
89860597248	89860318208	279040	512	5.716270
48105978368	48105476096	502272	512	3.986689
231973560320	231973233152	327168	512	2.734691
221344340992	221343974400	366592	512	3.525903
150078239744	150077891072	348672	512	1.128705
140153761792	140153333760	428032	512	1.229265
156520510976	156520113664	397312	512	2.830830
85098146304	85097669632	476672	512	2.621147
46584066560	46583802880	263680	512	6.024566
195455751168	195455315456	435712	512	10.047284
50785540096	50785145856	394240	512	4.886195
151174087680	151173729280	358400	512	3.226917
191226518528	191226069504	449024	512	3.218224
224435832320	224435404288	428032	512	2.664893
88793106944	88792625152	481792	512	2.542091
232978664448	232978227712	436736	512	9.057687
97737356288	97737073152	283136	512	1.069401
71895066112	71894628864	437248	512	1.178317
135458301952	135458001920	300032	512	1.116578
159602876928	159602393600	483328	512	10.246406
236052543488	236052089856	453632	512	10.195188
214815486464	214815120896	365568	512	3.718609
99721540608	99721135616	404992	512	3.230420
172950184960	172949916672	268288	512	1.084836
80641436160	80641097728	338432	512	18.306475
2283531264	2283023872	507392	512	3.014352
127988059648	127987622400	437248	512	2.740657
87369160192	87368811520	348672	512	5.150393
1954040320	1953677824	362496	512	1.296574
149672825344	149672454144	371200	512	3.221201
188007175168	188006876672	298496	512	4.868494
1171575808	1171080192	495616	512	9.780581
192693147648	192692850176	297472	512	1.092330
99229501440	99228987392	514048	512	3.624589
51636488192	51636074496	413696	512	3.404686
15298027520	15297548288	479232	512	1.184340
100442969088	100442662400	306688	512	5.488245
197941234176	197940789760	444416	512	9.999911
30858201600	30857909248	292352	512	1.246081
229778438144	229778105856	332288	512	12.069039
161757109248	161756816896	292352	512	3.834090
207766673920	207766216192	457728	512	2.776761
157754227200	157753736192	491008	512	3.280519
44494659584	44494178816	480768	512	4.262403
221468447232	221468029952	417280	512	9.579338
95840114688	95839659520	455168	512	2.772921
224175437312	224174919168	518144	512	8.248106
140088988672	140088686080	302592	512	5.305463
241567397376	241566944256	453120	512	9.812404
20883128832	20882659328	469504	512	4.430794
187583725568	187583318528	407040	512	3.609405
73582228992	73581874688	354304	512	5.209460
104635540992	104635239936	301056	512	1.104982
99437952000	99437680640	271360	512	5.771241
169437771776	169437320192	451584	512	8.674854
239899747328	239899471872	275456	512	2.799676
177102366208	177101978624	387584	512	2.592298
100359447040	100359028736	418304	512	1.127915
61300424192	61300131840	292352	512	5.726044
66173485568	66173124608	360960	512	3.796084
140763591168	140763108864	482304	512	8.818926
62141707264	62141420032	287232	512	5.779147
20745285632	20744930304	355328	512	1.314183
92794113024	92793731584	381440	512	4.876782
4749609472	4749121536	487936	512	1.230934
78845572608	78845137408	435200	512	3.053512
239077765120	239077355008	410112	512	9.036810
182934192640	182933822464	370176	512	2.792285
77593588224	77593151488	436736	512	3.028623
45268362240	45267859968	502272	512	2.710267
209108499968	209108009472	490496	512	9.054845
87666534400	87666043904	490496	512	3.917563
89348335104	89347973120	361984	512	4.989938
242538815488	242538295296	520192	512	8.776627
167960410624	167960044032	366592	512	3.081148
111193537024	111193154560	382464	512	1.187606
104564082688	104563787264	295424	512	4.138143
193527998976	193527476224	522752	512	9.187664
198723781120	198723447808	333312	512	19.532451
161559002112	161558531072	471040	512	3.328720
82681583616	82681181696	401920	512	1.108494
176387923968	176387512832	411136	512	2.613207
123009006080	123008713216	292864	512	5.464571
136773117952	136772721152	396800	512	3.030183
11667191296	11666870784	320512	512	1.216509
149446116352	149445766656	349696	512	4.758383
242093194240	242092917248	276992	512	2.759549
56065311744	56064857600	454144	512	4.366093
213227790336	213227312640	477696	512	10.579631
172531693056	172531191296	501760	512	9.811473
231513427456	231513107968	319488	512	10.694912
200617954304	200617540608	413696	512	10.274640
187563833344	187563321344	512000	512	9.322034
105673782784	105673407488	375296	512	1.096690
27734608896	27734155776	453120	512	3.116906
242879726080	242879286272	439808	512	8.645804
73400983040	73400525824	457216	512	1.958857
215251747328	215251349504	397824	512	10.094717
32978418176	32978101760	316416	512	5.564510
46321919488	46321616896	302592	512	5.742564
189014396928	189013920256	476672	512	1.115994
196790812160	196790342656	469504	512	9.679294
112927904768	112927437312	467456	512	2.574049
205606115328	205605818368	296960	512	4.694867
211482251776	211481779200	472576	512	9.248632
210652915200	210652422144	493056	512	9.069767
169371081216	169370667008	414208	512	3.820732
152412370432	152411914752	455680	512	10.511638
184158519296	184158173696	345600	512	3.052790
201720846848	201720346112	500736	512	9.110856
32056782848	32056462336	320512	512	5.553546
240685851136	240685432320	418816	512	8.941906
243732568576	243732045824	522752	512	7.425661
105622314496	105622051328	263168	512	1.201725
144520163840	144519813120	350720	512	19.621233
39655291904	39654942720	349184	512	5.338304
68479427584	68479046656	380928	512	1.099903
107722026496	107721689088	337408	512	3.738851
242186027520	242185622016	405504	512	9.133030
96274162688	96273881600	281088	512	5.738699
14625487360	14625009664	477696	512	4.375926
114250206208	114249711616	494592	512	3.654257
135919156736	135918638080	518656	512	10.077563
109140236288	109139859456	376832	512	1.215149
102616751616	102616300032	451584	512	2.779912
207415711744	207415337984	373760	512	10.587727
152123664896	152123335168	329728	512	4.841595
153695296000	153695019520	276480	512	20.574311
45262770176	45262433792	336384	512	1.094450
22230593536	22230323712	269824	512	6.052674
184426168832	184425774080	394752	512	2.755767
249442060800	249441654272	406528	512	8.780631
116727205888	116726910464	295424	512	4.052948
40461227520	40460749312	478208	512	2.880210
35814746112	35814391808	354304	512	3.930177
42347571200	42347165184	406016	512	4.886112
224322444288	224321951232	493056	512	8.539954
60849801728	60849295360	506368	512	2.665631
228929772032	228929269248	502784	512	9.793599
236298637824	236298329600	308224	512	3.975749
37511108096	37510671360	436736	512	3.237913
102333090816	102332571648	519168	512	10.292196
189206477824	189205998080	479744	512	9.727117
125105965568	125105689600	275968	512	5.639549
27969232384	27968941056	291328	512	0.999345
19632184320	19631897600	286720	512	4.504658
78349937152	78349487616	449536	512	2.920569
212328714240	212328240128	474112	512	9.257642
139063808	138581504	482304	512	3.056144
72533891072	72533524480	366592	512	5.107136
55116514816	55116070912	443904	512	4.467381
163622117888	163621707264	410624	512	2.739159
247282635776	247282117120	518656	512	8.366045
72799109632	72798711808	397824	512	3.453473
109123629056	109123263488	365568	512	3.491211
67532407808	67531896320	511488	512	2.624991
123062920192	123062619136	301056	512	4.011196
27157469696	27157188096	281600	512	5.867974
108001101312	108000722944	378368	512	3.361576
201858437632	201858020864	416768	512	10.124785
104774246912	104773859328	387584	512	4.646470
140839075328	140838760960	314368	512	5.202219
27746175488	27745661440	514048	512	3.908386
85211385344	85211095552	289792	512	1.108099
156921040384	156920754176	286208	512	3.974857
193631850496	193631454208	396288	512	10.678009
88681880576	88681467392	413184	512	4.530606
19390969344	19390543872	425472	512	1.131370
165124785664	165124493312	292352	512	5.167764
98148782080	98148352000	430080	512	2.996439
196546264064	196545893888	370176	512	1.091688
152822984192	152822651904	332288	512	4.859641
217678121984	217677684224	437760	512	2.678743
58573725184	58573277184	448000	512	4.478735
130838759424	130838472704	286720	512	1.038806
202885124608	202884687872	436736	512	9.926133
64965017600	64964654592	363008	512	1.211510
129196603392	129196251648	351744	512	4.931588
126196843008	126196515840	327168	512	3.779081
244421379072	244421001728	377344	512	9.547563
12538740736	12538247168	493568	512	2.986610
57145418240	57145113088	305152	512	4.197217
207994890752	207994498560	392192	512	1.165139
55018086912	55017767936	318976	512	5.244617
114130350080	114130011648	338432	512	3.669586
237835868160	237835395584	472576	512	8.127902
185307873280	185307488768	384512	512	3.957595
223887872000	223887577600	294400	512	4.338480
16616115200	16615792640	322560	512	5.651543
147136395776	147136033792	361984	512	3.299510
63882510848	63882042880	467968	512	2.834037
153470265856	153469930496	335360	512	3.484169
35435206144	35434857472	348672	512	5.359771
4644580352	4644312064	268288	512	4.845032
152419791360	152419510272	281088	512	1.098517
123487982080	123487506432	475648	512	3.798884
98505976832	98505658880	317952	512	5.364641
123563223552	123562867712	355840	512	3.491617
64697462784	64696949760	513024	512	3.819620
228171220480	228170866176	354304	512	10.423195
37035372544	37035108864	263680	512	1.061949
188490569216	188490174976	394240	512	3.740624
238269234176	238268824576	409600	512	9.088829
89432836608	89432438784	397824	512	4.661008
120383218176	120382738432	479744	512	10.566901
104598155264	104597869056	286208	512	5.598217
172237476864	172237211136	265728	512	5.404549
196539726336	196539350528	375808	512	2.702466
139531764224	139531419648	344576	512	3.521857
108656621056	108656294912	326144	512	4.956650
77180713984	77180337152	376832	512	4.907281
191801701888	191801248768	453120	512	3.050976
200693600256	200693185536	414720	512	10.426224
218704742912	218704326656	416256	512	9.828342
150732582912	150732201472	381440	512	4.302665
86406070784	86405670912	399872	512	4.747040
3158174208	3157843968	330240	512	4.322951
171500186624	171499729408	457216	512	3.485260
62455771136	62455326720	444416	512	3.100240
199992171008	199991660032	510976	512	9.154156
194346996224	194346480128	516096	512	9.237894
23213628416	23213145600	482816	512	2.955095
128888774656	128888438272	336384	512	3.711213
172760064000	172759768576	295424	512	5.092344
124919449600	124918967808	481792	512	10.548668
19722697216	19722433536	263680	512	4.746482
57938582528	57938100224	482304	512	2.775956
136309740544	136309430784	309760	512	5.217088
42575735296	42575213568	521728	512	3.901044
144155952128	144155596288	355840	512	4.718578
12564874752	12564483072	391680	512	3.631564
15999768064	15999312384	455680	512	4.531251
79117081600	79116805632	275968	512	5.826284
242976939008	242976670208	268800	512	2.946201
49632115712	49631625728	489984	512	4.102310
142221009920	142220637184	372736	512	4.552432
181729810944	181729510400	300544	512	3.587100
5675769856	5675472896	296960	512	5.867974
175510118912	175509702144	416768	512	3.816335
204590088192	204589600768	487424	512	9.412737
158338745344	158338247168	498176	512	3.184295
69579191296	69578849280	342016	512	5.198592
210276324352	210275856896	467456	512	9.323988
198690253312	198689815040	438272	512	3.134229
15526583808	15526206976	376832	512	5.155553
89979163648	89978726912	436736	512	4.316835
139597353984	139596942336	411648	512	2.861476
165290803712	165290413568	390144	512	2.824293
165674673152	165674310144	363008	512	4.453713
203218706944	203218354688	352256	512	2.608034
25302515712	25302232576	283136	512	5.943722
97286391296	97286015488	375808	512	4.842561
156627310592	156626822144	488448	512	3.290756
219326717440	219326203392	514048	512	8.494767
190896937984	190896561152	376832	512	3.917152
3490002944	3489575936	427008	512	3.529200
177704008192	177703614464	393728	512	3.885150
106846447104	106846147584	299520	512	5.468584
176789169152	176788706816	462336	512	1.927343
2164848640	2164402176	446464	512	4.690489
139908655616	139908151296	504320	512	1.959838
4430241280	4429975552	265728	512	6.161815
842275328	841964032	311296	512	5.778486
145311458816	145311123456	335360	512	3.551418
167679084032	167678623744	460288	512	2.081138
236045574656	236045259776	314880	512	2.517663
98029985280	98029636096	349184	512	5.113104
234612662272	234612142592	519680	512	7.941384
176737210368	176736916992	293376	512	5.118624
113340428800	113340080640	348160	512	3.650609
71406611968	71406265344	346624	512	3.902778
33401407488	33401030144	377344	512	5.113353
25179260928	25178830336	430592	512	3.386140
43142730240	43142462976	267264	512	4.675755
64020466688	64020129792	336896	512	5.338663
85843090944	85842757120	333824	512	3.878741
83391269888	83390889984	379904	512	4.848071
8120876544	8120377856	498688	512	2.898796
55069726720	55069374976	351744	512	5.361307
154647888384	154647597568	290816	512	5.282838
25795600384	25795163648	436736	512	3.335372
76484769792	76484482048	287744	512	4.363214
217539195392	217538901504	293888	512	4.527617
237939479040	237939197952	281088	512	4.123753
192665755648	192665253888	501760	512	2.519333
114299101184	114298646528	454656	512	4.007141
230699087872	230698629632	458240	512	8.799471
134986321920	134985984000	337920	512	3.622080
128844762112	128844284416	477696	512	2.364648
52582536192	52582159360	376832	512	3.656629
131626912768	131626560512	352256	512	3.403736
162702818304	162702455808	362496	512	4.482975
126344824832	126344428032	396800	512	3.180168
101953517056	101953168896	348160	512	3.742754
42481479168	42481076224	402944	512	3.523009
52328518656	52328000000	518656	512	2.474431
124039884800	124039461376	423424	512	4.236424
193258792448	193258521088	271360	512	3.806815
73001770496	73001259008	511488	512	3.832362
3514407936	3514093056	314880	512	5.740095
175480186368	175479859200	327168	512	4.735740
197162624000	197162314240	309760	512	3.275307
88760572416	88760254976	317440	512	5.298910
47955144704	47954704896	439808	512	4.504504
224912984576	224912711680	272896	512	4.611320
88822951936	88822586880	365056	512	4.948705
219400954880	219400576512	378368	512	3.447668
158148235776	158147834880	400896	512	4.157848
178361506816	178361082880	423936	512	3.546667
225001318400	225000848384	470016	512	8.862156
196720172032	196719839232	332800	512	4.362529
188561899520	188561405440	494080	512	9.566688
209766906368	209766486016	420352	512	1.894668
157555666432	157555401728	264704	512	5.543609
170892337664	170891860992	476672	512	3.181892
207350545920	207350055936	489984	512	9.262772
188621882880	188621588992	293888	512	4.907794
194627526656	194627089920	436736	512	3.277866
237825602560	237825284096	318464	512	2.178502
226400454656	226400034304	420352	512	2.632315
178463793152	178463452672	340480	512	4.468881
153787605504	153787241984	363520	512	4.579745
81996805632	81996522496	283136	512	4.387544
54402359296	54401909248	450048	512	4.405098
12215174656	12214844416	330240	512	5.590068
90779652096	90779312128	339968	512	5.138134
216959410688	216959137280	273408	512	4.693165
103393321984	103392972800	349184	512	4.977510
217954318848	217953891328	427520	512	9.699658
205188893696	205188625408	268288	512	5.041146
206056627712	206056175104	452608	512	2.825010
126265464832	126265052160	412672	512	4.337016
74077797376	74077395456	401920	512	4.651303
110854903296	110854591488	311808	512	5.341775
136918001664	136917541376	460288	512	2.404102
4931409920	4931129344	280576	512	6.009359
228508642304	228508355072	287232	512	4.395107
181370727424	181370355200	372224	512	4.112354
83383074304	83382614016	460288	512	4.189122
225669654016	225669275648	378368	512	1.828497
89198815744	89198306816	508928	512	3.676547
236948377600	236947894784	482816	512	8.468503
7478534656	7478048768	485888	512	4.390094
167208804352	167208458752	345600	512	4.693332
82255180800	82254866944	313856	512	5.442692
179058614784	179058332672	282112	512	5.138876
79629226496	79628788224	438272	512	4.360686
184834164736	184833818624	346112	512	3.046704
128216722432	128216333312	389120	512	4.562024
174815453696	174814994432	459264	512	1.946123
68365185536	68364835328	350208	512	5.213087
241587503104	241587220992	282112	512	3.992170
16993325568	16992950272	375296	512	5.197374
80190025728	80189503488	522240	512	2.260886
50844024320	50843507200	517120	512	3.845731
134847046144	134846598144	448000	512	3.917154
170429858816	170429554176	304640	512	3.635993
246632499712	246632126464	373248	512	9.362129
215723579392	215723263488	315904	512	4.204335
44220281856	44219798528	483328	512	4.213429
32656238080	32655896576	341504	512	5.440377
32682865152	32682558464	306688	512	4.317449
75995135488	75994831872	303616	512	4.211379
20360516096	20360226304	289792	512	4.514833
66094486528	66093968896	517632	512	3.754236
72258742272	72258386944	355328	512	5.174969
104413828096	104413315072	513024	512	2.126798
1334500864	1334207488	293376	512	5.863022
166948622336	166948279808	342528	512	3.322875
155824105984	155823685120	420864	512	2.599449
42141799936	42141347328	452608	512	4.488478
88496494592	88496098304	396288	512	4.697207
237286586368	237286082560	503808	512	7.672891
79152028160	79151623168	404992	512	3.263500
168411391488	168411104768	286720	512	5.242115
53526380544	53525880832	499712	512	4.031877
40828538368	40828158976	379392	512	5.112308
79322806272	79322465280	340992	512	5.169946
144946144256	144945834496	309760	512	3.820337
207333815296	207333309440	505856	512	9.030125
184906617344	184906354176	263168	512	3.952988
117154096128	117153572864	523264	512	1.920965
197471407616	197470984192	423424	512	3.291369
235237168640	235236722176	446464	512	8.921846
5826446336	5825995264	451072	512	3.371026
45985979392	45985519104	460288	512	4.419251
66597086720	66596818944	267776	512	6.001672
246095070720	246094715392	355328	512	2.762184
137878340608	137878020608	320000	512	5.131335
174811087872	174810771968	315904	512	4.858668
166377901056	166377501696	399360	512	4.057928
15191802880	15191538176	264704	512	4.766134
145294659584	145294363136	296448	512	3.925740
205988575232	205988189696	385536	512	3.598405
235385610240	235385283584	326656	512	3.730298
93320547840	93320078336	469504	512	4.000081
195417385472	195417104384	281088	512	4.996572
183261116416	183260808192	308224	512	4.823942
118810763264	118810418688	344576	512	4.967727
19984549376	19984070656	478720	512	4.337566
196846473728	196846034944	438784	512	1.753609
8551032832	8550522880	509952	512	2.866776
98853670400	98853315584	354816	512	5.031516
138044320768	138043996160	324608	512	5.110623
226672608768	226672331264	277504	512	3.175911
115931661312	115931161600	499712	512	3.590826
140192279040	140191888384	390656	512	3.098600
85190156288	85189854208	302080	512	5.565316
141455362560	141455007744	354816	512	4.706570
102547508736	102547199488	309248	512	5.354689
95342261248	95341776896	484352	512	2.563631
79999893504	79999580672	312832	512	4.124941
234337335808	234336895488	440320	512	8.936912
87742891520	87742394880	496640	512	2.505687
34375412224	34375005696	406528	512	4.889425
5751639552	5751249408	390144	512	5.155344
21512828416	21512391680	436736	512	4.704046
152790403584	152789964800	438784	512	3.863735
168391003648	168390682112	321536	512	4.891341
35633547776	35633112576	435200	512	4.631980
103971774976	103971267584	507392	512	3.505833
200557296640	200556996608	300032	512	3.374698
8955437056	8955044352	392704	512	5.136723
76743242752	76742893056	349696	512	5.177231
54598048256	54597755904	292352	512	5.742150
56048270336	56047895552	374784	512	5.005636
198604726272	198604204544	521728	512	2.175462
109714967040	109714538496	428544	512	2.906778
99614351360	99614003712	347648	512	3.736663
186257336832	186257034752	302080	512	3.527651
41551604736	41551125504	479232	512	4.224547
23348645376	23348334080	311296	512	5.677674
23552791552	23552346624	444928	512	4.659195
215366698496	215366189056	509440	512	8.650799
126626244608	126625815552	429056	512	2.822347
94709932032	94709507584	424448	512	4.426889
42684773888	42684419584	354304	512	5.284090
131483979264	131483606528	372736	512	4.570824
6906965504	6906561024	404480	512	3.810900
210822823424	210822416384	407040	512	2.000556
39768474624	39767972352	502272	512	4.037368
160311755776	160311436800	318976	512	3.551691
212073022464	212072584704	437760	512	2.826181
168015326208	168014902784	423424	512	2.465513
39959339008	39958942720	396288	512	4.861129
107889772544	107889392128	380416	512	4.711339
204345001472	204344701952	299520	512	4.626693
208225486336	208224980992	505344	512	1.981038
190815193600	190814730240	463360	512	2.946490
20606285824	20605827072	458752	512	4.575758
47403300864	47402884608	416256	512	4.739671
196267634176	196267340800	293376	512	4.818477
128213491712	128213018112	473600	512	2.323876
146481567232	146481111552	455680	512	2.364892
120107415040	120107119104	295936	512	5.428214
152023548416	152023073280	475136	512	3.390433
244001031680	244000571392	460288	512	8.339091
92685189632	92684916224	273408	512	5.737919
3609886720	3609522176	364544	512	5.351397
171368367616	171368070656	296960	512	5.072240
21177333760	21177009664	324096	512	4.236196
184648358912	184647890432	468480	512	3.069999
232580651520	232580127744	523776	512	7.852470
127247660544	127247213056	447488	512	2.606519
102836704768	102836212736	492032	512	3.646191
89018958336	89018540032	418304	512	4.467159
142137286656	142136873472	413184	512	2.796106
119053775872	119053341184	434688	512	2.763807
247878075392	247877734400	340992	512	9.844243
201972979712	201972692480	287232	512	4.728736
150567162880	150566834688	328192	512	3.530108
22080781824	22080490496	291328	512	5.859925
235908144640	235907716608	428032	512	9.208848
192658651648	192658151424	500224	512	2.536372
37817750528	37817449472	301056	512	5.736831
136366569472	136366257152	312320	512	3.843212
193946658304	193946134016	524288	512	9.176181
119661824000	119661519360	304640	512	5.368289
7807910912	7807415296	495616	512	2.929078
67200261632	67199861760	399872	512	4.794817
87785741312	87785472512	268800	512	4.514497
161468294656	161467775488	519168	512	9.713706
134717276160	134716986368	289792	512	5.440695
244462653952	244462199296	454656	512	8.409179
25561350144	25561000448	349696	512	5.365396
135084421120	135083899392	521728	512	1.821219
218168314368	218167812096	502272	512	8.687949
84036186624	84035806720	379904	512	4.950796
91369435136	91369028608	406528	512	4.569107
157301409792	157300934144	475648	512	2.100708
199295213568	199294834176	379392	512	2.446785
74459103232	74458634240	468992	512	2.737403
33673448960	33672976384	472576	512	4.331945
30628269568	30627856384	413184	512	4.779608
18686256640	18685909504	347136	512	5.422492
199338876416	199338514432	361984	512	2.629999
152827714048	152827396096	317952	512	5.014631
199677255680	199676755968	499712	512	9.282157
235144140800	235143833600	307200	512	2.591161
116515513856	116515159552	354304	512	4.885183
54820844032	54820344320	499712	512	4.024111
155446419456	155446046208	373248	512	3.074165
170897201152	170896908288	292864	512	5.124304
245321981440	245321503232	478208	512	7.654156
183254235136	183253839872	395264	512	3.883544
177029869056	177029408256	460800	512	1.772559
136464713216	136464245760	467456	512	2.334953
230885376512	230884871680	504832	512	8.103017
238883752960	238883452928	300032	512	2.495950
30586456576	30586186240	270336	512	6.010109
81267048448	81266577920	470528	512	2.746158
136571606016	136571271168	334848	512	5.044002
168371334656	168370957312	377344	512	2.941417
243421189120	243420699136	489984	512	7.866491
2881423360	2881088000	335360	512	4.240889
204982137856	204981873664	264192	512	3.704812
194270191104	194269924352	266752	512	3.845757
7444498944	7444001792	497152	512	2.945527
38093929984	38093442560	487424	512	2.829413
94513398272	94512942080	456192	512	2.760467
1773271552	1773008384	263168	512	6.205233
71907233280	71906777088	456192	512	2.945363
104452399616	104451964416	435200	512	4.228249
47148047360	47147759104	288256	512	5.823530
41701975040	41701575168	399872	512	3.572339
62374690304	62374290944	399360	512	4.843195
131749786112	131749312512	473600	512	2.277199
135947183104	135946734080	449024	512	2.544324
171531058176	171530742272	315904	512	4.866266
55703739904	55703249408	490496	512	2.709327
102195384320	102194880000	504320	512	2.206471
167161551360	167161104896	446464	512	2.192069
50717761536	50717324288	437248	512	3.174688
224892668416	224892298752	369664	512	3.290419
158270233600	158269804032	429568	512	3.919730
31375826432	31375382016	444416	512	4.528859
221533328384	221533056000	272384	512	4.606452
97118364672	97117902848	461824	512	2.733690
58247951872	58247539200	412672	512	3.399962
213565754880	213565279232	475648	512	2.333354
149873914880	149873536000	378880	512	4.520481
36428475392	36428198912	276480	512	5.928353
116671691776	116671336448	355328	512	3.515605
121197054976	121196612608	442368	512	3.990326
36468802048	36468537344	264704	512	6.065266
4084047872	4083546624	501248	512	2.954415
29653512192	29653090304	421888	512	3.389274
121715046400	121714539008	507392	512	3.439196
38023969792	38023613952	355840	512	3.922559
167963214848	167962700800	514048	512	9.792119
229993730560	229993348096	382464	512	3.132599
48081637888	48081326592	311296	512	5.612949
4956636160	4956344320	291840	512	5.914542
247222694400	247222216704	477696	512	7.723939
195286630912	195286361088	269824	512	3.734725
218043422720	218043011584	411136	512	3.029882
158473320960	158472821760	499200	512	1.776714
184328982528	184328556544	425984	512	2.173950
34777898496	34777388544	509952	512	2.575816
25557617664	25557303296	314368	512	5.658063
125398253056	125397767168	485888	512	3.635466
228002266112	228001743360	522752	512	8.152332
22847728128	22847247872	480256	512	4.338588
52856073728	52855756800	316928	512	4.197541
169426694144	169426278400	415744	512	3.829428
212390007808	212389732352	275456	512	3.483941
228020019712	228019543552	476160	512	8.797754
2890980864	2890660864	320000	512	5.699694
76491812352	76491490816	321536	512	5.420825
108350069248	108349564928	504320	512	3.573766
232995522048	232995254272	267776	512	4.525965
68126235136	68125878272	356864	512	5.198052
125435296256	125434797568	498688	512	2.144795
155347480064	155347155968	324096	512	4.936437
32236698112	32236285952	412160	512	4.809227
216837039104	216836710912	328192	512	2.717389
221329626112	221329170944	455168	512	2.480141
240916827648	240916404736	422912	512	8.879565
26778860032	26778572800	287232	512	5.914096
74664107008	74663708160	398848	512	4.717957
129397299712	129396813824	485888	512	9.068949
189438131200	189437690880	440320	512	3.238297
184966858752	184966409216	449536	512	3.265825
156061982720	156061512704	470016	512	3.462942
9165819904	9165458432	361472	512	4.008523
195183917056	195183507456	409600	512	3.464228
212512596480	212512320000	276480	512	3.449812
53819945984	53819633664	312320	512	5.557190
1658434048	1658056704	377344	512	5.284334
183159308800	183158814720	494080	512	9.674452
42880125952	42879800832	325120	512	4.174016
48564098048	48563745792	352256	512	5.395322
165031665664	165031230976	434688	512	2.404388
73318569984	73318236672	333312	512	4.012048
208298410496	208298044416	366080	512	2.361891
142795063808	142794572800	491008	512	1.978016
206119738880	206119434752	304128	512	4.488359
203694898688	203694545408	353280	512	4.019746
59172996608	59172695040	301568	512	5.694473
43936742400	43936243200	499200	512	3.999277
97144866816	97144586240	280576	512	4.376768
200217079808	200216623616	456192	512	9.759660
97941001728	97940575744	425984	512	3.028428
99806037504	99805627904	409600	512	3.194382
69360795648	69360398336	397312	512	4.826493
226810809856	226810528768	281088	512	4.487279
108962207232	108961697280	509952	512	2.149575
160576191488	160575673856	517632	512	9.737182
183232439808	183232015360	424448	512	2.175988
120039054336	120038669312	385024	512	3.197772
115224732160	115224407552	324608	512	5.216174
40816500736	40816169984	330752	512	5.485728
196331715072	196331320320	394752	512	2.358710
113770018304	113769610240	408064	512	4.466906
41153903616	41153477120	426496	512	4.727759
247253463040	247253187072	275968	512	2.653792
173691369984	173690897920	472064	512	1.795826
15373721088	15373208064	513024	512	2.722030
79556510720	79556055552	455168	512	4.200500
247143698432	247143181312	517120	512	7.150385
208566028288	208565731840	296448	512	4.573218
215972754432	215972282880	471552	512	2.331238
249017358336	249016914944	443392	512	8.259068
23356128256	23355697664	430592	512	3.391311
214651397120	214650972672	424448	512	2.022262
124735337984	124735021568	316416	512	5.242503
126934694400	126934401536	292864	512	5.444344
165975610880	165975298560	312320	512	3.640919
159985257472	159984892928	364544	512	3.191347
117799208448	117798866944	341504	512	4.983320
206731020800	206730590720	430080	512	3.059316
160763419648	160763094016	325632	512	3.456966
155550934016	155550522368	411648	512	2.705227
89030427648	89029978112	449536	512	2.869197
231487744000	231487249920	494080	512	9.636646
239875764224	239875392000	372224	512	9.653877
87288588288	87288120320	467968	512	9.250487
15224623104	15224343552	279552	512	5.949707
34798744064	34798357504	386560	512	3.675916
236949746688	236949392384	354304	512	1.978955
203316828160	203316393472	434688	512	9.919596
156266179072	156265790464	388608	512	2.932787
222219643392	222219240448	402944	512	2.870418
207797174784	207796739584	435200	512	9.938052
191228016640	191227540992	475648	512	2.801441
39121121280	39120705024	416256	512	4.782538
194514882560	194514569216	313344	512	4.661587
7377092608	7376707072	385536	512	5.154319
238071161856	238070669312	492544	512	7.864649
57173976064	57173580288	395776	512	4.891106
67875841024	67875428352	412672	512	3.320815
148474292736	148473792512	500224	512	1.938002
68938530304	68938142720	387584	512	4.902818
132786562560	132786072064	490496	512	3.489664
232163156992	232162685440	471552	512	8.506289
63550128640	63549840384	288256	512	5.766086
74980886016	74980561920	324096	512	5.365910
201993507840	201993167872	339968	512	4.160711
96136188416	96135665664	522752	512	2.164618
226974279680	226973842432	437248	512	2.404540
116265491456	116265025536	465920	512	3.821640
229691101184	229690731008	370176	512	3.326511
173794872832	173794404352	468480	512	1.872736
160470612992	160470157312	455680	512	2.139972
51271360000	51270907392	452608	512	4.336387
29250001408	29249518080	483328	512	4.237860
30793586688	30793245696	340992	512	5.351086
11173198848	11172691456	507392	512	2.772554
4722404864	4722087424	317440	512	5.743166
88232071680	88231753216	318464	512	5.358495
170965003776	170964699648	304128	512	4.986400
4636600832	4636106240	494592	512	2.897385
214605704192	214605349376	354816	512	3.863838
112843691520	112843389952	301568	512	5.430884
220411884544	220411362304	522240	512	8.486934
17696089600	17695771648	317952	512	5.633214
34439353856	34439018496	335360	512	5.445520
96857467392	96857132544	334848	512	5.254322
107528455168	107527952384	502784	512	2.216641
72462807040	72462402560	404480	512	4.734628
178840079872	178839656960	422912	512	2.269427
136726850048	136726400000	450048	512	3.890993
158271554560	158271275008	279552	512	5.320040
13458777600	13458514944	262656	512	4.744356
123362407424	123361887744	519680	512	1.969298
79912523264	79912235520	287744	512	5.719979
114882351616	114882073088	278528	512	4.378966
36289153536	36288705024	448512	512	3.152754
138758719488	138758454784	264704	512	5.664784
104415343104	104415069696	273408	512	5.708979
127918877696	127918608384	269312	512	5.671340
172189047808	172188707328	340480	512	4.613928
51980102144	51979624960	477184	512	2.812276
134792993280	134792552960	440320	512	2.610421
121033839616	121033553920	285696	512	4.145131
9121373184	9121009152	364032	512	5.356142
247935350784	247935078400	272384	512	4.011620
3312054272	3311626752	427520	512	4.864463
106977830912	106977470976	359936	512	4.902102
20234635264	20234345472	289792	512	4.513709
87817630720	87817291776	338944	512	3.821412
144450393088	144449994240	398848	512	4.276545
79391239168	79390845440	393728	512	3.391462
210009907712	210009494528	413184	512	3.116406
97777802752	97777486848	315904	512	5.381057
48059589632	48059202560	387072	512	3.539223
241752996864	241752707584	289280	512	2.614988
141939206656	141938702336	504320	512	3.209654
27496911872	27496544768	367104	512	3.802520
77803569664	77803275776	293888	512	5.658808
51307207168	51306735616	471552	512	4.223437
196035297280	196034963456	333824	512	4.365038
166476290560	166476027392	263168	512	5.509882
160409751040	160409467392	283648	512	5.280089
153551889408	153551439360	450048	512	3.655599
175015936512	175015477760	458752	512	1.985950
151844195328	151843764736	430592	512	2.507254
6893938688	6893550080	388608	512	5.180091
51979673088	51979284480	388608	512	4.949904
193930662400	193930274304	388096	512	2.688469
177987300352	177986923008	377344	512	2.747148
57127129088	57126749696	379392	512	5.025145
221554238464	221553919488	318976	512	3.996339
119569371136	119569085952	285184	512	1.154969
86035150848	86034752512	398336	512	1.218269
101149107200	101148687360	419840	512	1.791426
54656858112	54656452096	406016	512	3.440303
98931259904	98930814976	444928	512	2.857084
129589686784	129589422592	264192	512	5.737193
230996985344	230996704256	281088	512	2.983319
92064143872	92063724032	419840	512	3.084661
33213699072	33213192192	506880	512	2.691517
127546210816	127545940480	270336	512	5.669672
135760851968	135760332288	519680	512	3.209888
144397502464	144397109248	393216	512	2.898733
30713633280	30713260544	372736	512	5.287584
126812360704	126811911680	449024	512	2.763511
137727750656	137727368704	381952	512	3.152903
214741255168	214740764672	490496	512	8.979365
234136694272	234136356352	337920	512	1.100045
170119451648	170119142912	308736	512	5.043110
106566171648	106565877248	294400	512	1.102501
2843586048	2843235840	350208	512	5.472077
8588234240	8587799552	434688	512	4.799066
215644890112	215644614656	275456	512	3.360798
99557626880	99557338112	288768	512	1.106553
206450902528	206450503168	399360	512	10.265709
185379053056	185378749952	303104	512	3.555568
50048147968	50047765504	382464	512	3.636925
234051754496	234051486720	267776	512	4.503014
211026201088	211025792512	408576	512	10.095025
47108921856	47108422656	499200	512	2.749074
77751266816	77750866944	399872	512	4.676321
159998815232	159998551552	263680	512	5.551491
20919991296	20919581696	409600	512	1.147491
186554033152	186553631744	401408	512	2.633346
183159055872	183158695424	360448	512	2.886854
116086877696	116086436864	440832	512	2.775237
43555052544	43554616320	436224	512	4.622628
238437104128	238436668928	435200	512	8.696129
219721960960	219721664000	296960	512	4.464986
40907955200	40907648000	307200	512	5.695223
110186957312	110186567680	389632	512	10.073590
162862137344	162861635072	502272	512	3.064498
45306708480	45306203648	504832	512	1.182043
71097284096	71096864256	419840	512	1.207758
161952826368	161952523776	302592	512	5.089457
135111004672	135110499840	504832	512	18.496993
167309066752	167308574720	492032	512	10.036132
226388099072	226387811840	287232	512	1.130276
138775530496	138775059968	470528	512	18.828919
28261257216	28260782080	475136	512	4.310507
26017034752	26016612352	422400	512	4.783512
1553536512	1553201152	335360	512	4.285789
219285438976	219285038080	400896	512	10.045896
138558701056	138558386176	314880	512	5.243439
217257152000	217256692224	459776	512	2.843027
172626590208	172626254848	335360	512	4.675587
178483365376	178482975744	389632	512	3.930969
173536286720	173535836672	450048	512	10.342665
17954101248	17953725952	375296	512	5.196159
210943970304	210943650816	319488	512	2.092241
158324815360	158324476928	338432	512	1.088444
213347885568	213347495936	389632	512	10.273929
55011307520	55010844160	463360	512	1.125327
62852598272	62852277760	320512	512	4.117915
97941173760	97940894720	279040	512	1.230683
167710569984	167710273536	296448	512	3.801941
206537348608	206536985088	363520	512	2.758557
87443191296	87442689024	502272	512	3.779666
3446710272	3446333952	376320	512	1.249473
115770956288	115770620416	335872	512	1.917905
131349325824	131348824064	501760	512	3.340404
40022421504	40022047744	373760	512	5.141651
60988299776	60988030464	269312	512	1.175921
232805337600	232805060608	276992	512	4.421184
125797861376	125797343232	518144	512	3.385287
17222760448	17222268928	491520	512	4.266121
201721553408	201721038336	515072	512	8.955804
84743981056	84743696896	284160	512	5.772907
230052730368	230052285440	444928	512	10.541221
154910764032	154910400000	364032	512	3.230317
161217091072	161216730624	360448	512	4.511882
34600227840	34599837184	390656	512	4.994285
202382233600	202381787648	445952	512	11.141912
56685178880	56684892160	286720	512	1.103071
96699774976	96699282432	492544	512	3.803722
243536743936	243536246272	497664	512	7.816414
138279655936	138279233024	422912	512	2.785983
42432438272	42432146944	291328	512	5.820110
30676059648	30675638784	420864	512	1.103930
130410722304	130410345984	376320	512	4.588442
207013007360	207012729344	278016	512	1.078559
77984168960	77983888384	280576	512	4.407051
99518710784	99518401536	309248	512	5.467356
33085310976	33084859392	451584	512	4.488241
84582609408	84582172672	436736	512	3.029143
127840454656	127840167936	286720	512	5.528330
57874951680	57874631168	320512	512	5.543936
137388526080	137388030976	495104	512	10.318104
3219686400	3219409920	276480	512	4.673171
1050206208	1049732096	474112	512	3.191452
100644316672	100643959296	357376	512	4.989580
210168338944	210167930880	408064	512	10.068665
100633526784	100633041408	485376	512	3.876377
200884454912	200884104192	350720	512	3.020830
124727282176	124726830080	452096	512	3.918535
92044695040	92044209664	485376	512	2.595743
137988976128	137988534784	441344	512	10.865325
220330408448	220329935360	473088	512	9.008439
157375446528	157375071232	375296	512	4.528362
183211450368	183210952192	498176	512	9.626237
57577613312	57577305600	307712	512	4.252837
189590985216	189590502912	482304	512	9.650172
15522569728	15522147328	422400	512	1.148615
105052256256	105051908608	347648	512	3.655102
219621740544	219621361152	379392	512	10.299550
156589484032	156589205504	278528	512	4.015456
124722899968	124722536960	363008	512	4.782421
224865230336	224864901632	328704	512	1.058240
200101078016	200100651008	427008	512	10.200596
90297418752	90297129984	288768	512	5.616418
206714136576	206713643520	493056	512	9.224103
93363974144	93363500032	474112	512	3.971076
81343858176	81343374336	483840	512	3.971352
176612855296	176612572160	283136	512	3.864523
147642585088	147642132992	452096	512	2.574129
211698094080	211697670144	423936	512	9.880835
88178136576	88177816576	320000	512	5.140197
17818002944	17817577472	425472	512	1.130993
175759369728	175758966784	402944	512	2.687816
153470746112	153470405120	340992	512	1.150161
164923273728	164922781184	492544	512	11.364267
32372009472	32371523072	486400	512	1.142058
145851918848	145851408384	510464	512	10.068835
240321550848	240321160704	390144	512	9.363002
33709095936	33708585984	509952	512	19.149878
230456663040	230456294912	368128	512	3.135241
93240753152	93240470528	282624	512	5.708224
179175285248	179174943232	342016	512	4.465240
104298624512	104298350080	274432	512	1.138311
200518204416	200517708288	496128	512	9.305229
214856432128	214856155648	276480	512	3.465403
19574298624	19573939200	359424	512	3.950521
8029452800	8029110272	342528	512	5.524761
199731677184	199731167232	509952	512	9.176637
12692907520	12692513280	394240	512	3.702151
109370170368	109369694208	476160	512	2.632570
230823505408	230823151616	353792	512	10.205715
62554669568	62554357760	311808	512	5.542285
210927992832	210927718400	274432	512	4.825668
36808616960	36808154624	462336	512	12.657532
195091951104	195091610112	340992	512	3.007970
96543484416	96543157760	326656	512	3.956330
85209024512	85208680448	344064	512	3.840172
202465528832	202465177600	351232	512	2.614785
26741652480	26741184000	468480	512	4.435583
205234003968	205233677824	326144	512	19.162453
63699344384	63698970624	373760	512	3.671468
54001375232	54001069568	305664	512	1.142676
62093891584	62093516288	375296	512	5.030887
184085357056	184084883456	473600	512	9.883700
95232531968	95232267776	264192	512	5.864244
51602330112	51601839616	490496	512	4.092900
154826678272	154826190848	487424	512	3.301146
2451977216	2451568128	409088	512	1.211541
27882696192	27882384896	311296	512	4.308377
50341320704	50340907008	413696	512	3.360120
172572203008	172571889664	313344	512	1.084828
122617909760	122617614336	295424	512	4.112982
99610897408	99610612224	285184	512	1.163812
186346458624	186345957376	501248	512	9.583108
55389297664	55389018112	279552	512	5.955575
106955783168	106955354624	428544	512	19.397542
244267431424	244266950656	480768	512	8.033646
236534558720	236534034432	524288	512	7.850227
48121196032	48120908800	287232	512	5.822773
33667290624	33666842624	448000	512	3.159400
39230647808	39230371840	275968	512	1.032928
153821831168	153821447168	384000	512	4.326731
134406114304	134405745152	369152	512	4.675552
48907475968	48907090432	385536	512	3.613184
22668768256	22668279296	488960	512	4.282190
67556850688	67556344320	506368	512	3.867809
144759388160	144759092224	295936	512	3.946986
218343149568	218342874624	274944	512	3.372896
193059899392	193059401216	498176	512	9.446779
136478590976	136478322176	268800	512	1.191605
74033910272	74033416192	494080	512	3.219914
126273663488	126273383936	279552	512	1.064647
205661988864	205661652480	336384	512	4.212031
103972143104	103971652096	491008	512	10.568580
235301747200	235301275648	471552	512	8.687913
130849669120	130849236992	432128	512	1.117486
175028402176	175028104704	297472	512	5.086584
161771004928	161770717696	287232	512	5.179382
39172567040	39172043776	523264	512	2.557443
58368343040	58367839744	503296	512	3.948965
122089591808	122089307648	284160	512	4.267419
46313224192	46312877568	346624	512	5.159436
108415070720	108414781952	288768	512	5.543018
94861305344	94861041152	264192	512	5.857183
49177205760	49176745984	459776	512	2.989763
245095151616	245094842880	308736	512	10.546531
186844185088	186843728384	456704	512	10.098269
104822152704	104821881344	271360	512	5.821037
204017505280	204017172480	332800	512	2.862798
165132470272	165132133888	336384	512	4.775123
39436271616	39435867648	403968	512	1.139163
192502760448	192502333952	426496	512	10.268936
41787103232	41786773504	329728	512	3.291753
207525937664	207525474304	463360	512	2.711850
104235756032	104235330560	425472	512	4.580222
84016043520	84015542784	500736	512	3.829030
86986746368	86986395136	351232	512	5.152301
163335408640	163335079936	328704	512	3.472465
148734485504	148734193664	291840	512	1.059258
242688112128	242687848448	263680	512	3.000066
156837177344	156836746240	431104	512	9.120725
12775948800	12775459328	489472	512	4.276354
111734008320	111733709824	298496	512	5.482155
69140218368	69139813888	404480	512	4.767704
33002108416	33001637376	471040	512	3.010527
203328808448	203328484864	323584	512	4.350412
69028109312	69027631616	477696	512	4.144090
243594526208	243594095104	431104	512	10.125272
32422817792	32422315008	502784	512	4.087860
240337885184	240337497600	387584	512	9.436738
153570213376	153569875456	337920	512	3.448300
46126884352	46126507520	376832	512	1.160103
152333686784	152333257728	429056	512	10.744271
1711626240	1711174144	452096	512	4.636683
144797330432	144796894208	436224	512	3.923813
204165282816	204164878336	404480	512	10.255898
42637691904	42637278720	413184	512	3.464275
182084895744	182084476928	418816	512	10.521438
59969341440	59968928768	412672	512	4.748440
62182260736	62181975040	285696	512	4.011837
219820044288	219819687424	356864	512	3.686317
82209586688	82209265664	321024	512	1.207569
132578439680	132578009088	430592	512	2.721409
175486103552	175485657088	446464	512	3.460828
43087306752	43086882304	424448	512	1.113633
242621965824	242621643776	322048	512	3.464420
6085020160	6084497408	522752	512	4.110439
192630190080	192629795840	394240	512	3.742910
79935372800	79934987264	385536	512	3.498434
5664914432	5664459776	454656	512	4.664845
16772042240	16771582464	459776	512	4.475810
114470026240	114469601280	424960	512	2.935994
183091726848	183091452928	273920	512	3.825042
103448239616	103447881216	358400	512	4.927358
25890078720	25889803776	274944	512	4.645224
206478210048	206477770240	439808	512	9.857964
77018235392	77017719808	515584	512	3.683098
21306093056	21305633280	459776	512	1.171081
141258555392	141258161664	393728	512	4.356763
49710210048	49709738496	471552	512	1.125088
182973851648	182973364736	486912	512	9.743475
221106711552	221106314240	397312	512	10.067823
53428620288	53428295680	324608	512	4.116402
93007147008	93006856192	290816	512	1.150454
150450322432	150449969664	352768	512	4.675311
107166324736	107165988864	335872	512	5.116304
75234904064	75234410496	493568	512	2.542915
193595937280	193595482112	455168	512	11.345209
197292105216	197291828736	276480	512	3.655341
191328538624	191328230400	308224	512	4.715948
15122771968	15122362368	409600	512	3.551316
33375158784	33374817280	341504	512	1.146384
161386048512	161385626624	421888	512	3.871711
191276611072	191276133888	477184	512	1.784840
79452136448	79451638272	498176	512	2.559498
185050930688	185050423808	506880	512	9.548810
155159357440	155159059456	297984	512	3.835453
228486957568	228486474240	483328	512	8.685461
85568358400	85567959552	398848	512	3.376764
156441282560	156440822784	459776	512	3.595003
241862013440	241861552640	460800	512	8.294000
117127154176	117126795264	358912	512	4.554405
114199271424	114198864896	406528	512	4.491830
205027704832	205027209216	495616	512	9.195092
96486132224	96485843456	288768	512	5.594888
132144503296	132144104448	398848	512	3.013464
38419748352	38419324928	423424	512	3.344593
179737986560	179737470976	515584	512	9.451277
148487278080	148486939136	338944	512	2.011483
17657927168	17657552896	374272	512	2.150656
183842521600	183842170880	350720	512	4.362038
160368507392	160368086016	421376	512	3.696693
112766091264	112765710336	380928	512	3.322732
132664123392	132663805952	317440	512	3.806020
233242729472	233242246144	483328	512	9.748691
233093863936	233093486592	377344	512	1.089978
39483179008	39482861568	317440	512	1.205566
52207760896	52207368704	392192	512	4.941196
31204483584	31204022784	460800	512	3.008934
161970046976	161969631744	415232	512	3.907521
58101116416	58100673536	442880	512	3.081689
150917692416	150917323264	369152	512	4.466626
180672902656	180672586240	316416	512	3.396813
136046658048	136046351360	306688	512	3.908730
52322936832	52322540032	396800	512	3.505225
50991099392	50990817792	281600	512	5.863109
3557054464	3556709888	344576	512	5.530199
86609472512	86608995328	477184	512	2.649460
163382276608	163381933568	343040	512	3.277906
172805008896	172804716032	292864	512	1.099185
210702181888	210701865984	315904	512	2.960145
160341680640	160341244928	435712	512	3.704775
152899520000	152899205120	314880	512	1.209764
76064635392	76064199680	435712	512	4.318605
217948324352	217947930112	394240	512	10.101817
103602996736	103602520064	476672	512	3.831735
133433027072	133432551424	475648	512	10.459814
141845689856	141845340160	349696	512	4.737719
177396977152	177396495360	481792	512	9.822005
151388297216	151387795456	501760	512	11.399213
20678368256	20677903360	464896	512	4.443591
179499384320	179498923520	460800	512	10.050215
46810268672	46809920000	348672	512	1.244861
43214935552	43214522880	412672	512	4.411276
162373007872	162372560896	446976	512	10.450941
146468819968	146468410880	409088	512	1.189309
138592782848	138592361984	420864	512	4.157190
130807538688	130807165440	373248	512	3.257792
78396073472	78395619328	454144	512	1.112768
175408272896	175407783936	488960	512	11.271860
69450021888	69449683968	337920	512	5.343364
105600171008	105599754240	416768	512	4.356606
202045611520	202045092352	519168	512	8.896482
78074447872	78073976320	471552	512	4.078402
201171082240	201170818048	264192	512	3.797028
78299366400	78299053056	313344	512	4.117421
155789026816	155788745216	281600	512	4.024026
46720886272	46720366592	519680	512	1.177330
210657184256	210656821248	363008	512	3.735049
234078648832	234078159872	488960	512	8.369261
62349761024	62349331456	429568	512	4.580946
80423243776	80422838784	404992	512	4.669898
228283958272	228283684352	273920	512	4.591888
106560420864	106559968768	452096	512	9.501503
18089114624	18088773632	340992	512	1.140178
33616767488	33616476672	290816	512	1.191759
150565563904	150565272064	291840	512	1.084938
44823055360	44822557184	498176	512	2.726317
240435137024	240434826752	310272	512	3.647690
114017251328	114016779264	472064	512	3.878862
230722774016	230722323968	450048	512	8.863374
214782454272	214782056960	397312	512	10.213230
77768132608	77767631360	501248	512	3.819204
153964364800	153963907072	457728	512	10.496672
23441672192	23441284608	387584	512	1.041367
92768056320	92767742976	313344	512	4.050590
66961396224	66960973312	422912	512	4.612025
205570917888	205570637824	280064	512	1.005689
181108094976	181107695616	399360	512	10.507804
39697386496	39697106944	279552	512	4.575539
141058705920	141058336256	369664	512	4.694791
197904995840	197904630784	365056	512	2.619280
110635013632	110634626560	387072	512	3.283665
99127136768	99126678016	458752	512	4.119875
135357845504	135357471232	374272	512	3.232342
62992093696	62991741440	352256	512	1.148895
141394428416	141394044416	384000	512	4.419919
58304824832	58304464384	360448	512	5.196076
3783770624	3783301120	469504	512	4.526560
30929615872	30929340928	274944	512	5.939573
232303655936	232303233536	422400	512	9.231710
145771374080	145771095040	279040	512	5.498220
171464655360	171464360448	294912	512	5.154938
66891838464	66891410944	427520	512	3.301250
42220225536	42219821568	403968	512	4.892229
30014322176	30013812224	509952	512	2.638328
240859099136	240858691072	408064	512	2.573340
18889865728	18889416192	449536	512	3.224603
42785200128	42784838656	361472	512	5.273497
44324008448	44323578368	430080	512	3.321877
127828806656	127828489728	316928	512	3.885208
216020872192	216020498432	373760	512	3.526006
204923828736	204923500544	328192	512	2.924661
21622905344	21622439936	465408	512	4.445094
217205830656	217205514240	316416	512	12.213937
159619451904	159619087872	364032	512	4.552375
15620041216	15619573760	467456	512	1.271697
104791552512	104791165952	386560	512	3.279802
34551663104	34551354368	308736	512	1.213429
19056556544	19056102912	453632	512	3.169914
79765284352	79764996608	287744	512	4.287349
213805635072	213805277696	357376	512	12.083953
110281092608	110280766464	326144	512	3.840299
33344640512	33344227840	412672	512	1.297861
159185768960	159185422848	346112	512	3.320228
9655052288	9654641152	411136	512	4.996554
182825443328	182825041920	401408	512	2.034528
96242048512	96241643008	405504	512	4.591357
89404353024	89403939328	413696	512	1.186894
245426669568	245426351616	317952	512	10.192704
148875795968	148875359744	436224	512	3.954787
153321935872	153321472000	463872	512	1.097706
158901726720	158901203968	522752	512	9.918437
168341345280	168340972544	372736	512	2.980727
144781355520	144781023232	332288	512	4.945015
52214388736	52214029312	359424	512	5.305503
6279766528	6279322624	443904	512	3.361744
44859649536	44859172352	477184	512	1.721686
17012392960	17011876864	516096	512	2.675912
85604510208	85603992576	517632	512	10.570846
24822186496	24821714432	472064	512	4.407110
54796056064	54795653632	402432	512	3.435123
184481860608	184481364992	495616	512	2.975006
114832959488	114832643584	315904	512	1.112690
69830897664	69830519296	378368	512	3.616315
79160609792	79160166912	442880	512	2.946609
50471591936	50471157248	434688	512	3.195080
115967341568	115966898688	442880	512	1.210597
245495172096	245494714880	457216	512	8.051390
202685190144	202684820992	369152	512	2.636815
196226991104	196226493440	497664	512	10.721061
189702163968	189701888512	275456	512	5.117685
247826724352	247826376192	348160	512	2.756344
199182860288	199182514688	345600	512	2.837864
15254442496	15253987840	454656	512	4.528626
201573700608	201573329920	370688	512	1.154638
182219983872	182219506688	477184	512	1.142423
54629416448	54629012480	403968	512	3.452032
193912623104	193912153600	469504	512	9.795737
34548451840	34548083712	368128	512	5.194582
71960424448	71959940096	484352	512	4.080372
112128444928	112128129024	315904	512	5.289678
248826698752	248826385920	312832	512	1.884523
75595680768	75595379712	301056	512	4.225274
237374726656	237374325248	401408	512	10.538601
240435978752	240435602944	375808	512	9.566651
1683756032	1683345408	410624	512	4.681179
95862725632	95862262272	463360	512	3.304035
235453652992	235453259264	393728	512	9.658498
147919169536	147918683648	485888	512	11.597235
213008243200	213007971328	271872	512	4.869157
199042947072	199042582016	365056	512	3.984952
152647790080	152647297536	492544	512	10.123177
227645676544	227645260288	416256	512	9.572069
240304212992	240303890944	322048	512	10.383223
131922863104	131922432512	430592	512	2.715970
220697618432	220697280000	338432	512	3.938658
66650881536	66650551296	330240	512	5.406348
152446144000	152445681152	462848	512	3.733374
123166546944	123166246912	300032	512	5.407897
12346625536	12346269184	356352	512	3.964087
66725481472	66725088256	393216	512	1.131814
239985105920	239984640512	465408	512	8.263514
154708394496	154707994624	399872	512	2.852753
50007147520	50006829056	318464	512	1.665687
195873737216	195873231872	505344	512	9.218096
35327514624	35327021568	493056	512	2.775038
233583358976	233582858752	500224	512	8.184894
98021811712	98021293568	518144	512	10.475866
92411032576	92410594304	438272	512	4.299869
120531755008	120531438592	316416	512	3.840055
101120251392	101119748096	503296	512	10.605136
116707530240	116707196416	333824	512	5.092964
181437975040	181437488640	486400	512	2.879810
55143127040	55142634496	492544	512	1.690511
224357303296	224356993536	309760	512	2.738691
158043026432	158042704896	321536	512	3.599028
232351789056	232351499776	289280	512	2.864549
63389047808	63388780032	267776	512	6.047601
70507175936	70506829312	346624	512	3.884283
85684772864	85684388352	384512	512	4.958150
66354577920	66354305024	272896	512	1.762186
7260302848	7259841024	461824	512	4.592498
97942145024	97941629952	515072	512	3.545605
109480663040	109480240128	422912	512	1.104136
192031220224	192030880768	339456	512	3.010070
132147277312	132146956800	320512	512	5.123290
16248536576	16248212992	323584	512	1.157370
76568845824	76568375296	470528	512	2.718647
186105999360	186105609216	390144	512	3.936423
26541849088	26541579264	269824	512	4.692325
216269448192	216268987392	460800	512	9.286609
228195561984	228195265024	296960	512	1.094895
52327426560	52327099904	326656	512	5.530443
204618347520	204618004480	343040	512	2.699576
83926184960	83925750272	434688	512	4.431374
184240984576	184240523776	460800	512	3.176549
17590440448	17589996032	444416	512	1.120774
188172467200	188172156928	310272	512	3.359121
30727943168	30727665152	278016	512	5.942339
163559915520	163559446528	468992	512	3.367350
107261691904	107261309952	381952	512	3.325833
120908886528	120908420096	466432	512	2.618434
170665058304	170664772608	285696	512	5.198609
81112956416	81112601088	355328	512	5.072421
221625764864	221625329664	435200	512	9.318327
46429680640	46429229568	451072	512	3.109510
211273611776	211273120768	491008	512	9.018106
104734385664	104734103040	282624	512	5.614036
44822150656	44821776384	374272	512	3.719581
5573968896	5573671936	296960	512	1.117075
65342792192	65342390784	401408	512	4.782699
27202469376	27202184192	285184	512	4.512257
108275366912	108275003392	363520	512	4.864695
47036359168	47035928576	430592	512	3.317389
88962095104	88961782272	312832	512	1.163387
84790600192	84790337024	263168	512	1.097562
25614059520	25613755904	303616	512	4.405143
198137630208	198137139200	491008	512	9.385046
82337864192	82337344000	520192	512	1.125277
220742964224	220742451712	512512	512	8.586935
191341821952	191341462528	359424	512	1.087659
62809654784	62809143808	510976	512	2.572796
99060500992	99060232192	268800	512	4.528715
37026657280	37026378752	278528	512	4.640183
56892622848	56892321280	301568	512	1.194753
239340358656	239339834880	523776	512	7.381180
51387910144	51387531264	378880	512	1.189366
218363011072	218362498048	513024	512	8.594393
91952208896	91951784960	423936	512	3.056559
201476284416	201475853824	430592	512	10.103694
233986642944	233986153472	489472	512	8.338641
226519792640	226519462912	329728	512	3.654304
223310781952	223310414848	367104	512	10.213903
13700547072	13700151808	395264	512	20.152712
242203634688	242203262976	371712	512	11.022294
67765208064	67764921344	286720	512	5.783065
161463602688	161463177216	425472	512	2.639397
132771491840	132771172352	319488	512	3.783821
119451947520	119451628032	319488	512	1.058406
65402427904	65402143232	284672	512	4.420948
177269074432	177268704768	369664	512	9.592764
192791702528	192791204352	498176	512	9.442381
169761023488	169760656896	366592	512	2.963584
146808249344	146807891456	357888	512	1.089038
29132846592	29132483072	363520	512	5.245814
193422734848	193422425600	309248	512	3.350719
113858578432	113858164224	414208	512	3.009379
162348084224	162347808768	275456	512	1.690051
241744760320	241744451072	309248	512	10.567391
56186514944	56186074624	440320	512	3.144277
176372143616	176371779584	364032	512	1.137569
62167935488	62167471104	464384	512	2.886637
204409115136	204408744960	370176	512	3.823595
59199992320	59199592448	399872	512	3.436570
198633222656	198632711168	511488	512	9.190514
151511414272	151510982144	432128	512	2.613718
40932615680	40932298752	316928	512	1.105927
3300836864	3300353536	483328	512	12.765844
158774541312	158774045696	495616	512	10.077535
219494215680	219493871616	344064	512	2.709951
74724861440	74724416512	444928	512	4.299096
162199987712	162199526912	460800	512	10.338750
192506704896	192506224640	480256	512	9.594130
222544573952	222544211456	362496	512	10.279809
56476652544	56476259840	392704	512	3.548504
40446849536	40446484480	365056	512	1.255584
34949036032	34948537856	498176	512	2.766378
244732758528	244732237312	521216	512	7.391662
188741734400	188741278208	456192	512	11.299071
54649040384	54648549376	491008	512	2.712729
107946060288	107945608704	451584	512	2.625586
73734016000	73733557248	458752	512	4.192279
24631564288	24631289856	274432	512	4.652336
152197830144	152197351936	478208	512	10.232106
127100070400	127099567104	503296	512	3.461743
26247330304	26246858752	471552	512	3.038090
83598487040	83598213120	273920	512	5.855108
119403924480	119403433472	491008	512	10.301045
88755664384	88755370496	293888	512	5.595578
131867203584	131866874880	328704	512	3.695266
236487471616	236487116288	355328	512	10.218962
172087537152	172087237632	299520	512	5.036417
128666472960	128665961472	511488	512	3.392430
85277983232	85277657088	326144	512	5.363700
62014948352	62014658048	290304	512	1.167540
90136215552	90135885824	329728	512	1.868600
221561920000	221561649664	270336	512	3.281047
10115078144	10114582528	495616	512	2.833440
23052665344	23052291584	373760	512	3.148402
174253383168	174253030400	352768	512	3.105388
182322581504	182322190848	390656	512	2.606971
21202566656	21202219520	347136	512	5.432324
2119782400	2119276032	506368	512	4.243109
86753348096	86753078272	269824	512	5.876416
119706472960	119706092544	380416	512	4.647447
220734910464	220734474240	436224	512	9.483845
51643853312	51643524608	328704	512	5.454606
50161279488	50160903680	375808	512	3.701689
148853761024	148853488640	272384	512	1.027812
142348709888	142348306432	403456	512	1.089169
154915188736	154914791424	397312	512	4.240649
34708163072	34707721728	441344	512	3.228898
1644323328	1643961344	361984	512	4.018972
77564591616	77564179968	411648	512	3.242470
46633190912	46632708096	482816	512	4.250409
35762396672	35762028544	368128	512	5.189599
149044153856	149043734528	419328	512	12.146957
48021535232	48021040640	494592	512	4.031457
94243866624	94243510784	355840	512	0.950348
65117667328	65117215744	451584	512	3.025324
61839943168	61839465984	477184	512	2.770490
152028373504	152027950592	422912	512	3.912848
177566103552	177565791744	311808	512	4.832997
24280100864	24279639040	461824	512	2.021058
113825607168	113825300992	306176	512	3.942299
59616229376	59615869952	359424	512	5.205018
227093886464	227093503488	382976	512	11.391374
23752035328	23751734784	300544	512	4.446653
184609481216	184609148416	332800	512	4.560957
165395831808	165395362816	468992	512	10.258652
53089615872	53089144832	471040	512	9.494329
214608303616	214608040448	263168	512	1.112870
171551671296	171551213056	458240	512	10.199811
135547677696	135547287040	390656	512	4.480959
46499108864	46498631168	477696	512	4.309548
13716557312	13716044288	513024	512	4.078597
199609922048	199609468928	453120	512	9.833555
199133916160	199133496320	419840	512	10.261851
177201274368	177200969216	305152	512	3.499275
244949890048	244949462528	427520	512	8.809465
86944108032	86943626752	481280	512	3.999397
209223915520	209223458304	457216	512	9.467077
107930325504	107929815552	509952	512	10.403971
14733362688	14733061120	301568	512	5.821105
57229105664	57228660736	444928	512	2.980982
24098803712	24098529280	274432	512	6.051050
229269787648	229269318144	469504	512	8.879109
176061580800	176061150720	430080	512	3.650279
48288215040	48287839232	375808	512	5.041161
148646361088	148645933056	428032	512	3.979626
249390555648	249390207488	348160	512	11.104161
171991782400	171991460352	322048	512	4.814682
181978052096	181977744384	307712	512	3.473428
206762904576	206762477568	427008	512	18.277698
221694877184	221694568448	308736	512	4.047861
157335089152	157334686208	402944	512	2.165432
5505943552	5505539072	404480	512	3.686780
156699250176	156698816000	434176	512	2.583218
15042897920	15042512896	385024	512	5.131208
210537035776	210536592384	443392	512	9.634976
150175811584	150175375872	435712	512	1.104022
177581424128	177581071872	352256	512	4.441445
5329329664	5328850944	478720	512	4.472596
3549351424	3548874752	476672	512	1.819186
123596363264	123596059136	304128	512	1.031793
185194478592	185194002944	475648	512	9.878574
239465374208	239464883712	490496	512	7.874990
196960014848	196959611392	403456	512	3.571736
144488133120	144487828992	304128	512	5.227429
8872101376	8871656960	444416	512	1.206045
30813516800	30813193728	323072	512	1.664824
82447418368	82447029760	388608	512	3.462386
245242214912	245241877504	337408	512	10.010459
10749607424	10749317120	290304	512	5.922149
2910360576	2909958656	401920	512	5.114850
27794932224	27794598400	333824	512	1.627383
108278927360	108278621184	306176	512	5.499061
136228398080	136228088832	309248	512	3.863949
231798980608	231798482944	497664	512	8.197502
42283216896	42282814976	401920	512	4.878293
240441209856	240440705024	504832	512	7.652156
120562562560	120562291200	271360	512	1.123069
103849565184	103849184256	380928	512	3.286386
135451207680	135450712064	495616	512	10.324788
96647816704	96647505920	310784	512	4.097245
3234551296	3234079232	472064	512	3.123411
136032928768	136032581632	347136	512	4.883112
91105914880	91105529856	385024	512	4.758733
63168562176	63168150016	412160	512	4.636937
22339724800	22339305984	418816	512	1.103572
79211403264	79211105792	297472	512	1.081242
83891684864	83891319808	365056	512	5.055949
174897287168	174896969216	317952	512	3.493468
92971220992	92970944512	276480	512	5.749064
247370243072	247369847296	395776	512	8.985257
187575273472	187574935552	337920	512	2.971927
75328752128	75328298496	453632	512	1.164137
11916954112	11916483584	470528	512	3.057585
237830040576	237829627904	412672	512	10.387090
129347762176	129347426816	335360	512	5.102846
11464520192	11464061440	458752	512	4.528656
36690591744	36690212864	378880	512	3.696726
131133270528	131132889088	381440	512	3.173788
37277701120	37277309952	391168	512	4.995208
189802251776	189801754624	497152	512	2.868639
238613914624	238613619200	295424	512	2.758701
244614395392	244614061056	334336	512	3.322272
9717334016	9716926976	407040	512	3.703944
50035288064	50034817536	470528	512	4.268125
126665487872	126665102848	385024	512	4.617600
109247286784	109246851584	435200	512	2.821755
231896356864	231896073216	283648	512	12.574814
105261217792	105260936704	281088	512	1.108903
91753722880	91753436160	286720	512	5.683698
38977434624	38976979456	455168	512	3.087732
69937389056	69936941056	448000	512	3.014240
1619228160	1618742784	485376	512	3.102877
31228371456	31228075520	295936	512	4.402366
190295885824	190295590912	294912	512	3.528595
67974270976	67973862912	408064	512	1.652372
206771372032	206771041792	330240	512	2.911879
54308109312	54307664896	444416	512	4.492203
179424365056	179423852544	512512	512	2.629663
181081960960	181081633280	327680	512	3.233386
165195528192	165195025408	502784	512	9.916370
155067483136	155067110400	372736	512	19.592749
79286491648	79286006784	484864	512	2.594307
244320829440	244320458240	371200	512	9.664068
73370664448	73370151936	512512	512	2.437161
155436210176	155435703808	506368	512	1.170237
33107359232	33106982912	376320	512	3.755357
33625496576	33625057280	439296	512	3.314960
94668025856	94667634176	391680	512	3.354174
249306700288	249306345984	354304	512	9.666689
166578716672	166578235392	481280	512	3.249826
55210657280	55210222592	434688	512	3.175227
198647796224	198647492096	304128	512	4.673719
13398764032	13398422528	341504	512	4.099904
233433462272	233433154048	308224	512	9.840697
184154643456	184154253312	390144	512	2.619838
126237966336	126237552128	414208	512	2.920899
232898865152	232898363392	501760	512	9.556825
97323752448	97323338240	414208	512	3.166249
202359668736	202359200256	468480	512	9.506557
199787224064	199786732032	492032	512	9.451079
77785060352	77784586240	474112	512	2.709834
176850669056	176850230272	438784	512	10.302859
150286160384	150285850112	310272	512	5.125518
26158556160	26158247936	308224	512	5.708797
110943472640	110943180800	291840	512	5.532453
91828071936	91827656704	415232	512	4.512013
22603452928	22602980864	472064	512	3.030967
90260167680	90259747840	419840	512	3.034312
223024148992	223023769088	379904	512	10.050995
90479016960	90478510080	506880	512	1.213909
68518059520	68517597184	462336	512	2.868555
246847455232	246847119360	335872	512	9.905719
187346363904	187345853952	509952	512	9.464152
168456427008	168455942656	484352	512	10.071947
153187866624	153187421184	445440	512	3.742210
85278659072	85278308864	350208	512	5.157078
26691020288	26690699264	321024	512	5.631072
31479676928	31479296512	380416	512	1.869490
107482767360	107482314240	453120	512	4.047044
23318196224	23317699072	497152	512	1.791618
226708895232	226708524544	370688	512	10.161915
89343260160	89342769664	490496	512	2.559882
15813826048	15813437952	388096	512	1.150825
237046734336	237046319616	414720	512	9.017913
69046170112	69045741568	428544	512	4.524810
139391186944	139390864384	322560	512	3.762422
215462975488	215462692352	283136	512	4.642449
206285936640	206285669376	267264	512	3.638071
166602783232	166602385920	397312	512	2.782438
243555133952	243554700288	433664	512	7.088783
199923664896	199923232768	432128	512	10.058312
78551203840	78550853632	350208	512	1.165504
98290307584	98289867264	440320	512	2.911767
86774556672	86774092800	463872	512	4.158275
47275771392	47275426816	344576	512	5.390405
150678320128	150677886464	433664	512	10.775613
94740338176	94739878400	459776	512	12.336005
126824600576	126824155648	444928	512	2.575785
144850309632	144849994752	314880	512	3.798424
249481156096	249480867328	288768	512	3.790723
85707597824	85707241472	356352	512	3.675696
96447983104	96447572480	410624	512	3.170855
109183633920	109183258112	375808	512	4.729485
172796839936	172796368384	471552	512	10.114033
231220267008	231219841024	425984	512	9.276328
25000793088	25000268800	524288	512	3.986113
2173637120	2173338624	298496	512	4.530739
184246100992	184245609472	491520	512	8.074735
141270087168	141269779456	307712	512	5.197919
103151437824	103151142912	294912	512	1.152639
97009468416	97009091584	376832	512	4.844808
215650791424	215650279424	512000	512	8.612962
180297445376	180297017344	428032	512	3.474852
38863260160	38862850048	410112	512	3.454594
51391800832	51391418368	382464	512	1.103416
166323865600	166323430912	434688	512	1.094873
127107897344	127107471872	425472	512	1.108752
39173691904	39173314048	377856	512	5.123612
208740234752	208739755520	479232	512	10.581794
157202279936	157201856000	423936	512	2.645610
208624782848	208624317952	464896	512	10.730851
201121126400	201120631808	494592	512	2.926401
14166921728	14166616064	305664	512	4.388443
167147307520	167146795520	512000	512	9.798845
137338384384	137337936896	447488	512	2.667430
95142543872	95142145536	398336	512	4.654158
121727933440	121727513600	419840	512	4.260822
212309255168	212308916736	338432	512	2.683937
147714728448	147714321920	406528	512	1.133677
54167927296	54167411200	516096	512	3.863699
98680238592	98679777792	460800	512	4.093282
44320158208	44319697920	460288	512	3.070244
98203844608	98203470848	373760	512	3.440089
3674095104	3673608192	486912	512	3.027451
148527716352	148527386112	330240	512	1.072861
14524255744	14523869184	386560	512	3.737333
222297926144	222297543168	382976	512	10.032123
144177181184	144176706560	474624	512	10.445199
11862542848	11862219264	323584	512	5.626506
167180351488	167180071424	280064	512	3.959044
97773601792	97773266432	335360	512	5.193149
243170914816	243170533888	380928	512	9.516547
141993658880	141993317376	341504	512	3.498113
239190003712	239189697536	306176	512	3.660245
136199784960	136199389696	395264	512	4.410403
7237369856	7236868608	501248	512	4.260695
217575601664	217575183872	417792	512	2.927070
94310929408	94310564352	365056	512	4.870483
42532224512	42531892224	332288	512	4.132280
229286247424	229285903872	343552	512	3.640636
7702000128	7701677056	323072	512	1.316468
115075393024	115075034112	358912	512	3.554897
213083602944	213083291648	311296	512	4.389612
7598474240	7598009344	464896	512	1.188924
96946330112	96945847808	482304	512	3.835958
28318803456	28318482432	321024	512	5.591963
139726671872	139726307328	364544	512	4.689934
226185067520	226184562176	505344	512	8.339428
96525914112	96525640192	273920	512	4.444521
96971486208	96971071488	414720	512	3.138112
224610151424	224609757184	394240	512	9.756672
174379605504	174379108864	496640	512	9.824799
107308880896	107308364288	516608	512	10.343619
160632425984	160632145920	280064	512	3.952852
30072043008	30071610880	432128	512	3.337909
217146380288	217145907712	472576	512	9.146629
31470060544	31469603840	456704	512	3.103655
22018086400	22017744384	342016	512	4.098630
120603840000	120603459072	380928	512	4.617678
19936718848	19936384512	334336	512	5.531395
135672865280	135672344576	520704	512	10.098548
117119175680	117118672384	503296	512	10.326204
197866516992	197866113024	403968	512	3.472535
37872368640	37871991296	377344	512	1.212428
225325706752	225325228544	478208	512	8.777175
33800228864	33799825920	402944	512	3.519186
175003747328	175003474944	272384	512	5.360400
23003772416	23003270144	502272	512	2.803586
43924432896	43923938816	494080	512	2.756675
101362614272	101362147328	466944	512	4.067527
118339896832	118339616768	280064	512	5.576993
162424151552	162423801856	349696	512	4.527721
202585050624	202584711680	338944	512	4.179846
215216520704	215216054272	466432	512	9.327275
161010364928	161010035200	329728	512	3.415707
179301478912	179301133312	345600	512	3.028498
91553169920	91552732160	437760	512	2.956768
64128150016	64127847424	302592	512	4.288357
165864959488	165864636928	322560	512	4.896175
144085554176	144085032448	521728	512	9.912067
244006429696	244006129664	300032	512	2.659617
241651778048	241651507712	270336	512	4.238075
208767120896	208766829056	291840	512	3.268123
195561702400	195561183744	518656	512	9.090588
198142981120	198142629888	351232	512	4.142062
231832447488	231832045056	402432	512	9.540240
13661522944	13661122560	400384	512	4.995394
106255270400	106254770688	499712	512	3.659472
113250791424	113250429440	361984	512	4.888829
83360964096	83360494080	470016	512	2.746979
148741550080	148741261312	288768	512	5.306560
76543044608	76542678016	366592	512	4.997101
40261122560	40260625920	496640	512	2.764686
81798856704	81798482944	373760	512	3.594138
134019907584	134019394048	513536	512	1.903982
49808123392	49807840256	283136	512	5.839720
44982981120	44982718464	262656	512	4.710080
217974836736	217974558208	278528	512	3.342127
192580132864	192579811328	321536	512	4.606042
193995656192	193995242496	413696	512	3.566283
227262068736	227261719552	349184	512	3.580120
137648958464	137648610304	348160	512	4.872766
67153046528	67152777728	268800	512	5.926966
195963567616	195963301376	266240	512	5.135935
19292629504	19292233728	395776	512	5.052925
230745970176	230745617920	352256	512	1.982501
92109841920	92109452800	389120	512	3.324031
220860186624	220859919872	266752	512	3.479455
149162019328	149161716224	303104	512	5.247992
25633590784	25633135104	455680	512	4.541098
7146040320	7145718784	321536	512	4.319044
10936053248	10935604736	448512	512	4.588150
149147326464	149146828288	498176	512	1.943510
181570384384	181570086912	297472	512	4.965817
14142414848	14142053376	361472	512	3.864944
220207991296	220207541248	450048	512	2.522366
9763091456	9762733568	357888	512	4.017392
218810369536	218809934336	435200	512	9.570986
62452490752	62452081152	409600	512	4.735093
214660723712	214660287488	436224	512	9.753696
73830603776	73830295552	308224	512	4.152105
98097038848	98096662528	376320	512	4.862464
38011490816	38010991104	499712	512	4.086716
30144506368	30144198144	308224	512	4.320927
95254156288	95253773824	382464	512	2.110424
248389227008	248388810240	416768	512	7.232891
83902033920	83901763072	270848	512	3.033695
231356968448	231356606976	361472	512	1.830118
110231492608	110231142400	350208	512	4.984839
237473328640	237472870912	457728	512	8.358890
213233187328	213232906752	280576	512	3.371185
2002403328	2001906688	496640	512	2.947914
77747169280	77746661888	507392	512	3.765814
142614083072	142613682176	400896	512	2.891674
201427767808	201427338240	429568	512	1.866469
199890059264	199889704960	354304	512	4.109311
208279070720	208278577152	493568	512	9.021082
62677757440	62677346816	410624	512	4.742582
168201680896	168201191424	489472	512	1.819305
160216624640	160216264192	360448	512	4.577649
201052656640	201052316160	340480	512	4.335817
19025399808	19025011712	388096	512	5.159973
66673281536	66672788992	492544	512	2.644862
153724676096	153724260352	415744	512	2.634791
99585756672	99585412608	344064	512	3.785701
154000089600	153999592448	497152	512	1.841085
178701388800	178701047808	340992	512	4.593145
102488797184	102488374272	422912	512	2.982724
186642412544	186642007040	405504	512	2.431076
30778245120	30777867776	377344	512	5.122565
90540620288	90540291584	328704	512	5.200274
196105340416	196105057280	283136	512	4.922540
112769591808	112769165312	426496	512	3.006566
29653560320	29653105152	455168	512	3.105476
40945218560	40944729088	489472	512	2.833386
214778562560	214778271232	291328	512	3.287867
42175138816	42174698496	440320	512	3.308827
108355028480	108354659328	369152	512	3.502132
97863663104	97863331840	331264	512	3.926306
10459707392	10459227136	480256	512	3.007322
213690383360	213689904640	478720	512	2.311686
118243929600	118243645440	284160	512	5.570677
97673516032	97673104384	411648	512	4.517080
223667787264	223667297280	489984	512	8.606435
28738107392	28737662976	444416	512	4.526597
160711492096	160711128064	364032	512	4.485214
174902589440	174902089216	500224	512	2.888890
82588811776	82588327936	483840	512	2.611290
90403243008	90402872832	370176	512	3.527027
60862538752	60862029312	509440	512	2.573711
125569665536	125569165824	499712	512	2.129789
22511434240	22511070720	363520	512	5.297994
93360331776	93359912960	418816	512	4.345345
134146323456	134145831424	492032	512	3.482098
164444588544	164444146176	442368	512	3.653764
241693680128	241693387264	292864	512	2.568339
113093173760	113092811776	361984	512	3.487527
1178006016	1177661952	344064	512	5.544936
124005004800	124004512256	492544	512	3.564548
144322475520	144322170368	305152	512	3.870769
115218716160	115218353152	363008	512	4.857565
226586950656	226586459136	491520	512	8.592948
98130628608	98130339840	288768	512	4.274783
164287845888	164287544320	301568	512	3.724792
214677034496	214676579840	454656	512	2.603378
53020775424	53020463104	312320	512	4.276707
6382745600	6382225408	520192	512	2.760826
103576929792	103576614912	314880	512	5.321752
241707140096	241706732032	408064	512	9.086773
42074094080	42073731072	363008	512	5.198530
38079679488	38079377920	301568	512	4.369001
58800521728	58800012288	509440	512	3.931669
189310484480	189310098432	386048	512	3.856228
143233805824	143233391616	414208	512	2.796476
152069361664	152068909056	452608	512	2.210033
116569664512	116569271808	392704	512	9.784815
205382642176	205382350848	291328	512	4.750429
140472503808	140472005120	498688	512	3.426658
49839767552	49839286784	480768	512	2.782529
1568424960	1567902208	522752	512	2.715840
26232569856	26232151040	418816	512	4.853663
96804805632	96804418048	387584	512	3.362154
174954609664	174954320896	288768	512	3.775691
153374214144	153373937152	276992	512	4.025132
128283837440	128283561472	275968	512	4.240704
134041507840	134041132544	375296	512	4.606154
7622371328	7621938176	433152	512	4.813410
219639020032	219638677504	342528	512	3.874772
98457286144	98456865280	420864	512	3.071927
22993904128	22993409536	494592	512	4.261601
123754119168	123753696256	422912	512	4.248767
77106059776	77105699840	359936	512	5.055753
82801784320	82801422848	361472	512	3.698708
126943287296	126942902272	385024	512	4.610935
88688633344	88688212480	420864	512	3.068043
147243288576	147242927104	361472	512	3.298454
82072224256	82071831552	392704	512	4.792834
7248419840	7247947264	472576	512	3.152172
206521432576	206521102848	329728	512	4.292219
84358571008	84358191104	379904	512	3.545600
30905285632	30905000448	285184	512	4.509301
91484859904	91484462592	397312	512	4.648577
239917464576	239917020672	443904	512	2.042471
166124162048	166123714048	448000	512	2.207402
69046297600	69045963264	334336	512	5.363275
53970963456	53970640896	322560	512	5.497590
29601352192	29600948736	403456	512	4.883836
90494239232	90493902336	336896	512	5.190902
205793327616	205792886272	441344	512	2.949746
207955974656	207955561984	412672	512	2.082531
248306910720	248306539520	371200	512	2.484124
227424429056	227423956992	472064	512	1.946447
97243151360	97242643456	507904	512	2.296228
136763888640	136763451392	437248	512	9.240971
209993224192	209992843264	380928	512	3.472169
199701968384	199701606400	361984	512	4.023420
105807056384	105806751232	305152	512	5.411922
207131532288	207131102208	430080	512	2.040522
119441442304	119441108480	333824	512	5.067466
192486503424	192486201856	301568	512	4.811813
214006901760	214006512128	389632	512	3.422040
22991048704	22990756352	292352	512	5.875458
118409980416	118409717248	263168	512	5.761486
212253900800	212253576704	324096	512	4.232354
227642865152	227642464256	400896	512	2.957828
244572214272	244571764224	450048	512	8.482494
34309971456	34309508608	462848	512	4.391027
3023632896	3023302144	330752	512	5.593734
134222196736	134221693952	502784	512	3.371768
175607497728	175607216640	281088	512	5.242985
7945354240	7945042944	311296	512	5.779193
13919510528	13919156224	354304	512	5.359693
58015667712	58015201792	465920	512	2.929028
237804339712	237803997696	342016	512	3.184530
23913556480	23913060352	496128	512	2.844052
137367557632	137367129600	428032	512	4.104263
149853137408	149852682752	454656	512	3.769064
246969592832	246969320448	272384	512	3.987524
228817667072	228817402880	264192	512	4.725334
215304427520	215304105984	321536	512	4.085232
107174922752	107174421504	501248	512	3.591963
230016157184	230015790080	367104	512	3.355118
171126844416	171126541824	302592	512	3.601738
108840101376	108839639552	461824	512	2.575905
16424876544	16424500224	376320	512	3.811519
156053818368	156053552128	266240	512	5.523053
238994358784	238993975808	382976	512	9.445222
229274018816	229273661952	356864	512	3.451622
161655764480	161655258112	506368	512	1.990492
144351256064	144350991872	264192	512	5.630992
194560959488	194560684032	275456	512	3.780111
22238694912	22238392832	302080	512	4.419786
34560892928	34560624640	268288	512	4.661956
146915991552	146915597824	393728	512	2.986509
169115309568	169115034112	275456	512	3.946988
135371245056	135370915328	329728	512	5.050303
14419097088	14418746880	350208	512	5.405044
56382680576	56382386176	294400	512	5.770379
233759396864	233758982144	414720	512	9.363956
106599631872	106599290368	341504	512	3.712810
57703832576	57703309824	522752	512	3.788335
215437192192	215436668928	523264	512	8.461065
62687084544	62686750720	333824	512	5.365022
24707603968	24707233792	370176	512	5.195010
191077854720	191077429248	425472	512	2.018432
113290441728	113289983488	458240	512	2.639080
104835766272	104835308032	458240	512	3.992783
215817985536	215817537024	448512	512	9.454444
59070795264	59070310400	484864	512	2.775064
26140847104	26140453376	393728	512	3.676218
113377639936	113377342976	296960	512	4.053807
92752104448	92751756800	347648	512	5.090761
244340620288	244340280320	339968	512	3.203102
118195834880	118195340800	494080	512	2.171691
6094000640	6093594624	406016	512	5.056546
249782650880	249782157824	493056	512	7.478521
224257578496	224257161728	416768	512	2.700140
196650689024	196650291200	397824	512	8.832453
64837383168	64836957184	425984	512	4.611249
119381716992	119381192704	524288	512	3.261489
130142879232	130142523904	355328	512	3.528549
224402285056	224402015232	269824	512	4.640048
117928141824	117927621632	520192	512	3.367165
192396404736	192396061696	343040	512	2.968411
226244801536	226244351488	450048	512	9.137144
112731959296	112731685888	273408	512	5.686709
58738024448	58737695744	328704	512	5.466641
236725038080	236724662272	375808	512	9.887622
181301557248	181301216768	340480	512	3.147893
171891624448	171891183104	441344	512	2.152866
177260620288	177260343808	276480	512	5.187398
175261760512	175261367808	392704	512	2.700574
4935469056	4935147520	321536	512	5.717895
202818400768	202817987072	413696	512	8.527624
48570614272	48570216960	397312	512	3.530985
214494977024	214494550528	426496	512	2.949072
168430896640	168430601728	294912	512	3.817067
35853289472	35852935680	353792	512	5.321080
76879046144	76878715904	330240	512	5.339890
246087649280	246087138816	510464	512	7.264507
225160286720	225159992832	293888	512	2.951810
65152584704	65152290304	294400	512	5.698925
120157911552	120157540864	370688	512	4.719574
249768223232	249767940096	283136	512	2.486078
246647876608	246647394816	481792	512	9.057464
16334486528	16334218240	268288	512	4.728801
162358843904	162358424576	419328	512	3.896368
172028004864	172027571200	433664	512	3.620858
125957026304	125956528128	498176	512	3.530704
170173643264	170173334528	308736	512	4.979982
147485394432	147484884480	509952	512	3.216778
217681018368	217680548352	470016	512	9.136074
215996433920	215996057600	376320	512	2.077217
72938792448	72938344960	447488	512	4.400799
147313975808	147313563136	412672	512	2.789084
92903759872	92903465472	294400	512	4.220115
60846557184	60846146560	410624	512	4.779841
169834635264	169834178560	456704	512	1.988158
82635401728	82634979328	422400	512	3.161255
196974145536	196973813248	332288	512	4.373118
156273211392	156272708608	502784	512	3.128351
243894969856	243894602240	367616	512	2.802911
211341762560	211341452288	310272	512	4.408559
206041181696	206040827904	353792	512	2.639868
31404102656	31403679232	423424	512	4.716586
78634490368	78634145792	344576	512	5.206152
239189533696	239189031936	501760	512	7.843616
1526438400	1525914112	524288	512	2.747581
85176918016	85176450560	467456	512	4.127928
134691060736	134690639872	420864	512	4.176780
148765414912	148765040640	374272	512	3.162575
219824460288	219823978496	481792	512	8.981404
72265381376	72264975360	406016	512	4.825198
203511753216	203511255552	497664	512	9.096670
66324558848	66324073984	484864	512	4.077089
245779191808	245778800640	391168	512	9.052455
207408323584	207407921152	402432	512	3.383459
161600972800	161600495616	477184	512	1.889430
161697210368	161696736768	473600	512	3.327293
124552088576	124551672832	415744	512	2.976798
81433604096	81433245696	358400	512	5.114954
181305455104	181304932864	522240	512	9.364174
205203175936	205202672128	503808	512	7.448704
134090779648	134090322432	457216	512	3.844640
225346785280	225346347008	438272	512	9.299431
3503704576	3503431168	273408	512	4.694087
209006321664	209005844480	477184	512	9.225772
29870635520	29870349312	286208	512	5.838635
28807388672	28807107584	281088	512	4.530022
281251328	280833024	418304	512	5.035442
178120119808	178119693312	426496	512	3.543890
177446049280	177445720064	329216	512	4.659670
39302797312	39302484480	312832	512	4.247687
194560369152	194560034816	334336	512	3.078764
125936220160	125935835136	385024	512	4.567718
172776103936	172775747584	356352	512	3.054998
238999650816	238999215616	435200	512	1.798497
19442614784	19442166784	448000	512	3.228619
183838418432	183838033408	385024	512	2.609570
232143492608	232143092224	400384	512	9.574552
56640083968	56639665152	418816	512	3.304364
115158061056	115157793792	267264	512	5.760679
67429958656	67429499392	459264	512	2.917372
198069935104	198069440512	494592	512	9.368235
49902722048	49902294016	428032	512	4.614686
121675418112	121675068928	349184	512	3.547186
225924058624	225923549184	509440	512	8.317341
205649432064	205649154560	277504	512	4.906956
159857708032	159857344000	364032	512	3.199667
240141628416	240141295104	333312	512	1.962569
213248304640	213247997952	306688	512	4.452919
24877034496	24876727296	307200	512	5.765667
215108209664	215107687936	521728	512	1.756852
69140924928	69140540928	384000	512	4.955394
95729806336	95729529856	276480	512	5.749849
230794705408	230794220544	484864	512	8.382964
133539600384	133539190272	410112	512	2.907719
218981780992	218981379072	401920	512	1.945676
180922523648	180922203136	320512	512	3.324464
229822616576	229822166016	450560	512	9.112906
35502584320	35502129664	454656	512	3.097484
39266704896	39266415104	289792	512	5.817901
235406581760	235406110208	471552	512	8.587714
244346649600	244346282496	367104	512	9.739333
100319803904	100319508992	294912	512	5.571407
125634108416	125633634816	473600	512	3.739925
66618027520	66617526784	500736	512	3.942650
220743045632	220742646272	399360	512	1.753628
100100132352	100099775488	356864	512	3.724319
51708873216	51708543488	329728	512	5.453910
182899247616	182898938368	309248	512	4.861242
77150819328	77150370304	449024	512	4.277553
6808743936	6808463872	280064	512	4.654151
73772753408	73772468224	285184	512	4.369331
92705083904	92704629760	454144	512	2.769505
247907222528	247906936832	285696	512	3.819786
224942120960	224941761024	359936	512	3.439252
119948855808	119948352512	503296	512	2.194193
212886964224	212886651392	312832	512	4.320708
183576732160	183576264704	467456	512	3.072312
182291807744	182291441152	366592	512	4.147864
229154635264	229154142208	493056	512	8.551004
8564960768	8564648960	311808	512	5.794349
246708669952	246708298752	371200	512	9.351181
195494012928	195493549056	463872	512	9.722628
19697033216	19696747008	286208	512	5.922165
238696553984	238696201728	352256	512	9.948352
14068279296	14067856384	422912	512	3.477232
245251416064	245251124224	291840	512	2.345340
243419017216	243418707456	309760	512	3.670524
178895601152	178895265280	335872	512	4.563992
136632233472	136631709184	524288	512	3.176031
97302054400	97301647360	407040	512	4.582799
69981253120	69980788224	464896	512	4.232839
2552031744	2551736320	295424	512	5.900976
30846042624	30845596160	446464	512	4.570387
77188291072	77187842048	449024	512	4.316160
39156021248	39155630080	391168	512	4.985094
213087110144	213086714880	395264	512	3.480079
149151457792	149150973952	483840	512	2.072962
166003374592	166003055104	319488	512	3.535610
111147397120	111146882048	515072	512	3.305566
228827499520	228827225088	274432	512	4.622622
30862938624	30862531584	407040	512	4.859144
12118624256	12118310912	313344	512	5.708269
63433922048	63433446400	475648	512	2.791164
124234792960	124234302976	489984	512	3.554543
197284351488	197283971072	380416	512	2.418027
196723139584	196722675712	463872	512	2.841957
4284918272	4284612608	305664	512	5.826119
97189970944	97189682688	288256	512	5.700195
70053943296	70053507584	435712	512	4.446830
9045601792	9045191680	410112	512	5.012666
64034310656	64034010624	300032	512	5.661257
231961547776	231961189888	357888	512	1.970527
136323436544	136323091968	344576	512	4.940375
155701847040	155701531136	315904	512	5.015784
51728242688	51727750656	492032	512	2.740623
59532808704	59532339712	468992	512	2.900966
165325673472	165325272064	401408	512	2.692838
109137201664	109136724992	476672	512	2.419175
151475639296	151475119104	520192	512	9.860538
109650869248	109650477056	392192	512	3.233005
1225295872	1224787456	508416	512	4.199728
110113987072	110113717760	269312	512	4.362214
201269009920	201268722688	287232	512	4.827622
189049246720	189048955392	291328	512	4.911688
12274763776	12274328576	435200	512	4.693990
239518218752	239517705728	513024	512	7.554085
73708737536	73708256256	481280	512	4.002002
176230717952	176230387200	330752	512	4.711265
239588733952	239588256256	477696	512	8.079400
111474738688	111474284544	454144	512	2.675675
73756571648	73756224000	347648	512	5.179394
62587284992	62586873344	411648	512	4.638009
100725239808	100724833280	406528	512	4.569927
222446739968	222446221312	518656	512	8.122854
13046327808	13046014464	313344	512	4.342247
82825129984	82824825344	304640	512	4.206153
6218692608	6218308096	384512	512	5.233838
20521585152	20521107456	477696	512	4.360953
201152211456	201151931904	279552	512	4.936966
110522179072	110521874432	304640	512	5.447149
184736255488	184735810048	445440	512	1.964457
168201420288	168201056768	363520	512	4.468358
26306606592	26306327552	279040	512	5.964392
243155982848	243155537920	444928	512	2.024313
181124600320	181124240896	359424	512	2.905443
246786761216	246786421248	339968	512	9.853915
60222058496	60221713408	345088	512	3.933777
19492979712	19492484096	495616	512	4.189190
24551490048	24551068672	421376	512	3.431468
220856799744	220856359424	440320	512	2.659827
236474267648	236473888768	378880	512	3.011032
66355747328	66355257856	489472	512	2.649549
124299689984	124299288064	401920	512	3.060325
153762942976	153762508288	434688	512	2.424614
48877923328	48877510144	413184	512	4.749362
5580627968	5580299776	328192	512	5.656398
166280489984	166280024576	465408	512	2.023961
198202374656	198202018816	355840	512	4.157190
85530038272	85529688576	349696	512	5.093795
202376335872	202376028672	307200	512	3.152153
237979624960	237979111936	513024	512	7.517179
152140313600	152139945984	367616	512	4.529455
150349062144	150348578304	483840	512	3.321593
67281022976	67280564224	458752	512	2.913427
191297899520	191297453056	446464	512	1.803553
78519400960	78519029248	371712	512	4.945887
241459559936	241459105280	454656	512	9.731648
152984911360	152984620032	291328	512	5.295202
113228751360	113228452864	298496	512	5.450219
215687826944	215687556608	270336	512	4.813007
161130588160	161130162176	425984	512	3.788218
51789322240	51788829184	493056	512	2.660778
66195072000	66194576384	495616	512	3.985946
203812949504	203812591616	357888	512	3.934231
196527759872	196527329280	430592	512	1.819407
24901836800	24901394944	441856	512	3.269071
64876573184	64876289536	283648	512	5.805507
197467307520	197466902528	404992	512	2.160016
31219804160	31219302400	501760	512	4.080996
37076694528	37076262400	432128	512	3.337281
70603952128	70603470336	481792	512	2.755405
197717957120	197717643264	313856	512	4.572050
74907622400	74907213312	409088	512	3.289462
50194995712	50194499072	496640	512	4.019190
116566776320	116566308352	467968	512	3.812350
168996815872	168996305920	509952	512	2.802289
110437014528	110436697088	317440	512	5.299518
35471149568	35470743552	406016	512	4.889528
51198759424	51198354432	404992	512	3.443910
179167173632	179166671872	501760	512	2.686372
178092305408	178091783680	521728	512	2.505307
138745939968	138745615360	324608	512	5.092660
25012893696	25012435968	457728	512	4.531519
12869517312	12869195264	322048	512	5.688735
142964688896	142964290560	398336	512	2.890918
244551898112	244551482368	415744	512	2.221747
216051870208	216051604480	265728	512	4.821391
132627591680	132627325952	265728	512	4.286066
94948020736	94947646464	374272	512	4.860865
162531200000	162530881024	318976	512	4.903147
74142657024	74142272000	385024	512	4.866516
244607930880	244607433728	497152	512	7.796487
244732487680	244732136960	350720	512	2.085716
241753510912	241753050624	460288	512	8.324602
205190707200	205190251008	456192	512	9.671656
87705829376	87705305088	524288	512	3.616368
132059474944	132059114496	360448	512	4.842515
129968728064	129968248320	479744	512	3.657551
178862355456	178861975040	380416	512	4.010028
193444993536	193444613632	379904	512	3.896219
24431083520	24430777856	305664	512	5.783216
195635324928	195635046400	278528	512	3.579932
202913684992	202913363456	321536	512	4.356726
161874674176	161874183680	490496	512	1.747920
230169968128	230169487360	480768	512	9.845638
123822643200	123822360576	282624	512	5.569511
24508027904	24507584512	443392	512	4.665771
3416496128	3416132608	363520	512	5.366823
156743576576	156743182336	394240	512	4.214743
195967366144	195966972416	393728	512	3.656656
110960752640	110960235520	517120	512	3.447131
171661229056	171660803072	425984	512	2.340764
72774526464	72774185472	340992	512	5.304668
50815319552	50814805504	514048	512	2.521091
108652751360	108652307456	443904	512	2.757309
47678639104	47678190592	448512	512	4.442266
192850021888	192849667584	354304	512	4.218055
202987476480	202987193856	282624	512	3.483826
150404474880	150404087296	387584	512	2.922074
247847848448	247847385600	462848	512	7.950217
151531480064	151531013632	466432	512	2.132080
35649158144	35648639488	518656	512	3.952945
48016528384	48016147456	380928	512	5.040899
231980963328	231980460544	502784	512	9.525072
39409690624	39409242624	448000	512	4.539139
97510616576	97510148096	468480	512	2.674917
57709071872	57708614656	457216	512	3.029624
240239996928	240239658496	338432	512	1.880305
35607623680	35607160832	462848	512	4.382599
67673435648	67673139200	296448	512	4.330105
181073696256	181073309696	386560	512	2.606795
131249436160	131249171456	264704	512	5.665719
2389833216	2389420544	412672	512	3.617560
246221356032	246221059072	296960	512	3.650755
84156025344	84155692544	332800	512	5.306509
121109793792	121109347840	445952	512	2.654971
14246412800	14246082048	330752	512	5.555533
201466975744	201466604032	371712	512	3.881270
110580329984	110579869696	460288	512	3.985519
222064266752	222063877120	389632	512	3.053946
138281229312	138280717824	511488	512	1.907165
215500922368	215500631040	291328	512	4.456451
132142849536	132142441984	407552	512	4.273771
207356869632	207356477952	391680	512	3.544412
190626996736	190626663936	332800	512	4.439796
81023694336	81023212032	482304	512	2.590594
40644327936	40643857408	470528	512	4.360109
227480386048	227480032256	353792	512	2.148817
135994283520	135993801728	481792	512	3.578061
52305590272	52305268736	321536	512	5.511005
28677916160	28677627904	288256	512	4.467846
100963615744	100963308032	307712	512	5.538343
61072701440	61072364544	336896	512	4.015477
177408403968	177407906816	497152	512	9.653847
43717426688	43717139456	287232	512	4.483128
165616640	165329408	287232	512	5.971686
239614830592	239614507008	323584	512	2.076714
12211996672	12211610112	386560	512	5.125184
150971286528	150970786816	499712	512	3.171660
102279577600	102279252992	324608	512	5.218745
112644285440	112643941888	343552	512	3.613499
199008834560	199008549376	285184	512	3.526919
221666449408	221666146304	303104	512	4.195970
85992870912	85992418304	452608	512	4.237981
156236246528	156235947520	299008	512	5.225295
94493937152	94493580800	356352	512	3.680929
166116571136	166116185600	385536	512	4.238200
134232380416	134232069120	311296	512	5.241475
167422330368	167421846016	484352	512	1.865292
162620748800	162620378112	370688	512	4.404850
239606662656	239606145024	517632	512	7.445925
171658265088	171657808384	456704	512	1.989386
174192405504	174192128512	276992	512	3.888159
143583463936	143583102976	360960	512	3.313130
96168157696	96167687168	470528	512	2.584776
149992922112	149992523776	398336	512	4.177473
79446294016	79445797888	496128	512	3.886890
166689295360	166688803840	491520	512	1.775214
113186876416	113186599936	276480	512	5.670665
221088417280	221088117248	300032	512	3.094110
61505281536	61504892928	388608	512	3.516088
52824734720	52824333312	401408	512	4.772156
247810442240	247810080768	361472	512	9.513914
68554013696	68553689088	324608	512	5.488543
143958354944	143957843968	510976	512	3.170393
52948301824	52947785216	516608	512	3.868330
189927974912	189927478784	496128	512	9.487284
101243478016	101243103232	374784	512	4.867376
87275349504	87274846720	502784	512	2.428814
171569406464	171569060864	345600	512	4.477099
38381779456	38381327872	451584	512	4.488794
204989559296	204989076480	482816	512	2.462530
208156274688	208155877888	396800	512	3.295884
186099735040	186099289088	445952	512	1.915728
232475245056	232474722816	522240	512	7.886216
92457193472	92456905216	288256	512	4.291543
202888693248	202888205312	487936	512	9.237037
126099382272	126098925568	456704	512	2.593757
88121484800	88121137152	347648	512	3.802215
245762120704	245761640960	479744	512	7.676003
243116296704	243116011520	285184	512	4.018940
102275429376	102275018752	410624	512	3.132344
37183553536	37183199232	354304	512	5.286757
95382017536	95381714944	302592	512	5.533584
43609758208	43609282048	476160	512	4.331110
232049218560	232048878080	340480	512	3.514412
74966403072	74966091264	311808	512	5.486370
15533792768	15533346816	445952	512	4.624584
72399559168	72399251456	307712	512	5.597094
56001487360	56001207808	279552	512	5.865724
78988221952	78987836928	385024	512	3.476584
77471863296	77471444992	418304	512	3.200298
114027660800	114027193856	466944	512	2.555892
228927815168	228927292928	522240	512	8.152516
104268742656	104268398592	344064	512	5.030613
90065040384	90064526848	513536	512	2.264393
122967040000	122966576640	463360	512	2.489328
169503565312	169503250432	314880	512	3.522763
114821829120	114821344768	484352	512	3.752987
213292172288	213291668992	503296	512	8.907657
72313792000	72313462784	329216	512	4.032476
239090146816	239089801216	345600	512	3.147833
10021761024	10021447168	313856	512	4.265050
223517204992	223516916224	288768	512	4.394070
112661109760	112660750336	359424	512	3.542747
183945863680	183945347072	516608	512	2.552135
40754854400	40754334208	520192	512	3.950629
101894654976	101894359040	295936	512	5.474709
133399158272	133398702080	456192	512	2.399106
32028299776	32027832832	466944	512	4.383191
97600377856	97600026624	351232	512	5.089184
79614206976	79613779968	427008	512	4.450597
197680524800	197680004096	520704	512	9.050535
10117575168	10117083648	491520	512	4.236726
84435925504	84435563008	362496	512	3.693886
21414955520	21414635008	320512	512	4.400886
192352676352	192352352768	323584	512	3.210264
244855987712	244855495680	492032	512	7.864098
156710735360	156710409728	325632	512	3.570620
99641105920	99640833536	272384	512	5.827654
114038215680	114037793792	421888	512	2.972046
70998538240	70998167552	370688	512	5.034865
185593090048	185592817152	272896	512	5.238782
123300642304	123300326912	315392	512	5.259793
101670202880	101669878272	324608	512	3.954551
80142761984	80142340096	421888	512	4.590166
123286797824	123286429696	368128	512	4.757718
132180102656	132179621376	481280	512	2.127386
239208223232	239207897600	325632	512	2.061714
118901364224	118901079040	285184	512	4.178712
17371658752	17371145728	513024	512	2.657403
42286876672	42286597120	279552	512	5.896109
218303284736	218302825472	459264	512	9.308220
94408603648	94408086016	517632	512	2.217721
144255050752	144254703104	347648	512	4.725221
194589307392	194589040640	266752	512	3.822447
214604629504	214604134912	494592	512	9.003645
137242716160	137242219008	497152	512	8.906361
58839448576	58839020032	428544	512	4.528049
6369577472	6369101824	475648	512	3.118510
98102064128	98101730304	333824	512	3.859057
11643241984	11642723840	518144	512	4.028384
148462699008	148462434816	264192	512	5.660101
10269871616	10269587456	284160	512	5.996880
48821604352	48821331968	272384	512	5.916676
135552724992	135552242688	482304	512	3.575108
94016779264	94016498176	281088	512	5.694892
74282090496	74281580032	510464	512	3.740438
84369570304	84369096704	473600	512	2.693734
181922122240	181921699840	422400	512	2.209377
176271422464	176271042560	379904	512	2.819478
206204829184	206204558336	270848	512	5.003092
209420185600	209419870208	315392	512	3.000132
37322584064	37322212352	371712	512	5.158803
126190452736	126190120448	332288	512	5.075952
57525750784	57525366272	384512	512	4.837097
187195028480	187194543616	484864	512	9.797723
200523997696	200523635200	362496	512	2.653752
16627383296	16627081728	301568	512	5.856274
171403519488	171403160576	358912	512	4.360153
216268449280	216267957760	491520	512	8.929672
157457556480	157457128960	427520	512	3.907433
167153779712	167153327616	452096	512	3.551417
171694255616	171693896704	358912	512	4.449586
31091140096	31090641408	498688	512	2.754730
143745012224	143744543744	468480	512	3.612497
14884067840	14883776512	291328	512	4.514499
194966307328	194965890560	416768	512	3.503373
204358431232	204358023168	408064	512	1.962625
128429796864	128429409280	387584	512	4.567483
3068354048	3067845632	508416	512	2.867385
9877005824	9876571648	434176	512	3.445697
209334193152	209333678080	515072	512	8.737608
125041793024	125041444864	348160	512	3.606726
136721370624	136721020928	349696	512	4.864000
211137107456	211136794112	313344	512	4.332507
7722472448	7722013696	458752	512	3.188966
112264826880	112264443904	382976	512	3.300605
242685996544	242685625344	371200	512	9.637257
46554862592	46554514432	348160	512	5.357033
99976563200	99976291328	271872	512	4.426397
125105361920	125104968192	393728	512	3.178135
26022139904	26021795328	344576	512	5.374689
204658343936	204657902592	441344	512	9.823023
148124380160	148123868672	511488	512	3.197905
22888261120	22887847424	413696	512	4.886675
196095005184	196094703104	302080	512	3.348256
177145452544	177144957952	494592	512	2.767623
45752384512	45752091136	293376	512	5.778155
124727010816	124726666752	344064	512	3.625157
224703011328	224702734848	276480	512	4.509000
127274540544	127274131968	408576	512	2.921372
184879643136	184879338496	304640	512	3.523818
140039852544	140039372800	479744	512	2.250261
571395584	570963968	431616	512	3.464798
69945422336	69944943104	479232	512	4.110045
53889058304	53888741376	316928	512	5.450816
41396194304	41395865088	329216	512	5.527492
76249067520	76248791040	276480	512	5.771222
28811326464	28810849792	476672	512	3.037974
53111152128	53110789120	363008	512	3.723517
242361783808	242361464832	318976	512	2.153484
169881149440	169880650752	498688	512	1.940581
31967158784	31966856192	302592	512	5.738839
191749227520	191748883968	343552	512	2.997308
170073459200	170073108992	350208	512	3.139677
134095010816	134094535168	475648	512	3.595216
168094965248	168094450688	514560	512	2.896526
25329915904	25329492480	423424	512	4.796560
4895649280	4895324672	324608	512	5.684513
72156947968	72156576256	371712	512	5.004782
17472718848	17472360960	357888	512	5.341354
79408347136	79407843328	503808	512	2.455354
115293765120	115293490176	274944	512	5.691217
123320958464	123320608768	349696	512	4.928824
7464976384	7464585728	390656	512	5.138153
55087884288	55087528448	355840	512	3.845298
94990711808	94990215168	496640	512	3.759072
219879998464	219879686144	312320	512	2.877532
145079665664	145079151104	514560	512	1.730298
129156965376	129156691968	273408	512	4.287740
101142489088	101142122496	366592	512	4.948911
80585446912	80585024000	422912	512	3.154170
10311456256	10310957056	499200	512	2.809636
246664097280	246663675904	421376	512	8.607438
244216963072	244216521216	441856	512	8.638080
2584573952	2584121344	452608	512	4.673033
109200586240	109200207872	378368	512	4.708720
31716754432	31716315648	438784	512	4.594318
211353159680	211352797696	361984	512	3.771527
143625414144	143625112064	302080	512	5.261394
315245568	314930176	315392	512	5.727663
120148453888	120147964416	489472	512	3.534806
95033678848	95033387520	291328	512	5.594997
25393152000	25392753664	398336	512	5.022255
159941746176	159941272064	474112	512	2.058067
249420569600	249420093952	475648	512	7.775213
178542525952	178542001664	524288	512	9.318976
194504083968	194503571968	512000	512	2.520479
32033130496	32032766976	363520	512	5.280583
198958963712	198958665216	298496	512	4.736924
169731591168	169731283968	307200	512	3.596946
183262617600	183262336000	281600	512	5.125342
32044661760	32044253184	408576	512	3.487749
37646239744	37645855744	384000	512	3.641992
188178810880	188178482688	328192	512	3.140171
118063670272	118063405056	265216	512	5.657607
4642643968	4642263040	380928	512	3.865200
110781826048	110781323264	502784	512	3.546358
217277846016	217277487616	358400	512	3.705186
196213921280	196213557248	364032	512	2.628429
108021813248	108021499904	313344	512	5.358420
96843410432	96842984448	425984	512	3.058754
19455756800	19455326720	430080	512	3.327365
189680161792	189679682048	479744	512	9.687386
55167520768	55167152128	368640	512	3.761353
50465300480	50464984064	316416	512	5.565054
244477964288	244477650432	313856	512	2.238887
38304546816	38304032768	514048	512	2.620319
136662506496	136662188032	318464	512	5.171824
157469041664	157468702720	338944	512	4.783676
71440794112	71440489472	304640	512	5.649696
43529370112	43529000960	369152	512	3.822411
184314811392	184314354176	457216	512	1.833129
209752994816	209752730624	264192	512	3.617873
1272988160	1272552448	435712	512	4.788854
50513379840	50512909312	470528	512	2.812082
17222040576	17221616128	424448	512	4.784659
24109765632	24109379584	386048	512	3.773379
26599215104	26598737920	477184	512	4.341870
87130290176	87129832448	457728	512	2.838110
236996677632	236996293120	384512	512	2.885731
127358451200	127357975040	476160	512	3.778600
156167760384	156167298560	461824	512	2.209206
2304760320	2304396800	363520	512	5.368414
36738601472	36738232320	369152	512	3.759712
238230214656	238229910016	304640	512	2.383811
140837090304	140836667904	422400	512	2.772665
197211712000	197211359744	352256	512	4.142362
106927587328	106927175168	412160	512	3.028384
60078054912	60077626368	428544	512	3.255635
68870556160	68870163968	392192	512	4.877153
131315566592	131315241472	325120	512	3.771071
233274293760	233273878528	415232	512	9.388110
189370315264	189369958400	356864	512	2.814519
36176047616	36175644160	403456	512	4.895532
80454595072	80454149120	445952	512	2.929335
161489127424	161488717312	410112	512	3.965944
113931351040	113930835968	515072	512	2.060859
57224388096	57224030208	357888	512	3.840797
169805400576	169804914688	485888	512	2.974238
210217820160	210217389568	430592	512	2.949660
209054106624	209053694976	411648	512	3.134872
239448546304	239448126976	419328	512	8.849556
161508716544	161508370944	345600	512	3.281128
42200384512	42199875584	508928	512	2.652360
155908538368	155908065792	472576	512	2.064211
238310746112	238310256128	489984	512	7.911432
146485076992	146484755968	321024	512	3.690779
52523046912	52522762240	284672	512	5.818984
79694416384	79693947392	468992	512	2.725900
93431538176	93431067136	471040	512	4.006001
19604136960	19603692032	444928	512	3.254164
158838994944	158838548480	446464	512	2.330278
136177639936	136177337856	302080	512	5.317683
45808134656	45807739392	395264	512	4.957070
35583865856	35583378944	486912	512	4.195303
111414437376	111414066688	370688	512	3.433591
139983300608	139982902784	397824	512	4.389369
195571490304	195571063808	426496	512	3.268650
50228432896	50228083200	349696	512	3.917941
137141256704	137140903424	353280	512	3.463379
74537482752	74537218048	264704	512	4.539029
30083907584	30083571712	335872	512	4.092755
169848141824	169847683072	458752	512	3.342528
22782831104	22782404608	426496	512	4.779093
207979289088	207978828800	460288	512	9.427040
170787647488	170787229696	417792	512	2.271709
148381773824	148381320192	453632	512	2.478294
177438687232	177438194688	492544	512	9.676509
241478248448	241477756416	492032	512	7.860358
158411049984	158410738176	311808	512	5.070235
156640941056	156640573952	367104	512	4.511198
168581211136	168580758528	452608	512	2.035809
162555937792	162555675136	262656	512	5.446466
81418958848	81418514944	443904	512	4.315753
142400562688	142400068096	494592	512	1.988183
62220031488	62219692032	339456	512	5.321002
105528142848	105527813632	329216	512	5.178188
118129135616	118128681472	454144	512	3.916512
78864614912	78864270848	344064	512	5.255583
3608425472	3607977472	448000	512	4.692344
106339508736	106339047424	461312	512	3.984532
240899429376	240899054592	374784	512	9.589679
100243976704	100243504128	472576	512	3.993752
207548932096	207548645376	286720	512	3.413623
166756804096	166756373504	430592	512	18.924546
212540647424	212540277760	369664	512	2.325501
28112022528	28111502848	519680	512	3.940776
150966950400	150966537216	413184	512	2.674395
107662284800	107662015488	269312	512	5.741398
130078861312	130078389760	471552	512	2.409873
84372067328	84371548672	518656	512	36.641579
67142189568	67141854208	335360	512	3.989998
151998789120	151998385664	403456	512	2.738181
122665784832	122665333248	451584	512	2.595784
155165657600	155165155840	501760	512	3.145225
110891824640	110891476480	348160	512	3.683123
13270327808	13269985792	342016	512	5.463201
178438410752	178438068736	342016	512	4.434743
5643529728	5643027968	501760	512	4.295677
76034062336	76033708544	353792	512	5.150165
175825689600	175825310208	379392	512	4.199838
139724520448	139724082688	437760	512	2.632495
111077506560	111077216768	289792	512	4.157457
77360089088	77359704576	384512	512	4.858137
187854791168	187854373888	417280	512	2.097524
76971799040	76971289600	509440	512	2.385950
218282032128	218281610240	421888	512	2.860584
127536817664	127536344576	473088	512	3.743730
171917735936	171917247488	488448	512	2.015669
140454303232	140453975040	328192	512	5.064101
10098296320	10098019840	276480	512	6.009231
150873206784	150872685568	521216	512	1.920868
72500599296	72500235264	364032	512	3.746038
117810374656	117810055168	319488	512	5.216315
200793686016	200793275904	410112	512	3.473264
182547073536	182546774016	299520	512	4.945901
3221613056	3221274624	338432	512	4.201919
72548369920	72547984896	385024	512	4.959012
190181426688	190180963840	462848	512	9.835164
85486686208	85486189568	496640	512	2.492547
11097097728	11096653312	444416	512	3.279788
105278403584	105278108160	295424	512	5.506315
233516415488	233515948544	466944	512	1.756616
44010676736	44010187264	489472	512	2.794389
109062164992	109061843456	321536	512	5.260632
157737299456	157736822272	477184	512	3.396381
112068221952	112067766784	455168	512	4.019705
201381979136	201381537280	441856	512	3.118245
203691239936	203690844160	395776	512	3.526956
61152310272	61152003072	307200	512	4.287693
59196295680	59195835392	460288	512	2.964800
196578382336	196577864192	518144	512	2.225807
232703905792	232703467520	438272	512	9.019504
68523117056	68522643456	473600	512	2.792933
147332532224	147332148224	384000	512	3.073594
49141108224	49140619776	488448	512	2.744222
112769384960	112768903680	481280	512	3.774568
222084885504	222084531712	353792	512	3.527422
138631729664	138631207936	521728	512	1.749004
145402664448	145402147840	516608	512	2.116852
110439900160	110439473152	427008	512	4.339487
157686610944	157686236672	374272	512	4.449278
229596448768	229596067328	381440	512	3.196768
202564718080	202564344832	373248	512	2.376428
235547750912	235547312640	438272	512	8.920868
6183336448	6183031296	305152	512	4.512221
169175125504	169174605312	520192	512	9.561563
126156755456	126156271104	484352	512	2.275144
58462186496	58461768704	417792	512	3.325111
161454580736	161454270464	310272	512	3.652486
188311175168	188310728704	446464	512	1.775736
208751567872	208751208960	358912	512	3.782479
226714793472	226714526720	266752	512	4.703153
108866600448	108866309120	291328	512	5.551971
76135514112	76135058432	455680	512	2.888573
248698552832	248698261504	291328	512	2.361441
168406510592	168406099456	411136	512	2.612447
188384060416	188383647744	412672	512	3.526782
86642003456	86641554432	449024	512	4.273804
99220852736	99220407296	445440	512	2.930651
200102113792	200101753856	359936	512	4.050093
101009266688	101008822272	444416	512	2.856861
128986621952	128986162688	459264	512	3.901178
93048908288	93048446976	461312	512	2.730365
27658207744	27657931264	276480	512	5.950718
198984980480	198984561152	419328	512	1.924854
214882078720	214881690112	388608	512	2.048858
107035087360	107034585088	502272	512	2.198163
24206131712	24205807104	324608	512	4.240764
224665708032	224665337856	370176	512	1.945802
151904847360	151904447488	399872	512	4.182381
237055199232	237054860288	338944	512	3.232610
47954251264	47953976320	274944	512	5.986014
236417622528	236417161216	461312	512	8.736716
44103920128	44103655424	264704	512	6.041898
166336473600	166336076288	397312	512	4.124766
175675049984	175674758144	291840	512	3.777440
175452146688	175451683840	462848	512	3.310184
247001569792	247001161216	408576	512	8.777631
246499711488	246499394560	316928	512	3.343884
120659529728	120659253760	275968	512	5.602078
245439063040	245438655488	407552	512	8.795146
90761042432	90760570880	471552	512	2.644477
184830130176	184829605888	524288	512	2.521727
76484896256	76484372480	523776	512	2.268029
226996668416	226996340224	328192	512	3.859777
230141240832	230140754944	485888	512	8.405730
1810277376	1810012160	265216	512	3.444687
76031944704	76031664640	280064	512	5.772517
51000400384	51000011264	389120	512	4.975476
9750781440	9750297600	483840	512	3.031444
203720612864	203720253952	358912	512	2.572966
234336655360	234336290816	364544	512	3.189375
141041039872	141040548864	491008	512	3.462580
176609486336	176608986624	499712	512	2.895325
131610264064	131609949696	314368	512	5.218160
15127287296	15126870016	417280	512	4.835963
54390416896	54390141952	274944	512	5.927071
43377449472	43377146880	302592	512	4.366895
112558634496	112558339584	294912	512	5.487666
93865034240	93864563712	470528	512	2.644074
236609053184	236608625664	427520	512	9.201709
105997335552	105996884992	450560	512	4.078748
90144741376	90144408064	333312	512	3.886343
199983553024	199983126528	426496	512	3.264468
53535328768	53534870528	458240	512	4.312299
218178587648	218178267136	320512	512	2.803856
236026349056	236025886720	462336	512	1.825366
146672795648	146672347648	448000	512	2.371845
141563240448	141562841600	398848	512	3.072188
94711195648	94710857216	338432	512	3.823180
5534138880	5533817344	321536	512	4.334372
18143581184	18143274496	306688	512	2.816374
101965021696	101964606976	414720	512	3.021866
3761730048	3761324032	406016	512	4.964222
75815554048	75815085568	468480	512	10.982417
223357277696	223356980736	296960	512	4.364292
181113631232	181113225216	406016	512	3.738647
115092933120	115092507648	425472	512	3.053587
145989559296	145989148160	411136	512	2.749092
81677894656	81677443072	451584	512	4.316737
47499538432	47499262976	275456	512	5.905602
113501630464	113501201408	429056	512	4.272315
99720611840	99720167424	444416	512	2.925578
151212277760	151211867136	410624	512	2.732467
128382753792	128382305792	448000	512	3.990272
40873452544	40873134080	318464	512	5.643181
164874222592	164873883136	339456	512	3.344083
58053855744	58053518336	337408	512	5.361176
201972692480	201972389888	302592	512	3.237937
84219839488	84219450368	389120	512	4.794566
104603974144	104603452416	521728	512	2.029705
189687546368	189687281664	264704	512	5.199742
38445399040	38445004288	394752	512	4.943571
85829751296	85829340672	410624	512	4.619020
41574328320	41573828608	499712	512	4.115582
68122191360	68121835008	356352	512	3.824732
98472554496	98472058368	496128	512	2.417139
193250823680	193250537984	285696	512	10.455434
153745024000	153744717824	306176	512	5.153999
1146165248	1145781760	383488	512	5.172117
78485352960	78484845568	507392	512	2.397758
245803955712	245803646976	308736	512	2.091472
226382826496	226382328320	498176	512	8.490188
66691053568	66690544640	508928	512	3.907715
105889775616	105889312768	462848	512	3.915309
237854895104	237854382080	513024	512	7.545851
30747607552	30747284992	322560	512	5.555978
97859421184	97859047936	373248	512	4.877490
23980760576	23980366848	393728	512	3.680908
210193223680	210192817664	406016	512	3.196258
189956236288	189955769344	466944	512	9.811590
47804063744	47803661312	402432	512	4.843641
99947218944	99946885120	333824	512	3.869771
145772921344	145772506624	414720	512	2.789632
125939930624	125939490816	439808	512	4.092543
190241089536	190240723456	366080	512	4.056366
241409195520	241408880640	314880	512	3.587252
134179594240	134179284480	309760	512	5.238716
102419616768	102419211264	405504	512	4.487128
86352485888	86352056832	429056	512	3.093762
39785907200	39785404928	502272	512	2.701820
180519849472	180519464448	385024	512	2.597148
180391501824	180391105536	396288	512	3.835150
241864302592	241863810048	492544	512	7.863268
172402267648	172401864704	402944	512	3.945229
65699694592	65699282432	412160	512	3.338364
126571788288	126571474432	313856	512	5.317680
125907759616	125907300864	458752	512	3.893789
182802920960	182802608128	312832	512	4.779486
75760504320	75760211968	292352	512	5.659903
146724741120	146724419072	322048	512	5.047592
205483421696	205482931200	490496	512	7.611371
66083333120	66083069440	263680	512	4.603177
203697677312	203697356800	320512	512	3.026295
63191938048	63191484416	453632	512	4.418205
93037247488	93036888064	359424	512	4.991816
3211862016	3211572224	289792	512	5.892700
148138886656	148138488320	398336	512	2.908269
122911897088	122911417344	479744	512	3.675554
1070822400	1070331392	491008	512	4.495114
162204116992	162203694592	422400	512	3.841878
180393883136	180393455104	428032	512	3.516241
73647883776	73647582208	301568	512	5.566167
86634511360	86634248704	262656	512	5.989172
34196708864	34196275712	433152	512	4.690187
136220087296	136219776512	310784	512	5.195958
48309363200	48309018112	345088	512	5.397557
228571942912	228571448832	494080	512	8.531767
82171191808	82170838016	353792	512	5.121592
5471542784	5471201280	341504	512	4.172359
47796481024	47796099584	381440	512	5.016581
146991181824	146990881792	300032	512	3.910885
150224433664	150223952896	480768	512	1.957448
18489865728	18489443328	422400	512	4.790977
241517667328	241517355520	311808	512	3.634985
14268514304	14268145664	368640	512	3.995745
224304828928	224304507904	321024	512	2.590048
222688828416	222688374272	454144	512	9.091053
119593757184	119593457152	300032	512	5.403139
171270618112	171270278656	339456	512	4.614579
167512661504	167512359936	301568	512	5.111254
32648540160	32648069632	470528	512	4.339236
46259084288	46258574336	509952	512	2.657026
235859887616	235859510784	376832	512	2.045678
119961769472	119961446400	323072	512	3.825621
136937673216	136937300480	372736	512	9.865399
243613563904	243613244928	318976	512	2.167509
227186638336	227186125824	512512	512	8.335174
230421437952	230421149184	288768	512	4.229418
149919039488	149918714368	325120	512	4.926843
95623318016	95622902272	415744	512	4.504455
132626220032	132625832960	387072	512	4.493524
45900927488	45900566528	360960	512	3.875653
195367074816	195366584320	490496	512	2.450561
99110831616	99110392320	439296	512	2.931113
197752673792	197752247296	426496	512	3.287607
162812105728	162811663360	442368	512	3.666619
83544237056	83543858688	378368	512	3.535909
92240678400	92240387072	291328	512	5.717034
26731230720	26730961408	269312	512	6.033440
31217583104	31217280512	302592	512	5.737329
84291271680	84290988032	283648	512	5.738754
121997960192	121997692928	267264	512	5.728063
123232199680	123231857152	342528	512	5.007103
73253060608	73252560384	500224	512	3.934172
235377008640	235376508416	500224	512	8.207166
5167622144	5167222784	399360	512	3.723750
32788701184	32788284928	416256	512	4.791578
225125772288	225125492224	280064	512	4.466331
216568246784	216567971328	275456	512	4.750637
107318327808	107317869568	458240	512	4.059356
211645622272	211645099008	523264	512	8.705816
101560787968	101560456704	331264	512	5.266706
59658899968	59658471936	428032	512	4.607778
140198148096	140197802496	345600	512	4.903295
144089841152	144089537536	303616	512	5.207011
245079067136	245078643712	423424	512	8.899872
127833841152	127833505792	335360	512	3.740086
105050793472	105050306048	487424	512	3.712292
124094824960	124094511104	313856	512	3.912482
238442503168	238442043392	459776	512	8.434109
157744716288	157744423936	292352	512	3.982000
78260157952	78259765248	392704	512	3.414319
111971783680	111971328000	455680	512	2.645153
210426215424	210425874944	340480	512	2.679116
206363861504	206363529216	332288	512	4.238238
207657059840	207656572928	486912	512	9.302310
19913380352	19913011712	368640	512	5.224327
114773723648	114773362176	361472	512	4.892877
100851758592	100851402240	356352	512	4.997654
36065049600	36064640000	409600	512	4.850753
242434539008	242434059776	479232	512	8.068181
61219071488	61218648064	423424	512	4.651133
167587183104	167586916864	266240	512	5.447226
32077733376	32077277184	456192	512	4.400529
61452408832	61451982336	426496	512	3.187903
241348055040	241347756544	298496	512	2.442107
73392966144	73392478208	487936	512	4.064891
37458996736	37458599936	396800	512	4.945880
53165309952	53164935680	374272	512	5.035155
94060045824	94059765760	280064	512	5.736678
207975098368	207974830080	268288	512	3.564371
66932754944	66932490752	264192	512	5.959739
238857704448	238857349120	355328	512	3.017499
195365931520	195365530112	401408	512	2.214655
220805231616	220804805632	425984	512	8.274164
82031662592	82031309312	353280	512	3.687293
7383258624	7382855680	402944	512	5.048161
43002330112	43001896448	433664	512	4.649771
176353553408	176353214976	338432	512	4.696627
76938735104	76938300416	434688	512	4.363623
112460752384	112460334592	417792	512	4.378963
50816948736	50816539648	409088	512	4.760012
68951839232	68951538176	301056	512	5.663036
231340028928	231339618304	410624	512	9.407703
225410089472	225409786880	302592	512	4.204757
112780036096	112779544064	492032	512	3.677353
84177077760	84176732160	345600	512	3.883344
144789874176	144789560832	313344	512	5.152873
28379794944	28379311616	483328	512	2.866366
134624502272	134624181248	321024	512	5.136819
9529198592	9528823808	374784	512	2.227819
182458886144	182458579456	306688	512	4.839244
90013443584	90013107200	336384	512	3.836828
118564743680	118564289536	454144	512	2.485347
74863245312	74862955008	290304	512	5.693149
243830478336	243830185472	292864	512	2.550070
159922555904	159922267136	288768	512	5.300259
130057895424	130057627136	268288	512	5.703137
158464783360	158464266240	517120	512	2.983827
177099690496	177099386368	304128	512	4.886614
223912877568	223912504832	372736	512	1.895728
131867197440	131866745344	452096	512	2.490072
239581199872	239580897280	302592	512	3.774245
243577289728	243576916480	373248	512	9.633097
200914108416	200913749504	358912	512	4.053835
45296726016	45296212992	513024	512	3.987786
230052205568	230051740160	465408	512	8.946236
97618440704	97618038784	401920	512	4.621809
59174006272	59173725696	280576	512	5.860241
45701008896	45700524032	484864	512	2.846676
17911970304	17911587328	382976	512	3.769351
23692039680	23691747840	291840	512	4.506342
214490466816	214490165760	301056	512	3.093396
211590003200	211589603328	399872	512	1.902263
48190147584	48189797376	350208	512	3.826902
2541643776	2541174272	469504	512	4.527331
25451860480	25451407360	453120	512	4.621045
112562573824	112562151424	422400	512	2.958071
199730334720	199730065408	269312	512	5.111760
163946227712	163945784832	442880	512	3.653053
203552901632	203552525312	376320	512	2.361360
189081802752	189081480704	322048	512	4.570393
16126671360	16126367744	303616	512	5.753886
247666381824	247666006016	375808	512	2.318605
65929719296	65929222144	497152	512	4.003665
20554484736	20554221056	263680	512	6.041085
147586454528	147586099712	354816	512	4.736817
240137391616	240137090048	301568	512	3.786027
163343753216	163343298560	454656	512	3.521552
177762315264	177762035712	279552	512	5.149257
157923327488	157922871808	455680	512	3.616455
230242948608	230242565632	382976	512	9.797709
20499037696	20498625024	412672	512	3.524674
78506179584	78505776640	402944	512	3.345078
23432983040	23432605696	377344	512	5.243405
227957312512	227956789760	522752	512	8.190112
36009806336	36009402368	403968	512	3.511029
240381368320	240381095936	272384	512	2.835189
176098817536	176098403328	414208	512	2.424239
144147508736	144147148288	360448	512	4.650159
83318162944	83317701632	461312	512	2.760600
36845338624	36845023744	314880	512	5.615144
28410243072	28409906176	336896	512	5.438954
59984584192	59984132096	452096	512	3.049841
114173045760	114172689920	355840	512	3.556122
199406704640	199406404096	300544	512	3.385329
228738508288	228738198528	309760	512	4.128042
169597303808	169596996608	307200	512	4.947967
223614394880	223614012928	381952	512	3.146767
219241798656	219241404928	393728	512	1.869453
160592908800	160592544256	364544	512	3.071519
241217046528	241216564224	482304	512	8.023448
115575972864	115575531008	441856	512	4.135527
194446298624	194445803520	495104	512	9.425919
208810183680	208809910784	272896	512	4.857847
161155358720	161154872832	485888	512	1.858741
129215239168	129214802944	436224	512	2.732854
8524443136	8524066816	376320	512	5.255032
96875713024	96875252736	460288	512	4.095061
136823809536	136823327232	482304	512	3.569220
112647180800	112646913024	267776	512	5.739465
227881188352	227880725504	462848	512	2.075779
10648577536	10648141824	435712	512	3.380827
119937735168	119937231872	503296	512	3.570607
86213197312	86212835328	361984	512	3.642093
217626121728	217625726976	394752	512	3.262065
215536740352	215536377856	362496	512	3.636447
241362140160	241361819648	320512	512	8.968085
210947995136	210947636736	358400	512	3.810961
235623685632	235623350784	334848	512	2.250221
13061650432	13061245952	404480	512	3.582556
28134828544	28134468608	359936	512	5.249456
204327345152	204327054848	290304	512	4.740276
145709192192	145708875264	316928	512	3.747281
77814797312	77814333952	463360	512	4.140806
86049302528	86048780288	522240	512	3.630630
95287316480	95286864384	452096	512	2.818461
92003972608	92003599360	373248	512	4.889896
240979263488	240978953728	309760	512	2.311000
211754521088	211754204160	316928	512	4.309266
131635917312	131635433984	483328	512	3.553168
217633368064	217633093120	274944	512	4.796218
238721439744	238721069568	370176	512	2.773424
148572760064	148572459520	300544	512	5.262056
80961511424	80961225728	285696	512	5.714715
151038600704	151038153728	446976	512	3.673335
198793739264	198793455616	283648	512	3.563385
77617081856	77616707072	374784	512	4.914312
197080603648	197080317952	285696	512	3.511957
174377897984	174377630208	267776	512	4.021256
64360435712	64359959552	476160	512	2.774082
210586140672	210585829888	310784	512	3.027969
225937942016	225937426432	515584	512	8.238512
189898254848	189897829888	424960	512	2.038531
122867150848	122866694656	456192	512	2.553341
176339345408	176339074048	271360	512	3.965200
182277930496	182277446656	483840	512	9.757442
110742605824	110742309376	296448	512	5.458038
84079066624	84078678528	388096	512	3.448413
204209015808	204208725504	290304	512	4.757852
210835849728	210835364352	485376	512	2.230079
197870576640	197870269440	307200	512	4.659123
86467623424	86467188224	435200	512	3.024571
88606263296	88605862912	400384	512	4.643529
71932048384	71931626496	421888	512	3.236423
196990707200	196990347264	359936	512	2.671094
175236112896	175235613696	499200	512	9.804836
192639250432	192638879232	371200	512	2.652573
166781965312	166781638656	326656	512	3.464234
4581479936	4581124096	355840	512	5.427827
77407115264	77406764032	351232	512	5.176076
7903151616	7902652928	498688	512	2.923764
138206806528	138206312448	494080	512	2.084837
99052655104	99052326912	328192	512	5.305568
81393048576	81392763392	285184	512	4.370574
13890086912	13889796096	290816	512	5.864603
78166309888	78166007808	302080	512	5.607019
170517969920	170517530112	439808	512	2.173320
130636533248	130636198400	334848	512	4.974191
119376534016	119376229376	304640	512	5.412767
209115833344	209115395584	437760	512	9.697419
92724589568	92724127232	462336	512	4.057856
107522149888	107521748480	401408	512	3.144174
89088227328	89087916032	311296	512	4.068603
228291795456	228291515904	279552	512	3.100628
213276547072	213276250112	296960	512	3.206502
179464780288	179464262144	518144	512	2.519615
5281907712	5281565184	342528	512	5.496724
163044948992	163044564992	384000	512	2.887002
118081169920	118080799744	370176	512	4.740633
131277444096	131277120000	324096	512	3.743092
79202983424	79202551296	432128	512	4.432043
94480698880	94480308224	390656	512	4.674322
79527709184	79527257600	451584	512	2.908129
60185598976	60185223168	375808	512	5.074360
179914720256	179914369536	350720	512	4.365793
80649276416	80648943616	332800	512	5.298772
18265610240	18265166336	443904	512	3.257730
23830294528	23829849088	445440	512	3.235072
92234479616	92234087424	392192	512	3.362282
130303883264	130303378432	504832	512	3.445902
69024371712	69023861248	510464	512	2.410959
998076928	997643776	433152	512	3.467059
51775388160	51775059968	328192	512	5.463382
136396263424	136395979264	284160	512	4.138668
241993178112	241992886784	291328	512	2.618835
11013636608	11013263872	372736	512	5.193226
116141607424	116141154304	453120	512	3.980516
121781032960	121780542976	489984	512	2.231700
180685566464	180685223936	342528	512	3.074263
237542596608	237542169088	427520	512	8.820814
77711877632	77711471104	406528	512	4.633216
195384740864	195384371712	369152	512	3.945504
42399356416	42398920704	435712	512	4.663345
108749531648	108749032448	499200	512	2.171792
187865313280	187864829440	483840	512	2.734373
247305006592	247304528896	477696	512	9.107441
121981986304	121981645312	340992	512	4.996525
247452845056	247452486656	358400	512	9.651287
79362222080	79361767424	454656	512	2.884352
222104165376	222103708672	456704	512	9.035619
87331816960	87331332096	484864	512	3.941929
220971829760	220971529216	300544	512	3.047510
213929168384	213928684544	483840	512	9.145985
150807951872	150807483392	468480	512	3.446766
180066341376	180065835520	505856	512	9.529457
85343616000	85343258112	357888	512	3.753702
24070119424	24069777408	342016	512	4.160762
203737342976	203737058816	284160	512	4.824641
75949706240	75949268480	437760	512	4.369424
14863654400	14863222272	432128	512	3.361205
188362063872	188361609728	454144	512	2.032658
128438926336	128438596096	330240	512	3.752458
1547301376	1546857472	443904	512	3.343285
50024868864	50024443392	425472	512	3.254664
112030739968	112030410240	329728	512	5.185289
140808617984	140808110080	507904	512	1.952117
106445334016	106444907520	426496	512	4.282075
46552475648	46551974912	500736	512	4.070202
54380022272	54379759104	263168	512	6.013795
236738408960	236738082816	326144	512	3.717450
165812594688	165812308480	286208	512	5.264270
23921455616	23921026048	429568	512	4.706179
38991278592	38990860288	418304	512	4.778161
173205238784	173204766720	472064	512	1.830146
54585079808	54584629760	450048	512	4.425495
132156893184	132156386816	506368	512	3.323258
107163527680	107163092480	435200	512	4.193317
247466770432	247466315264	455168	512	8.022869
230609245696	230608950784	294912	512	2.777562
147443911680	147443540480	371200	512	4.545619
88673364992	88673019392	345600	512	5.076195
175605996544	175605688832	307712	512	4.953145
179361054720	179360545280	509440	512	9.437235
186220535296	186220086272	449024	512	3.279284
233915129344	233914814976	314368	512	2.444090
48324797440	48324472832	324608	512	5.512168
178608084992	178607614976	470016	512	3.018861
172070518272	172070137856	380416	512	4.179882
180795170304	180794664960	505344	512	2.652673
237082688000	237082279936	408064	512	9.094625
216568847872	216568506368	341504	512	3.873871
80838528000	80838067712	460288	512	2.794669
237105555968	237105261056	294912	512	2.494835
109855153664	109854694400	459264	512	2.600329
14251978752	14251560448	418304	512	4.860813
120670086656	120669628416	458240	512	2.500887
233573868544	233573365248	503296	512	8.117738
48778129408	48777749504	379904	512	3.677656
224215167488	224214695936	471552	512	8.842184
37017169408	37016761344	408064	512	4.873228
182967159296	182966782976	376320	512	4.096336
12668268032	12667803136	464896	512	4.472522
75872354304	75871952384	401920	512	4.822956
62806483456	62806010368	473088	512	2.802166
117985599488	117985259520	339968	512	5.130925
29721213440	29720859136	354304	512	5.297826
37511322112	37510947840	374272	512	5.154501
108180162048	108179738112	423936	512	4.293535
86346031616	86345735168	296448	512	4.259193
234609300480	234608958464	342016	512	2.142382
112540419072	112539998208	420864	512	2.975468
156492985856	156492692480	293376	512	5.260728
240491418112	240491140608	277504	512	2.824889
46246747136	46246416384	330752	512	4.117233
174980872704	174980428800	443904	512	2.142346
28244743168	28244235264	507904	512	2.668906
6256979456	6256531456	448000	512	4.718492
173836931072	173836577792	353280	512	3.115897
37723635200	37723291136	344064	512	4.025700
154490847232	154490533888	313344	512	3.725954
213870664192	213870216704	447488	512	9.588961
179363656192	179363345920	310272	512	4.823294
41940062208	41939776000	286208	512	5.900472
54245980160	54245582336	397824	512	3.506137
21754343936	21754036224	307712	512	4.410618
118261989888	118261623296	366592	512	3.405979
63731232768	63730930176	302592	512	5.644910
236329918464	236329517056	401408	512	9.571470
215582464000	215582139392	324608	512	2.751107
36576436224	36576012800	423424	512	3.382356
7004019712	7003593216	426496	512	3.484834
47352026112	47351539200	486912	512	4.186013
159835646976	159835247616	399360	512	4.175594
32060787200	32060404224	382976	512	5.064107
8179070464	8178642944	427520	512	4.873777
200557089792	200556663808	425984	512	1.899242
132348980224	132348546560	433664	512	2.681967
133612577280	133612169216	408064	512	4.271571
134945881600	134945542144	339456	512	4.984856
237747700736	237747187712	513024	512	7.527486
38895852032	38895391232	460800	512	4.405662
247282362368	247281960960	401408	512	8.990932
133314269696	133313812992	456704	512	3.830921
157409714176	157409326080	388096	512	4.348077
212272436736	212271924224	512512	512	1.878534
49134509056	49134113792	395264	512	4.920402
34663413248	34663124992	288256	512	4.489714
224910313984	224909837824	476160	512	8.780305
83103154176	83102662656	491520	512	2.554834
133590719488	133590297088	422400	512	9.616198
11061265920	11060875776	390144	512	4.961586
232181907968	232181621248	286720	512	4.285480
138249016832	138248717312	299520	512	5.367104
109531720192	109531204096	516096	512	2.099404
215710016000	215709744128	271872	512	4.838547
65372628480	65372120576	507904	512	3.862144
155713378816	155712886272	492544	512	3.234976
173469009408	173468562944	446464	512	2.113791
228377185792	228376826880	358912	512	2.074405
106826979328	106826463232	516096	512	2.091445
49536642048	49536324096	317952	512	5.571820
247655198208	247654820864	377344	512	2.403985
245360854528	245360563200	291328	512	3.741908
130915145728	130914669568	476160	512	2.270201
4536486912	4536154624	332288	512	5.611757
80581903872	80581431296	472576	512	4.064223
49615506432	49615012352	494080	512	4.052084
29620995584	29620575232	420352	512	4.779417
193717393408	193716956160	437248	512	1.829069
154610231808	154609728512	503296	512	1.765830
32151347200	32151001600	345600	512	5.359557
235187748864	235187236352	512512	512	8.014996
82516644352	82516240384	403968	512	3.228220
6932052992	6931682816	370176	512	3.946256
123578409472	123578007040	402432	512	4.427271
26302818816	26302426624	392192	512	5.102639
181751659008	181751394816	264192	512	3.906406
228334819840	228334450688	369152	512	3.317787
60222836736	60222532096	304640	512	4.277154
160386654208	160386168320	485888	512	1.833707
183312068608	183311754752	313856	512	4.708019
8422090752	8421819904	270848	512	6.067955
185751292928	185750946816	346112	512	3.060720
228793893376	228793591808	301568	512	2.850396
146507166208	146506711552	454656	512	3.741139
49692574208	49692205056	369152	512	5.067190
202490263040	202489833472	429568	512	2.018099
20525380608	20525115392	265216	512	5.998294
101771068416	101770743296	325120	512	5.246997
91518421504	91517985792	435712	512	2.933011
39572319232	39571863040	456192	512	3.072367
128353153536	128352743936	409600	512	4.317481
239573164032	239572680704	483328	512	7.984770
232287976960	232287474176	502784	512	9.528402
38875607040	38875278848	328192	512	5.514413
134523715072	134523209216	505856	512	1.988542
22234655744	22234349568	306176	512	5.756895
222064730624	222064389632	340992	512	2.615560
146293694976	146293355520	339456	512	4.897151
186654013440	186653558272	455168	512	3.201111
179140584960	179140234240	350720	512	2.990953
155634504192	155634127360	376832	512	4.500341
214834741760	214834217984	523776	512	8.648563
6036979200	6036688896	290304	512	5.906716
97198009344	97197621248	388096	512	3.444952
228325502976	228324991488	511488	512	8.323407
126167797760	126167408640	389120	512	4.473355
445411840	445105152	306688	512	5.812747
231237124096	231236805120	318976	512	3.804774
170083719680	170083204096	515584	512	9.578368
100693887488	100693525504	361984	512	4.979700
200832300032	200831895040	404992	512	2.139220
87907786752	87907347456	439296	512	4.306974
59953312256	59952890368	421888	512	3.310341
38207296000	38206821888	474112	512	2.938103
22140896256	22140539392	356864	512	3.967774
164724289536	164723769856	519680	512	9.738415
203212438016	203212043264	394752	512	2.147349
131659352064	131658854912	497152	512	2.056683
133865259520	133864933376	326144	512	3.746609
35057339392	35057009664	329728	512	5.492903
207387495424	207387160064	335360	512	2.837838
186626050560	186625587200	463360	512	1.760907
49910352896	49909877248	475648	512	4.205354
183009515008	183009087488	427520	512	2.131458
41660345856	41660069376	276480	512	5.945093
127712902144	127712496128	406016	512	3.024107
113760478208	113760032256	445952	512	4.119517
63262010368	63261558272	452096	512	2.998225
243878820864	243878438912	381952	512	2.514614
158789679616	158789322752	356864	512	4.616597
12585945600	12585545216	400384	512	4.950698
142710845952	142710409728	436224	512	2.535472
80541767680	80541344768	422912	512	4.499719
229521270272	229520789504	480768	512	8.765837
24715418624	24715046912	371712	512	5.236021
166629811200	166629398016	413184	512	2.591621
219883241984	219882941952	300032	512	3.048193
135747902976	135747617280	285696	512	5.493864
145732959232	145732566528	392704	512	4.360905
216229127168	216228712448	414720	512	9.855791
202737736192	202737426944	309248	512	4.547922
135409058816	135408598528	460288	512	2.414267
237234432512	237233935872	496640	512	7.797828
221893046784	221892572160	474624	512	8.785214
190301470208	190301117952	352256	512	4.240511
83144390656	83143878656	512000	512	2.362039
183581984256	183581661696	322560	512	3.317625
82375986176	82375623168	363008	512	5.031496
82201006080	82200676352	329728	512	5.291274
195861330432	195860855808	474624	512	2.696820
174233423360	174233126912	296448	512	3.719203
181315851264	181315344896	506368	512	9.536181
121077026816	121076620288	406528	512	4.344368
157659933184	157659421696	511488	512	3.034246
243215042048	243214590976	451072	512	8.462314
61882034688	61881753088	281600	512	4.490527
36742102528	36741749760	352768	512	5.304136
176152462848	176152069120	393728	512	4.041993
162804640256	162804213760	426496	512	2.424707
234508291584	234507914752	376832	512	9.915512
73257498624	73257035264	463360	512	2.880469
106688540672	106688256512	284160	512	5.623739
211531004416	211530487296	517120	512	8.749006
232762482176	232762050560	431616	512	2.263853
24203411456	24203033088	378368	512	5.149185
21215971328	21215623680	347648	512	4.040503
8093612544	8093250048	362496	512	5.382286
40381176832	40380698112	478720	512	4.281911
49424766464	49424243200	523264	512	3.759513
207418379264	207418024960	354304	512	2.621639
146144192000	146143671808	520192	512	1.745093
171403487232	171403066880	420352	512	3.739567
229735602688	229735196160	406528	512	9.700792
54611845120	54611376640	468480	512	2.906540
208548126720	208547629056	497664	512	2.063327
1555743232	1555454464	288768	512	5.947580
232796719616	232796265472	454144	512	8.846383
132170145792	132169817088	328704	512	5.106268
145004718080	145004258304	459776	512	2.260249
213492090880	213491580928	509952	512	8.839997
44162779136	44162341888	437248	512	3.237142
186737888256	186737526272	361984	512	4.193774
174132272128	174131964416	307712	512	4.962604
199006690304	199006359552	330752	512	3.033819
103810044928	103809656832	388096	512	4.635499
71808804864	71808466432	338432	512	5.312362
35333971456	35333634560	336896	512	5.456170
186244865536	186244426752	438784	512	2.027672
17960226304	17959755776	470528	512	4.425106
117393321984	117392899584	422400	512	2.859948
219849772544	219849324032	448512	512	9.423070
205287779840	205287437312	342528	512	4.145352
213530825728	213530501632	324096	512	4.241027
81688086016	81687571456	514560	512	3.711411
106543893504	106543611392	282112	512	5.590680
178353883648	178353546752	336896	512	4.483436
11275773952	11275268096	505856	512	2.753224
104596064768	104595678208	386560	512	3.291742
24584697856	24584434176	263680	512	6.132053
21096338432	21096014848	323584	512	5.612360
162094377472	162093983744	393728	512	2.799812
16258350080	16257886208	463872	512	3.108922
79935746048	79935320064	425984	512	4.505034
23292988416	23292652544	335872	512	4.238018
87381260288	87380978176	282112	512	5.730286
88389663232	88389276672	386560	512	3.404624
31807272448	31806994432	278016	512	5.933781
108766867968	108766461952	406016	512	4.462628
123220104704	123219769344	335360	512	5.034382
63803688448	63803371008	317440	512	5.512843
125887997952	125887490560	507392	512	2.126905
180529587200	180529151488	435712	512	2.122467
67452485632	67452031488	454144	512	4.324509
117803679744	117803389440	290304	512	5.489211
6386944512	6386584064	360448	512	4.008031
125599598080	125599270912	327168	512	5.136716
58295572480	58295162368	410112	512	4.749996
168035730944	168035393536	337408	512	4.736470
162719782912	162719519744	263168	512	5.507115
98301883392	98301377536	505856	512	3.673753
109080230912	109079864320	366592	512	3.482425
235084741632	235084380672	360960	512	1.856876
131981775872	131981395968	379904	512	4.577526
25497824768	25497344512	480256	512	4.367446
200508747776	200508260352	487424	512	9.476463
98280513024	98279989248	523776	512	3.492872
26523229696	26522880000	349696	512	5.389777
16541112320	16540698112	414208	512	4.898289
8059555840	8059274240	281600	512	6.014849
156483906560	156483571200	335360	512	3.567667
69602989056	69602652672	336384	512	5.364344
111499120128	111498779648	340480	512	5.072163
101981306368	101981000704	305664	512	2.417187
144926517760	144926034432	483328	512	3.445742
114156878336	114156374016	504320	512	3.577374
123846111744	123845688320	423424	512	2.872187
45280466944	45280005632	461312	512	3.037633
160411546624	160411201024	345600	512	4.648637
164462758912	164462397952	360960	512	4.490789
2239922688	2239489536	433152	512	4.824099
7605748224	7605229056	519168	512	4.112572
110637353984	110637006848	347136	512	3.681506
179613166080	179612701696	464384	512	1.925271
32894231040	32893959680	271360	512	5.987575
243545856000	243545474560	381440	512	2.562628
127895540224	127895149568	390656	512	4.553622
231173928960	231173606400	322560	512	2.366797
134220779008	134220283392	495616	512	2.059459
15824607744	15824265728	342016	512	4.108852
40153835008	40153457664	377344	512	3.731069
239755981312	239755619328	361984	512	2.852041
117984520192	117984168448	351744	512	4.904185
10171386880	10170951680	435200	512	4.720401
158141269504	158140929024	340480	512	3.407049
126810421760	126810068992	352768	512	3.515340
181532913152	181532516352	396800	512	3.839625
3361819136	3361520128	299008	512	5.884035
222361342976	222360900096	442880	512	9.236788
137309712384	137309385216	327168	512	5.047140
20108510208	20108108800	401408	512	4.992393
95671072768	95670581760	491008	512	3.798781
99674476544	99674020352	456192	512	4.214043
68535276032	68534956544	319488	512	4.227604
240942351872	240941953536	398336	512	2.367110
120236019712	120235499520	520192	512	1.947751
39845132288	39844850688	281600	512	5.911773
246751609344	246751117312	492032	512	7.490407
235894806016	235894385152	420864	512	2.416787
126277924864	126277506048	418816	512	2.901722
183412207104	183411862016	345088	512	4.431152
61832355840	61832001536	354304	512	3.813737
148047434752	148047064576	370176	512	4.583784
217555553280	217555070976	482304	512	2.033026
128565146112	128564728320	417792	512	2.909420
195035360256	195034897408	462848	512	9.838546
97540521472	97540242432	279040	512	5.728180
234190851584	234190371328	480256	512	8.456752
120635245568	120634844672	400896	512	3.077279
173116113920	173115787776	326144	512	3.387695
89349043712	89348600832	442880	512	4.253303
226904546816	226904100352	446464	512	9.169094
111176909824	111176451584	458240	512	2.650552
67611732992	67611362816	370176	512	5.047825
8679291904	8678791168	500736	512	4.275056
132094360576	132094078464	282112	512	5.525738
171015147520	171014787072	360448	512	4.414440
61474725888	61474359808	366080	512	10.549039
102531141632	102530787328	354304	512	4.964432
123043882496	123043469312	413184	512	2.975392
245948197376	245947925504	271872	512	2.632004
158672470016	158672123904	346112	512	4.716671
201806827520	201806529024	298496	512	3.298131
234063724032	234063375360	348672	512	3.424459
165643637248	165643150336	486912	512	3.222049
197265936384	197265593344	343040	512	2.859323
86114393600	86114027520	366080	512	5.055749
139196400640	139196017664	382976	512	4.548084
99104163328	99103780352	382976	512	4.806694
117102898176	117102376960	521216	512	3.237589
143000025600	142999697408	328192	512	4.995919
213320775680	213320488960	286720	512	3.320725
221286468096	221285950976	517120	512	8.524897
136107013632	136106625536	388096	512	4.481549
197412234240	197411886080	348160	512	2.842809
195780098048	195779743232	354816	512	4.110930
193183177216	193182778880	398336	512	2.347092
21864140288	21863638528	501760	512	2.796453
77264263680	77263804928	458752	512	2.823234
20036003328	20035644928	358400	512	5.345429
40507029504	40506577408	452096	512	3.214220
128897241600	128896871424	370176	512	4.790395
44625305088	44625005056	300032	512	4.279592
182313337344	182312877056	460288	512	3.188209
204446941696	204446492672	449024	512	2.857027
193714463744	193714174976	288768	512	3.573108
235478740992	235478312448	428544	512	9.057397
40771111936	40770679296	432640	512	4.618780
143982344704	143981922816	421888	512	4.073965
64900957184	64900667392	289792	512	4.363484
18745380864	18744897024	483840	512	4.239493
64188695040	64188388352	306688	512	5.588865
46577041408	46576768512	272896	512	4.669740
209198043648	209197769216	274432	512	4.817884
16989182976	16988815360	367616	512	5.251123
176665544192	176665166336	377856	512	2.779177
94314370048	94313942528	427520	512	3.026270
168269893120	168269485056	408064	512	2.646663
178413877248	178413502464	374784	512	2.679975
91144976384	91144559104	417280	512	3.121415
50883122688	50882859520	263168	512	6.007328
107938084352	107937624576	459776	512	2.573414
90272415232	90272007680	407552	512	4.548507
160828962816	160828505600	457216	512	3.463033
132553597952	132553129984	467968	512	2.350261
66728086528	66727754240	332288	512	5.295814
7540544512	7540046336	498176	512	2.951646
66247386112	66246986240	399872	512	3.445237
114600255488	114599835648	419840	512	4.343905
150261837824	150261386752	451072	512	3.698909
104380430336	104380144128	286208	512	5.600313
24623365632	24622957568	408064	512	3.568027
38704695808	38704413696	282112	512	5.908297
190868135936	190867680256	455680	512	3.039744
46553122816	46552662528	460288	512	3.021909
168487175680	168486791168	384512	512	2.865918
33975222272	33974741504	480768	512	2.896133
106785365504	106784986624	378880	512	3.360115
9061385728	9061119488	266240	512	6.135392
34864257536	34863896064	361472	512	3.890458
225759864320	225759340032	524288	512	9.509204
88583989760	88583604736	385024	512	3.417827
198924890112	198924366848	523264	512	9.018451
63056109056	63055606272	502784	512	2.545570
87909840896	87909394944	445952	512	4.284406
56354898944	56354523648	375296	512	3.694018
76865858048	76865380352	477696	512	4.018404
59103022592	59102574080	448512	512	4.450255
245532497408	245532219392	278016	512	2.609254
80684386816	80683873280	513536	512	2.357720
161629843456	161629419008	424448	512	3.843093
40414850048	40414488064	361984	512	5.238029
84971463680	84971017216	446464	512	4.302220
79147925504	79147485696	439808	512	4.367081
68314719232	68314322432	396800	512	3.481786
107853321728	107853045760	275968	512	5.651642
30238334464	30237874688	459776	512	4.418779
163568730624	163568413696	316928	512	3.560762
31701361664	31701065728	295936	512	5.771375
131257364480	131257010176	354304	512	4.799432
168822900224	168822548992	351232	512	4.495916
208998797312	208998356480	440832	512	2.794272
126470321152	126470035456	285696	512	4.175628
113649612288	113649244160	368128	512	3.463727
198755064832	198754780672	284160	512	4.922977
197356449280	197355998720	450560	512	9.865452
157644345344	157643945984	399360	512	4.224277
173315451392	173314971136	480256	512	3.191212
221084155904	221083864576	291328	512	3.178857
99752040448	99751661056	379392	512	4.820644
206954068480	206953661440	407040	512	1.987154
81866304000	81865972736	331264	512	5.301086
113217155072	113216880640	274432	512	5.694083
120060071936	120059681792	390144	512	3.189257
10321457664	10321116160	341504	512	4.113961
234572372480	234571894272	478208	512	8.485939
95688789504	95688391680	397824	512	3.305113
168520832512	168520446976	385536	512	2.900551
53390136832	53389770240	366592	512	5.135938
178370639360	178370341888	297472	512	3.578070
212833303040	212833002496	300544	512	3.162294
41082087424	41081689088	398336	512	4.946960
159618615296	159618231296	384000	512	4.366809
173013114368	173012636160	478208	512	3.162505
98357228032	98356819456	408576	512	3.195206
149008418816	149007958528	460288	512	3.700191
124749883392	124749587456	295936	512	5.529448
186704500224	186704102912	397312	512	2.479979
128888961536	128888600064	361472	512	3.436977
127932593664	127932250624	343040	512	4.932018
244606932480	244606666752	265728	512	2.994597
51077159424	51076678144	481280	512	2.798267
79667539456	79667215872	323584	512	5.399231
25573716480	25573244416	472064	512	4.412015
178351951872	178351494656	457216	512	1.861511
212142984704	212142484992	499712	512	8.998740
198816509440	198816182272	327168	512	3.043329
43011177472	43010690560	486912	512	4.182180
117016786944	117016407552	379392	512	4.616146
185791482880	185791127552	355328	512	4.354996
194841599488	194841325568	273920	512	5.120940
210924687872	210924267520	420352	512	2.024638
39003893248	39003435520	457728	512	4.438849
116230838784	116230365184	473600	512	3.746134
157817371136	157817043456	327680	512	4.954044
145287222784	145286917120	305664	512	3.847297
7532548608	7532085760	462848	512	3.200528
121391461376	121391098368	363008	512	4.799052
99810862080	99810340352	521728	512	3.590911
65097435136	65096997888	437248	512	3.116829
190230782464	190230486016	296448	512	4.859511
249003670528	249003220480	450048	512	8.158879
131179994112	131179630080	364032	512	3.343342
23760430592	23759975936	454656	512	3.196432
104813142016	104812757504	384512	512	3.298958
147469398528	147469024768	373760	512	4.542880
209104601600	209104189952	411648	512	1.770862
173373952512	173373561856	390656	512	4.028205
84674964480	84674597376	367104	512	4.987709
108524877312	108524579328	297984	512	5.498232
52842206208	52841902080	304128	512	5.674269
7932464128	7932185600	278528	512	6.034332
107308443136	107308035584	407552	512	4.478642
89346557440	89346170880	386560	512	4.732094
99537843200	99537506304	336896	512	5.216721
229198746624	229198465024	281600	512	3.115233
90841074688	90840798208	276480	512	5.760987
153186026496	153185615872	410624	512	2.667942
20124967424	20124556288	411136	512	3.531257
12322318336	12321885696	432640	512	3.362814
183911055872	183910655488	400384	512	2.469299
98126753792	98126351872	401920	512	4.628787
46204353536	46203924992	428544	512	3.346892
85209213952	85208711168	502784	512	2.448577
218779484672	218779197440	287232	512	4.604220
50692033024	50691769856	263168	512	6.007791
94307509248	94307218432	290816	512	5.603398
142411226112	142410702336	523776	512	3.067523
173544542720	173544048640	494080	512	9.865635
128097734656	128097314304	420352	512	2.884971
133925558784	133925265408	293376	512	5.436239
80786339840	80785941504	398336	512	3.357016
200531275776	200530877440	398336	512	2.210641
203565351936	203564971008	380928	512	3.682049
44991987200	44991518720	468480	512	2.984460
24987943936	24987522560	421376	512	4.796971
7065360896	7064934912	425984	512	4.860159
64934520320	64934210560	309760	512	4.194301
236538130432	236537805824	324608	512	2.369466
161604566016	161604203520	362496	512	3.066998
181839016448	181838537216	479232	512	9.835510
158469420544	158468919296	501248	512	1.736830
236847066624	236846778880	287744	512	2.995208
48534544896	48534027264	517632	512	2.470917
100227405312	100227077120	328192	512	5.302050
216874750464	216874286592	463872	512	9.219312
120285338112	120284815872	522240	512	2.017858
6778656256	6778392576	263680	512	6.134872
106237864448	106237596672	267776	512	4.389636
1628224512	1627862528	361984	512	5.366044
122295456768	122295051776	404992	512	4.402039
65160967680	65160547840	419840	512	3.269481
201784232448	201783770112	462336	512	9.530103
28725220352	28724861440	358912	512	5.260280
61907261952	61906768896	493056	512	2.620032
167479960576	167479465984	494592	512	3.079228
126963603456	126963314688	288768	512	4.155913
125852563968	125852076544	487424	512	3.615261
200581640192	200581214208	425984	512	3.257923
217024307200	217023785984	521216	512	9.859390
21236093440	21235789312	304128	512	5.782454
167144074240	167143687168	387072	512	2.841149
231008711168	231008343040	368128	512	3.137694
181654661632	181654260736	400896	512	3.798962
181118442496	181118163456	279040	512	2.150622
138503031808	138502547456	484352	512	8.822755
171366736384	171366253568	482816	512	9.967837
41375392256	41374963712	428544	512	4.674640
160287814144	160287436800	377344	512	4.317358
175267994112	175267575808	418304	512	2.360856
103696498176	103696219648	278528	512	4.262501
148439975424	148439600640	374784	512	3.130978
227046487552	227046117376	370176	512	1.924728
129675727872	129675244032	483840	512	2.264332
114680383488	114679940096	443392	512	4.140680
126640896000	126640492032	403968	512	3.067055
187750074368	187749784576	289792	512	3.474295
27160256000	27159804416	451584	512	4.598593
154165116928	154164630528	486400	512	1.944377
162468787712	162468501504	286208	512	3.941016
57356928512	57356497408	431104	512	4.566457
162606519296	162606033920	485376	512	3.160171
166922028544	166921588736	439808	512	3.674767
1861084160	1860636672	447488	512	4.706309
48837120	48534016	303104	512	5.869995
137454606336	137454118912	487424	512	3.525445
66055559680	66055092224	467456	512	2.816628
91078573568	91078176768	396800	512	4.642273
200842423296	200841961472	461824	512	9.738598
110086817792	110086458880	358912	512	4.925952
195538958848	195538487808	471040	512	2.730639
100844365312	100843937280	428032	512	4.362675
149789676544	149789259776	416768	512	4.106905
98742421504	98742026240	395264	512	3.323235
187720919040	187720566272	352768	512	4.216471
24049171456	24048727552	443904	512	4.615395
232215193600	232214861824	331776	512	3.635295
90978022400	90977656320	366080	512	4.952619
205765731328	205765455360	275968	512	4.947366
83398901248	83398424576	476672	512	3.880219
205470558720	205470189056	369664	512	2.575798
204802027008	204801721856	305152	512	3.245341
81339001856	81338597376	404480	512	4.692417
166637146112	166636848640	297472	512	5.077318
144415562240	144415260160	302080	512	5.245556
87160820736	87160444928	375808	512	4.923740
110233093120	110232584192	508928	512	8.707562
18530626560	18530163712	462848	512	4.463362
210184304640	210183881216	423424	512	9.849256
197021174272	197020825600	348672	512	2.812399
82138499072	82138138624	360448	512	5.053542
77462616064	77462265856	350208	512	3.850617
200957215232	200956841984	373248	512	3.859267
1841581056	1841192960	388096	512	3.813518
24458098688	24457714176	384512	512	3.717737
200569418240	200568901632	516608	512	9.081003
79629351424	79629035520	315904	512	5.451670
231594605056	231594340864	264192	512	4.569936
199864752128	199864400384	351744	512	4.108471
139555403776	139554933248	470528	512	3.694449
