base_offset	offset	absdelta	probe_length	millis
150635211776	150634609152	602624	512	33.753661
85395333632	85394661888	671744	512	9.185024
60547437056	60546552832	884224	512	7.665190
101012163072	101011516928	646144	512	9.309267
107564177408	107563468800	708608	512	8.560506
118472346112	118471672320	673792	512	8.751119
1940360192	1939658240	701952	512	2.680834
83147279872	83146292736	987136	512	6.400539
199259094528	199258126848	967680	512	2.471849
183620110336	183619076608	1033728	512	2.343529
62325144576	62324323328	821248	512	8.083133
50661812224	50660764672	1047552	512	6.254146
167668562432	167667542016	1020416	512	4.488767
66187107840	66186371072	736768	512	8.906056
76873352704	76872733696	619008	512	2.797372
141860879360	141860150784	728576	512	9.320412
229955284480	229954254336	1030144	512	8.295586
34052779008	34052046336	732672	512	9.062200
183842907648	183841862144	1045504	512	2.245607
101310350336	101309368320	982016	512	6.223905
175626066432	175625298944	767488	512	6.930584
1578480128	1577688064	792064	512	8.869545
199722122240	199721561600	560640	512	8.585406
143545992704	143545071104	921600	512	6.018978
124113312768	124112784896	527872	512	1.872201
88514547712	88513861632	686080	512	8.938908
146169949184	146169047552	901632	512	6.185148
232975572480	232974991360	581120	512	7.081892
17849497600	17848761344	736256	512	9.130717
58624926720	58624217600	709120	512	9.122915
3970208256	3969549312	658944	512	1.670324
174940155392	174939245056	910336	512	5.413250
36282206720	36281304576	902144	512	7.583819
2920820736	2920057856	762880	512	2.216220
64878768128	64877985280	782848	512	1.847623
55163819520	55162926080	893440	512	7.509898
167435915776	167435250688	665088	512	8.265698
220757988352	220757370368	617984	512	7.243459
67871499264	67870455296	1043968	512	6.101280
39220958720	39220002304	956416	512	7.243516
19387192320	19386480128	712192	512	2.457327
126740196864	126739233792	963072	512	5.993923
53285474816	53284785664	689152	512	9.288259
212042755072	212042015744	739328	512	5.995934
12028775424	12027829248	946176	512	5.807160
118672564224	118671913472	650752	512	8.955776
136426001920	136425333760	668160	512	8.755590
62187764224	62187227648	536576	512	3.676748
192925187072	192924443136	743936	512	6.625564
93380119040	93379225600	893440	512	7.090904
106789958144	106788944384	1013760	512	5.739483
52087283712	52086509568	774144	512	8.562749
153524339712	153523677184	662528	512	9.739453
241062243328	241061568000	675328	512	5.147453
106666771456	106666061312	710144	512	1.682141
197388844544	197387883520	961024	512	2.562572
233869935616	233869069312	866304	512	1.752478
9218892800	9218207744	685056	512	2.817021
202539544576	202538836480	708096	512	6.645418
240413495808	240412628992	866816	512	2.272655
241058822656	241058091008	731648	512	4.335771
246329366016	246328411648	954368	512	7.248238
228582715904	228581807104	908800	512	1.991365
116080836096	116080048640	787456	512	7.822571
158177789952	158177235456	554496	512	9.503848
207868132352	207867270656	861696	512	3.169323
50392599552	50392040960	558592	512	2.142054
78323114496	78322489856	624640	512	9.623563
102087454208	102086693376	760832	512	8.009925
170542955520	170542122496	833024	512	6.166128
237131734016	237131126272	607744	512	6.163301
242854427648	242853624320	803328	512	3.295192
29739010560	29738021376	989184	512	6.913966
7871419392	7870781440	637952	512	1.771762
116224312832	116223747584	565248	512	9.769409
67542986752	67542153728	833024	512	7.977984
152402148864	152401137664	1011200	512	4.836627
94345527808	94344693248	834560	512	7.629350
131827426816	131826570240	856576	512	6.810778
11585034752	11584419840	614912	512	1.909975
29100313088	29099322880	990208	512	6.927651
147103287296	147102487552	799744	512	7.224974
149089566208	149088707072	859136	512	6.666906
216663178240	216662341120	837120	512	3.121948
49225231872	49224535040	696832	512	9.193267
127926486528	127925919744	566784	512	1.904145
55272304128	55271436288	867840	512	7.750164
172195959808	172195082752	877056	512	5.773166
22059207168	22058649600	557568	512	3.728485
222027282944	222026460160	822784	512	4.144211
15753794560	15753140736	653824	512	1.886312
179595568640	179594538496	1030144	512	3.772205
239660997632	239660261888	735744	512	4.248306
85568259584	85567444480	815104	512	7.940736
69971882496	69970846720	1035776	512	6.210832
104536755712	104535951360	804352	512	7.686357
241070441984	241069571072	870912	512	9.174621
192856959488	192855990272	969216	512	4.097922
86192539648	86191541760	997888	512	4.973893
118627560960	118626804224	756736	512	7.899577
30547675136	30546941440	733696	512	9.042614
234226820608	234226158080	662528	512	5.973500
163673093632	163672389120	704512	512	7.814020
123742807040	123742017536	789504	512	7.582192
55375224832	55374474752	750080	512	8.762779
216953649152	216953065472	583680	512	9.090590
141518354944	141517381120	973824	512	5.500715
202485993984	202485452800	541184	512	1.740531
205276566016	205275612672	953344	512	2.302395
92216706048	92215941120	764928	512	8.246350
72050882048	72050353152	528896	512	2.324664
80979696128	80978733056	963072	512	6.643727
137849707008	137848986624	720384	512	8.185568
152939201536	152938224640	976896	512	5.196054
193846839808	193846127104	712704	512	7.026828
165868819968	165868174336	645632	512	8.415612
67567171584	67566432256	739328	512	8.775608
203538423296	203537564160	859136	512	4.804891
167761016320	167759982080	1034240	512	4.410730
125750635520	125749833728	801792	512	7.507875
241293996032	241292952576	1043456	512	6.588803
77320192	76350976	969216	512	7.470771
103263180800	103262179840	1000960	512	5.847977
150722197504	150721520128	677376	512	8.285364
126927527424	126926779904	747520	512	8.069694
107539593216	107539040768	552448	512	3.124573
33501721088	33501074432	646656	512	2.881693
109502585856	109501888000	697856	512	8.651387
241144710144	241144039424	670720	512	3.890101
47502415872	47501462016	953856	512	7.039602
196654605312	196653815296	790016	512	5.942429
226758883328	226757854720	1028608	512	9.616822
119535084032	119534369280	714752	512	8.359153
128446189568	128445164544	1025024	512	5.441185
210396073472	210395264512	808960	512	3.745140
49613982720	49613068288	914432	512	7.448618
174887458816	174886808576	650240	512	8.187069
214407749120	214407080960	668160	512	6.814734
198373502464	198372505088	997376	512	3.491557
236825974272	236825060864	913408	512	2.471155
61174785024	61173750272	1034752	512	6.347831
187183416320	187182844416	571904	512	1.933823
174504863232	174504129536	733696	512	7.294099
115700299776	115699373056	926720	512	6.466518
227452520448	227451930624	589824	512	7.246915
115475964416	115475326976	637440	512	9.222041
138477835776	138477261312	574464	512	2.691109
48463942144	48463086080	856064	512	7.877126
143977038848	143976379904	658944	512	8.625079
103464024064	103463257088	766976	512	8.029790
244601536000	244600983040	552960	512	7.035969
194633548800	194632814592	734208	512	6.811032
155292907008	155292155904	751104	512	7.516487
47765881856	47764889600	992256	512	6.757629
69303458816	69302626816	832000	512	7.976042
34372094976	34371238400	856576	512	8.034105
36451024896	36450257408	767488	512	8.771582
228327885312	228326931456	953856	512	9.304639
2741015040	2740356096	658944	512	3.016065
99641682944	99640951808	731136	512	8.562686
231025099264	231024096256	1003008	512	6.702132
30852711936	30852158976	552960	512	2.287170
41233965056	41233243648	721408	512	9.164320
36299949056	36299296256	652800	512	1.871270
244913617920	244912782848	835072	512	9.707212
85191120896	85190249984	870912	512	5.796462
152865367552	152864445952	921600	512	5.806277
160877253120	160876467200	785920	512	6.964895
160078245376	160077424640	820736	512	6.790268
132590191616	132589299200	892416	512	4.873464
173882688000	173881789952	898048	512	5.556312
89788209664	89787178496	1031168	512	5.851258
144731657728	144730664448	993280	512	5.313971
166200641024	166199729152	911872	512	5.641347
103307892736	103307077120	815616	512	7.578457
111157270528	111156241408	1029120	512	5.604843
221282326016	221281465344	860672	512	2.824992
176511672320	176511103488	568832	512	9.128754
139047559680	139046590976	968704	512	5.789416
4656410112	4655466496	943616	512	7.661712
87133548032	87132699136	848896	512	7.587807
53251953152	53251008512	944640	512	7.146307
246827009536	246826274304	735232	512	2.361762
16231709184	16231033856	675328	512	2.732410
139216829440	139215838208	991232	512	5.556474
100041177600	100040546816	630784	512	2.585741
95116607488	95115936256	671232	512	9.122452
200321785856	200321134592	651264	512	7.517073
243348325376	243347660800	664576	512	5.323871
107940305408	107939466240	839168	512	7.351407
238036816896	238036006400	810496	512	1.727466
232842632192	232841990656	641536	512	6.250147
133428756992	133428068864	688128	512	8.456935
150804541952	150803987968	553984	512	9.498250
150091185664	150090524672	660992	512	8.397274
236400357376	236399547392	809984	512	3.902162
166902388224	166901555712	832512	512	6.473794
218411000320	218410274816	725504	512	5.982474
115846667776	115846018560	649216	512	9.079838
66258639360	66257974272	665088	512	2.510178
235074110464	235073503744	606720	512	6.708456
217987188736	217986326016	862720	512	2.790959
177597847552	177597171712	675840	512	9.040045
170442521600	170441757184	764416	512	6.990516
195101632512	195100672512	960000	512	3.951598
71634642944	71633907712	735232	512	8.791324
109392611328	109391574528	1036800	512	5.501951
246415063040	246414184960	878080	512	8.436980
41179112448	41178497024	615424	512	1.729114
40550366720	40549596672	770048	512	1.849670
207946534912	207945688064	846848	512	4.657612
128380717056	128379940352	776704	512	7.767672
246864656384	246863739904	916480	512	9.169398
186101664256	186100795392	868864	512	5.542391
179505245696	179504320000	925696	512	3.553842
165169598976	165168843264	755712	512	7.276709
153456878080	153456162816	715264	512	7.879261
56645996544	56645457408	539136	512	2.311190
33746552320	33745902592	649728	512	1.863579
18919715328	18918868480	846848	512	6.800291
229254178304	229253477376	700928	512	5.878105
102938274816	102937673728	601088	512	2.664313
15261889536	15260919296	970240	512	7.260949
33357892096	33357332480	559616	512	2.097334
40236392448	40235355648	1036800	512	6.565667
69136162816	69135469056	693760	512	9.275742
75993577984	75992969216	608768	512	1.877467
10661689856	10661108224	581632	512	2.149980
127547355648	127546517504	838144	512	7.237925
43199155200	43198173696	981504	512	6.995985
270251520	269473280	778240	512	2.101699
226261721600	226261168640	552960	512	7.771707
176577985024	176577191424	793600	512	6.661002
125111840256	125110868480	971776	512	5.929839
206143327232	206142734336	592896	512	9.331478
63814606848	63813707776	899072	512	7.402700
78020532736	78019597824	934912	512	6.956804
39593814016	39592853504	960512	512	7.152191
226206267392	226205656576	610816	512	7.000337
188414162432	188413296640	865792	512	5.287578
245527081472	245526178816	902656	512	9.384984
126104336896	126103619072	717824	512	9.675345
196744657920	196743924736	733184	512	6.582026
206676935680	206676055040	880640	512	9.834040
68549157376	68548296704	860672	512	7.764640
88859558912	88858889216	669696	512	9.129817
89364018688	89363418624	600064	512	2.840816
241716488704	241715907072	581632	512	6.544102
91234724352	91233752576	971776	512	4.706030
44675441664	44674723328	718336	512	9.162957
72165722624	72164692992	1029632	512	6.248614
148264453632	148263533568	920064	512	6.033857
141576546304	141575800832	745472	512	7.748288
6751206912	6750179840	1027072	512	8.379866
218635088896	218634475008	613888	512	7.239705
176389224960	176388607488	617472	512	8.542400
139240742400	139240004096	738304	512	9.350825
106820472320	106819630080	842240	512	7.314162
95772120576	95771162624	957952	512	6.522445
145743685120	145742929920	755200	512	7.670226
194953112576	194952260608	851968	512	3.989276
142035997696	142035145728	851968	512	6.689171
136015163392	136014247936	915456	512	6.226515
22062385664	22061806080	579584	512	3.551221
242997440512	242996845056	595456	512	4.981004
227979965440	227979006976	958464	512	9.249743
229437210624	229436167680	1042944	512	8.073302
39827604480	39826956288	648192	512	9.748586
62691577344	62690659328	918016	512	7.224129
141945997824	141945197056	800768	512	7.189036
62934624256	62933906944	717312	512	8.974127
93541684736	93540953600	731136	512	8.538875
172476293632	172475750912	542720	512	9.303130
33032992768	33032187904	804864	512	8.473203
152410253312	152409625088	628224	512	8.764052
208544243712	208543644672	599040	512	9.020644
208303459328	208302646272	813056	512	5.085086
198376472064	198375468544	1003520	512	3.494577
249924427776	249923751936	675840	512	4.689730
137801269248	137800721920	547328	512	9.852604
103653617664	103652905472	712192	512	1.624295
125479131648	125478226432	905216	512	6.623499
74258312704	74257287680	1025024	512	6.062822
119285627392	119284888576	738816	512	8.119068
26876471808	26875804672	667136	512	9.577389
233667202560	233666528256	674304	512	5.789331
102879032320	102878242304	790016	512	7.787340
206985980416	206985035264	945152	512	3.819757
164628184064	164627211776	972288	512	3.649429
63758965248	63758097920	867328	512	7.684148
93502190080	93501398528	791552	512	7.999148
189030765056	189029828096	936960	512	4.491631
15085184512	15084310528	873984	512	7.984311
199716240896	199715640832	600064	512	8.141417
36015769600	36014839808	929792	512	7.401406
231928655872	231928040960	614912	512	5.242702
215491773952	215490975232	798720	512	5.000237
246744881152	246744321536	559616	512	5.082180
97485788160	97484942848	845312	512	7.521013
220119508992	220118709760	799232	512	4.958720
124962193408	124961153024	1040384	512	5.245038
228836543488	228835763712	779776	512	3.367387
72647669760	72646837760	832000	512	7.978883
120481519104	120480783360	735744	512	8.176109
49926344704	49925497856	846848	512	9.312268
12395525632	12394494976	1030656	512	6.749644
8335832064	8334907904	924160	512	9.202258
222684928512	222684078080	850432	512	2.427886
213996025344	213995120640	904704	512	3.944011
211542783488	211541962752	820736	512	4.981812
6962137088	6961246208	890880	512	8.101053
22230882304	22229837312	1044992	512	6.666654
163604190720	163603205632	985088	512	4.889182
95696261120	95695422464	838656	512	7.655306
83723751936	83722854912	897024	512	7.223382
97679518720	97678690304	828416	512	7.660444
230563818496	230562959360	859136	512	3.201320
211019612160	211019019776	592384	512	7.810699
178774299648	178773324800	974848	512	3.025773
20662228992	20661209600	1019392	512	6.827359
147112532480	147111842304	690176	512	8.302438
229293139968	229292107776	1032192	512	9.623335
249427267072	249426503168	763904	512	3.311386
11937807360	11937205248	602112	512	3.343064
11784093696	11783189504	904192	512	7.789795
242252335104	242251323904	1011200	512	7.066360
115460325376	115459766272	559104	512	1.683265
93649000448	93648079872	920576	512	6.851829
127471402496	127470785536	616960	512	9.272901
18272058880	18271365120	693760	512	2.617748
249048344576	249047688704	655872	512	4.995832
5207321088	5206363136	957952	512	7.579350
150394524160	150393876992	647168	512	1.663717
241792166912	241791137280	1029632	512	6.827342
53794744320	53793788928	955392	512	7.041071
120069829632	120069081600	748032	512	8.040898
130882346496	130881712128	634368	512	2.062166
5194437120	5193434112	1003008	512	7.223326
52297293824	52296458752	835072	512	9.423345
133999400448	133998422016	978432	512	5.667398
149756625408	149755751936	873472	512	6.393868
5949427712	5948781056	646656	512	3.144836
176650915840	176649932800	983040	512	3.265871
248791707648	248790680576	1027072	512	6.126269
61724589056	61723847168	741888	512	1.862997
165441897472	165440855040	1042432	512	4.291352
6041540096	6040762880	777216	512	8.995137
212574150656	212573617664	532992	512	8.520782
59108052480	59107255296	797184	512	8.341910
159862682112	159861639680	1042432	512	3.161163
189745387008	189744743936	643072	512	7.834524
118370887680	118370048512	839168	512	7.181638
31953393664	31952453120	940544	512	7.318228
5507020288	5506077184	943104	512	7.673865
54724569600	54723956224	613376	512	3.079053
192049809408	192049009152	800256	512	5.985117
235629951488	235629139968	811520	512	3.869001
15524663296	15523756544	906752	512	7.750706
209475352576	209474500608	851968	512	4.603103
136685772800	136684801024	971776	512	5.754436
52956517376	52955680768	836608	512	8.106584
66749424640	66748720128	704512	512	2.188169
129333713920	129333108224	605696	512	9.370495
201903574528	201902842368	732160	512	6.355065
95815926784	95815271936	654848	512	2.327769
82674052608	82673158656	893952	512	7.250403
7592163840	7591601664	562176	512	2.430489
139624625152	139623987200	637952	512	8.939299
199538609152	199537785856	823296	512	5.538775
171986784256	171986194432	589824	512	8.831052
236442177024	236441291776	885248	512	2.863557
112179966464	112179244544	721920	512	8.411815
145254411264	145253560832	850432	512	6.726934
170663102976	170662097920	1005056	512	3.015554
119591131136	119590572032	559104	512	1.892277
191709865472	191708848640	1016832	512	2.198749
17033716224	17032685056	1031168	512	6.781137
10513537536	10512545792	991744	512	7.125466
243809565696	243809031168	534528	512	7.246581
206545064960	206544164352	900608	512	2.864857
10235425280	10234550784	874496	512	8.016881
18235793920	18235079168	714752	512	2.442844
109566260736	109565548032	712704	512	1.623472
32126990336	32126191616	798720	512	8.514964
69919733760	69919058944	674816	512	2.411839
80806240768	80805641216	599552	512	1.959135
214312298496	214311303168	995328	512	2.828773
120852739072	120852126208	612864	512	2.402603
139668034560	139667176448	858112	512	6.830176
245526256128	245525708288	547840	512	6.644059
94379020288	94377998336	1021952	512	5.934952
47757469184	47756568576	900608	512	7.492212
88341113344	88340573184	540160	512	1.997907
182726322176	182725467136	855040	512	5.702162
64786821632	64785864704	956928	512	6.898955
9063092736	9062185472	907264	512	7.958966
224298980864	224298441216	539648	512	7.920917
202170789888	202170153984	635904	512	7.517964
125599713792	125599012352	701440	512	8.500585
25628120064	25627584512	535552	512	2.533065
242917521920	242916894720	627200	512	5.871235
51554315776	51553737216	578560	512	3.348778
76443359744	76442678272	681472	512	2.240350
182728838144	182727971328	866816	512	5.471346
166850180608	166849345024	835584	512	6.513764
119305323008	119304476160	846848	512	7.085781
155181981696	155181314048	667648	512	1.821650
201832029696	201831145472	884224	512	4.495226
56050108928	56049435648	673280	512	2.570753
180467150848	180466594304	556544	512	2.131179
181737799680	181736844288	955392	512	4.623268
136714520064	136713505280	1014784	512	5.263264
45478130688	45477301760	828928	512	8.251520
153311859712	153311333376	526336	512	9.788275
231172183552	231171393024	790528	512	4.143111
212678870528	212677972992	897536	512	4.036166
221292353024	221291411456	941568	512	3.149885
239902650368	239901992448	657920	512	5.384352
9085608960	9084747776	861184	512	8.330351
127255240192	127254543872	696320	512	8.511232
40710123520	40709210112	913408	512	7.559458
196993631232	196992647168	984064	512	2.292985
33569490944	33568946176	544768	512	3.710135
199976881664	199976044544	837120	512	5.382644
235284234240	235283326976	907264	512	2.556659
123435429376	123434546688	882688	512	6.788131
209844372992	209843449856	923136	512	2.324953
157956092928	157955526144	566784	512	9.396269
2983585792	2983022080	563712	512	2.427328
92052328448	92051287552	1040896	512	5.787760
137701186048	137700206080	979968	512	5.677781
139643703808	139642737664	966144	512	5.769262
31756519424	31755686912	832512	512	8.225667
104468318720	104467612672	706048	512	8.586371
238798972416	238798355456	616960	512	6.019722
20329400320	20328774144	626176	512	1.789629
9526509568	9525680640	828928	512	8.613293
239798156288	239797590016	566272	512	6.768505
87064275456	87063360000	915456	512	7.037698
82224363008	82223472128	890880	512	7.283825
223840317440	223839731200	586240	512	7.322552
57358705664	57357921280	784384	512	8.500173
28516213760	28515353600	860160	512	8.000943
93492943360	93492199936	743424	512	8.452620
163273430528	163272638976	791552	512	8.287391
130649769472	130648899584	869888	512	6.704545
185293346304	185292338688	1007616	512	4.004308
37356426752	37355684864	741888	512	8.954793
39863899136	39863075840	823296	512	8.346144
172229549568	172228825600	723968	512	7.408241
86826491904	86825756672	735232	512	8.645243
227204680192	227203761664	918528	512	2.972059
12856510976	12855665664	845312	512	8.230788
472730624	471957504	773120	512	2.147434
103546470912	103545739776	731136	512	8.331616
98043328000	98042414592	913408	512	6.916816
130634085888	130633327616	758272	512	7.793712
228025324544	228024406528	918016	512	2.863312
86059809280	86058911744	897536	512	7.228384
20666841088	20665951232	889856	512	7.934555
177564793856	177564197888	595968	512	8.538937
98862944768	98862145536	799232	512	7.942098
121259371008	121258759680	611328	512	9.352355
156376437248	156375426048	1011200	512	4.855278
10116757504	10115973632	783872	512	1.842585
195687606272	195686764032	842240	512	3.935371
20039365120	20038411264	953856	512	7.420473
235648164864	235647377408	787456	512	2.848656
149190380032	149189549568	830464	512	6.916653
172782007808	172781059072	948736	512	5.032440
198323409408	198322369024	1040384	512	2.990263
200046046208	200045272064	774144	512	6.123732
172291134976	172290234880	900096	512	5.547154
51528514048	51527755264	758784	512	8.711667
159711504384	159710731264	773120	512	7.294259
132493864448	132492990464	873984	512	6.719764
186779695104	186778801664	893440	512	5.310918
108844766720	108844068864	697856	512	8.640941
122760517120	122759939584	577536	512	2.766745
158693582336	158692856320	726016	512	7.768085
159640998400	159640416256	582144	512	9.228488
190745823744	190745025024	798720	512	6.070536
208006773760	208006156288	617472	512	7.509464
153118438912	153117813760	625152	512	8.778876
13243433984	13242386432	1047552	512	6.626191
83825620480	83825050624	569856	512	1.869415
184151235072	184150440448	794624	512	6.374861
239171263488	239170528256	735232	512	2.914016
100930129408	100929118720	1010688	512	6.058223
95125821440	95125252608	568832	512	1.756848
40225992192	40225243136	749056	512	8.904829
210321259520	210320301056	958464	512	3.279324
74351054336	74350417920	636416	512	2.623278
128926798848	128926233088	565760	512	2.965850
128106347008	128105571840	775168	512	7.800535
207763403264	207762469376	933888	512	9.374173
219809261056	219808255488	1005568	512	9.224692
175787165184	175786309632	855552	512	3.290742
227779190272	227778284544	905728	512	9.974999
41008373760	41007417344	956416	512	7.206704
128376010240	128375038976	971264	512	4.292576
116460621312	116459936768	684544	512	1.781542
41160579584	41159930368	649216	512	2.833489
237121782784	237121116672	666112	512	3.918425
90364115968	90363549184	566784	512	1.771492
167091236864	167090364928	871936	512	6.144109
134724774912	134724211712	563200	512	9.687530
6210863104	6210244096	619008	512	1.998387
104413174272	104412301824	872448	512	7.017742
14319421440	14318887936	533504	512	2.565922
117325215232	117324535296	679936	512	8.667321
119844623872	119844037120	586752	512	2.702790
193207422976	193206549504	873472	512	5.219141
182206101504	182205220352	881152	512	5.429705
153439574016	153438935040	638976	512	8.629863
75424923648	75424059392	864256	512	7.533790
40555798016	40554802176	995840	512	6.897866
152973467648	152972436992	1030656	512	4.656540
31558914560	31557917184	997376	512	6.835176
5598684160	5597987328	696832	512	2.750392
211921560576	211920813568	747008	512	5.896480
65980423680	65979803136	620544	512	2.914735
1086374400	1085765632	608768	512	3.460747
80494853632	80494080000	773632	512	8.260584
27905892352	27905338368	553984	512	3.691264
212050400256	212049404928	995328	512	2.830894
14029605888	14028789760	816128	512	8.498466
90082324480	90081459712	864768	512	7.373536
213746521088	213745809920	711168	512	6.322872
201694249472	201693241856	1007616	512	9.941339
193696573952	193695839232	734720	512	6.774512
165821118976	165820378112	740864	512	5.807905
20378566656	20377577472	989184	512	7.096134
82599159808	82598600704	559104	512	1.950890
189928063488	189927272960	790528	512	6.145621
153918635008	153917938176	696832	512	8.057072
182648242688	182647345664	897024	512	5.225547
37578580992	37577718272	862720	512	7.921738
113973211136	113972194304	1016832	512	5.689973
32012448768	32011551744	897024	512	9.071820
147849600512	147848740352	860160	512	6.620464
49313389056	49312486912	902144	512	7.493136
41277429760	41276639232	790528	512	8.582336
164377846784	164377259520	587264	512	9.038106
120903061504	120902412288	649216	512	2.157494
39027181056	39026208768	972288	512	7.084953
9818821632	9817890816	930816	512	7.787434
108742544384	108741957632	586752	512	9.710347
169177839616	169176887296	952320	512	4.977384
70913394688	70912681984	712704	512	2.120194
141909682688	141909129216	553472	512	9.661606
150425086976	150424551424	535552	512	9.688552
170127989248	170126973440	1015808	512	4.238672
165257536512	165256855552	680960	512	8.064763
164151359488	164150358528	1000960	512	4.718731
110879556096	110878697472	858624	512	7.211477
60872241664	60871630848	610816	512	1.688922
41476281856	41475503616	778240	512	8.663060
200613026816	200612030464	996352	512	2.114541
179160264704	179159461376	803328	512	6.272930
120240734720	120239785472	949248	512	6.119677
127439503360	127438466048	1037312	512	5.289058
72499992576	72499420672	571904	512	1.970248
50205210112	50204414976	795136	512	8.341417
24445094400	24444079104	1015296	512	6.869912
135755940352	135754973696	966656	512	4.417296
139784366592	139783426048	940544	512	6.093870
18826400256	18825795072	605184	512	3.320893
84746512384	84745932288	580096	512	1.764932
61637278208	61636285440	992768	512	6.600828
215680071168	215679247872	823296	512	4.610318
197964032000	197963110912	921088	512	4.369662
219523424256	219522568704	855552	512	4.255924
60944034304	60943280128	754176	512	8.747375
107307300864	107306260480	1040384	512	5.426022
162674471936	162673876480	595456	512	8.933194
105049132544	105048306688	825856	512	7.457907
4015706624	4015159296	547328	512	3.937013
159494074880	159493237248	837632	512	6.617619
2413049856	2412338688	711168	512	9.497170
55943623680	55942575616	1048064	512	6.252314
202368864768	202368330240	534528	512	8.706365
9610158592	9609385984	772608	512	9.029887
74612617728	74611973632	644096	512	9.430830
249230372864	249229604352	768512	512	1.844191
38092220928	38091471872	749056	512	8.933191
175588740096	175587863040	877056	512	4.143886
243751028224	243750469120	559104	512	6.856092
3369026560	3368481792	544768	512	2.579243
242023282688	242022713856	568832	512	6.702794
177992518656	177991989248	529408	512	9.343789
159519862784	159519112192	750592	512	7.532102
22195425280	22194754048	671232	512	2.918218
91614797312	91614246912	550400	512	1.947444
174926414848	174925473280	941568	512	5.063403
151367668224	151367072256	595968	512	7.464157
103232631808	103231713280	918528	512	6.619637
92015450624	92014723584	727040	512	8.612528
157457953280	157457379328	573952	512	7.794569
174329973248	174329320960	652288	512	8.177859
210467917824	210467122176	795648	512	5.310783
12826431488	12825825280	606208	512	1.971403
244279728640	244278828544	900096	512	1.846046
124949666304	124948975616	690688	512	8.601300
88932598272	88931739136	859136	512	7.385053
162153470976	162152462848	1008128	512	4.664358
168084436992	168083662848	774144	512	7.120551
29880361984	29879356416	1005568	512	6.813206
247739386880	247738769408	617472	512	5.572454
238233378816	238232724480	654336	512	4.108601
161868992000	161868239360	752640	512	7.288613
214288351744	214287377408	974336	512	2.995810
1585581568	1584560640	1020928	512	7.083404
127293750272	127292861952	888320	512	6.707947
13458070016	13457201152	868864	512	8.081937
167126489600	167125859328	630272	512	8.576623
230722823680	230721901056	922624	512	9.184610
238255697408	238254871552	825856	512	9.790721
122032570368	122031809024	761344	512	7.892963
50466039808	50465248256	791552	512	8.452182
212716222464	212715604480	617984	512	7.497091
69331073024	69330049536	1023488	512	6.331666
50926566400	50925840384	726016	512	9.005522
116607602176	116606896640	705536	512	8.436732
98259329024	98258403328	925696	512	6.813994
37359319552	37358592000	727552	512	9.124367
119945170944	119944375808	795136	512	7.583887
179389967360	179389169152	798208	512	6.316494
136330829312	136329868288	961024	512	4.214012
94525084672	94524458496	626176	512	9.525359
182504389632	182503649792	739840	512	6.984695
205520544256	205519574016	970240	512	2.107727
188234339840	188233713664	626176	512	8.024254
157762422272	157761800704	621568	512	1.932198
4423998976	4423276032	722944	512	2.505988
30648036864	30647174656	862208	512	7.975835
171595473920	171594471936	1001984	512	3.078796
206885588480	206884711424	877056	512	4.596720
206462056448	206461147136	909312	512	4.231855
78109151744	78108121088	1030656	512	6.086627
187335535104	187334724608	810496	512	5.898069
170981682688	170980912640	770048	512	6.913501
22272887296	22272342528	544768	512	3.779493
2965974528	2965383680	590848	512	2.194109
19943614464	19942612480	1001984	512	6.998426
6405555200	6404828672	726528	512	2.489469
102229693440	102228720128	973312	512	6.095439
10825409024	10824391680	1017344	512	6.865631
244092591104	244091898880	692224	512	4.905948
216986268672	216985226752	1041920	512	8.793406
249112441856	249111788032	653824	512	3.645617
15477861376	15476828672	1032704	512	6.746639
119288441344	119287741952	699392	512	8.496261
22183205376	22182505984	699392	512	9.454621
239957814272	239957014528	799744	512	1.952984
194273414656	194272745472	669184	512	7.533807
215210896896	215210232832	664064	512	6.837513
249603078144	249602296832	781312	512	3.082841
173233830912	173233174016	656896	512	8.135400
160507627520	160506619392	1008128	512	4.665635
210611628032	210610615808	1012224	512	9.514541
184835878400	184835082240	796160	512	6.334138
104671855616	104670941696	913920	512	6.622124
205391051264	205390017024	1034240	512	2.724195
135011179520	135010321408	858112	512	6.815038
148750408192	148749632512	775680	512	7.508399
169917817344	169917263360	553984	512	9.290397
25448317440	25447669248	648192	512	1.800855
225715193344	225714171392	1021952	512	9.793314
215694040576	215693286912	753664	512	5.578308
157329520640	157328599040	921600	512	4.432435
4448289280	4447488000	801280	512	8.796410
177567098880	177566480384	618496	512	8.318943
154399087104	154398324736	762368	512	7.410838
22146393600	22145393152	1000448	512	7.030689
210448185856	210447315456	870400	512	2.993989
125756948992	125755957760	991232	512	5.748719
206269378048	206268805120	572928	512	8.227504
144766585856	144765893120	692736	512	9.628826
88665524224	88664504320	1019904	512	5.952134
232865657856	232864664064	993792	512	8.210497
71369013760	71368010240	1003520	512	4.950636
185327937536	185326989824	947712	512	4.804143
58020016128	58019258368	757760	512	1.803997
4968856576	4968198656	657920	512	2.984275
61712235520	61711589376	646144	512	2.674288
178542869504	178541856768	1012736	512	3.935695
128391122432	128390481920	640512	512	9.008673
44914703360	44913768448	934912	512	7.405265
210922624512	210921780736	843776	512	4.626631
52553656320	52552998400	657920	512	9.530701
35357295616	35356593152	702464	512	9.293358
21785359360	21784419328	940032	512	7.497811
248642528768	248641817088	711680	512	4.123543
38860835840	38859870720	965120	512	7.137077
190765903872	190764929024	974848	512	2.704811
249638076928	249637502976	573952	512	6.244947
23651028992	23650352640	676352	512	9.649212
116847068672	116846020096	1048576	512	5.204490
145960080896	145959244800	836096	512	6.852913
101243414528	101242495488	919040	512	6.870679
164023472128	164022439936	1032192	512	3.055203
227878361088	227877812224	548864	512	7.818332
158186238464	158185395712	842752	512	6.584513
209459545600	209458717696	827904	512	3.516557
247648864256	247647969792	894464	512	8.166927
146884002304	146883193344	808960	512	7.189050
28008670208	28008035840	634368	512	2.997437
117109300224	117108311552	988672	512	4.385058
151032190976	151031370752	820224	512	6.747014
180431774720	180430961152	813568	512	6.187678
120692822016	120691922944	899072	512	6.599527
62777453056	62776673792	779264	512	8.441937
67218005504	67217424896	580608	512	1.868824
99177339904	99176482816	857088	512	7.428959
51200758272	51199874560	883712	512	7.636506
184147103232	184146347520	755712	512	6.792128
238001978368	238001115136	863232	512	2.385558
176388828672	176388250112	578560	512	8.902771
101379935232	101379314688	620544	512	2.655762
206311770624	206311080960	689664	512	6.868583
24322740736	24321826304	914432	512	9.081887
130393740288	130393203712	536576	512	3.081230
30306754048	30305956352	797696	512	8.522244
94076321280	94075314176	1007104	512	6.065718
213456396288	213455760384	635904	512	7.160149
61053522944	61052891648	631296	512	1.865211
38144165888	38143372800	793088	512	1.801295
55834912768	55834090496	822272	512	8.167323
247109289472	247108442624	846848	512	2.033827
190802914304	190802017792	896512	512	3.572114
78679132160	78678100480	1031680	512	6.021609
66318011392	66317056000	955392	512	5.298404
223115264512	223114470400	794112	512	4.538897
144011221504	144010512896	708608	512	8.119760
81763991552	81763099648	891904	512	7.256516
125368821248	125368168960	652288	512	2.076690
166014170624	166013136384	1034240	512	4.373857
74012041216	74011283968	757248	512	8.435948
124367228928	124366560256	668672	512	8.792531
219188721152	219187726848	994304	512	9.371533
153579880448	153579197440	683008	512	8.217357
91523857408	91522914816	942592	512	6.640835
76358449152	76357662208	786944	512	8.166248
175818366976	175817400832	966144	512	4.813745
146413626368	146413067776	558592	512	9.600453
222211371520	222210466304	905216	512	2.011344
101114861056	101114235904	625152	512	9.499076
239137103872	239136373248	730624	512	4.333703
247680712192	247680017408	694784	512	4.397435
22313057792	22312249856	807936	512	8.567129
206826777600	206825775616	1001984	512	2.922579
190056052736	190055469056	583680	512	8.489683
83241897984	83240905216	992768	512	6.350568
129325064704	129324117504	947200	512	6.123129
160071006720	160070367232	639488	512	8.623421
128756172800	128755221504	951296	512	6.127939
82757843456	82757013504	829952	512	6.376874
182924180480	182923481600	698880	512	7.370733
233717170176	233716289024	881152	512	9.790592
35694694400	35694008832	685568	512	9.439087
51758692864	51757666816	1026048	512	6.388442
214114390016	214113637888	752128	512	5.832231
179247774720	179247063040	711680	512	7.291980
151391997440	151390997504	999936	512	4.965942
166868718080	166868153344	564736	512	9.270559
97359804928	97358928384	876544	512	5.795171
45257142272	45256454656	687616	512	2.553890
121370256384	121369247232	1009152	512	5.585844
151482950144	151482029568	920576	512	5.790631
140813196288	140812614144	582144	512	9.497824
99325189120	99324216320	972800	512	6.376124
148809282048	148808273920	1008128	512	3.804305
181806877184	181805930496	946688	512	9.914098
190467068928	190466513408	555520	512	8.786433
46653824512	46653010432	814080	512	8.382335
56273475072	56272576000	899072	512	7.521918
45859932672	45859256320	676352	512	9.502834
228674692608	228673993216	699392	512	5.835787
8059410944	8058512384	898560	512	8.118893
139528630784	139527916544	714240	512	8.218873
203657895936	203657360896	535040	512	8.695930
197967334912	197966288896	1046016	512	9.817659
68727024640	68726026752	997888	512	5.179711
116971709952	116970830336	879616	512	5.416103
219046555136	219045999616	555520	512	8.048315
109178916352	109178074624	841728	512	7.250631
230688880128	230687997952	882176	512	9.772385
120909959680	120909318144	641536	512	9.037368
81191744000	81190973440	770560	512	1.793081
70701188096	70700282368	905728	512	7.367125
209330550272	209329834496	715776	512	6.269394
243531142656	243530192384	950272	512	7.997920
23904718848	23903767552	951296	512	7.389555
192052409344	192051793408	615936	512	8.125612
85788602368	85787809792	792576	512	9.495638
105375248384	105374326784	921600	512	6.581427
241535534080	241534535680	998400	512	8.621665
71151622656	71150700544	922112	512	7.241396
163327598592	163326845440	753152	512	7.288587
198939542016	198938823168	718848	512	6.698285
118917410816	118916857856	552960	512	1.619201
229272164352	229271224832	939520	512	2.581482
130629780992	130629150720	630272	512	9.024375
116474891264	116474254336	636928	512	9.107873
36340904960	36340079104	825856	512	8.271777
177907822080	177907121152	700928	512	7.458131
63686845952	63686128128	717824	512	8.905626
107288939520	107288361472	578048	512	2.898895
207604231680	207603429888	801792	512	5.512237
139634792960	139634160128	632832	512	7.410810
128190815232	128189896704	918528	512	6.427838
114358969856	114358264320	705536	512	8.559340
57738985472	57738078208	907264	512	7.508625
162673606144	162672969728	636416	512	8.513724
156143241728	156142239232	1002496	512	4.927913
33751135744	33750607872	527872	512	3.880574
215555271168	215554620928	650240	512	6.856221
36280670720	36279926272	744448	512	2.084308
237121712128	237120709632	1002496	512	8.540977
109422656512	109422054400	602112	512	9.504676
232402832384	232401850880	981504	512	8.420490
229365992960	229365396480	596480	512	7.222798
153887108608	153886419456	689152	512	8.145875
74605714432	74605015552	698880	512	8.976467
157384836608	157384214528	622080	512	8.828447
245076072448	245075060224	1012224	512	7.060171
3377291776	3376671744	620032	512	1.992347
119776072192	119775089664	982528	512	5.829867
25634280960	25633364480	916480	512	7.703083
135486216704	135485634560	582144	512	9.566890
196064267776	196063702528	565248	512	1.622993
153746055168	153745094144	961024	512	5.370117
67522911744	67522325504	586240	512	1.781050
53000107008	52999064064	1042944	512	4.911722
177496109568	177495289856	819712	512	6.097776
154926786048	154926249984	536064	512	2.805439
123405753344	123405040640	712704	512	8.369400
126084679168	126083824640	854528	512	7.064339
16429616640	16428855296	761344	512	8.802455
76073337344	76072547840	789504	512	9.449376
39573976064	39573171200	804864	512	1.577535
58354470400	58353502720	967680	512	6.924401
94008901632	94008217600	684032	512	8.976251
45890025472	45889320448	705024	512	9.312697
1977991680	1977227776	763904	512	2.200717
66480442880	66479683584	759296	512	8.615683
95604345344	95603461632	883712	512	7.235471
114673714176	114672874496	839680	512	5.699550
91787102208	91786348544	753664	512	8.355221
38838322688	38837667328	655360	512	9.687584
207996668928	207995931648	737280	512	5.980184
114727593984	114727023104	570880	512	2.965270
147412674048	147411867136	806912	512	7.151035
149347776000	149347087360	688640	512	8.313610
482428416	481757184	671232	512	1.787989
141861896704	141860916736	979968	512	5.457075
166291716608	166291152896	563712	512	9.309347
223869549568	223868657152	892416	512	1.868503
92533544448	92532695552	848896	512	7.497366
46458246144	46457325568	920576	512	7.493562
138638903296	138638322688	580608	512	2.622479
16968645120	16967870464	774656	512	8.851987
183370038784	183369391104	647680	512	7.876963
195424329216	195423642112	687104	512	7.120649
83979381248	83978621952	759296	512	8.436249
87489499136	87488606720	892416	512	7.311236
55697178112	55696553472	624640	512	1.827773
240694050816	240693476352	574464	512	6.697312
127979562496	127978561024	1001472	512	5.664803
231660641792	231659625472	1016320	512	7.938457
58274296832	58273746432	550400	512	2.225868
164176607744	164175991808	615936	512	8.745759
186189281792	186188334592	947200	512	10.070492
157643080192	157642162688	917504	512	5.809899
212501644288	212500792832	851456	512	4.585791
24770005504	24769292800	712704	512	9.345758
230996509696	230995488256	1021440	512	7.854151
212700659200	212699768832	890368	512	2.749332
54716574208	54715669504	904704	512	7.588656
168607273472	168606638080	635392	512	1.835950
16466249216	16465515520	733696	512	2.247868
202481291776	202480324096	967680	512	3.537821
245407614976	245406740992	873984	512	8.499506
178430423552	178429875712	547840	512	9.075071
184712257536	184711485440	772096	512	6.624269
194427895296	194427106304	788992	512	6.182413
21125815296	21125284864	530432	512	2.562537
221004933120	221004187648	745472	512	5.661884
2806845440	2806070272	775168	512	8.995398
171638751232	171637970432	780800	512	6.791335
143626979840	143626025472	954368	512	5.707978
226812925952	226811928064	997888	512	8.735870
171542411264	171541372416	1038848	512	4.054837
129658321920	129657477632	844288	512	7.130806
151053209088	151052602368	606720	512	8.979545
217989578240	217988632576	945664	512	3.087888
83782842368	83782033408	808960	512	8.019380
142457474048	142456723968	750080	512	7.705151
165841529344	165840829952	699392	512	7.878129
64103275008	64102653440	621568	512	9.789244
183121809408	183120904192	905216	512	5.151984
177042560512	177042029568	530944	512	9.281317
3701136384	3700526080	610304	512	2.066550
209694666752	209693822976	843776	512	4.685605
136738962944	136737996800	966144	512	5.809806
243473152000	243472407552	744448	512	4.148564
46011778560	46011145216	633344	512	3.005561
48597490688	48596762112	728576	512	8.956757
13824255488	13823361024	894464	512	9.230340
113745850368	113744820736	1029632	512	5.583973
49377733120	49377061888	671232	512	9.459542
49367900160	49367067648	832512	512	8.082786
85965136384	85964282880	853504	512	7.580687
174964228096	174963333120	894976	512	5.600837
246559220224	246558594560	625664	512	5.476471
164087503872	164086970880	532992	512	2.656466
140199057408	140198050304	1007104	512	10.837267
136117470720	136116442112	1028608	512	3.754240
116854977536	116854449152	528384	512	3.225334
183653223936	183652180992	1042944	512	2.267887
103658718720	103657854464	864256	512	7.099045
70657426944	70656749568	677376	512	9.314523
100793162752	100792487424	675328	512	2.168217
159214262784	159213310464	952320	512	5.494582
217984829952	217984110592	719360	512	5.998025
135702125568	135701596672	528896	512	3.121928
148155939840	148154972160	967680	512	5.511513
176753499136	176752811008	688128	512	9.190910
207291999744	207291132416	867328	512	4.726313
154126035456	154125419520	615936	512	8.892785
180833833984	180832788992	1044992	512	3.619785
27662366208	27661820928	545280	512	3.740948
21343681024	21342995456	685568	512	2.671564
121500790272	121500081152	709120	512	8.378612
101575197696	101574650880	546816	512	3.325027
63350081024	63349525504	555520	512	3.483306
213454095360	213453494784	600576	512	7.690646
218001001472	218000421888	579584	512	7.754019
126505912832	126505095680	817152	512	7.373332
232305462784	232304710144	752640	512	4.703005
249863546368	249862770688	775680	512	1.954573
62616248320	62615595520	652800	512	9.454948
121288042496	121287333888	708608	512	8.417771
19197013504	19196368896	644608	512	1.626884
82438537216	82437555712	981504	512	6.471785
155978550272	155977850880	699392	512	8.040161
135730216448	135729307136	909312	512	6.373026
142383859200	142383332864	526336	512	1.870314
43729662464	43728804864	857600	512	6.575917
67999763968	67999142912	621056	512	1.923168
84358245376	84357317120	928256	512	6.932503
239497278976	239496585728	693248	512	4.893589
98216286720	98215456768	829952	512	7.739218
146276624896	146276042752	582144	512	9.388087
63353049088	63352251904	797184	512	9.698012
3274710016	3274057216	652800	512	3.105199
78075272192	78074733568	538624	512	2.094016
143783910400	143783164416	745984	512	7.739703
171038903296	171037960192	943104	512	5.062751
4778121728	4777158656	963072	512	8.863780
19015701504	19014768128	933376	512	7.562537
221733455360	221732441088	1014272	512	8.398178
30725103616	30724491776	611840	512	1.891336
233952718848	233952110592	608256	512	6.705872
41785008640	41784009728	998912	512	6.873711
184666744320	184665848832	895488	512	5.209581
173659941376	173658925056	1016320	512	4.296597
140007799808	140007000064	799744	512	7.411846
249656322560	249655555584	766976	512	3.271781
153980616704	153979669504	947200	512	5.538307
238923394560	238922385408	1009152	512	7.123833
37121605632	37120689664	915968	512	7.527280
169164777472	169163850752	926720	512	3.872032
22828240896	22827563520	677376	512	9.627326
111375353856	111374599680	754176	512	8.062986
187524292096	187523433984	858112	512	5.336693
150332448256	150331462144	986112	512	5.121477
54432593920	54431819776	774144	512	1.692866
249169312256	249168372736	939520	512	8.859359
53206814720	53206286848	527872	512	2.423794
178274520064	178273935360	584704	512	8.744971
179972970496	179972224512	745984	512	6.896266
29395018240	29394075648	942592	512	7.329831
152689794048	152688786944	1007104	512	4.889492
206439976960	206439041536	935424	512	3.909903
60872322560	60871303168	1019392	512	6.500744
111657845760	111657311232	534528	512	1.932065
156620938752	156620314624	624128	512	1.912337
216780696576	216779674624	1021952	512	9.034793
70882499584	70881659392	840192	512	7.955604
79096511488	79095715328	796160	512	8.131964
73053763584	73053041152	722432	512	1.999227
245224013824	245223398912	614912	512	6.038794
120168636928	120167740416	896512	512	6.642359
176924666880	176923824128	842752	512	5.829065
243792587264	243792038912	548352	512	7.023334
66791992320	66791196672	795648	512	8.377220
187931140096	187930574336	565760	512	8.713134
62304096768	62303127040	969728	512	6.785763
999477760	998949888	527872	512	2.693279
73164910080	73164230144	679936	512	2.385383
168240190464	168239391744	798720	512	6.853263
69861978112	69861293568	684544	512	9.243549
21348144128	21347318784	825344	512	8.461842
106007742976	106006918656	824320	512	7.496687
48047177728	48046336512	841216	512	7.994730
213619075072	213618529792	545280	512	9.749613
26226084864	26225529344	555520	512	2.334819
128924163072	128923556864	606208	512	2.502561
84831560704	84830965760	594944	512	1.955275
54880564224	54879848960	715264	512	9.082429
15177153024	15176615424	537600	512	3.909876
58506011648	58505035776	975872	512	6.894499
143346229248	143345349632	879616	512	6.452300
230959520256	230958554624	965632	512	8.605234
25905332736	25904658944	673792	512	9.652499
216223000064	216222082048	918016	512	3.457428
213260005888	213259196416	809472	512	5.115581
3384301056	3383497216	803840	512	1.849959
191501885440	191501282304	603136	512	8.281515
131525541376	131524814848	726528	512	8.080127
116948655104	116947712512	942592	512	6.205852
217939847680	217939059712	787968	512	5.097176
130808313344	130807299584	1013760	512	10.763208
97742687744	97742120960	566784	512	1.767593
150232391168	150231735296	655872	512	8.475121
162133145088	162132587520	557568	512	9.332574
226961318912	226960691200	627712	512	6.767577
6779999744	6779398656	601088	512	3.493400
196178196480	196177427456	769024	512	6.142325
54285810176	54285010432	799744	512	8.359899
150390163968	150389375488	788480	512	7.123650
236957291520	236956428800	862720	512	3.179295
189905905664	189905247232	658432	512	7.648822
169296565248	169295672320	892928	512	5.619764
137521006080	137520132096	873984	512	6.664724
230206073344	230205474816	598528	512	5.151423
132527280128	132526266880	1013248	512	5.322370
177245242880	177244635648	607232	512	8.446906
210128386560	210127470080	916480	512	3.789238
167036884992	167036257792	627200	512	8.565993
240364548096	240363599872	948224	512	6.392583
27126247424	27125354496	892928	512	7.718042
209711736320	209711180800	555520	512	8.166640
209306410496	209305559552	850944	512	4.759191
214159935488	214158914560	1020928	512	7.954424
26893070848	26892205568	865280	512	9.336929
85411268608	85410264576	1004032	512	6.270859
78368922112	78368275968	646144	512	9.477061
246820238848	246819500032	738816	512	3.699801
83179932160	83178981376	950784	512	6.744648
135233479168	135232888832	590336	512	9.427970
53894967296	53894396416	570880	512	2.061549
221913209856	221912680960	528896	512	8.080817
125660142080	125659353600	788480	512	7.639613
94442509312	94441851392	657920	512	9.206496
93822991360	93822333952	657408	512	9.218802
76905470464	76904915968	554496	512	2.027421
205232792064	205232118784	673280	512	7.017856
225743265280	225742681088	584192	512	7.374242
156699794944	156698856448	938496	512	5.586652
13207572480	13206723584	848896	512	8.253302
42274800128	42273899520	900608	512	7.660807
170616242176	170615578112	664064	512	8.086711
138322393600	138321601536	792064	512	7.484084
63583214592	63582557184	657408	512	9.459145
97834629120	97834044416	584704	512	1.915955
231259133952	231258334208	799744	512	4.041942
164547365888	164546329088	1036800	512	2.993756
94506582528	94505913344	669184	512	9.090812
128538117632	128537178624	939008	512	6.206923
185339480064	185338718720	761344	512	6.707466
193234597376	193233940480	656896	512	7.623854
75905137664	75904221184	916480	512	7.039485
226344512512	226343958528	553984	512	7.744230
238962528256	238961946624	581632	512	6.540040
27161016320	27160413696	602624	512	1.893260
129694650368	129694004224	646144	512	9.021305
20960282624	20959377920	904704	512	7.770596
64431361536	64430543360	818176	512	8.087056
93871239168	93870462976	776192	512	8.185929
134883638272	134883092992	545280	512	2.978145
188688817664	188688104960	712704	512	8.367736
246169568768	246168983040	585728	512	6.044020
131039232	130222592	816640	512	8.668199
153238273536	153237494784	778752	512	7.151626
79461829120	79461163008	666112	512	9.268946
30373745664	30373173248	572416	512	3.490961
238972307456	238971550720	756736	512	3.944026
200533448704	200532463104	985600	512	3.613416
245573692928	245572764160	928768	512	7.587919
190496380928	190495832064	548864	512	8.936707
14125017088	14124125696	891392	512	9.241390
151468525568	151467588608	936960	512	5.626804
178054268928	178053390848	878080	512	5.430546
32405091840	32404150784	941056	512	7.336864
88815066624	88814074880	991744	512	6.180056
54189601280	54189067776	533504	512	2.347495
26018749440	26017939968	809472	512	8.559769
199561275904	199560411136	864768	512	5.045556
219137781248	219136953856	827392	512	4.617618
198599094784	198598237184	857600	512	5.159424
53780686336	53779668992	1017344	512	6.520718
78670812672	78669805056	1007616	512	6.248246
48718803968	48717978624	825344	512	8.164509
194245765632	194245003776	761856	512	6.477686
133889140224	133888261120	879104	512	6.568672
215292410368	215291662848	747520	512	4.184470
85595983872	85594965504	1018368	512	6.131718
78300182528	78299509760	672768	512	9.216940
55860920320	55860230144	690176	512	9.277338
173322073600	173321433088	640512	512	8.295156
49263633920	49262851072	782848	512	8.496519
103425589248	103424573952	1015296	512	5.703227
125478834176	125477958656	875520	512	6.828913
140796561408	140795972096	589312	512	2.536601
20711354880	20710678016	676864	512	9.651821
46809284096	46808378368	905728	512	7.613842
206825666560	206824984064	682496	512	6.977229
4643688960	4642800640	888320	512	8.124049
232620045824	232619182080	863744	512	1.756782
134157931520	134157030912	900608	512	6.487228
86525523968	86524987392	536576	512	8.750680
123897279488	123896495616	783872	512	7.713447
249235018240	249234427904	590336	512	4.613399
198579265536	198578625536	640000	512	7.663734
92434649088	92433915904	733184	512	8.559059
58755116032	58754413568	702464	512	9.206839
164793197568	164792653824	543744	512	9.477017
112295388672	112294446592	942080	512	6.345900
120510668288	120509626368	1041920	512	5.266902
20771576832	20770769920	806912	512	8.584416
121739226624	121738599936	626688	512	9.170380
247411573248	247410650112	923136	512	9.100109
173486580736	173485608448	972288	512	4.728047
211572777984	211572040192	737792	512	5.995578
2702086144	2701214720	871424	512	8.184247
241812231680	241811616256	615424	512	6.048581
134596239872	134595289600	950272	512	5.920604
92233581568	92232922624	658944	512	9.195328
125202254336	125201467904	786432	512	7.694294
34631737344	34630767616	969728	512	7.087940
207654557696	207653812224	745472	512	6.219812
90645797888	90644933632	864256	512	7.376026
218806163968	218805365760	798208	512	4.989456
62093149184	62092311040	838144	512	7.931447
893002752	892348928	653824	512	1.752120
69372416	68771328	601088	512	2.143304
136232657920	136232112128	545792	512	1.912415
16436338176	16435297280	1040896	512	6.557194
115725993984	115725417472	576512	512	1.894407
64809480192	64808923136	557056	512	3.443232
138370900992	138369921536	979456	512	5.656770
148554362880	148553539072	823808	512	7.029782
228582376448	228581568000	808448	512	4.417348
232448151040	232447386112	764928	512	3.149304
137617275392	137616323072	952320	512	5.908207
224800201216	224799456768	744448	512	5.226370
71424514048	71423787008	727040	512	1.988802
126085636608	126084640768	995840	512	5.611688
138549668352	138549039616	628736	512	9.063919
220969744896	220968910336	834560	512	3.143888
242324480512	242323721728	758784	512	2.576785
30346842112	30345953792	888320	512	7.766639
101144080384	101143122432	957952	512	6.493756
47625409024	47624805376	603648	512	3.203941
139172684800	139171879936	804864	512	7.343519
172367320064	172366319616	1000448	512	4.458632
206706953728	206706028032	925696	512	4.036668
195033162240	195032160256	1001984	512	2.328859
155305508352	155304741376	766976	512	8.727780
144912133632	144911424000	709632	512	8.118577
84830888960	84830325760	563200	512	1.908303
180189137408	180188517888	619520	512	8.295495
180823272960	180822594560	678400	512	7.680125
235979481600	235978909696	571904	512	7.207662
245630177280	245629356032	821248	512	9.287979
191296841728	191296172032	669696	512	7.494899
124797081600	124796248576	833024	512	7.249767
246228438016	246227816960	621056	512	4.127270
206382502912	206381687296	815616	512	5.327679
246852140544	246851611648	528896	512	6.955171
171293947904	171293338624	609280	512	8.623453
193155321344	193154432000	889344	512	5.039914
88658939904	88657968128	971776	512	6.407172
1759341568	1758585856	755712	512	9.157958
134867202048	134866638336	563712	512	9.683890
182139750400	182138996224	754176	512	6.830526
22029624320	22028956672	667648	512	9.687192
166918451712	166917594624	857088	512	6.224936
200766217728	200765619200	598528	512	8.137109
181467592704	181466819584	773120	512	6.603173
92670799360	92670077952	721408	512	1.790273
114818846208	114818110464	735744	512	8.304547
138198107648	138197230592	877056	512	6.666004
27143823872	27142977024	846848	512	8.126292
28626293248	28625519616	773632	512	8.726748
148828619264	148827933696	685568	512	8.353091
146837292032	146836384256	907776	512	6.179808
141364036096	141363289088	747008	512	7.733922
80619908096	80618920448	987648	512	6.429972
65763053056	65762181120	871936	512	7.623304
168618498048	168617643520	854528	512	5.999081
54643751424	54642982912	768512	512	8.628494
192229448704	192228445696	1003008	512	2.369513
209763365376	209762694656	670720	512	6.819294
149637088768	149636469760	619008	512	9.016536
1378707456	1377895424	812032	512	8.711212
4032357888	4031373824	984064	512	7.354741
145388555264	145387915264	640000	512	8.808841
34545093120	34544072192	1020928	512	6.642166
40449150464	40448501248	649216	512	9.752417
241288939008	241288238080	700928	512	4.790565
21971992064	21971180544	811520	512	8.497203
204779873792	204779223040	650752	512	7.360392
234851888128	234851313664	574464	512	7.165127
181875031552	181874451968	579584	512	8.686118
231152519168	231151954944	564224	512	7.266771
141680654848	141679933952	720896	512	9.366971
62046454272	62045702656	751616	512	8.714957
142621920768	142621267968	652800	512	8.631038
18271218176	18270240256	977920	512	7.189218
595338752	594729472	609280	512	2.054395
96690728960	96689777152	951808	512	6.567366
217328194560	217327502848	691712	512	6.389554
98347713024	98347068416	644608	512	2.460254
41444452352	41443842560	609792	512	1.822385
200212247552	200211433472	814080	512	5.623211
160805696000	160805098496	597504	512	8.979420
103411749376	103410842112	907264	512	6.743225
158770618880	158769862656	756224	512	7.459053
219909058560	219908032000	1026560	512	2.075493
46821451776	46820917760	534016	512	9.099729
177061845504	177061095424	750080	512	6.833380
191009412096	191008855552	556544	512	8.787555
214726165504	214725460992	704512	512	6.412054
113453536768	113452871680	665088	512	8.994324
145377049088	145376187904	861184	512	6.623857
238483717632	238483149312	568320	512	6.754822
123344768512	123344232448	536064	512	1.816008
149469600256	149468969472	630784	512	8.891828
161031786496	161031168000	618496	512	8.691533
36296646144	36295953920	692224	512	2.556113
207696425472	207695870976	554496	512	8.475104
167570028544	167569041408	987136	512	3.506949
211159449600	211158477824	971776	512	1.946981
59289441792	59288479744	962048	512	6.973878
192809675776	192808883712	792064	512	6.141761
39468690432	39468102144	588288	512	1.995288
242048369664	242047333376	1036288	512	8.076623
36545185280	36544167936	1017344	512	6.708051
103683177472	103682420224	757248	512	8.060500
15976347136	15975307264	1039872	512	6.674033
152753234432	152752651776	582656	512	2.353718
230858960384	230858332672	627712	512	5.057831
47113487872	47112742400	745472	512	2.074746
245351438848	245350638080	800768	512	9.622565
92255589888	92254635008	954880	512	6.543586
69313113088	69312237568	875520	512	7.604551
195404383744	195403594752	788992	512	5.931840
216171721728	216170768384	953344	512	2.999533
200039113728	200038108160	1005568	512	2.012589
121885172224	121884427776	744448	512	8.214599
156631997952	156631339520	658432	512	8.352329
183910303232	183909559808	743424	512	6.935739
244710049792	244709413376	636416	512	5.660994
54834581504	54833789952	791552	512	1.868269
6287126016	6286346240	779776	512	8.992095
224221220864	224220623360	597504	512	7.136874
43641463296	43640534528	928768	512	7.412978
46564791296	46563872768	918528	512	8.873089
197105824768	197105032192	792576	512	5.890380
61231869952	61231322624	547328	512	3.603153
94444082688	94443084288	998400	512	6.164728
197252207104	197251310592	896512	512	4.660223
94213567488	94212837376	730112	512	8.556122
234863863808	234862974976	888832	512	9.702755
153423978496	153423363072	615424	512	8.894086
22453642752	22452622848	1019904	512	6.813240
197401045504	197400420864	624640	512	16.093550
119201380352	119200643584	736768	512	8.165064
164954767872	164953906688	861184	512	6.154714
204371816960	204371281920	535040	512	8.733850
110961858048	110961086976	771072	512	7.966513
199059152896	199058373632	779264	512	6.038022
114480863744	114480143872	719872	512	16.719853
34569171968	34568123904	1048064	512	6.441911
29448526848	29447586304	940544	512	7.346042
15308955136	15308036608	918528	512	7.664813
98367736832	98366856704	880128	512	7.272914
19520753664	19519735808	1017856	512	6.812502
128540547072	128539512832	1034240	512	5.313510
248808887808	248808225280	662528	512	46.127700
108455351296	108454763520	587776	512	9.681094
156570460672	156569720320	740352	512	7.559742
104763640832	104762686976	953856	512	6.237561
244867310592	244866611200	699392	512	4.815023
212967543808	212967012864	530944	512	8.567360
27314514944	27313480704	1034240	512	6.553617
103096219648	103095487488	732160	512	8.345373
214065055744	214064256000	799744	512	5.204192
224421718528	224421107200	611328	512	7.032526
90861235200	90860219904	1015296	512	6.020742
58853760000	58853227008	532992	512	2.370774
154243196416	154242461696	734720	512	7.703075
226410322432	226409460224	862208	512	3.612575
107535156224	107534571520	584704	512	2.829149
92758996480	92758213632	782848	512	8.096336
201588488704	201587821056	667648	512	7.305394
200285945856	200285285376	660480	512	7.520934
2094069248	2093245440	823808	512	1.724363
24265066496	24264207872	858624	512	8.184715
146398021120	146397127680	893440	512	6.280797
141434158592	141433464320	694272	512	8.289952
97631239168	97630391296	847872	512	7.530751
18149347840	18148685824	662016	512	2.874439
209238370816	209237843456	527360	512	8.621184
221628117504	221627121152	996352	512	8.745323
245115567104	245114615296	951808	512	9.362054
116662784512	116662033920	750592	512	8.002694
228043006976	228041962496	1044480	512	8.092944
78396153856	78395471360	682496	512	9.123694
187151520256	187150744576	775680	512	6.585760
155257203200	155256177664	1025536	512	4.724739
196724143616	196723502080	641536	512	6.024888
237908583424	237907880960	702464	512	4.796757
174589280256	174588666368	613888	512	8.599629
150998170112	150997436928	733184	512	7.591451
103557537792	103556743680	794112	512	7.769425
227509444608	227508486656	957952	512	9.253658
129777559040	129776797696	761344	512	7.884822
91608916480	91608223744	692736	512	2.040803
115184550400	115183801856	748544	512	8.039929
12458578944	12457883648	695296	512	9.472521
16728212480	16727223808	988672	512	7.104318
175540462080	175539655680	806400	512	6.588642
8277244416	8276576768	667648	512	2.981966
125439319552	125438585344	734208	512	8.200964
103110916096	103110111232	804864	512	7.685934
88073918464	88073205760	712704	512	8.843354
73478818816	73477840384	978432	512	6.668397
151995998208	151995153408	844800	512	6.554790
152372331520	152371433984	897536	512	4.648339
6715860480	6715283968	576512	512	2.321197
191069156352	191068360704	795648	512	4.703035
206630337024	206629801472	535552	512	8.704418
49699858432	49699214336	644096	512	9.719832
156668709888	156668017152	692736	512	8.087471
103049687552	103048879616	807936	512	7.647855
129864453120	129863827456	625664	512	9.222176
29529359360	29528495104	864256	512	7.970028
85447182336	85446220288	962048	512	6.644383
38444190208	38443536384	653824	512	2.807314
109026432000	109025807872	624128	512	9.355621
5051209216	5050405888	803328	512	8.793745
86788259328	86787234304	1025024	512	6.139338
99628447744	99627556352	891392	512	7.110981
72387130368	72386305024	825344	512	8.047982
221529415680	221528789504	626176	512	6.803616
33397459456	33396414464	1044992	512	6.453096
138144988672	138144091136	897536	512	6.438584
175440694272	175439825408	868864	512	5.873932
229244609024	229243719168	889856	512	1.905693
168768285696	168767624192	661504	512	6.660775
30227815424	30227241472	573952	512	3.492116
191088598016	191087810560	787456	512	6.167619
2616572416	2615732736	839680	512	8.497198
44273354752	44272791552	563200	512	2.200060
227335458816	227334587392	871424	512	2.158838
245633696256	245633081856	614400	512	5.603481
167694183424	167693149696	1033728	512	4.373242
97608137216	97607355392	781824	512	8.127842
195073244160	195072339456	904704	512	4.834927
102455279616	102454242304	1037312	512	5.503609
238553740288	238552891392	848896	512	2.588908
72898274304	72897447424	826880	512	8.033346
86956113920	86955145216	968704	512	6.624773
111279896064	111278855680	1040384	512	5.473389
117865706496	117864995328	711168	512	8.415441
113242842624	113242111488	731136	512	8.360442
171717581824	171716878848	702976	512	7.645919
102629581824	102628925440	656384	512	9.044961
191592376832	191591461376	915456	512	3.374520
64926474240	64925685760	788480	512	8.347974
147048370176	147047836160	534016	512	3.031170
208348465152	208347891200	573952	512	7.988556
172143778304	172143200768	577536	512	8.993737
74258305024	74257272320	1032704	512	6.022665
17783593472	17782837760	755712	512	8.996244
35419317248	35418754048	563200	512	2.213774
141879492608	141878452224	1040384	512	4.820455
233672333312	233671492608	840704	512	2.049177
133695691776	133694682624	1009152	512	5.375573
55566653440	55565996544	656896	512	9.579450
201806110208	201805477376	632832	512	7.513691
61229471744	61228702208	769536	512	8.646298
49448965120	49448163840	801280	512	8.287955
236520285184	236519266304	1018880	512	7.889892
152748487168	152747657216	829952	512	5.491156
132357762560	132356779008	983552	512	5.584545
97273611776	97272659968	951808	512	6.586593
21297980928	21296953856	1027072	512	6.768636
23586373120	23585627136	745984	512	2.189107
76117949440	76117221376	728064	512	8.688250
176123989504	176123412992	576512	512	8.999053
86370107392	86369524736	582656	512	3.102048
100936377344	100935700480	676864	512	2.141756
86873588224	86872896000	692224	512	9.061201
51172060672	51171042304	1018368	512	6.533272
218100503040	218099604992	898048	512	3.704172
210796764672	210795716608	1048064	512	9.062642
147154575360	147153797632	777728	512	7.454397
218303317504	218302710784	606720	512	7.465565
129614535680	129613709312	826368	512	8.621903
60944511488	60943667200	844288	512	7.974442
40368748032	40368124928	623104	512	1.706150
139997869056	139997185024	684032	512	8.518582
44120235008	44119309824	925184	512	7.469631
144913136640	144912252416	884224	512	6.375225
21399806464	21398757888	1048576	512	6.607611
180225276416	180224647680	628736	512	8.248121
42276615680	42275913216	702464	512	9.333407
239067414016	239066475520	938496	512	8.143833
6875629056	6874984448	644608	512	1.787926
163287480320	163286876160	604160	512	8.875518
98603394048	98602809856	584192	512	2.998729
21967599616	21966690816	908800	512	7.777811
26055557632	26054671872	885760	512	7.922982
204322196992	204321422848	774144	512	5.874690
90769583104	90768979968	603136	512	2.804480
127578925568	127578228736	696832	512	8.558742
215224390656	215223633920	756736	512	4.406294
95985581056	95984540160	1040896	512	5.752677
248544913920	248544121344	792576	512	9.747187
209628426752	209627566592	860160	512	4.556872
246631923712	246631241216	682496	512	3.180468
157171834880	157170791424	1043456	512	3.158270
104292598272	104291937792	660480	512	9.036477
142896812544	142896036864	775680	512	7.455802
174797087232	174796127744	959488	512	4.888475
132961786880	132961234432	552448	512	1.934714
96991653888	96990889984	763904	512	8.303939
207099488768	207098881536	607232	512	7.874727
222657821184	222656988672	832512	512	4.024079
109292572160	109291660800	911360	512	6.738346
4711052288	4710047744	1004544	512	7.187618
23197145600	23196364800	780800	512	1.866724
144762850304	144761991168	859136	512	6.629345
92105972224	92105129472	842752	512	7.488916
111519666688	111518775296	891392	512	6.830835
146919563264	146918626816	936448	512	5.921545
212760998912	212760057344	941568	512	3.504541
61517011968	61516108800	903168	512	7.374343
129612465664	129611615744	849920	512	7.078207
136447720960	136446745600	975360	512	5.700017
67082204160	67081354240	849920	512	7.817424
135539070464	135538469376	601088	512	9.299007
207914283520	207913239552	1043968	512	2.223358
239114990592	239114060288	930304	512	8.283276
131031510016	131030630912	879104	512	6.561945
98615904256	98614886400	1017856	512	5.981788
110092153856	110091302400	851456	512	7.228676
34639626752	34638923264	703488	512	9.370642
121077742080	121076810752	931328	512	6.329353
246666620928	246666007040	613888	512	4.269150
95323066368	95322369024	697344	512	8.741045
29889709568	29889120768	588800	512	3.331104
132411802112	132411025408	776704	512	7.630636
186011070464	186010207744	862720	512	5.599884
22508626432	22507748864	877568	512	8.023180
148201849344	148201229312	620032	512	9.005031
192437182464	192436472320	710144	512	5.632958
73493891072	73493141504	749568	512	1.829687
107442998272	107442229248	769024	512	7.936862
83918968320	83918138368	829952	512	7.801696
1550415360	1549519872	895488	512	8.081005
66799761408	66799060992	700416	512	9.103705
207169784832	207169248768	536064	512	8.735465
75643117568	75642391552	726016	512	1.850738
31804965376	31804386304	579072	512	2.067175
89616687104	89615809024	878080	512	7.249330
165425735168	165425000448	734720	512	7.497162
219033887744	219033152512	735232	512	5.787009
240637994496	240637020672	973824	512	9.004299
179408772608	179408111616	660992	512	9.201193
210042795520	210041789952	1005568	512	9.579333
128313679360	128312789504	889856	512	6.755182
114510889472	114510350336	539136	512	1.890549
54903305216	54902568448	736768	512	8.873396
109690502656	109689646080	856576	512	7.203313
156876091392	156875393024	698368	512	8.057807
225358116352	225357235712	880640	512	3.406169
43011358720	43010482176	876544	512	7.850360
116731141120	116730164736	976384	512	5.891865
31891535872	31890818048	717824	512	9.231039
175671026176	175670305280	720896	512	7.443088
164060390912	164059803136	587776	512	9.061371
71553553408	71552943104	610304	512	1.653861
172958661120	172957810688	850432	512	6.043724
165222073344	165221325824	747520	512	7.345740
35397796352	35397236736	559616	512	3.629150
129407238656	129406266880	971776	512	5.927058
134280081920	134279477760	604160	512	2.363379
31836954112	31835960832	993280	512	6.896185
92043720192	92043026944	693248	512	8.900060
56552179712	56551528448	651264	512	2.752310
221913587712	221913051648	536064	512	7.975357
59570163712	59569328128	835584	512	8.067366
110563435008	110562413568	1021440	512	5.642820
17214203392	17213472768	730624	512	9.205789
119547471872	119546923520	548352	512	1.675970
215902869504	215902038016	831488	512	3.201841
184366138368	184365216256	922112	512	3.580763
98409355776	98408769536	586240	512	1.829698
201575081472	201574277632	803840	512	5.753224
200031443456	200030429184	1014272	512	3.287715
132753088000	132752136192	951808	512	5.913492
165070693888	165070048768	645120	512	8.432961
59994143744	59993331712	812032	512	8.244948
212223554048	212222662144	891904	512	4.098038
215483273216	215482523136	750080	512	5.584137
197757512192	197756834816	677376	512	7.281756
199702702592	199701835264	867328	512	5.000554
27135778816	27134888448	890368	512	7.838144
191379454464	191378711552	742912	512	6.684545
64188458496	64187873280	585216	512	1.807319
233127088128	233126478336	609792	512	6.684251
178375092224	178374049280	1042944	512	2.296713
148389362688	148388661248	701440	512	8.202845
192941955072	192941423616	531456	512	9.118120
183713360896	183712371712	989184	512	4.231461
239330330112	239329603584	726528	512	4.410096
190964438016	190963517952	920064	512	4.682170
73331491328	73330810368	680960	512	9.274130
155524644864	155524048384	596480	512	9.083296
35630881792	35630121472	760320	512	8.832312
152572183552	152571276288	907264	512	4.566517
122521199616	122520264704	934912	512	6.274926
8531405824	8530630656	775168	512	9.015429
198032910848	198031995904	914944	512	3.093286
167765617152	167764790272	826880	512	6.498344
139864579584	139863777280	802304	512	7.372655
87536291840	87535651328	640512	512	9.509385
63767350784	63766782976	567808	512	1.986199
146279500288	146278525952	974336	512	5.499374
240611421696	240610451456	970240	512	7.691348
248611514880	248610895872	619008	512	5.543053
41606310912	41605379072	931840	512	8.760658
207320440832	207319583744	857088	512	4.862719
59901638144	59900952064	686080	512	9.327562
75121900544	75121157632	742912	512	8.582947
76672155648	76671558144	597504	512	2.977710
232798424576	232797522432	902144	512	9.521376
76915004928	76914367488	637440	512	9.525387
4708574720	4707922944	651776	512	1.723352
177855679488	177854770688	908800	512	3.734923
125250917376	125249906176	1011200	512	5.565830
212955680256	212954953728	726528	512	6.032058
37617149952	37616509440	640512	512	2.907989
38427618816	38426900992	717824	512	9.194207
11080675328	11079852544	822784	512	1.572900
235421334528	235420349440	985088	512	8.350946
109843537920	109842795520	742400	512	9.622965
213732124672	213731410944	713728	512	6.297137
74390619136	74389855232	763904	512	8.413688
178625126912	178624335360	791552	512	6.411192
136348774400	136347784704	989696	512	5.559496
23451466240	23450537472	928768	512	7.629770
157571502080	157570635264	866816	512	6.351477
31978856448	31978022912	833536	512	8.222936
206958622720	206957600768	1021952	512	2.871780
136654488576	136653617152	871424	512	6.687561
139699459072	139698687488	771584	512	8.998345
206952257024	206951243776	1013248	512	9.871265
34157024768	34156414464	610304	512	3.157586
8080664064	8079826944	837120	512	8.461270
218207727616	218207086592	641024	512	6.995382
122947772928	122946934784	838144	512	7.173141
117885775360	117884940288	835072	512	7.154543
39314619904	39314024448	595456	512	1.946303
45302702592	45301931520	771072	512	7.069524
53231527424	53230661120	866304	512	7.790653
232883035136	232882353664	681472	512	5.778775
31696956928	31696121344	835584	512	8.192255
46270573568	46269641728	931840	512	7.344776
41615172096	41614173184	998912	512	6.787818
136860484096	136859646464	837632	512	7.048292
43423069696	43422265856	803840	512	8.492124
150548089856	150547195904	893952	512	6.081700
231880168960	231879292928	876032	512	2.954079
4700110336	4699168256	942080	512	7.701883
87412462592	87411537408	925184	512	6.976514
42935272960	42934451200	821760	512	8.328913
117388918784	117388127232	791552	512	7.620334
219025175552	219024278016	897536	512	3.706227
95474592256	95473752064	840192	512	7.561259
125609342464	125608726016	616448	512	9.285195
101360124928	101359083520	1041408	512	4.407318
186113302528	186112304128	998400	512	2.686509
226623003136	226622290944	712192	512	5.654691
52368858624	52367892480	966144	512	6.956720
34707979264	34707238912	740352	512	8.984074
49094115840	49093493760	622080	512	2.976283
213387181568	213386345472	836096	512	3.429171
117989850624	117988864512	986112	512	5.773246
194871201280	194870493184	708096	512	7.034958
158024515072	158023534080	980992	512	5.238511
53690915840	53690326016	589824	512	3.239176
151520793600	151520083968	709632	512	7.962238
61701133824	61700419584	714240	512	8.995905
63251632128	63250703360	928768	512	7.155052
77807931392	77807401984	529408	512	2.228663
220077769216	220076814336	954880	512	8.494300
187608111104	187607187456	923648	512	4.646679
164620286464	164619526656	759808	512	7.224712
135179492352	135178934784	557568	512	2.855593
95405639680	95404669952	969728	512	6.412105
108069351424	108068376064	975360	512	6.075491
60003695616	60002664448	1031168	512	6.395227
77260333056	77259494912	838144	512	7.745066
227059361280	227058706944	654336	512	6.394952
180485832192	180484798464	1033728	512	3.726197
187483592192	187482602496	989696	512	3.874564
144416856576	144416109056	747520	512	7.716638
101681888256	101680928768	959488	512	5.146552
173722060288	173721322496	737792	512	7.384921
116554925568	116554389504	536064	512	1.785245
196534554112	196533710336	843776	512	5.321933
140207958016	140206957056	1000960	512	5.408482
192807592960	192806948864	644096	512	7.810031
235886259712	235885376000	883712	512	2.881695
98752911360	98751883264	1028096	512	5.925311
10008931328	10008382464	548864	512	3.900571
130984303104	130983778304	524800	512	1.803661
183015640576	183014755328	885248	512	5.332031
189733156864	189732347904	808960	512	5.926293
172369839616	172369023488	816128	512	6.406739
27862459904	27861655552	804352	512	1.576351
161590396416	161589429248	967168	512	3.725506
7357051392	7356176384	875008	512	8.227507
198336174592	198335388672	785920	512	5.927048
33841196032	33840596992	599040	512	1.917245
11402236928	11401468416	768512	512	8.877835
199784088064	199783485440	602624	512	8.112891
88720262144	88719376896	885248	512	7.168875
145013434368	145012838400	595968	512	2.405545
140760373760	140759789568	584192	512	9.473005
199331023360	199330211328	812032	512	5.647218
59193173504	59192551424	622080	512	1.926997
89060350976	89059521536	829440	512	7.546647
171793807360	171793098240	709120	512	7.582518
233680996864	233680116224	880640	512	2.905942
128586907648	128585960960	946688	512	6.117237
67102369280	67101825024	544256	512	3.555047
20502179328	20501134336	1044992	512	6.597872
182343909888	182342938624	971264	512	4.406747
123659456512	123658481664	974848	512	5.856010
83857033728	83856473088	560640	512	3.289944
27556608512	27555769856	838656	512	8.164390
185296023552	185295168000	855552	512	4.300556
2735642624	2734903808	738816	512	9.308597
45187179520	45186400256	779264	512	8.674990
32479796736	32478887936	908800	512	8.930272
132250334720	132249637888	696832	512	8.395566
64040687616	64040154112	533504	512	2.258436
42855970304	42854998016	972288	512	7.078034
11600624128	11599991296	632832	512	3.085869
65407464448	65406674432	790016	512	8.319969
160524038144	160523384320	653824	512	8.362179
56542559744	56541519872	1039872	512	6.253527
24012450816	24011620864	829952	512	8.380765
5970692096	5970048000	644096	512	1.750107
116940062720	116939191808	870912	512	6.897209
99637452800	99636436992	1015808	512	5.993009
55195293696	55194415616	878080	512	7.679994
149232145408	149231591936	553472	512	9.634329
171515020800	171514459136	561664	512	9.248701
54143375360	54142705664	669696	512	9.449609
227015989760	227015442432	547328	512	7.775735
38875535360	38874984448	550912	512	2.310779
151252149248	151251603968	545280	512	9.521090
169017247744	169016556544	691200	512	7.744250
186391254016	186390466048	787968	512	6.438231
178088276992	178087476736	800256	512	6.292683
78411553280	78410698752	854528	512	7.589139
101031366656	101030648320	718336	512	8.621038
174015915008	174015068160	846848	512	6.121395
17492477952	17491799040	678912	512	9.622399
117387396608	117386791424	605184	512	9.417707
228134866432	228133819392	1047040	512	8.055534
82414595584	82413577728	1017856	512	6.177763
5600727552	5599852032	875520	512	9.586228
21677558272	21676942848	615424	512	3.244090
82665333760	82664541696	792064	512	8.118475
27920674304	27919863808	810496	512	8.399376
122481898496	122481262592	635904	512	2.213566
37291337216	37290680320	656896	512	9.681535
13988672000	13987768320	903680	512	7.801309
169722660352	169721878528	781824	512	6.788774
66600652288	66599741952	910336	512	7.207401
134450838016	134449813504	1024512	512	3.849828
219262367744	219261739520	628224	512	7.330055
93262763008	93261930496	832512	512	7.701497
172151594496	172150648832	945664	512	5.032482
62119953408	62119120896	832512	512	7.930429
35535197184	35534149632	1047552	512	6.431253
235556067840	235555464704	603136	512	6.737972
43208968192	43208325120	643072	512	2.967036
38870288384	38869256192	1032192	512	6.554161
224097150976	224096136704	1014272	512	9.837881
52625365504	52624322048	1043456	512	4.876452
239921358848	239920406016	952832	512	9.283019
223303401472	223302663168	738304	512	5.294308
152371680256	152371119104	561152	512	9.349627
98019675648	98019062272	613376	512	9.554931
200128552448	200127693312	859136	512	5.087849
100849816064	100849176576	639488	512	9.364820
34575513600	34574612992	900608	512	7.661111
31235013632	31234226176	787456	512	1.699302
42220064256	42219538432	525824	512	2.511029
14050794496	14050027008	767488	512	1.998985
106347237888	106346351616	886272	512	6.900003
197692284928	197691603456	681472	512	7.173483
191665501184	191664597504	903680	512	3.523388
3136486400	3135592448	893952	512	8.069610
240654451712	240653508096	943616	512	8.085456
169678003200	169677282304	720896	512	7.428207
69063004672	69062159360	845312	512	7.839008
55363105792	55362447872	657920	512	9.531366
98819313152	98818600960	712192	512	8.685288
66099802112	66098863616	938496	512	7.016881
178520778752	178519870976	907776	512	3.703409
78417748992	78416870400	878592	512	7.408030
203425968128	203425219072	749056	512	6.134625
133913549824	133912706560	843264	512	6.946077
186341996032	186341264896	731136	512	5.624972
228825729536	228824795648	933888	512	2.704614
230044854272	230044028928	825344	512	2.765113
9609412096	9608551936	860160	512	9.662971
102168877568	102168267776	609792	512	9.463918
33852164096	33851308032	856064	512	8.032504
209668364288	209667784192	580096	512	7.946643
167763843072	167762820096	1022976	512	2.874171
147224737280	147224029696	707584	512	8.115354
124143795712	124142986752	808960	512	7.448473
90919116800	90918153216	963584	512	6.443870
74212313600	74211473920	839680	512	7.700414
31302453760	31301527552	926208	512	7.444760
246326979584	246326023168	956416	512	8.555169
135582859264	135581899264	960000	512	5.827175
180490916864	180490180096	736768	512	7.010324
155244884992	155243979776	905216	512	5.957969
141796593664	141795917312	676352	512	9.827403
218349762048	218349028352	733696	512	5.805994
118463673344	118462795776	877568	512	6.783072
207344989696	207344180736	808960	512	5.406452
227008663040	227008006656	656384	512	6.392890
50623898624	50623319552	579072	512	3.323528
63516814336	63516043776	770560	512	8.435701
66281656320	66281117696	538624	512	3.613969
136346566656	136345768448	798208	512	7.428318
205711821312	205711292416	528896	512	8.780030
211022502912	211021923328	579584	512	8.008500
186665370112	186664325632	1044480	512	3.611434
59680680960	59680070656	610304	512	1.926134
156566562816	156565684736	878080	512	6.331552
141080502784	141079772160	730624	512	7.896744
187788192768	187787274752	918016	512	4.694702
93901869056	93901218816	650240	512	9.334013
134371171328	134370428928	742400	512	8.011774
80774193664	80773198848	994816	512	6.357181
54961196032	54960611328	584704	512	1.914170
165610383872	165609827328	556544	512	2.472756
76423719424	76423041024	678400	512	2.278165
212222728192	212221716992	1011200	512	9.498355
83981100032	83980105216	994816	512	6.374188
53540740096	53539852800	887296	512	7.618864
89850440704	89849590784	849920	512	7.487778
146013849088	146012905472	943616	512	5.794187
70427595776	70426594304	1001472	512	6.535110
227899532800	227898775040	757760	512	5.049385
223167350784	223166585344	765440	512	4.967654
178187332096	178186638336	693760	512	7.478741
147403168256	147402530304	637952	512	8.915849
201770657280	201769802240	855040	512	4.859016
134897809920	134897220608	589312	512	9.430830
16439822336	16439265280	557056	512	3.714781
250052712960	250051859456	853504	512	8.775510
222230150656	222229593088	557568	512	7.695279
142880531968	142879784960	747008	512	7.738638
78148918272	78148352512	565760	512	1.901073
186854567936	186853672448	895488	512	3.863016
86590598656	86589652480	946176	512	6.789251
23317817344	23317201408	615936	512	3.274272
128110577664	128109693952	883712	512	6.758917
35012107264	35011179520	927744	512	7.377095
70079108608	70078103040	1005568	512	6.489774
66441297920	66440282624	1015296	512	6.430682
32561220096	32560462336	757760	512	1.953279
110825742848	110825022976	719872	512	8.447786
36611003392	36610366976	636416	512	2.938858
157698740736	157698204160	536576	512	9.654209
162215715840	162214971904	743936	512	7.404737
229565726208	229565158400	567808	512	7.553569
404646912	403725824	921088	512	7.850294
114679790080	114678874112	915968	512	6.614534
59421218816	59420342784	876032	512	7.708078
28427932160	28427166208	765952	512	8.750240
172163398144	172162423808	974336	512	4.734574
78294227456	78293483008	744448	512	8.555087
60474695680	60474033152	662528	512	2.617608
58998971904	58998018048	953856	512	7.036289
180648140288	180647573504	566784	512	8.965249
179040145408	179039304192	841216	512	5.851996
32552681984	32552022528	659456	512	9.660549
169275006976	169274104320	902656	512	5.521930
223876873216	223875961856	911360	512	2.962728
25044246528	25043269120	977408	512	7.179017
194641328640	194640428032	900608	512	4.882143
171257641984	171256735744	906240	512	5.486033
28795654144	28794793472	860672	512	7.948750
27475650048	27474857984	792064	512	1.685581
150827739648	150827107840	631808	512	7.256234
179146198528	179145593344	605184	512	8.443142
11262606336	11261634560	971776	512	7.320507
198387344384	198386371072	973312	512	2.457286
99357069824	99356528640	541184	512	3.355985
23213316096	23212366336	949760	512	7.402069
50418982912	50418229760	753152	512	8.753147
44744988672	44744352256	636416	512	2.966838
85463822848	85463292416	530432	512	3.661530
191977609216	191976686080	923136	512	3.263257
88834497024	88833734656	762368	512	8.238685
25747318272	25746323968	994304	512	7.028537
198261426176	198260531200	894976	512	3.337743
7456452608	7455893504	559104	512	3.835471
173838642176	173837873152	769024	512	6.916668
36950690304	36949659648	1030656	512	6.574478
240353850880	240352970240	880640	512	8.961390
164595326976	164594388480	938496	512	5.351738
177297733120	177296794624	938496	512	4.791207
184278107648	184277460480	647168	512	7.990590
4356971520	4356058112	913408	512	7.907400
34884347904	34883302400	1045504	512	6.447602
126296258560	126295218688	1039872	512	5.279845
183676860416	183675935232	925184	512	4.901526
70363683328	70363049984	633344	512	2.752421
207111759872	207111108608	651264	512	7.319597
77911052288	77910076928	975360	512	6.494753
94987936768	94986956288	980480	512	6.296961
145688464896	145687475200	989696	512	5.339452
124023676416	124022840320	836096	512	7.219837
64167150080	64166371840	778240	512	1.740145
120619894272	120619311104	583168	512	9.579142
120978766336	120978191872	574464	512	2.796796
194726489088	194725641728	847360	512	5.506935
133885258240	133884646400	611840	512	9.242681
23625129984	23624315392	814592	512	8.659798
245394562560	245393831936	730624	512	2.443439
170969575936	170968595968	979968	512	4.652814
8709113856	8708473344	640512	512	1.784462
10137399808	10136740864	658944	512	9.786153
38240147968	38239574016	573952	512	2.086724
27271384576	27270643200	741376	512	8.989914
128429301760	128428536832	764928	512	7.890341
228811332096	228810527232	804864	512	4.366892
16478735360	16478205440	529920	512	2.558113
93049283584	93048724992	558592	512	3.216908
5837835776	5837210112	625664	512	1.938696
156563216896	156562587648	629248	512	1.859205
152535307776	152534545408	762368	512	7.383716
198563672064	198562946048	726016	512	6.645731
95248995328	95248347136	648192	512	9.367221
68080448000	68079496704	951296	512	6.946327
124871325696	124870676992	648704	512	8.953693
30736339456	30735325184	1014272	512	6.711157
217062011392	217061277184	734208	512	5.798536
51806011904	51805387776	624128	512	1.966124
195011022848	195010407936	614912	512	8.146256
111783210496	111782409216	801280	512	7.688427
165961672192	165961017344	654848	512	8.322241
173462751232	173461890560	860672	512	5.903914
97998496256	97997801984	694272	512	8.888501
76401950720	76401045504	905216	512	7.142167
142532301312	142531334656	966656	512	5.495563
62489241088	62488465408	775680	512	8.438558
46649879040	46648960000	919040	512	7.498794
106529245696	106528672256	573440	512	9.800142
12625901056	12625247232	653824	512	9.820444
186922793984	186922129920	664064	512	7.778391
162854496768	162853568000	928768	512	4.122310
66769931264	66768912896	1018368	512	6.364361
158685655552	158684726784	928768	512	5.702433
37726161408	37725340672	820736	512	8.311034
71461339136	71460713984	625152	512	9.740577
4938474496	4937513472	961024	512	7.549497
89500075008	89499167744	907264	512	6.955678
147143249408	147142494720	754688	512	7.687565
10853371904	10852544000	827904	512	9.784292
21255263744	21254566400	697344	512	2.562575
9304190976	9303176192	1014784	512	7.111033
239849294336	239848534016	760320	512	3.972653
39756150272	39755367424	782848	512	8.622470
182238952960	182237906944	1046016	512	2.221209
168106381824	168105622016	759808	512	7.244515
42074127872	42073257472	870400	512	7.940734
126694887936	126693971968	915968	512	6.461563
216167480320	216166489088	991232	512	9.470432
130820950528	130820382208	568320	512	2.738291
157364382208	157363657216	724992	512	9.156830
25723054080	25722055680	998400	512	7.009040
212143764480	212143198208	566272	512	8.120821
35606297600	35605692928	604672	512	1.832705
40569277440	40568528384	749056	512	8.995512
74753987584	74753187840	799744	512	8.073740
75766645248	75765662208	983040	512	6.424305
175402255360	175401354752	900608	512	4.158654
232368547328	232367702016	845312	512	2.041185
174492039168	174491030016	1009152	512	4.361194
286222336	285389824	832512	512	8.544839
106001556480	106000852992	703488	512	8.617645
199012669440	199012016640	652800	512	7.517496
212522595328	212521984512	610816	512	7.561700
230136636928	230135703040	933888	512	2.178392
132201372672	132200671232	701440	512	8.333855
242085265920	242084667904	598016	512	4.919352
14429145088	14428197888	947200	512	7.441872
212360616960	212359952384	664576	512	6.894454
178130217472	178129291264	926208	512	4.889341
164256440832	164255859200	581632	512	9.093066
121667899904	121666896384	1003520	512	5.654121
53708105728	53707392512	713216	512	9.108690
138582953984	138582197760	756224	512	7.848159
81312930304	81312030720	899584	512	7.188215
214250886144	214250205184	680960	512	6.731896
11498122240	11497403392	718848	512	2.385775
47741152768	47740404736	748032	512	1.906822
195547179520	195546381824	797696	512	5.835974
43215539712	43214609920	929792	512	7.442612
158912907264	158911930880	976384	512	5.220777
164444152832	164443348992	803840	512	6.691071
192603795968	192602962432	833536	512	5.736332
9143296000	9142299648	996352	512	7.235959
157225327104	157224463360	863744	512	6.287653
51498266624	51497573376	693248	512	9.234014
141115666432	141115020800	645632	512	8.740673
158985218048	158984566272	651776	512	8.512572
43755234304	43754296832	937472	512	7.360538
196039448064	196038735872	712192	512	6.830525
172632918016	172631994880	923136	512	10.746557
120126736384	120125890560	845824	512	7.117058
121668298240	121667723264	574976	512	9.707816
57088176640	57087283712	892928	512	7.573203
231898747904	231897704960	1042944	512	7.534462
234521419776	234520594944	824832	512	3.788590
193729413120	193728424448	988672	512	3.900042
66419770368	66419157504	612864	512	3.028933
135905049088	135904272896	776192	512	8.945417
54635163648	54634148352	1015296	512	6.439916
195856126464	195855094784	1031680	512	3.080178
182124769280	182123815424	953856	512	4.620424
2099746304	2098805248	941056	512	7.659098
216964191744	216963529216	662528	512	6.707936
39539620352	39538883072	737280	512	9.009978
236474413568	236473776128	637440	512	6.305608
237976939520	237975892480	1047040	512	7.860889
172075627520	172075040768	586752	512	8.861981
32828692992	32827768832	924160	512	7.439699
10688867328	10687991296	876032	512	9.385374
212533876224	212533143040	733184	512	6.070755
182444968448	182444279296	689152	512	8.858486
131078025728	131077056000	969728	512	5.737973
59418377728	59417592832	784896	512	8.486523
176338983424	176338033152	950272	512	3.547038
106135352832	106134349824	1003008	512	5.777175
222046175232	222045530112	645120	512	6.547222
178515101184	178514310656	790528	512	6.414646
152992347648	152991404032	943616	512	4.194370
87574821888	87573916672	905216	512	7.135033
231775258624	231774227456	1031168	512	7.677653
244553401856	244552476672	925184	512	6.901027
229245290496	229244674560	615936	512	6.908226
158890350592	158889528832	821760	512	6.782119
30355334656	30354484736	849920	512	8.080093
40883109376	40882280960	828416	512	8.261974
44144554496	44143637504	916992	512	7.521979
249477401600	249476747264	654336	512	4.989723
196875082240	196874161664	920576	512	4.396772
32550448640	32549653504	795136	512	8.563377
18374283776	18373452288	831488	512	8.377777
186880669184	186879840256	828928	512	5.989825
230498756608	230498004992	751616	512	4.695727
70081516544	70080920064	596480	512	1.739129
25370438656	25369523200	915456	512	7.701165
31938255360	31937400832	854528	512	8.038505
14883466240	14882696704	769536	512	8.912785
164434818048	164433898496	919552	512	5.554482
221535124480	221534577152	547328	512	7.822844
224747049984	224746417664	632320	512	6.736684
20993312768	20992568320	744448	512	2.190301
120664844800	120663964160	880640	512	6.759713
33647551488	33647005696	545792	512	2.362122
87544931328	87544080896	850432	512	7.649250
184198315008	184197343744	971264	512	4.404850
54986077696	54985434112	643584	512	9.694233
148689936896	148689385984	550912	512	2.790649
6676925952	6676039680	886272	512	8.147544
44590352384	44589524480	827904	512	6.616595
243827399680	243826504192	895488	512	1.885752
248578161152	248577304576	856576	512	1.877922
220477017600	220475982336	1035264	512	8.863697
99124496896	99123494912	1001984	512	4.735237
212084029440	212083145728	883712	512	2.824295
245529249792	245528539648	710144	512	4.135158
138474030592	138473225216	805376	512	7.303632
186037699584	186036959744	739840	512	6.980088
138283281408	138282247680	1033728	512	5.142471
243312037376	243311369216	668160	512	5.235224
223639418368	223638664704	753664	512	5.092064
245112804864	245111813120	991744	512	7.368166
220525615104	220524891648	723456	512	5.907485
141890701824	141889675776	1026048	512	4.913094
92673138176	92672224768	913408	512	6.890060
164504935936	164504324608	611328	512	1.905426
214586939904	214586299904	640000	512	7.182734
178605039616	178604141568	898048	512	5.224678
188496731136	188496201216	529920	512	9.120758
32920018432	32919339520	678912	512	2.599310
109867717632	109867031552	686080	512	8.761490
162669644800	162668802560	842240	512	6.359867
137704116736	137703169024	947712	512	5.961434
127297910272	127297337344	572928	512	9.734112
72588191232	72587166208	1025024	512	6.288683
232479821824	232478799872	1021952	512	7.844813
65656627200	65656000512	626688	512	9.743107
120472290816	120471309312	981504	512	5.858065
82784661504	82783758336	903168	512	7.077435
78933961216	78933277184	684032	512	2.229862
183408207360	183407298048	909312	512	5.162646
68545359360	68544602624	756736	512	8.607183
89691049984	89690040832	1009152	512	6.082771
33330863616	33330085888	777728	512	1.781252
8849121792	8848340992	780800	512	8.956444
15951465472	15950484480	980992	512	7.101417
5930412544	5929823744	588800	512	3.569505
23165143040	23164330496	812544	512	8.525481
81219556864	81218890240	666624	512	9.237482
71721148928	71720117760	1031168	512	6.244783
68075084288	68074098688	985600	512	6.658224
119347571200	119347012608	558592	512	2.954890
10257367552	10256374784	992768	512	6.990706
22366867456	22366320640	546816	512	2.432093
160547307520	160546779136	528384	512	2.735256
11196285952	11195712512	573440	512	3.584631
230091007488	230090132992	874496	512	9.899590
7065973760	7065101824	871936	512	8.207919
167196426240	167195734016	692224	512	7.925913
162190783488	162190025728	757760	512	7.282022
220098387968	220097518592	869376	512	3.942564
203403399680	203402672128	727552	512	5.044927
130090604032	130090012672	591360	512	2.643549
243827571712	243826557440	1014272	512	7.030864
38099472896	38098463232	1009664	512	5.118840
173121488384	173120685568	802816	512	5.193532
128779478016	128778824704	653312	512	8.925782
79957515264	79956664320	850944	512	7.639675
69252897792	69252093952	803840	512	8.192395
39823732736	39823126528	606208	512	10.113995
146111228416	146110450176	778240	512	7.442112
116618171392	116617346048	825344	512	7.265024
48670178304	48669499904	678400	512	9.379630
78624273408	78623317504	955904	512	6.728537
10749601280	10748601856	999424	512	7.032811
236320539136	236319963136	576000	512	7.135640
167494964736	167494168576	796160	512	6.915695
140344094208	140343126016	968192	512	5.694798
212427995648	212427038720	956928	512	10.152629
215932479488	215931556352	923136	512	3.388610
165726987776	165726321152	666624	512	8.197031
178332467200	178331791872	675328	512	7.693272
85020067328	85019515392	551936	512	3.283957
133427242496	133426653696	588800	512	9.449541
233224146432	233223562240	584192	512	7.041919
141718587904	141717953536	634368	512	8.873526
180944759296	180943892992	866304	512	5.575597
210765716480	210764932096	784384	512	5.417570
106929744896	106929031680	713216	512	8.503957
215330834944	215330218496	616448	512	7.310981
67438674944	67437791744	883200	512	7.548987
113244014592	113243388416	626176	512	2.438688
16722445312	16721490432	954880	512	7.379184
115766682624	115765898240	784384	512	7.825972
38918551552	38917652992	898560	512	7.639452
240479636480	240479097344	539136	512	7.163496
79258104320	79257155584	948736	512	6.758516
198971028480	198970380800	647680	512	7.485071
163533439488	163532888064	551424	512	9.362891
156966471680	156965783040	688640	512	8.126538
152160278528	152159288832	989696	512	3.706429
7882333184	7881700864	632320	512	1.797894
33363100160	33362177024	923136	512	7.423891
23562820608	23562238976	581632	512	3.525103
196765611008	196764893696	717312	512	6.739085
119664015872	119663245824	770048	512	7.869347
131258792960	131258187776	605184	512	9.303459
226910701056	226909662720	1038336	512	8.156420
107610056704	107609498624	558080	512	9.967606
234064760832	234063797248	963584	512	2.041837
185014553600	185013744128	809472	512	6.247104
178574575616	178573926912	648704	512	7.991592
211138377216	211137832960	544256	512	8.341942
62728822272	62727839232	983040	512	6.678442
182342808576	182342026240	782336	512	6.451798
188371763712	188370743808	1019904	512	3.522540
136131287040	136130447360	839680	512	7.025039
16572261376	16571662336	599040	512	2.027926
149135242240	149134554624	687616	512	9.712573
129967649792	129966777344	872448	512	6.870553
18489955328	18489264640	690688	512	9.510093
44374786560	44373893120	893440	512	7.721173
138796517888	138795697152	820736	512	7.131031
112440073216	112439046656	1026560	512	5.612000
212791436800	212790650880	785920	512	5.409051
127331653120	127330934272	718848	512	9.684772
15850977280	15850287616	689664	512	9.527754
81852840960	81852113408	727552	512	8.598650
79678550016	79677654528	895488	512	7.268375
119582138880	119581244416	894464	512	6.646559
233170812416	233170092032	720384	512	3.752690
32026399744	32025865728	534016	512	3.802115
90671026688	90670367744	658944	512	9.223176
32778356224	32777820672	535552	512	2.451479
170283777024	170282962432	814592	512	6.464750
49826472960	49825733632	739328	512	8.864471
189617474560	189616709632	764928	512	6.390457
55418380288	55417394688	985600	512	6.760461
181415473152	181414729728	743424	512	6.885341
152189692416	152188839424	852992	512	6.453506
62260198400	62259346432	851968	512	7.800314
154497242112	154496274944	967168	512	5.327202
127574113792	127573575168	538624	512	1.777103
49384933888	49384157696	776192	512	8.537334
121640518656	121639958016	560640	512	9.787990
54180503040	54179728384	774656	512	1.646615
185737019904	185736261632	758272	512	6.754811
25966165504	25965361664	803840	512	1.734812
236243059712	236242480640	579072	512	5.689447
92054314496	92053742592	571904	512	3.103429
228054793216	228053751296	1041920	512	8.115383
221607013376	221606044672	968704	512	2.206124
114178202624	114177656832	545792	512	3.169903
148861212672	148860558336	654336	512	8.636107
242963468288	242962440192	1028096	512	6.845283
101795557888	101794647040	910848	512	6.593209
127517018624	127515999744	1018880	512	5.472521
155370981376	155370320384	660992	512	8.412464
219500345856	219499726336	619520	512	7.251645
244785974784	244785181184	793600	512	3.322199
236513357824	236512506880	850944	512	3.339079
135236767744	135236143104	624640	512	2.125961
136515648512	136514882560	765952	512	7.708200
114830090752	114829047808	1042944	512	5.445719
193938443776	193937582592	861184	512	3.980844
7857467392	7856889344	578048	512	3.699579
166696064512	166695350272	714240	512	7.710684
109160942592	109160037376	905216	512	6.723193
22284886528	22284328448	558080	512	3.603467
21012850176	21012165120	685056	512	9.571570
78820705792	78819947520	758272	512	1.833243
249832542208	249831735296	806912	512	9.528337
230644453376	230643429888	1023488	512	7.792326
143225157120	143224178176	978944	512	5.446964
240160230912	240159299072	931840	512	8.238907
10455607808	10454565376	1042432	512	6.651550
229064135680	229063549952	585728	512	7.357076
36392516608	36391548928	967680	512	7.118874
75573800448	75572926464	873984	512	7.416652
58441292800	58440565760	727040	512	9.030423
125306163200	125305443840	719360	512	8.300573
75739453952	75738900992	552960	512	3.355226
22920635904	22919756288	879616	512	7.990420
108886475776	108885926912	548864	512	1.798216
15894807040	15894266880	540160	512	2.597806
127357799936	127356983296	816640	512	7.385474
155072411136	155071429120	982016	512	3.779991
89900271104	89899598848	672256	512	9.093639
135373254144	135372649984	604160	512	9.301181
96229104128	96228361728	742400	512	8.453275
27697241088	27696420864	820224	512	8.336300
62895619584	62894621184	998400	512	6.493751
12585857024	12585174016	683008	512	2.815764
86760988160	86760100864	887296	512	7.336341
177073035776	177072215552	820224	512	6.053438
197573365248	197572460544	904704	512	3.203830
81087719936	81087173120	546816	512	3.363268
91557657088	91557028352	628736	512	9.418940
33910451712	33909436928	1014784	512	6.681934
21875463168	21874514944	948224	512	7.427987
184739994112	184739372032	622080	512	8.249186
76378713600	76377665536	1048064	512	5.897648
229899172864	229898259968	912896	512	2.967629
60578804736	60578035712	769024	512	1.695508
192281682432	192281003520	678912	512	7.375524
44192405504	44191406592	998912	512	6.825081
198296682496	198296004608	677888	512	7.188878
159528479232	159527948800	530432	512	2.825259
126015898624	126014886400	1012224	512	5.526796
249980590592	249979814912	775680	512	3.108906
221609360384	221608493568	866816	512	3.541243
218473658368	218473131008	527360	512	8.402521
94141676032	94140676608	999424	512	4.797470
71629329408	71628787200	542208	512	2.208371
24194060288	24193334272	726016	512	9.243044
102505921536	102505260032	661504	512	8.989004
126479559168	126479016960	542208	512	3.115925
63948760064	63948166144	593920	512	1.823591
94119664128	94119113728	550400	512	1.905279
26149321216	26148748288	572928	512	3.525007
39007490048	39006636544	853504	512	8.144975
15039015936	15038183936	832000	512	8.377882
205237754880	205236988416	766464	512	6.002613
88920821248	88920265216	556032	512	1.877546
170275991040	170275205120	785920	512	6.747045
154962292224	154961658368	633856	512	8.677073
50918749696	50917736448	1013248	512	6.549677
26254744064	26253969408	774656	512	8.826326
137345917952	137345021440	896512	512	6.474347
243437896704	243437340160	556544	512	6.916529
146283243520	146282443776	799744	512	7.228895
145350966784	145350360576	606208	512	9.143543
214710448640	214709492736	955904	512	1.949619
13314847744	13314083840	763904	512	8.946501
14934036992	14933223936	813056	512	8.542383
206927910912	206927302656	608256	512	7.817205
91544925696	91543928320	997376	512	6.193742
200232950272	200232316416	633856	512	7.725774
128287707648	128287144960	562688	512	9.781852
119311927808	119311245824	681984	512	8.642804
249049829888	249048907776	922112	512	7.753578
6981646336	6980661248	985088	512	7.353256
143651047936	143650049536	998400	512	5.253041
200267699200	200266707968	991232	512	3.534994
240248169984	240247538176	631808	512	5.810687
71571615232	71571075072	540160	512	2.219022
61383858176	61382884864	973312	512	6.774435
126610437632	126609393152	1044480	512	5.164274
125410914816	125409968640	946176	512	6.156668
66260736512	66259832832	903680	512	7.335260
243963322368	243962539520	782848	512	2.195719
81365806592	81364800512	1006080	512	6.258783
46909404160	46908424704	979456	512	7.009057
91214479360	91213680640	798720	512	7.927978
164665671168	164664687616	983552	512	4.901695
188906683904	188905906688	777216	512	6.286113
203425435136	203424669696	765440	512	4.570892
233507183616	233506270720	912896	512	9.331367
198495138816	198494185984	952832	512	4.004798
86879536640	86878752768	783872	512	9.550924
96289710080	96288717824	992256	512	6.205884
143328808448	143328184832	623616	512	2.062230
240223134208	240222541824	592384	512	6.423887
150361916928	150361251328	665600	512	8.366217
164230613504	164229577216	1036288	512	2.992153
235382192640	235381179904	1012736	512	7.936005
30700127744	30699143680	984064	512	6.965961
107269258240	107268278272	979968	512	6.047906
178256644608	178256106496	538112	512	9.173421
56650144768	56649605632	539136	512	2.303899
154214449664	154213469184	980480	512	3.791987
215312050688	215311208960	841728	512	4.405827
222054736384	222053895680	840704	512	2.556401
97750267392	97749588992	678400	512	9.027202
191176062464	191175448064	614400	512	8.132917
229886947328	229886139392	807936	512	3.017925
13897961984	13897164800	797184	512	8.651217
23660333056	23659787264	545792	512	3.834659
4282622464	4281786368	836096	512	8.512375
127601700352	127601051136	649216	512	9.062353
45455603712	45454639104	964608	512	7.116975
248369836544	248369270272	566272	512	6.360955
153250203136	153249441792	761344	512	7.391587
141847282176	141846490112	792064	512	7.278025
75641075712	75640354816	720896	512	8.721597
155123495424	155122590720	904704	512	5.927447
142044495872	142043680768	815104	512	7.077129
194058382848	194057507328	875520	512	5.155363
247884320256	247883697664	622592	512	5.492216
80329280000	80328735232	544768	512	2.048158
79010189824	79009551360	638464	512	9.485855
15586136576	15585597440	539136	512	2.472065
12001197056	12000494592	702464	512	9.506639
84880472576	84879904768	567808	512	3.233534
79363955200	79363037184	918016	512	7.030185
229287366144	229286501888	864256	512	3.592177
128468713472	128467719680	993792	512	5.716240
6903234560	6902489600	744960	512	9.242196
64224001024	64223362560	638464	512	9.621229
173843562496	173842726912	835584	512	4.828514
107583643136	107582770176	872960	512	7.026685
20473970176	20473386496	583680	512	3.489892
92348838912	92348088320	750592	512	9.731231
220128406016	220127396352	1009664	512	9.182672
4172911104	4172013056	898048	512	8.026889
91292537856	91291502592	1035264	512	5.781849
11546444800	11545813504	631296	512	1.768742
176981470208	176980706304	763904	512	6.670413
52529593344	52529016320	577024	512	3.332294
109437919744	109437360128	559616	512	1.860813
51266440192	51265864192	576000	512	3.347429
97567958528	97567172096	786432	512	8.212072
210374238208	210373377536	860672	512	4.439380
92886255616	92885363200	892416	512	7.094582
246631827968	246630949376	878592	512	9.783949
116995569152	116994720768	848384	512	7.085117
217854245376	217853250560	994816	512	9.354505
28995593216	28994705408	887808	512	7.777947
19205021696	19204235264	786432	512	8.745624
48218341376	48217752576	588800	512	1.855470
180042845184	180042226176	619008	512	8.291554
154300323840	154299483648	840192	512	6.587466
16642862592	16642268672	593920	512	3.421876
2251144704	2250186752	957952	512	7.546320
236613867008	236613052416	814592	512	3.823932
62016488448	62015837184	651264	512	9.520991
72053347328	72052489216	858112	512	7.748938
160009319936	160008379904	940032	512	5.553122
26061207552	26060379648	827904	512	9.764491
226980611584	226979995136	616448	512	6.920134
135541191168	135540627456	563712	512	9.657404
236741617152	236740917760	699392	512	5.399787
131756797952	131755843584	954368	512	5.908707
122375619072	122374982656	636416	512	9.077276
205414909440	205414380032	529408	512	7.134454
106831383552	106830853120	530432	512	1.957897
34836774912	34835941888	833024	512	8.183280
73802011648	73801135616	876032	512	7.404622
128971608576	128970951680	656896	512	8.883132
14519126528	14518529536	596992	512	3.306546
144345991168	144345232384	758784	512	7.624439
175592774656	175592193024	581632	512	8.983612
94190556160	94189577216	978944	512	6.316267
46099152384	46098351616	800768	512	8.498724
76961318912	76960423424	895488	512	8.610770
152820735488	152820033024	702464	512	9.338287
229491871744	229490998272	873472	512	3.499053
209297091584	209296309760	781824	512	5.453068
226936061440	226935440384	621056	512	6.844602
160334394880	160333515776	879104	512	5.988002
231968391680	231967363584	1028096	512	9.111977
153940520960	153939817472	703488	512	7.991358
17367075840	17366059520	1016320	512	6.861029
200534984192	200534233600	750592	512	6.357965
161363635200	161362946048	689152	512	7.917694
239468907520	239468046848	860672	512	2.408747
176492311040	176491769856	541184	512	9.336734
68389572096	68388960256	611840	512	9.874630
138600058368	138599513600	544768	512	1.938364
104554642944	104554012160	630784	512	9.258460
133269606400	133268804608	801792	512	7.368824
178240097792	178239208448	889344	512	5.273127
175153456640	175152697344	759296	512	7.047420
186115533312	186114961920	571392	512	8.809952
232794637312	232793856000	781312	512	4.354798
171171734528	171171167744	566784	512	9.094637
128840250880	128839410688	840192	512	7.140034
145981713408	145980998656	714752	512	7.997055
244912902144	244912126464	775680	512	2.371241
72166748672	72166154240	594432	512	3.133379
5244657152	5243966976	690176	512	2.787863
125106939392	125105976832	962560	512	6.031498
126255223808	126254275072	948736	512	6.125310
193542625280	193541882368	742912	512	6.661094
172699024896	172698158592	866304	512	5.862682
13950727680	13949772800	954880	512	7.357443
120023215616	120022407680	807936	512	7.467015
69774595072	69773550080	1044992	512	6.136935
158650234368	158649227264	1007104	512	3.548818
38083903488	38083311104	592384	512	1.961255
201276842496	201275931136	911360	512	4.486471
221387663360	221386784768	878592	512	3.934810
103488422912	103487538688	884224	512	6.837624
58132217856	58131391488	826368	512	8.134991
239664933888	239663904768	1029120	512	8.192557
203503916032	203502984704	931328	512	2.562665
500238848	499446784	792064	512	8.891193
231962466304	231961694720	771584	512	4.426783
59859881472	59859080704	800768	512	8.364012
46732482560	46731770880	711680	512	9.219640
185773770240	185772744192	1026048	512	2.471091
84627817984	84627094528	723456	512	8.736500
15803745792	15802962432	783360	512	8.766425
176812954624	176812308480	646144	512	9.386663
166878600192	166877899776	700416	512	7.845175
228651920896	228650945024	975872	512	2.120475
78025619456	78024609280	1010176	512	6.216925
163490661888	163490025984	635904	512	8.572895
232391665664	232390899200	766464	512	3.040839
19167734784	19166827520	907264	512	7.771689
144778526720	144777799680	727040	512	7.989763
44447756288	44446911488	844800	512	8.120634
186777037824	186776174592	863232	512	5.605235
12541207040	12540263936	943104	512	7.462489
68550245888	68549623808	622080	512	2.906102
38704665088	38703883776	781312	512	8.581225
108522268672	108521638400	630272	512	9.236746
210968670208	210968077824	592384	512	7.785067
6189020672	6188292096	728576	512	9.361000
49220463104	49219722752	740352	512	8.855687
100997741056	100997115904	625152	512	2.607874
25777665024	25776729600	935424	512	7.501615
207892669440	207891722240	947200	512	2.329633
122280442880	122279556608	886272	512	6.754136
103666156544	103665538560	617984	512	2.494510
108288798720	108287841280	957440	512	6.329415
36192299520	36191380992	918528	512	7.525972
230055035904	230054308864	727040	512	5.077787
139966776832	139965873152	903680	512	6.378393
197366211584	197365651968	559616	512	8.608340
140249458688	140248521728	936960	512	6.027474
50786648576	50785959936	688640	512	2.427368
13636091904	13635363328	728576	512	7.764021
69616545792	69615590912	954880	512	6.921189
199065157120	199064383488	773632	512	6.088495
183623408128	183622603776	804352	512	6.333940
36171788800	36170876416	912384	512	7.551765
62299738624	62298874368	864256	512	7.666917
225955383808	225954791936	591872	512	7.273550
226631428096	226630845952	582144	512	7.374625
223246793216	223246223360	569856	512	7.532246
38340865024	38339888128	976896	512	7.007987
221085675008	221085119488	555520	512	8.116550
145000205824	144999626752	579072	512	2.494448
238433262080	238432217600	1044480	512	7.915643
24597528064	24596727296	800768	512	8.645113
16043018752	16042190336	828416	512	8.377780
45914344448	45913647616	696832	512	2.467617
94630014976	94629087744	927232	512	6.757593
204143609856	204142847488	762368	512	5.987799
194383576576	194382919680	656896	512	7.612094
52338704384	52337736192	968192	512	6.925140
87452557312	87451913216	644096	512	2.475314
2950203392	2949309952	893440	512	8.054344
150344534016	150343804416	729600	512	7.735123
249900486144	249899584000	902144	512	8.036441
226996774400	226995759616	1014784	512	8.498723
57546825728	57546253312	572416	512	3.384317
153848711680	153847895040	816640	512	6.816511
116503966208	116503042048	924160	512	6.351810
175701812224	175700789248	1022976	512	4.193038
230269751296	230268740096	1011200	512	7.984028
89866052608	89865363968	688640	512	8.884632
192088919552	192088245760	673792	512	7.441438
20590795264	20590224384	570880	512	3.581266
65266743296	65266204160	539136	512	3.600042
132176164352	132175392768	771584	512	7.650325
137294905344	137294327808	577536	512	9.606263
173313787392	173312786432	1000960	512	4.452217
65974113792	65973352960	760832	512	7.136684
149347368448	149346531840	836608	512	6.821602
62456146432	62455609856	536576	512	3.612072
91963492864	91962587648	905216	512	6.940452
8412556288	8412025856	530432	512	9.515036
175822142976	175821489152	653824	512	8.114777
215743966208	215743120384	845824	512	3.056079
67321939456	67320968192	971264	512	6.762366
57483475456	57482808832	666624	512	9.462741
158611355136	158610705920	649216	512	8.543308
76116010496	76115258880	751616	512	8.528759
158043544064	158042836480	707584	512	7.941229
148308443136	148307633664	809472	512	7.111150
9037562880	9036968960	593920	512	2.170671
10028726272	10028045824	680448	512	9.614734
124905424384	124904752640	671744	512	8.759389
1666309120	1665580544	728576	512	9.360379
215798082560	215797038592	1043968	512	8.788226
227142066176	227141271040	795136	512	4.529622
98506483712	98505587712	896000	512	7.065496
96316534784	96315814912	719872	512	1.752604
207737350656	207736497152	853504	512	3.524914
89270263808	89269527552	736256	512	8.489794
157406478848	157405458944	1019904	512	4.758016
30293826560	30293010944	815616	512	8.365650
83657064448	83656222720	841728	512	9.051758
86980777984	86980110336	667648	512	9.225701
34591265280	34590320128	945152	512	7.307050
219858714624	219858058752	655872	512	6.786100
99328125952	99327478784	647168	512	9.446866
133014013440	133013130240	883200	512	6.495767
91958328320	91957361152	967168	512	5.048275
106005797376	106005131776	665600	512	8.926370
138742436352	138741477376	958976	512	5.876667
128932613632	128931983360	630272	512	9.173991
223329623040	223328898048	724992	512	5.466433
67995799040	67994920448	878592	512	7.543878
51104460288	51103830528	629760	512	8.125225
235841227776	235840631296	596480	512	6.842187
225201132544	225200487936	644608	512	6.515004
76524754432	76524213760	540672	512	2.107238
101212529152	101211788288	740864	512	8.477723
107141210112	107140526592	683520	512	8.807127
201843672064	201843044352	627712	512	7.592367
109627889664	109626893824	995840	512	5.862233
157546908672	157546370048	538624	512	9.644454
212559269376	212558344704	924672	512	2.316747
220871961088	220871253504	707584	512	6.143387
67485888512	67485316608	571904	512	3.318545
136506880	135926272	580608	512	3.648589
245748740608	245747913216	827392	512	2.291966
183268616704	183267962880	653824	512	7.926046
191854428672	191853553152	875520	512	5.185976
182716967424	182716199424	768000	512	6.672223
188233829888	188232880128	949760	512	4.327033
215236165120	215235533312	631808	512	7.319668
157622340096	157621580800	759296	512	7.431461
194967353856	194966744576	609280	512	8.258061
88214880768	88214211584	669184	512	9.116240
213664877568	213664204800	672768	512	6.819071
466110464	465198592	911872	512	7.956209
8810939392	8810408448	530944	512	2.672826
145558916096	145558374400	541696	512	2.876855
25651753472	25651205632	547840	512	2.399412
150953164800	150952586240	578560	512	9.230674
82393531392	82392835584	695808	512	9.003031
186246762496	186246030336	732160	512	7.052797
18426646016	18425700352	945664	512	7.441677
245152558592	245151585792	972800	512	7.701934
236602678272	236601671680	1006592	512	8.115088
54025013760	54024134144	879616	512	7.672877
224960717312	224960129536	587776	512	7.241708
134291338240	134290391040	947200	512	5.966377
181188062208	181187090944	971264	512	4.403347
48264329728	48263575040	754688	512	8.680890
203491724800	203490775552	949248	512	3.740174
221583372288	221582837248	535040	512	7.982895
132701090816	132700467712	623104	512	9.089019
4449338368	4448554496	783872	512	8.860873
54196129792	54195247616	882176	512	7.573544
159085700608	159084752384	948224	512	4.142704
27206324736	27205412864	911872	512	7.630610
91033674752	91032675840	998912	512	6.178286
249237604864	249236660224	944640	512	8.822885
139766551040	139765511680	1039360	512	5.059487
83466528768	83465838080	690688	512	9.049579
225821547520	225820769280	778240	512	4.759916
227897736192	227896960512	775680	512	4.843019
98122126848	98121546240	580608	512	3.007058
168429991424	168429081600	909824	512	5.635003
85260766208	85260087296	678912	512	9.115783
236489098752	236488559616	539136	512	7.631131
33234636800	33233591808	1044992	512	6.419815
4845763584	4844816896	946688	512	7.650495
220981826560	220980962816	863744	512	4.113984
30131594752	30131064320	530432	512	2.460608
13341893632	13340869120	1024512	512	6.809627
138866817024	138865851392	965632	512	5.784592
88284049920	88283338752	711168	512	8.714637
53423513600	53422600704	912896	512	7.383189
221345295872	221344744960	550912	512	8.133574
16696626176	16695627264	998912	512	7.046770
88454449152	88453802496	646656	512	2.342540
114314644992	114313974272	670720	512	8.885617
134899077120	134898238976	838144	512	6.991771
163903559680	163903004672	555008	512	9.375918
118010066432	118009363456	702976	512	9.825509
246004758016	246004003840	754176	512	2.094178
33732749312	33731880448	868864	512	7.900940
4693383680	4692406272	977408	512	7.435320
7169366528	7168322048	1044480	512	6.867195
166417946112	166417011712	934400	512	5.333349
190204361216	190203553280	807936	512	4.567594
240183219712	240182231040	988672	512	7.500135
242793788928	242792741376	1047552	512	6.547131
235719977984	235719258624	719360	512	3.781296
102996754944	102996198912	556032	512	3.067690
47059142656	47058390528	752128	512	8.763008
238186678784	238185670656	1008128	512	7.042239
223961946624	223961280512	666112	512	6.241130
184938103296	184937562624	540672	512	9.185040
84519137792	84518181888	955904	512	6.707211
202137097728	202136400896	696832	512	6.754653
236073148416	236072340992	807424	512	3.950276
149406423552	149405892608	530944	512	2.985695
50804060672	50803082752	977920	512	6.755116
101605505536	101604966912	538624	512	3.447948
3076594688	3075811328	783360	512	8.910722
43579951104	43579128320	822784	512	9.606470
88822483968	88821896192	587776	512	1.918664
10833081344	10832382976	698368	512	2.577598
138988818432	138988061696	756736	512	7.811040
93760630272	93759968768	661504	512	9.160619
57974651904	57973784064	867840	512	7.847723
193557923328	193557108224	815104	512	5.866557
19212680192	19211787776	892416	512	7.894114
34223533056	34222796288	736768	512	2.149295
166233097216	166232294912	802304	512	6.778926
74743500800	74742841344	659456	512	9.301386
26125934592	26125366784	567808	512	3.627295
202666934784	202665986048	948736	512	3.697349
98811970048	98811022848	947200	512	6.595276
86659510272	86658852352	657920	512	9.292658
22131440128	22130445824	994304	512	5.634591
112096767488	112096091648	675840	512	8.836881
174852052992	174851372032	680960	512	7.859099
113753393664	113752419840	973824	512	6.075163
221562727936	221562095104	632832	512	6.700574
194815889920	194815153152	736768	512	6.669608
103007586304	103007026176	560128	512	3.028343
45328636416	45327913984	722432	512	9.131289
189354457088	189353630720	826368	512	5.715045
149640400384	149639367168	1033216	512	4.877702
26773376000	26772627456	748544	512	2.151517
180035502080	180034779136	722944	512	7.034967
157611186176	157610495488	690688	512	8.109001
58810368512	58809688064	680448	512	2.463669
147080415744	147079398912	1016832	512	3.675994
219952062464	219951185408	877056	512	2.622090
141061050880	141060137984	912896	512	6.281960
248641162240	248640401920	760320	512	3.367008
69558615552	69557741568	873984	512	7.615263
212825019904	212824326144	693760	512	6.562834
34302247424	34301244928	1002496	512	6.804809
25948573184	25947661312	911872	512	7.707828
59208722944	59207846400	876544	512	7.674262
181637448704	181636850176	598528	512	8.534045
47534344704	47533484032	860672	512	7.822325
46734813184	46734169600	643584	512	2.908620
51280113152	51279580160	532992	512	3.717633
211567847936	211567092736	755200	512	5.806827
132135037440	132134124032	913408	512	6.292341
130458802688	130458159104	643584	512	8.873518
161078225408	161077431296	794112	512	6.938593
78288193536	78287258624	934912	512	6.867902
228815314944	228814776320	538624	512	9.298185
123885322752	123884639744	683008	512	8.679380
32777894912	32776858624	1036288	512	6.498472
176468515840	176467476992	1038848	512	2.674422
143308754432	143307806208	948224	512	5.735636
190217314816	190216389632	925184	512	3.188168
37648598528	37647960576	637952	512	1.904345
148777617408	148777041920	575488	512	9.421647
117273179136	117272314880	864256	512	7.005200
156001319424	156000440832	878592	512	6.197616
167127328768	167126517760	811008	512	6.733700
87648504832	87647747584	757248	512	8.446658
163830624768	163830043136	581632	512	9.091328
76132649472	76131811328	838144	512	7.751743
209260569088	209259766784	802304	512	5.245948
147116492288	147115792896	699392	512	8.165148
61762496000	61761707008	788992	512	8.380230
148114796544	148114221568	574976	512	9.452338
183620981248	183619943936	1037312	512	2.273757
72485591040	72484893696	697344	512	9.149716
217467032576	217466169344	863232	512	2.794404
195383242240	195382203392	1038848	512	3.014015
219769297408	219768403968	893440	512	3.719860
52223959552	52222914048	1045504	512	6.270243
221809694720	221808726528	968192	512	9.091075
37515371520	37514419712	951808	512	7.212599
139831081472	139830415872	665600	512	8.692993
105708348416	105707620352	728064	512	8.371879
21768065536	21767322112	743424	512	2.201536
48761270784	48760530944	739840	512	1.973516
183367372800	183366461952	910848	512	5.085904
95368027648	95367200768	826880	512	7.655990
169500968448	169500353536	614912	512	1.690795
190547621376	190547054080	567296	512	8.683304
77855145984	77854532096	613888	512	9.698998
24198114816	24197133824	980992	512	7.169318
127253131264	127252384256	747008	512	8.043693
130440770560	130440173056	597504	512	2.467229
13526582784	13525596160	986624	512	7.122167
50344678912	50343848960	829952	512	8.090550
159014228480	159013187584	1040896	512	3.192012
221589587456	221588855296	732160	512	5.364363
97609704448	97609084416	620032	512	9.521259
51166811648	51166142976	668672	512	9.476215
152002546688	152001672192	874496	512	6.255522
219970081280	219969077248	1004032	512	9.250919
66500966400	66500108800	857600	512	7.731843
198282144768	198281221632	923136	512	4.372756
2430819328	2429884416	934912	512	7.738877
54634066944	54633144832	922112	512	7.323146
230276793856	230276109824	684032	512	5.631132
121689889792	121689180672	709120	512	9.645108
58097075200	58096474624	600576	512	3.182654
87703482368	87702832640	649728	512	9.410704
164574628352	164573972480	655872	512	8.283233
241912095232	241911380992	714240	512	3.222324
172451808256	172450855936	952320	512	4.961865
22104482304	22103607296	875008	512	8.060367
58348799488	58347862528	936960	512	7.212004
141575331328	141574490624	840704	512	6.821386
186910415872	186909834752	581120	512	1.831244
79570438656	79569594368	844288	512	7.694673
217896081408	217895176192	905216	512	3.674161
207227040768	207226444800	595968	512	7.967200
240116976128	240116276224	699904	512	3.417148
92108622848	92107638784	984064	512	6.299977
199635272704	199634418176	854528	512	5.138767
154342891520	154341960192	931328	512	5.731574
106657985024	106657430528	554496	512	3.113756
51904635904	51903964672	671232	512	9.490199
51864421888	51863472128	949760	512	7.070876
19695600640	19695032320	568320	512	8.868852
34144399360	34143828480	570880	512	2.144567
232000148480	231999554560	593920	512	6.901326
86016933376	86016102912	830464	512	7.818370
145564794880	145563944448	850432	512	6.710635
175306720256	175305938432	781824	512	6.783219
28029032960	28028248064	784896	512	8.550624
247645786112	247645126656	659456	512	4.906523
228848603648	228847841280	762368	512	4.965823
189060985344	189060026880	958464	512	4.219237
238466161152	238465276928	884224	512	2.068453
62074189824	62073195008	994816	512	6.570308
192052764160	192052035072	729088	512	6.849840
137517241856	137516239872	1001984	512	4.066039
119562571776	119561909760	662016	512	8.834628
228732516352	228731827200	689152	512	5.980354
223520169984	223519123456	1046528	512	6.467251
68395512320	68394960384	551936	512	2.103662
122045455872	122044649472	806400	512	7.466578
207847215104	207846653440	561664	512	9.768300
74051508736	74050678784	829952	512	7.802042
219501135360	219500314624	820736	512	3.323950
125042647552	125041690624	956928	512	4.672736
27599593472	27598817280	776192	512	8.607883
73322473984	73321576448	897536	512	7.399293
236320305152	236319512064	793088	512	2.758654
162820562944	162819678208	884736	512	5.787475
206659282432	206658309632	972800	512	2.091983
73152803328	73151782400	1020928	512	6.347640
205348418048	205347524096	893952	512	4.382552
153107846144	153106961920	884224	512	6.073653
128630899712	128629978112	921600	512	6.384577
150992720384	150991881216	839168	512	6.602703
116328983552	116328350208	633344	512	9.117640
33979604992	33978616832	988160	512	6.927259
48704084480	48703035904	1048576	512	6.282695
167605332480	167604423168	909312	512	5.688821
71146896896	71145936896	960000	512	6.885661
189551084032	189550247936	836096	512	4.172418
44422187008	44421455360	731648	512	2.174965
122873346560	122872344064	1002496	512	5.581910
136749688320	136749091840	596480	512	2.452155
22810811904	22810088448	723456	512	9.233189
23323659264	23323132416	526848	512	9.235689
48857718784	48856961536	757248	512	8.730658
6996330496	6995443712	886784	512	8.110856
153330659328	153329845760	813568	512	6.908515
217656395776	217655796736	599040	512	7.510609
143139380736	143138649088	731648	512	7.909431
155184160768	155183477248	683520	512	8.251914
25852426752	25851680768	745984	512	2.166779
16455261184	16454411776	849408	512	9.498322
194563568640	194562741248	827392	512	5.703353
104474914304	104474238976	675328	512	2.239727
45112425472	45111872000	553472	512	2.296956
198601918464	198601262592	655872	512	7.546110
66715435008	66714883072	551936	512	2.200132
101432768000	101431874048	893952	512	7.145547
80603288576	80602626048	662528	512	9.315775
127087495680	127086789632	706048	512	8.472392
236768282112	236767294464	987648	512	8.307000
72383034368	72382316544	717824	512	8.925601
5164213248	5163238912	974336	512	7.486085
109893764096	109892862464	901632	512	6.750988
39924138496	39923544576	593920	512	1.931280
94509746688	94509043200	703488	512	8.793303
190318726144	190317859840	866304	512	5.285998
42906179072	42905427968	751104	512	8.903140
240247600128	240246754816	845312	512	2.654684
134565656576	134564772864	883712	512	6.543708
71170460672	71169434112	1026560	512	6.298300
174954561024	174953880576	680448	512	7.861662
137113395200	137112668672	726528	512	8.082415
179184016384	179183248896	767488	512	6.665186
18563408384	18562837504	570880	512	3.654316
46588125184	46587271168	854016	512	8.056951
83296158208	83295495680	662528	512	2.406553
144902780928	144902131712	649216	512	8.686544
249297096704	249296123392	973312	512	6.954940
199580186624	199579537920	648704	512	7.542456
140322479104	140321529856	949248	512	5.967581
37610777600	37610084864	692736	512	9.220169
232845956608	232845393920	562688	512	7.298249
161026656256	161026034688	621568	512	1.807791
235871211008	235870377984	833024	512	2.210131
23480948736	23480017920	930816	512	7.547481
128092853248	128092170752	682496	512	8.668416
24745332224	24744788992	543232	512	2.464074
19597358592	19596488704	869888	512	8.075135
53982476800	53981473280	1003520	512	6.593370
243260221440	243259641856	579584	512	6.572912
104644660736	104643689472	971264	512	6.129193
33370019840	33369057280	962560	512	7.126661
100435596800	100435046912	549888	512	3.273919
70476542976	70475994624	548352	512	2.132645
214477726720	214476837376	889344	512	4.103946
175237345280	175236464128	881152	512	5.715500
75374462976	75373680640	782336	512	8.236361
146372081664	146371329024	752640	512	7.694549
244229926912	244229072384	854528	512	9.384447
128189816832	128189027328	789504	512	7.650186
245366894592	245366209536	685056	512	3.168152
45509448704	45508878848	569856	512	2.155036
61885847040	61885209088	637952	512	9.662606
178062706176	178061723136	983040	512	4.260555
194595901952	194595217408	684544	512	7.347242
141646956032	141646398464	557568	512	9.642958
64849719808	64848793088	926720	512	7.153301
228461536256	228460828672	707584	512	5.719097
138649979392	138649035776	943616	512	5.989425
120035684352	120034936320	748032	512	7.863718
191520613888	191520038912	574976	512	8.568717
209042627072	209041844736	782336	512	5.426854
144363141632	144362300928	840704	512	6.818569
79873143296	79872100352	1042944	512	5.892782
106108187136	106107523072	664064	512	8.956606
35651938304	35651091456	846848	512	8.091514
59065901568	59065099776	801792	512	8.361177
219309140992	219308320768	820224	512	3.327309
54338328064	54337757696	570368	512	3.418137
50078256640	50077715968	540672	512	2.302562
140552814592	140551824896	989696	512	4.200943
116528708608	116527679488	1029120	512	4.000341
30792167424	30791577600	589824	512	1.981652
216597907968	216596962304	945664	512	3.098137
166882776576	166881862656	913920	512	4.259773
157263201280	157262415360	785920	512	7.160328
224260817408	224260062720	754688	512	3.718529
12218736128	12218083840	652288	512	1.926251
211926615040	211925746176	868864	512	3.026801
57475630080	57474982912	647168	512	9.679173
41795881984	41795308544	573440	512	3.498363
147374344704	147373471744	872960	512	6.535480
165597415936	165596397056	1018880	512	4.497642
20726602752	20725825536	777216	512	8.805560
105831247360	105830644224	603136	512	2.643155
181211409408	181210685952	723456	512	7.136301
187926021632	187925150208	871424	512	5.218736
164570802688	164569857024	945664	512	5.279496
155544102400	155543356416	745984	512	7.529066
182478210560	182477319168	891392	512	5.290826
184191130624	184190408192	722432	512	7.179570
184113074688	184112281600	793088	512	6.381464
213560989184	213559954944	1034240	512	2.367814
141242735104	141241718784	1016320	512	5.101320
183767418880	183766552576	866304	512	4.241889
98752089600	98751213568	876032	512	7.252382
7993228800	7992252416	976384	512	7.423440
193248903680	193248034816	868864	512	5.235875
44027169280	44026488832	680448	512	2.569821
49912349696	49911384064	965632	512	6.942386
186057457152	186056851456	605696	512	8.444443
230582379520	230581504512	875008	512	9.889847
70132622848	70132031488	591360	512	3.172760
148092006400	148091174912	831488	512	6.906862
5554263040	5553391616	871424	512	8.238938
97878277120	97877733376	543744	512	1.968680
156867491840	156866729472	762368	512	7.404353
131037558272	131036657664	900608	512	6.415697
77861757440	77860998656	758784	512	8.452293
196916718592	196915893760	824832	512	5.511338
27060486656	27059522560	964096	512	7.096947
23837520384	23836970496	549888	512	2.447976
205927270400	205926446080	824320	512	5.239081
189005730816	189004897280	833536	512	5.637546
141984842752	141984006656	836096	512	6.866440
200222532608	200221671424	861184	512	5.088851
92107236352	92106266112	970240	512	6.380640
11934675456	11933679104	996352	512	7.028732
218948221952	218947417088	804864	512	4.946761
162475307008	162474489344	817664	512	6.611921
169876552192	169875585536	966656	512	4.825164
249704065536	249703244288	821248	512	9.303124
197515783168	197515142656	640512	512	7.653316
135822995968	135822018560	977408	512	5.672934
59820197376	59819219968	977408	512	6.858729
195697162240	195696428032	734208	512	6.566229
137709917184	137708886016	1031168	512	3.779683
155358465024	155357747712	717312	512	7.868348
119391250944	119390608896	642048	512	2.156567
138479909888	138479010816	899072	512	6.423929
239783105536	239782144512	961024	512	7.838736
78535703552	78534977536	726016	512	1.841188
33055228928	33054187008	1041920	512	6.501931
21992364544	21991802368	562176	512	3.690575
140011497984	140010772992	724992	512	8.109673
15752824320	15752051200	773120	512	8.767322
73478699008	73477668352	1030656	512	4.998069
210784570880	210784027648	543232	512	9.763984
41048529408	41047517696	1011712	512	6.741972
124096742912	124095719424	1023488	512	5.438704
13355983360	13355211776	771584	512	1.958628
60592740864	60592128512	612352	512	1.927212
195103473664	195102537728	935936	512	2.817144
28572139008	28571153920	985088	512	6.954304
84112376832	84111424000	952832	512	6.740293
46778998272	46778195968	802304	512	8.476714
240443833344	240443302400	530944	512	7.298153
126335216640	126334263296	953344	512	3.112305
147459841024	147458889216	951808	512	4.311777
104996215296	104995462144	753152	512	8.134511
158820471296	158819463168	1008128	512	4.890987
84793226240	84792528384	697856	512	8.988027
216599694336	216599154688	539648	512	8.229818
202082339840	202081449472	890368	512	4.375344
58918575616	58917616128	959488	512	6.989734
225257435648	225256790016	645632	512	6.562973
199962228224	199961431040	797184	512	5.841297
130260702720	130259718144	984576	512	5.818168
232983044608	232982496256	548352	512	7.537885
57548859392	57548292608	566784	512	3.445022
230786372608	230785532928	839680	512	2.106569
182494189568	182493383168	806400	512	6.213107
220977167872	220976311808	856064	512	4.240707
102802420736	102801532928	887808	512	6.864233
196276915200	196275952640	962560	512	3.833455
50004242432	50003329024	913408	512	7.365059
82358874112	82358137856	736256	512	8.640506
145233484288	145232892416	591872	512	9.275853
227977370112	227976696832	673280	512	6.137855
188950609920	188950059008	550912	512	1.984499
104606276096	104605399552	876544	512	6.983270
14514148864	14513518592	630272	512	1.728442
11727077376	11726547456	529920	512	2.573314
41808726016	41807924736	801280	512	8.449068
105342966784	105342312448	654336	512	9.051073
2565818880	2564914688	904192	512	7.989460
224910966272	224910269952	696320	512	5.877729
42276915200	42276004352	910848	512	7.604714
248649438720	248648418816	1019904	512	6.183307
59822487040	59821957632	529408	512	3.756139
210084631552	210083689472	942080	512	3.450313
42738745344	42737702912	1042432	512	6.494334
218363028992	218362464256	564736	512	7.966301
84030068736	84029482496	586240	512	3.063928
114540396544	114539488768	907776	512	6.807773
184560430592	184559593984	836608	512	5.866322
141544763392	141544000512	762880	512	8.940144
123827499520	123826784256	715264	512	1.849641
197964293120	197963405312	887808	512	3.417693
161415885824	161415166976	718848	512	7.660727
7265636352	7265037824	598528	512	3.526049
198764626944	198763678208	948736	512	4.066250
25092988928	25092336128	652800	512	1.945569
77077328384	77076475392	852992	512	7.609906
198528402944	198527774208	628736	512	7.751401
160457575936	160456649216	926720	512	5.483263
104922870784	104921979904	890880	512	6.863382
86251849216	86251232256	616960	512	9.696629
207572669952	207571783168	886784	512	4.486823
62314630656	62314080768	549888	512	2.111074
161839169024	161838189056	979968	512	4.989322
196863890432	196863323648	566784	512	8.459461
245830704128	245829955072	749056	512	3.531387
115272721920	115271821312	900608	512	6.693997
238369972224	238369413120	559104	512	6.863546
233106036736	233105300480	736256	512	3.561072
42906638848	42905995776	643072	512	2.905841
87322121728	87321421312	700416	512	8.929561
72387656192	72386815488	840704	512	7.886040
183579316736	183578420736	896000	512	5.231155
153430814720	153429952512	862208	512	6.363595
158826905088	158826136064	769024	512	7.321105
91047217664	91046408192	809472	512	6.234222
160276137472	160275321856	815616	512	6.656974
165607095296	165606441984	653312	512	8.331240
218056113152	218055106048	1007104	512	9.203714
215917941760	215916920320	1021440	512	8.970353
49510682624	49509891584	791040	512	9.802462
191309488128	191308914176	573952	512	8.597588
106491556352	106490763264	793088	512	7.751734
44723614720	44722759680	855040	512	8.086148
243208614400	243208022016	592384	512	6.391520
88158796800	88158140416	656384	512	9.363960
90248404992	90247590400	814592	512	7.821024
151747382272	151746646528	735744	512	7.609129
150508268544	150507360768	907776	512	5.894271
122613469184	122612535296	933888	512	6.353107
71492781568	71492200960	580608	512	1.873383
169668712960	169667885056	827904	512	6.292833
87438933504	87437949440	984064	512	6.411686
123482110464	123481196544	913920	512	6.490908
129714061824	129713021440	1040384	512	5.300642
226907857408	226907217920	639488	512	6.614818
86698878464	86698287616	590848	512	3.003836
144304307712	144303284224	1023488	512	5.012852
33472787968	33471739904	1048064	512	6.409039
110917058560	110916068864	989696	512	5.959101
185719727616	185718786048	941568	512	4.740436
110543345664	110542575104	770560	512	7.976699
65014137344	65013500928	636416	512	9.644910
202162140672	202161540096	600576	512	7.974246
159066480128	159065459712	1020416	512	4.780891
46861510656	46860929536	581120	512	2.041741
3269051904	3268166144	885760	512	8.054813
110018519552	110017703936	815616	512	7.553606
155995245568	155994648576	596992	512	2.169278
51122139648	51121389056	750592	512	8.780178
133902581760	133901669376	912384	512	6.279511
208635184640	208634434048	750592	512	5.837427
116316361216	116315476480	884736	512	6.685082
179696366080	179695579136	786944	512	6.441912
145277358592	145276348416	1010176	512	5.277802
40575706112	40575006208	699904	512	9.321312
131393605632	131392738304	867328	512	6.740220
168052918784	168052195840	722944	512	7.480481
92109814784	92109125632	689152	512	8.907520
136067855872	136066897408	958464	512	5.863530
52078364160	52077393408	970752	512	6.878874
203533179392	203532325888	853504	512	4.892042
32812228096	32811461120	766976	512	8.776358
97576501760	97575598080	903680	512	7.044047
242435027968	242434323968	704000	512	3.368015
190320984064	190320034304	949760	512	4.328228
126499010048	126498125824	884224	512	6.760098
176344679424	176343848448	830976	512	6.264112
166043777024	166043153920	623104	512	1.733852
99577912832	99576999936	912896	512	6.888237
171059324928	171058776576	548352	512	9.292418
137069182464	137068147712	1034752	512	3.670207
124490748928	124489987072	761856	512	9.285401
220519453696	220518546944	906752	512	3.617156
165380754944	165379781632	973312	512	4.989067
77489737728	77488845312	892416	512	7.231678
208831039488	208830017536	1021952	512	9.365315
157184688640	157183724544	964096	512	5.342424
163094326784	163093709312	617472	512	8.756045
19863968256	19863268864	699392	512	9.467917
47970374144	47969463296	910848	512	7.415999
86660073472	86659348480	724992	512	8.802768
39839237120	39838542848	694272	512	2.491648
91479079424	91478067712	1011712	512	6.021805
233723901440	233723045888	855552	512	3.269835
215910450176	215909704704	745472	512	5.562234
141092828160	141092248064	580096	512	9.393640
234630173184	234629489664	683520	512	5.651940
199635693568	199635067392	626176	512	7.834920
21141846016	21141048832	797184	512	8.680766
209968052736	209967350272	702464	512	6.366611
234766656000	234766121984	534016	512	7.777486
114100207616	114099165696	1041920	512	4.075447
126693523968	126692873216	650752	512	2.044919
233986635264	233985804800	830464	512	2.301663
193300195840	193299469824	726016	512	6.855169
46986103296	46985146880	956416	512	7.157684
44827715072	44827115008	600064	512	3.269830
37753670656	37752934912	735744	512	8.945778
19944269824	19943238656	1031168	512	6.861459
167485737472	167485204480	532992	512	2.698119
234297073664	234296525824	547840	512	7.544534
23878080512	23877367808	712704	512	9.308785
143961079296	143960121856	957440	512	2.874058
239385281024	239384296960	984064	512	7.373044
34330653184	34329864704	788480	512	8.597324
72106343424	72105549312	794112	512	9.655870
103134481408	103133550592	930816	512	6.494866
248788447744	248787416064	1031680	512	6.024302
49044093952	49043262976	830976	512	8.092119
14487877120	14487126528	750592	512	9.101282
6946222080	6945500160	721920	512	2.542894
236638787584	236638210048	577536	512	7.111615
39604771840	39603933696	838144	512	9.543596
83569388032	83568772608	615424	512	9.688768
102944256	102318080	626176	512	3.281856
157011998720	157011164160	834560	512	6.611206
163818607616	163818025984	581632	512	2.185517
213315646464	213314963456	683008	512	6.656881
225590665728	225590120960	544768	512	7.861595
197943684608	197942767104	917504	512	4.407291
186652959744	186651948544	1011200	512	2.583447
71249327616	71248734720	592896	512	1.778007
157039586816	157038683136	903680	512	5.942464
201061497856	201060507648	990208	512	2.174977
148341877760	148340897792	979968	512	5.510069
206295002624	206293969408	1033216	512	2.740786
173914468352	173913780736	687616	512	7.792837
139254267904	139253575168	692736	512	8.461434
39837019136	39836366848	652288	512	9.705203
102297354240	102296758784	595456	512	2.719607
19094948864	19094234112	714752	512	9.362100
42223655936	42223074304	581632	512	3.405469
133984133632	133983155712	977920	512	5.634426
220631418880	220630534144	884736	512	3.854163
203585904128	203585016320	887808	512	4.467306
195309547520	195308857856	689664	512	7.070006
30428418048	30427476992	941056	512	7.298271
50264786944	50264032768	754176	512	8.740478
149063460864	149062746112	714752	512	7.931199
158006426624	158005508096	918528	512	5.787332
31063151616	31062577152	574464	512	2.117491
52172086784	52171194880	891904	512	7.566472
215556360192	215555607040	753152	512	5.583498
191489155072	191488247296	907776	512	4.827559
212298576384	212297616384	960000	512	1.858939
13775531520	13774593536	937984	512	8.871994
119805805056	119804900864	904192	512	6.528930
151915837952	151915016192	821760	512	6.761065
129677149696	129676330496	819200	512	7.425966
213953713152	213952788480	924672	512	3.664444
167981986304	167981441024	545280	512	9.446563
179303140352	179302578688	561664	512	8.914328
245285818880	245284847616	971264	512	6.966414
75874054656	75873038848	1015808	512	6.154207
60550666240	60550039552	626688	512	2.949933
208399824384	208398877696	946688	512	2.030657
9125729792	9125067264	662528	512	1.917836
225203529728	225202940928	588800	512	7.301753
128740407296	128739881472	525824	512	1.834321
176662214144	176661252608	961536	512	4.892668
241638764544	241638052352	712192	512	4.560687
102744314880	102743327232	987648	512	5.974514
82992729600	82991798272	931328	512	6.900457
196055437312	196054798848	638464	512	7.719434
189758210560	189757319168	891392	512	3.611059
44883302400	44882368512	933888	512	7.252896
15290342400	15289515520	826880	512	8.334985
231292420096	231291492352	927744	512	2.333237
187508706304	187508129280	577024	512	8.555418
144771363840	144770772480	591360	512	9.259590
238815552000	238814651392	900608	512	8.723340
246670091776	246669147136	944640	512	7.390618
247221800448	247220818432	982016	512	6.774696
143429289984	143428248576	1041408	512	4.930160
20021166080	20020636160	529920	512	3.926648
200350721536	200350130688	590848	512	8.253802
184855816192	184854857728	958464	512	9.793751
164524683776	164523677184	1006592	512	4.690813
27142706176	27141778432	927744	512	7.442478
212507139072	212506321920	817152	512	5.008832
228815181824	228814510592	671232	512	6.162694
164001911808	164001261568	650240	512	9.740780
36405092352	36404538880	553472	512	3.656660
223858485760	223857616384	869376	512	2.170485
171080589312	171080043520	545792	512	9.314814
242084343296	242083551744	791552	512	1.967517
173575586816	173574836224	750592	512	7.087725
105298939904	105297897472	1042432	512	5.430800
185655082496	185654467584	614912	512	8.323346
152995528704	152994851840	676864	512	8.244908
185738641408	185738006528	634880	512	8.115025
116109052928	116108338688	714240	512	8.370890
150378714624	150377933824	780800	512	7.272162
10498263040	10497399296	863744	512	8.177017
104363921920	104363290624	631296	512	2.403313
183943856640	183943284224	572416	512	8.789018
161464165376	161463613952	551424	512	9.441806
236031100928	236030502912	598016	512	6.825570
1271135232	1270361600	773632	512	8.955602
188037320192	188036539392	780800	512	6.235682
170407266816	170406651904	614912	512	8.560291
1141579776	1140618752	961024	512	7.575508
170515144192	170514573824	570368	512	9.073875
241723371520	241722392576	978944	512	7.507224
149137106944	149136365056	741888	512	7.791460
109601550336	109601006592	543744	512	3.171306
4281358336	4280780800	577536	512	2.391866
158536920064	158536113152	806912	512	6.918217
83863124992	83862552576	572416	512	1.822169
75910428160	75909606912	821248	512	7.892114
231501842432	231501144576	697856	512	5.448230
211075759616	211074807808	951808	512	3.342114
35404007424	35403082240	925184	512	7.451890
56065078272	56064301056	777216	512	8.533310
24543260672	24542297088	963584	512	7.299613
25763670016	25763140096	529920	512	3.934954
35499772928	35499119616	653312	512	9.720546
191179024896	191178318336	706560	512	5.658780
184786317312	184785303040	1014272	512	2.549217
180134160896	180133145088	1015808	512	3.929045
65506084864	65505115648	969216	512	6.770206
70946691072	70945786880	904192	512	7.368949
118446228992	118445608448	620544	512	9.241187
176745243648	176744244224	999424	512	3.092829
70233242624	70232385024	857600	512	7.710362
69215329280	69214581248	748032	512	8.695113
218805016064	218804151808	864256	512	2.781881
125189739520	125188962816	776704	512	7.768652
94200743424	94199737856	1005568	512	6.080481
188166666240	188166002688	663552	512	7.578035
88777653248	88776924160	729088	512	8.490713
63908281344	63907246080	1035264	512	6.214855
116118235136	116117574144	660992	512	9.118024
102317231104	102316285440	945664	512	6.368945
162665732608	162664829440	903168	512	5.734621
171783232512	171782211072	1021440	512	2.856142
164306214912	164305573376	641536	512	8.453748
192282212352	192281502720	709632	512	7.063190
145908239872	145907213312	1026560	512	4.882029
75860644352	75860006912	637440	512	9.462168
175680557568	175679970304	587264	512	8.870051
163771120128	163770344960	775168	512	7.060802
58383555584	58382555648	999936	512	6.640740
148335902720	148334939136	963584	512	5.526491
37224602112	37223808512	793600	512	8.536442
245614032384	245613120000	912384	512	7.903045
81328431104	81327442944	988160	512	6.453525
71206626816	71205772800	854016	512	7.800214
139841157632	139840389120	768512	512	7.658437
27522786816	27522157056	629760	512	1.936181
84614191616	84613561344	630272	512	2.677821
95137842176	95136845312	996864	512	6.156746
245404692992	245404016640	676352	512	3.261961
134022082560	134021467136	615424	512	9.173299
106388663808	106387655680	1008128	512	5.776173
42583472640	42582704128	768512	512	8.738566
10497581056	10496638976	942080	512	7.436898
220834762752	220834122240	640512	512	8.367060
211096483840	211095509504	974336	512	3.079786
74671482368	74670755328	727040	512	8.725355
22933726720	22933044736	681984	512	9.610872
127139482112	127138613760	868352	512	6.906706
18809133568	18808440832	692736	512	2.689438
144921291264	144920517632	773632	512	7.402297
189453943808	189453229056	714752	512	7.039427
104137857024	104137049600	807424	512	7.621000
231156691968	231155709440	982528	512	8.386983
7566534144	7565593088	941056	512	9.109232
48669047296	48668105216	942080	512	7.130218
8930967552	8930083840	883712	512	8.152956
197927036416	197926077440	958976	512	3.298969
908523520	907654144	869376	512	8.243895
108670404608	108669662720	741888	512	8.248995
172722921472	172722315264	606208	512	8.654751
192091753984	192091098624	655360	512	7.669578
248471274496	248470290944	983552	512	5.172455
46033185792	46032515072	670720	512	9.560974
42815911424	42814986752	924672	512	7.477252
76769308160	76768417792	890368	512	7.089713
233804948992	233804418048	530944	512	9.099867
131816810496	131815918080	892416	512	6.415288
178965218304	178964263936	954368	512	4.565034
119991748096	119990837760	910336	512	6.508059
96295476736	96294490624	986112	512	6.262827
3047389696	3046736384	653312	512	1.665195
177386563584	177385835520	728064	512	7.146353
122451179008	122450168832	1010176	512	5.576060
136045531136	136044592128	939008	512	6.030210
118329181696	118328146432	1035264	512	5.329933
113820984832	113820050432	934400	512	6.471383
53958810624	53958111744	698880	512	9.180930
149638420480	149637734912	685568	512	8.362465
173543770112	173543141376	628736	512	8.450580
176841366016	176840415744	950272	512	4.642314
51961346560	51960813568	532992	512	3.707711
147376584704	147375540224	1044480	512	3.438560
150739935744	150739027456	908288	512	4.519770
47189132800	47188455424	677376	512	2.583665
18633322496	18632646144	676352	512	2.714988
210914676736	210913676800	999936	512	9.647154
14019875840	14019148800	727040	512	9.213076
222305781760	222304846848	934912	512	2.668953
46522514944	46521483776	1031168	512	6.577165
233294594048	233294008832	585216	512	7.026735
137599376384	137598471680	904704	512	6.356161
153165382656	153164412928	969728	512	3.926829
225197187584	225196344832	842752	512	3.902013
6786852352	6785840128	1012224	512	7.161280
235184151552	235183202816	948736	512	8.840482
35377550848	35376998912	551936	512	2.290171
239744024064	239743223808	800256	512	3.298605
219170169856	219169297920	871936	512	4.040931
243472102400	243471209472	892928	512	1.924529
46705377280	46704483328	893952	512	7.703314
69682680320	69682137088	543232	512	2.199516
70432668160	70431684608	983552	512	6.674158
16594191360	16593290240	901120	512	7.804441
109697400832	109696551936	848896	512	7.238151
17732918272	17732028416	889856	512	7.875161
190176847360	190175991808	855552	512	4.028443
122734685184	122734073344	611840	512	9.311766
148886862336	148885888000	974336	512	4.111540
26568998912	26568042496	956416	512	7.360778
96325093888	96324310528	783360	512	8.048080
99423906304	99422929920	976384	512	6.343187
234778716672	234777938432	778240	512	4.404859
106261068288	106260424192	644096	512	9.121486
15803827712	15803028480	799232	512	8.649786
193049346048	193048367616	978432	512	4.009847
89419739648	89419184128	555520	512	3.232304
13515672576	13514769408	903168	512	7.800427
102215522816	102214586880	935936	512	6.427526
155459390464	155458739200	651264	512	8.518443
173355979264	173355377664	601600	512	8.716787
237860484096	237859635200	848896	512	9.488154
58214565376	58213600768	964608	512	6.962539
240839168512	240838355456	813056	512	1.943037
109010749440	109009932288	817152	512	7.526893
245322831360	245321792512	1038848	512	5.925347
61760759808	61759711232	1048576	512	6.126659
62907223552	62906381312	842240	512	7.871278
209331320320	209330608640	711680	512	6.254215
7710010880	7709160960	849920	512	8.408940
155910439424	155909743104	696320	512	8.170650
4966572544	4965539328	1033216	512	6.968997
49011424256	49010713600	710656	512	2.226442
7425048064	7424339968	708096	512	9.507893
189693957120	189692967936	989184	512	3.871460
179198676480	179197913088	763392	512	6.688312
150629448192	150628469760	978432	512	3.818642
48509314048	48508405248	908800	512	7.429248
243090816000	243090166784	649216	512	5.520164
23431630848	23431040512	590336	512	3.438754
245435149824	245434258432	891392	512	8.215312
80167182848	80166616576	566272	512	1.940238
212053450240	212052691968	758272	512	5.671667
145904470528	145903793152	677376	512	8.415069
240475675136	240474798592	876544	512	9.030096
181422307840	181421282816	1025024	512	3.789251
51049436672	51048874496	562176	512	3.469268
230717692928	230716766720	926208	512	2.267371
115052985856	115052019712	966144	512	4.768157
179285591552	179284978176	613376	512	8.368709
889086976	888468992	617984	512	3.274168
118695667200	118694821888	845312	512	7.123209
155900172800	155899503616	669184	512	8.337501
201747147776	201746341376	806400	512	5.504897
97689717760	97689020928	696832	512	8.870883
141518653440	141517661184	992256	512	5.351712
34184285184	34183612416	672768	512	9.461922
1965189120	1964470272	718848	512	9.469495
25584716288	25583754240	962048	512	7.290418
8768667648	8768055296	612352	512	1.999947
145464350208	145463470592	879616	512	6.421377
39557405696	39556628992	776704	512	8.674435
44797272064	44796349952	922112	512	7.467306
123993550848	123992631296	919552	512	6.444359
146096650240	146096114688	535552	512	1.926184
219813857280	219812844544	1012736	512	9.109964
188031266304	188030656512	609792	512	8.208048
180144158720	180143524352	634368	512	8.144031
102552957440	102552366080	591360	512	9.678434
163468020736	163467216384	804352	512	6.761430
62807700480	62806856192	844288	512	7.868836
248080692736	248079985152	707584	512	2.788622
46017618432	46016932864	685568	512	9.474785
16205841920	16205001728	840192	512	8.283834
67564916736	67564175360	741376	512	8.737408
14441376768	14440728576	648192	512	9.861807
33647675904	33646692864	983040	512	6.970651
130762831872	130761810432	1021440	512	5.240360
98534736896	98533879296	857600	512	7.412378
116497603072	116496983552	619520	512	9.240519
40049650176	40048789504	860672	512	7.897158
213931221504	213930364928	856576	512	3.179491
59980845056	59980274688	570368	512	2.011502
117129306112	117128520192	785920	512	7.656379
44062040576	44061033472	1007104	512	6.764583
20524983296	20524211712	771584	512	2.006284
229997867520	229996905984	961536	512	9.233413
59002723328	59001675264	1048064	512	6.200914
44866809856	44866273280	536576	512	2.442142
122080631808	122079700992	930816	512	6.317616
229626268672	229625253888	1014784	512	8.576719
140558004736	140556958208	1046528	512	3.625649
107014977024	107014052352	924672	512	6.502150
199709928448	199709217280	711168	512	6.830267
82130378240	82129615360	762880	512	1.714637
135242693632	135242142208	551424	512	2.873649
243145552896	243144922112	630784	512	5.802801
13687469056	13686930432	538624	512	2.509556
77743228928	77742597120	631808	512	9.552111
196422721536	196421815296	906240	512	4.547900
191804402176	191803665408	736768	512	6.750727
210718003712	210717295104	708608	512	6.368696
14437353984	14436699648	654336	512	1.932502
232483871744	232483038208	833536	512	2.211066
59855787520	59855168512	619008	512	2.986643
223810947584	223809956864	990720	512	8.817354
216083456512	216082723840	732672	512	5.817773
46541843968	46540954112	889856	512	7.738905
128670063104	128669489664	573440	512	2.753191
92340918272	92339892736	1025536	512	5.890532
180707955200	180707318272	636928	512	8.073644
234222794752	234222211072	583680	512	6.996476
37375997440	37375234048	763392	512	8.857240
3818831360	3817854464	976896	512	7.428061
126151793152	126151261696	531456	512	1.897191
75438430720	75437827584	603136	512	2.974376
112792578560	112792011776	566784	512	2.985517
85651315200	85650569728	745472	512	8.664145
152163506176	152162796032	710144	512	7.920206
96802787840	96802199552	588288	512	1.936292
227083736064	227082803200	932864	512	2.820244
212454232064	212453604864	627200	512	7.376265
141024047104	141023102464	944640	512	5.987385
124110160384	124109326848	833536	512	7.211364
104447023104	104446438400	584704	512	9.728478
57847823360	57847169024	654336	512	2.690446
21669518848	21668513792	1005056	512	6.944485
246499904000	246499187712	716288	512	4.050981
231001493504	231000497152	996352	512	8.108647
164380041216	164379181568	859648	512	6.199534
1246544384	1246013440	530944	512	2.677904
187490912768	187490250240	662528	512	7.607463
166467133952	166466243584	890368	512	5.860258
97305123328	97304371712	751616	512	1.815619
124622520320	124621654016	866304	512	6.902934
203361796096	203360959488	836608	512	5.100712
135888899072	135887945216	953856	512	5.820991
42028387328	42027630592	756736	512	8.847372
87556805632	87556073472	732160	512	8.645614
128565784576	128565038592	745984	512	9.397900
49725746176	49725049856	696320	512	2.344417
40427640832	40426733568	907264	512	7.624904
148418584576	148417766912	817664	512	7.034913
58272781312	58272094720	686592	512	9.321158
183828538368	183827995136	543232	512	2.235201
70635812864	70635101184	711680	512	9.008860
101649409024	101648777728	631296	512	9.466330
174727008768	174726186496	822272	512	6.372798
237110669824	237110010880	658944	512	4.010912
56337412608	56336685056	727552	512	8.937026
110762024448	110761033216	991232	512	5.903576
151147333632	151146673152	660480	512	8.420283
175206881792	175205937664	944128	512	5.064188
26300809728	26299954176	855552	512	8.159261
39441830400	39440816640	1013760	512	6.729510
219036218368	219035590144	628224	512	7.112604
106407761920	106406853632	908288	512	6.707653
116715899392	116715294208	605184	512	9.412772
45451983872	45451252736	731136	512	9.068384
208962197504	208961439744	757760	512	5.750989
2840088064	2839242240	845824	512	8.502065
94400186880	94399653888	532992	512	3.442113
244678680064	244678110720	569344	512	6.694353
174849430528	174848479232	951296	512	3.591329
37898869248	37897948160	921088	512	7.468965
148569195008	148568653824	541184	512	9.792357
7229666816	7229105152	561664	512	2.450241
69668283904	69667305472	978432	512	6.715138
135496040448	135495136768	903680	512	6.343213
58097029120	58096104960	924160	512	7.287515
188129412608	188128672768	739840	512	6.688833
183567151104	183566540288	610816	512	8.383789
219589090304	219588262912	827392	512	4.608798
168253707776	168252911104	796672	512	6.844389
29567102464	29566489088	613376	512	1.780688
222605832704	222605034496	798208	512	4.467254
36992733184	36991746560	986624	512	6.919765
228683641856	228682793472	848384	512	2.446138
87694118400	87693510144	608256	512	9.769496
200147905536	200147249664	655872	512	7.500980
35454794240	35453903872	890368	512	7.729729
212218644992	212218058752	586240	512	7.874506
247061267968	247060511744	756224	512	3.431652
116788616192	116787874816	741376	512	8.109087
114352463360	114351630336	833024	512	7.378625
222863955456	222862993920	961536	512	9.199284
119728911360	119727951360	960000	512	6.067055
89355126272	89354170368	955904	512	6.472334
192519124992	192518147072	977920	512	4.064894
187401984512	187401419776	564736	512	8.677551
47515187712	47514198016	989696	512	6.721629
164270589440	164269781504	807936	512	6.734483
145281763840	145281059840	704000	512	8.159051
186977809920	186977070592	739328	512	6.965299
209488541696	209487925760	615936	512	7.482573
70377946112	70377091584	854528	512	7.779484
164270903808	164270337024	566784	512	2.341231
129934854144	129934253568	600576	512	9.408275
137344994304	137344204800	789504	512	7.504368
47533034496	47532036608	997888	512	6.657009
233918739456	233918008320	731136	512	3.607717
51187340288	51186765312	574976	512	1.958307
229172189184	229171302400	886784	512	3.291715
41536541184	41535664128	877056	512	7.855740
51566095360	51565128704	966656	512	6.939295
92690142720	92689447936	694784	512	8.897201
108918259200	108917448704	810496	512	8.971874
16511995904	16511208960	786944	512	1.883600
157336419328	157335504896	914432	512	5.730776
76453728256	76453128704	599552	512	1.931961
983062528	982469120	593408	512	3.451729
134383896064	134382873600	1022464	512	5.285989
209159660544	209158661632	998912	512	9.597550
163406086144	163405501440	584704	512	9.096002
79869594624	79868672000	922624	512	6.947941
210701210112	210700379648	830464	512	4.868560
160902808064	160902078464	729600	512	7.420109
104818706944	104818024960	681984	512	8.773672
196726470144	196725817856	652288	512	7.486065
241577506304	241576739328	766976	512	2.383877
81282037760	81281506304	531456	512	2.167895
99873630720	99872705536	925184	512	6.791588
148031182848	148030450688	732160	512	7.878349
115674960384	115674094592	865792	512	7.064472
105448867328	105448297472	569856	512	1.779936
55301718528	55300764672	953856	512	7.010621
190296740352	190296200704	539648	512	8.941466
115713041920	115712275456	766464	512	8.008596
126807567360	126806822400	744960	512	9.446739
22258028544	22257490944	537600	512	2.508579
163400720896	163400088576	632320	512	8.553110
186832539648	186831907840	631808	512	8.171901
189042935808	189042369536	566272	512	8.681767
65651136512	65650246656	889856	512	7.476546
34047142912	34046231552	911360	512	7.502907
231855117312	231854359552	757760	512	4.613101
121006136320	121005545984	590336	512	9.547228
110639961600	110639229440	732160	512	9.701814
138874186752	138873563648	623104	512	2.223772
248637599232	248636553728	1045504	512	5.826228
50910464000	50909614080	849920	512	7.916907
196959758848	196958875136	883712	512	4.824175
38543352320	38542765568	586752	512	2.006756
79667486208	79666613248	872960	512	7.446249
53566385152	53565793792	591360	512	3.252396
154234599424	154233615360	984064	512	5.158126
154436784640	154436080640	704000	512	7.988005
160662915072	160662118912	796160	512	6.872684
43619780096	43619145728	634368	512	2.895932
178528844800	178527909376	935424	512	4.797847
38658111488	38657496576	614912	512	3.109225
158472718336	158472131584	586752	512	9.179367
189429422080	189428673024	749056	512	6.615358
26397562880	26396530688	1032192	512	6.854407
78264817152	78263810048	1007104	512	6.234565
144032071680	144031139328	932352	512	5.901304
115900211712	115899243520	968192	512	6.145836
181056646144	181055994368	651776	512	7.901381
174719142912	174718540288	602624	512	8.654864
48714223616	48713275392	948224	512	7.072312
226556912640	226555981312	931328	512	9.592847
179357571072	179356563968	1007104	512	4.025316
182480714240	182479837696	876544	512	5.472879
220542047744	220541380096	667648	512	6.638788
5166980096	5166046208	933888	512	7.789958
187805891072	187804940800	950272	512	3.012547
138846223872	138845411328	812544	512	7.269545
49016443904	49015403520	1040384	512	6.230002
117156817920	117156071936	745984	512	8.059248
206189351936	206188574720	777216	512	5.729699
108315539968	108314703360	836608	512	7.350907
158866508288	158865588736	919552	512	4.270781
70648222720	70647560192	662528	512	9.434242
163694773760	163693729280	1044480	512	4.280334
112847474176	112846885888	588288	512	2.834397
202617985024	202617253888	731136	512	6.332592
75313067008	75312350720	716288	512	8.796367
90714861568	90713862656	998912	512	6.137610
28039952384	28038934528	1017856	512	6.690621
166393527296	166392494592	1032704	512	4.321886
88600701440	88599760896	940544	512	6.660365
226799955968	226799414272	541696	512	7.830988
70754310656	70753724928	585728	512	1.820217
22286621184	22285682688	938496	512	7.513635
247761762304	247760919040	843264	512	2.047251
66753021952	66752137216	884736	512	7.508137
77109638144	77108872192	765952	512	8.389285
84890357248	84889743360	613888	512	9.711743
35552779776	35551929344	850432	512	8.089475
227868997632	227868114944	882688	512	2.012058
16125838848	16125296128	542720	512	3.733729
226907363328	226906486784	876544	512	3.421688
48513571840	48512970240	601600	512	1.789140
239142576128	239141616128	960000	512	9.203201
128398872576	128398267904	604672	512	9.419073
116767947776	116767236608	711168	512	9.768522
28049911808	28048995328	916480	512	7.506712
169517628928	169516871680	757248	512	7.011955
27042680832	27041827840	852992	512	7.961192
36497856000	36497049600	806400	512	8.652444
54969163264	54968253440	909824	512	7.515369
179622802432	179622233600	568832	512	8.845674
128687835136	128687301120	534016	512	1.822064
156181620736	156181081600	539136	512	9.645648
58647371776	58646757376	614400	512	1.676504
167645250048	167644560384	689664	512	9.325021
216218449920	216217851904	598016	512	7.541461
172431036928	172430045696	991232	512	4.505399
125297146880	125296297472	849408	512	7.055419
198695970304	198694948864	1021440	512	3.198681
9561718272	9561033728	684544	512	9.712565
88702849536	88702227968	621568	512	2.621077
11398443008	11397581312	861696	512	8.118670
170027869184	170027058176	811008	512	6.475489
186944634368	186944069632	564736	512	8.860277
73197562368	73196787712	774656	512	1.791821
181939542528	181938596864	945664	512	4.706246
82217392128	82216515072	877056	512	7.384902
50584671232	50584138240	532992	512	2.362441
214169123328	214168558080	565248	512	8.248344
104014388224	104013647360	740864	512	8.265883
210618180608	210617583616	596992	512	7.719333
145613660160	145613038080	622080	512	8.999014
53683421696	53682871296	550400	512	2.214148
176978965504	176978292224	673280	512	7.734428
9254807040	9254016512	790528	512	8.884711
19139323392	19138327040	996352	512	7.058228
129822130176	129821235712	894464	512	6.612786
161661781504	161660874240	907264	512	5.699379
13961699840	13960734720	965120	512	7.316282
239959433728	239958532096	901632	512	8.700256
33044322304	33043610112	712192	512	2.321770
28299013632	28298456064	557568	512	3.614401
157938119680	157937489408	630272	512	8.683607
191726835200	191725809152	1026048	512	3.466157
237205865984	237205174272	691712	512	4.902719
145463479808	145462512128	967680	512	5.547410
122643823616	122642956288	867328	512	6.906707
142651982336	142651366400	615936	512	9.014487
103809780224	103808914432	865792	512	7.047117
205859193856	205858203136	990720	512	3.237027
226609389056	226608598528	790528	512	3.235034
111116166656	111115544576	622080	512	2.489908
71814604800	71813992448	612352	512	3.009398
45639193600	45638533632	659968	512	9.634815
189732107776	189731149824	957952	512	2.867267
187151785984	187151234048	551936	512	9.039063
185760316416	185759697408	619008	512	8.324906
88676334080	88675802112	531968	512	3.479726
15985223168	15984345600	877568	512	7.957544
29815190016	29814357504	832512	512	9.616824
152196786176	152196129792	656384	512	1.898383
211677583360	211676943872	639488	512	7.170296
18065755648	18065042432	713216	512	9.310398
144747043840	144746464768	579072	512	9.323213
161169845248	161168825856	1019392	512	3.148831
217104747520	217103863296	884224	512	3.899666
47905189376	47904298496	890880	512	7.551848
20608580608	20607839744	740864	512	9.086664
159586592256	159585768448	823808	512	6.830169
95466035712	95465260544	775168	512	8.153931
54513157120	54512630784	526336	512	3.754584
152322716672	152321889280	827392	512	6.734211
95934044160	95933025280	1018880	512	5.968203
231746551296	231745813504	737792	512	4.903187
103133778432	103133209088	569344	512	2.920752
208951018496	208950278656	739840	512	5.983094
3211944448	3211223552	720896	512	2.550531
239325092352	239324287488	804864	512	3.231271
245558966272	245558437888	528384	512	6.946706
189945654272	189944881152	773120	512	6.373154
183997432832	183996814848	617984	512	8.293205
235481476096	235480860160	615936	512	6.584073
143018481152	143017651200	829952	512	6.912098
150614510592	150613681152	829440	512	6.687006
123188501504	123187759616	741888	512	8.097777
194878502912	194877905408	597504	512	9.686090
53806180864	53805461504	719360	512	9.025516
51645407744	51644860416	547328	512	2.249178
219503513088	219502648832	864256	512	4.134343
51351984640	51351202816	781824	512	7.071939
170121254400	170120499712	754688	512	7.049578
41240907776	41240291840	615936	512	1.734149
17866741248	17865986048	755200	512	8.989374
7259927552	7258988032	939520	512	7.662169
77163608576	77162640384	968192	512	6.572381
229718365696	229717690880	674816	512	6.127286
129678210048	129677368832	841216	512	7.148719
205339313664	205338341376	972288	512	3.464903
165346383360	165345514496	868864	512	6.046067
116926386688	116925368832	1017856	512	5.489218
188895923200	188894900224	1022976	512	3.488514
70122663424	70122012160	651264	512	9.537704
82695636992	82694754816	882176	512	7.334148
145958324224	145957431808	892416	512	6.316692
51105094144	51104284160	809984	512	8.259084
224210791936	224209996800	795136	512	4.552947
28342792704	28341752320	1040384	512	6.509743
8381076480	8380090368	986112	512	7.345044
54793830400	54792940544	889856	512	8.948901
116526433792	116525652480	781312	512	7.693318
246620271616	246619418112	853504	512	8.819854
24807659008	24806982656	676352	512	9.609605
121500253696	121499220480	1033216	512	5.406194
228966938112	228966033408	904704	512	3.092232
204620909568	204620032512	877056	512	4.586159
199026971136	199026319360	651776	512	8.901014
43027067392	43026318336	749056	512	2.040959
154796964864	154796028416	936448	512	4.276660
240620944896	240619931136	1013760	512	6.983380
60347360256	60346809344	550912	512	3.566170
91838348800	91837623808	724992	512	8.615193
172220643840	172219735040	908800	512	5.409045
122604799488	122604027904	771584	512	9.125065
36048449024	36047648256	800768	512	8.381008
90295583232	90294720512	862720	512	7.409454
22873706496	22872720896	985600	512	7.129020
125740369408	125739792896	576512	512	2.776280
35434106880	35433328128	778752	512	8.675280
46013029888	46012490240	539648	512	3.778243
192007486976	192006942720	544256	512	8.939786
58475822080	58475098624	723456	512	9.026132
246245902336	246245123584	778752	512	3.072533
94506029056	94505453568	575488	512	8.325402
180081345024	180080416256	928768	512	4.852928
66070989824	66070006272	983552	512	6.655844
80743078400	80742243840	834560	512	7.799434
131112975360	131112366080	609280	512	9.213232
227814260224	227813268480	991744	512	1.921907
36965413376	36964417536	995840	512	6.861992
31198167552	31197451264	716288	512	2.281756
150211304960	150210500096	804864	512	6.937889
59437462016	59436827136	634880	512	9.739042
105926471680	105925547520	924160	512	5.104258
208576946688	208576227840	718848	512	4.852159
124394747392	124393945600	801792	512	7.530877
5147164160	5146224640	939520	512	7.715389
79654454272	79653783552	670720	512	9.222490
236920469504	236919593984	875520	512	2.983243
82696079360	82695183872	895488	512	7.217159
173589471232	173588580864	890368	512	5.649789
124658601984	124658072576	529408	512	3.234233
91508778496	91508215808	562688	512	3.176570
165991657472	165991064064	593408	512	8.970594
114885802496	114884758528	1043968	512	5.416150
188013458944	188012793856	665088	512	7.563774
234326256640	234325656064	600576	512	6.768157
13329100800	13328122880	977920	512	7.195677
222554696704	222553787904	908800	512	2.933694
249821319168	249820470784	848384	512	8.857004
144957114880	144956355072	759808	512	7.613915
39050856448	39049823232	1033216	512	6.575366
15157908992	15157129216	779776	512	1.900402
203768054784	203767336960	717824	512	6.489641
193391640576	193390699520	941056	512	4.418274
230005036544	230004507648	528896	512	9.412098
228313003520	228312182272	821248	512	4.166305
203834428928	203833728512	700416	512	6.664022
90703072256	90702156288	915968	512	6.884652
162337168384	162336227840	940544	512	5.341124
106015297024	106014755840	541184	512	3.239527
156646182912	156645354496	828416	512	6.720627
132713091072	132712112128	978944	512	5.684848
125341833728	125340844032	989696	512	5.742341
81375141376	81374120448	1020928	512	6.160726
105418222080	105417480704	741376	512	8.242235
240457927680	240457158144	769536	512	3.759624
223261921280	223261342720	578560	512	7.416483
119740106240	119739516416	589824	512	9.552208
79491537920	79490803712	734208	512	8.655262
23889624576	23889041408	583168	512	2.107036
100963712000	100962793472	918528	512	6.866322
218479961088	218479108608	852480	512	4.300484
8604156928	8603316736	840192	512	1.950744
66778286592	66777703424	583168	512	3.249943
105438396928	105437533184	863744	512	7.096360
119746165760	119745502720	663040	512	8.829149
87424386048	87423818752	567296	512	3.218181
95035870208	95035067904	802304	512	7.909183
204155256320	204154285568	970752	512	3.488140
203140474880	203139765760	709120	512	6.548340
146257140736	146256537088	603648	512	9.296696
110211613696	110210864640	749056	512	8.178380
218890194944	218889446912	748032	512	5.614914
102678760960	102677868032	892928	512	6.823496
31516445696	31515725312	720384	512	2.193510
187138807296	187138088960	718336	512	7.166102
237769038848	237768285696	753152	512	3.988060
155936435200	155935713280	721920	512	7.780647
194875126272	194874177024	949248	512	2.968098
207718653440	207717778944	874496	512	4.636357
2061483520	2060596224	887296	512	8.111265
243190751232	243189997056	754176	512	2.589600
10316124160	10315324416	799744	512	8.620333
62484495872	62483770368	725504	512	8.893195
122633623552	122633095680	527872	512	1.896662
81944996864	81944105984	890880	512	7.278341
31324751360	31323922944	828416	512	8.255149
36910355968	36909658624	697344	512	9.267357
167724444160	167723425792	1018368	512	4.654011
74466815488	74466043392	772096	512	8.306438
160066753024	160066208768	544256	512	9.611097
168835548160	168834724864	823296	512	6.345737
126570508800	126569558528	950272	512	6.125675
97588898304	97588206592	691712	512	8.911317
122372003840	122370975744	1028096	512	5.370170
183389883392	183389272064	611328	512	8.358682
243732607488	243731858944	748544	512	2.785065
181375990784	181375176192	814592	512	6.116725
99341620224	99341011968	608256	512	2.785731
126928185856	126927567360	618496	512	9.234777
99744623104	99744044544	578560	512	1.964437
223843476992	223842828288	648704	512	6.496291
191978153984	191977393152	760832	512	6.467076
213541674496	213540928000	746496	512	5.888096
189458233856	189457631232	602624	512	8.256489
101598750208	101597736448	1013760	512	6.016130
211789091328	211788491776	599552	512	7.683465
147402271744	147401243648	1028096	512	3.582000
190672953344	190672230400	722944	512	6.885923
18250825728	18250194944	630784	512	3.184950
115370448384	115369896960	551424	512	2.045700
8030326784	8029354496	972288	512	7.476260
59029454848	59028875264	579584	512	3.315412
153211703296	153210859008	844288	512	6.520275
64615714816	64614803968	910848	512	7.306510
140995832832	140994828288	1004544	512	5.533245
89641678336	89641080320	598016	512	9.742699
71993759744	71992990720	769024	512	8.506842
198278332928	198277801984	530944	512	9.009742
24241414144	24240649728	764416	512	2.030071
236831506944	236830826496	680448	512	5.694735
239603070464	239602238976	831488	512	9.754524
239643191808	239642567680	624128	512	5.918198
29694340096	29693792768	547328	512	2.324657
211983599616	211983003136	596480	512	6.349656
197350100480	197349561344	539136	512	8.844234
115500198400	115499499008	699392	512	8.635832
28246273536	28245494784	778752	512	1.764786
7361987584	7360952320	1035264	512	6.943585
96645839872	96644865536	974336	512	6.426361
72312972288	72312052224	920064	512	7.228270
145364224000	145363387904	836096	512	5.221905
77011359744	77010772480	587264	512	2.018484
124654322176	124653332480	989696	512	5.776053
50870440448	50869514752	925696	512	8.631104
74154727936	74153975808	752128	512	8.489595
20446397440	20445408256	989184	512	7.082781
202622189056	202621439488	749568	512	6.126324
200550660608	200550042112	618496	512	9.294565
10384884224	10384193536	690688	512	2.691372
245398251008	245397418496	832512	512	2.232250
124102988800	124102047744	941056	512	6.205663
137550936064	137550119424	816640	512	7.217944
201065366016	201064418816	947200	512	4.074432
177365721088	177364785152	935936	512	4.760162
249839067136	249838124544	942592	512	7.408017
23830498816	23829731328	767488	512	8.866926
30217746944	30216979456	767488	512	10.125191
166639137280	166638460416	676864	512	8.085009
122777846784	122777060352	786432	512	7.644914
147414842368	147413945344	897024	512	6.237461
164383345152	164382636544	708608	512	7.764030
10100612096	10099999744	612352	512	3.190822
68503773184	68502743040	1030144	512	6.233480
195291226624	195290644992	581632	512	8.465059
180762341888	180761538048	803840	512	6.233274
54961749504	54961104896	644608	512	9.714018
220661707264	220660788224	919040	512	2.062701
174349278720	174348243968	1034752	512	2.704384
4311289856	4310597632	692224	512	2.753044
65203009024	65202203136	805888	512	8.099626
231302290432	231301672448	617984	512	6.671884
215639831040	215638853120	977920	512	2.694194
192866985472	192866447872	537600	512	8.977619
135526663680	135525927936	735744	512	8.015917
221739679232	221738864640	814592	512	2.906332
144232873472	144232298496	574976	512	2.526226
241592398848	241591632896	765952	512	3.821824
194427563008	194426833920	729088	512	6.843364
242336888832	242336002048	886784	512	8.924348
94193738240	94192699904	1038336	512	5.775869
174027790336	174026772992	1017344	512	4.255402
19324177408	19323227136	950272	512	7.352262
234870704128	234869837824	866304	512	3.114847
165745777664	165744818176	959488	512	5.131950
4746294784	4745364480	930304	512	7.782029
170709197312	170708421632	775680	512	6.886846
40165642240	40165117440	524800	512	2.524750
137296760320	137295996416	763904	512	7.806303
215781771776	215780839936	931840	512	1.898868
52736798720	52736035328	763392	512	8.662629
147160322048	147159772160	549888	512	2.902626
140012091392	140011082752	1008640	512	5.367202
42133681152	42133019648	661504	512	9.636313
240516380160	240515433984	946176	512	8.059341
7782107136	7781525504	581632	512	2.295234
212919433216	212918492672	940544	512	2.151005
132409456640	132408912384	544256	512	1.906326
18166665728	18165965312	700416	512	2.556737
154037417472	154036503552	913920	512	5.851609
41335845376	41335254016	591360	512	3.352445
78897869312	78897124352	744960	512	8.503349
58562446848	58561731584	715264	512	9.076672
75605580800	75604917760	663040	512	9.262595
64928588288	64927544832	1043456	512	6.187402
106308273152	106307370496	902656	512	6.740040
15158211072	15157319168	891904	512	7.887266
110778792448	110778013696	778752	512	7.883698
58676259328	58675372032	887296	512	7.608291
230089133568	230088476672	656896	512	4.651188
162206963200	162206354944	608256	512	8.817403
202428887040	202427854848	1032192	512	2.767431
721340416	720397824	942592	512	9.062538
173835325440	173834629120	696320	512	7.720075
12317553152	12316608512	944640	512	7.477903
248708742144	248708073472	668672	512	4.757946
81243938816	81243221504	717312	512	1.957116
248358201344	248357279744	921600	512	9.113844
83420521472	83419897344	624128	512	2.744068
245660024832	245659254272	770560	512	1.835059
59285630464	59284993536	636928	512	9.716375
11991554048	11990842880	711168	512	9.328518
58164661760	58163803136	858624	512	7.868845
71802911744	71801934848	976896	512	6.756568
11173655552	11172919808	735744	512	9.127265
180637081600	180636328448	753152	512	6.792734
99654340096	99653576704	763392	512	9.613178
135776579584	135775913984	665600	512	8.755380
96704344064	96703299072	1044992	512	5.719345
71756832256	71756015104	817152	512	8.094041
97719584768	97718688768	896000	512	7.074283
215684700672	215683914752	785920	512	5.130685
19729737216	19728925184	812032	512	8.504046
98239370240	98238695424	674816	512	2.154073
45218732032	45217705472	1026560	512	6.589460
129842265088	129841417728	847360	512	7.088655
95204692480	95203836928	855552	512	7.429643
140611830272	140611078656	751616	512	7.841887
51237543936	51236749312	794624	512	8.402785
211913790976	211913170432	620544	512	7.442764
157186855936	157186302976	552960	512	9.507137
75638933504	75638246400	687104	512	9.050970
152890425344	152889537024	888320	512	6.150395
221781919744	221781389312	530432	512	8.029956
197777903616	197776918016	985600	512	3.619290
13131195904	13130550272	645632	512	1.959813
33835922944	33835368448	554496	512	3.631522
39062876160	39062134272	741888	512	2.070231
130796413440	130795406336	1007104	512	4.025983
128421485056	128420563968	921088	512	6.431444
190277682176	190276677120	1005056	512	2.331912
218217165312	218216140800	1024512	512	2.101034
239000914944	239000265216	649728	512	4.084619
92947686912	92947057152	629760	512	2.572749
2784160256	2783198208	962048	512	7.518076
136595367936	136594479616	888320	512	6.528867
212486950400	212486086656	863744	512	4.536016
176840378880	176839656960	721920	512	7.188237
228750239744	228749650432	589312	512	7.272093
79967696896	79966808064	888832	512	7.406095
31158355968	31157459968	896000	512	7.678787
221183403008	221182697984	705024	512	6.160866
160620641792	160619804160	837632	512	6.426035
155218042368	155217506816	535552	512	9.693059
117409077248	117408036864	1040384	512	5.255216
180491163648	180490419712	743936	512	6.908039
209724549632	209723728384	821248	512	5.029310
141969890816	141968850944	1039872	512	4.878280
24844214272	24843407872	806400	512	8.600855
200332984832	200331982848	1001984	512	2.073092
134280678912	134279711744	967168	512	5.736002
147233682432	147232688128	994304	512	5.308922
70320660480	70319909376	751104	512	1.763071
171188224512	171187367936	856576	512	5.911537
88747354112	88746570240	783872	512	8.069629
117240233984	117239541760	692224	512	8.649461
140417865728	140416959488	906240	512	6.341430
1202420736	1201555456	865280	512	9.714834
151063591936	151063026688	565248	512	9.324297
155564779008	155564218368	560640	512	9.464785
224818832896	224818182656	650240	512	6.442096
246209514496	246208585216	929280	512	7.652075
169238029824	169237291520	738304	512	7.308803
27256685056	27256053760	631296	512	3.005484
156064500736	156063961088	539648	512	9.658287
154792662016	154791842816	819200	512	6.807152
151716382720	151715440640	942080	512	5.645440
50531341824	50530665472	676352	512	9.384178
242204527104	242203919872	607232	512	6.135799
208276722688	208275892736	829952	512	4.806707
172826804736	172825988096	816640	512	6.402266
146230247424	146229258240	989184	512	5.352154
223271673856	223270788096	885760	512	1.912496
227130846208	227129851904	994304	512	1.883321
247160517120	247159599104	918016	512	9.177837
220234449920	220233501696	948224	512	3.116685
102823349248	102822596096	753152	512	8.131743
77657913856	77657223680	690176	512	9.038639
15949502976	15948878336	624640	512	1.794185
82292940288	82292354560	585728	512	3.084321
71411019776	71410253824	765952	512	1.658809
72907661312	72906925056	736256	512	8.749768
19646544384	19645527040	1017344	512	6.869980
81983188992	81982205952	983040	512	6.465538
171194821632	171193864704	956928	512	4.898390
25232694784	25231791616	903168	512	7.775335
231329747456	231329191424	556032	512	7.423897
80131102720	80130240512	862208	512	7.553428
151239540224	151238705152	835072	512	6.651605
37450027520	37449458688	568832	512	3.518764
16982319616	16981603840	715776	512	2.420268
181303458304	181302415360	1042944	512	3.586590
182866889216	182866063872	825344	512	6.016425
45784055296	45783110144	945152	512	7.283789
162216847360	162216236032	611328	512	8.739472
117881926144	117881155072	771072	512	7.796710
15106231296	15105269760	961536	512	7.327905
238112227840	238111604736	623104	512	5.784819
13205349888	13204812288	537600	512	3.867367
204004393472	204003789824	603648	512	7.866314
170637420032	170636537344	882688	512	5.693187
64445144576	64444329472	815104	512	8.158447
188758301184	188757642752	658432	512	15.948626
199036520448	199035815936	704512	512	6.918856
183049049600	183048165376	884224	512	3.985825
172212408832	172211641344	767488	512	6.923634
98338949120	98337942016	1007104	512	6.057397
80142059520	80141214720	844800	512	7.686093
74712367104	74711368704	998400	512	6.324689
88046451712	88045676032	775680	512	8.282658
39012436992	39011476992	960000	512	56.577036
218654858752	218654195200	663552	512	6.703899
49756930048	49756196864	733184	512	2.022087
42720681472	42719678464	1003008	512	6.801378
170470901760	170470350336	551424	512	9.259872
129623862272	129623013376	848896	512	7.108149
108880311808	108879664640	647168	512	9.113233
186701797376	186700970496	826880	512	5.988586
156128885760	156128024576	861184	512	6.389737
96628388352	96627347968	1040384	512	5.779569
182855755264	182854983680	771584	512	6.614501
55231440896	55230636032	804864	512	8.305527
27052877312	27052003328	873984	512	7.894638
7234522624	7233644544	878080	512	9.617691
85668727808	85667718656	1009152	512	6.239357
23059190272	23058221056	969216	512	7.240040
110151288832	110150403584	885248	512	6.918216
136149590528	136148803072	787456	512	7.512516
8516618752	8515619840	998912	512	7.160570
126632432128	126631603712	828416	512	7.203317
32989987328	32989453312	534016	512	2.555439
52207750656	52206818304	932352	512	8.577342
210478776320	210477740544	1035776	512	9.208657
106007660544	106006852096	808448	512	7.695449
212540797952	212540157952	640000	512	7.258923
94980256256	94979435008	821248	512	7.735098
35799100928	35798341632	759296	512	8.827439
38125238272	38124296192	942080	512	7.318470
213081300480	213080720896	579584	512	7.947458
56760175616	56759426048	749568	512	8.765032
178195001856	178194405888	595968	512	8.545826
155203304960	155202566656	738304	512	7.680627
214907059712	214906148864	910848	512	9.321513
226736643584	226735762944	880640	512	3.362292
99953094144	99952385024	709120	512	8.754301
189553908736	189553155072	753664	512	6.538347
69701858816	69701110272	748544	512	8.673543
61191440384	61190717440	722944	512	8.984181
95342330368	95341460992	869376	512	7.305946
68087599616	68086709760	889856	512	7.492053
19768222720	19767441920	780800	512	1.904027
149096417792	149095846400	571392	512	9.487684
171172687360	171171970560	716800	512	5.845580
197635169792	197634644992	524800	512	8.976284
183179914240	183179004416	909824	512	3.713833
16611967488	16611246080	721408	512	9.148056
181843054592	181842378240	676352	512	7.702366
119619511296	119618509824	1001472	512	4.260375
188749097472	188748322816	774656	512	6.299591
216546365952	216545422848	943104	512	10.047029
163000601088	162999688192	912896	512	5.634826
225562443776	225561795072	648704	512	6.441431
106700324864	106699654656	670208	512	8.903588
204075956736	204075080704	876032	512	3.249475
98399132672	98398459904	672768	512	9.079615
167717753856	167716943872	809984	512	6.684293
42170297856	42169406464	891392	512	7.741807
77113235968	77112289792	946176	512	6.782378
33051010560	33050236416	774144	512	8.713532
107826085376	107825353216	732160	512	8.322736
115457561088	115456876032	685056	512	8.761302
58829574144	58828911616	662528	512	9.529007
19285648896	19284791296	857600	512	9.519817
159950880768	159950171648	709120	512	7.930821
142463610368	142463002624	607744	512	9.065420
135111966208	135111384576	581632	512	9.489255
35359456768	35358894592	562176	512	2.213505
240580573696	240579536896	1036800	512	6.715416
69461443072	69460750848	692224	512	2.282176
170459612160	170459006976	605184	512	1.716788
151959064064	151958488064	576000	512	9.260766
30075399168	30074568704	830464	512	8.234615
114999930368	114998959104	971264	512	6.202794
196571685376	196570919424	765952	512	6.204148
179138614272	179137944576	669696	512	7.743463
85590742528	85589834240	908288	512	7.084512
206753190400	206752236544	953856	512	3.636026
70165362176	70164789248	572928	512	3.360017
206750643200	206749635584	1007616	512	9.855521
16405902848	16404860928	1041920	512	6.652860
176413002752	176412462080	540672	512	9.352359
112661635584	112661052928	582656	512	9.760260
86124685824	86123850240	835584	512	7.704651
141933817344	141932946944	870400	512	6.528166
170090266112	170089452032	814080	512	6.450506
41187837440	41187140608	696832	512	9.307251
182978598912	182977757184	841728	512	5.853959
216231542272	216230722560	819712	512	4.709644
106747635200	106746876928	758272	512	8.068667
158414479872	158413924864	555008	512	2.570511
88850144256	88849609216	535040	512	2.049965
41813271552	41812348416	923136	512	7.469431
12312832000	12312164864	667136	512	2.835981
33128903680	33128320000	583680	512	3.418794
119055448576	119054452736	995840	512	2.700781
15385108992	15384420864	688128	512	9.558218
141521920000	141520952320	967680	512	5.549977
181529559040	181528875008	684032	512	7.587870
29640125952	29639571968	553984	512	3.652787
100458666496	100457993728	672768	512	9.054298
70408220672	70407314944	905728	512	7.367987
110555545600	110554525696	1019904	512	4.303928
186209572864	186208889344	683520	512	7.569276
38664496640	38663586816	909824	512	7.570739
157479409664	157478501888	907776	512	5.903101
112075414016	112074576384	837632	512	7.324855
5726534656	5725903360	631296	512	2.310661
217799429120	217798784512	644608	512	7.035254
29691393536	29690781184	612352	512	1.811784
31025875456	31024918528	956928	512	7.175598
34012845568	34012284928	560640	512	3.597076
47300847616	47300281344	566272	512	2.137465
51233418240	51232578560	839680	512	9.402128
169792984064	169792229376	754688	512	7.062531
64440134144	64439237120	897024	512	7.443862
230123658240	230123082240	576000	512	7.139632
130215918080	130215082496	835584	512	7.197023
59320751104	59320225280	525824	512	2.395487
247279538688	247278912512	626176	512	4.065962
73948063744	73947226112	837632	512	7.727372
128025690112	128024664064	1026048	512	5.404464
249730230784	249729534464	696320	512	2.960983
228777088000	228776522240	565760	512	7.572492
142653778432	142653049344	729088	512	7.917517
72697978368	72697189376	788992	512	1.883724
184265947648	184264910336	1037312	512	2.295631
189013404672	189012655104	749568	512	6.587535
36389832192	36389025792	806400	512	8.442521
133537124864	133536312832	812032	512	7.266825
53978316800	53977522176	794624	512	8.380062
158291188736	158290241024	947712	512	5.362968
3354638336	3353666048	972288	512	7.444431
77866573312	77865707520	865792	512	7.483940
54444178944	54443391488	787456	512	8.459669
19791717376	19790786560	930816	512	7.525080
186009804800	186008938496	866304	512	5.541247
162859221504	162858500608	720896	512	7.574324
238778331648	238777676288	655360	512	5.449002
3848725504	3848124928	600576	512	3.487490
179328295424	179327382016	913408	512	5.028443
60285180928	60284639232	541696	512	2.271197
214921986048	214921161216	824832	512	4.969405
14052366848	14051459072	907776	512	7.742774
193187396096	193186772992	623104	512	8.056963
73048542720	73047789056	753664	512	8.643602
229345633280	229344829440	803840	512	4.337446
147385174016	147384468992	705024	512	8.140714
124025375232	124024561152	814080	512	7.437807
209693997056	209693000704	996352	512	2.797903
6807363584	6806738432	625152	512	3.346332
35472002560	35471191040	811520	512	8.408284
172098359808	172097496064	863744	512	5.886233
65949694464	65948785152	909312	512	7.284407
148084945408	148084099584	845824	512	6.734616
93299731456	93299126272	605184	512	2.804959
113468797440	113467860992	936448	512	6.501032
80842469888	80841681920	787968	512	8.157633
123388075520	123387231744	843776	512	7.140146
75552604160	75551568896	1035264	512	5.981055
9574410240	9573608448	801792	512	8.827994
188464284672	188463751680	532992	512	9.074363
209522638848	209521594368	1044480	512	2.203549
137864678400	137863722496	955904	512	5.862500
56499918336	56499162624	755712	512	8.739502
141412985344	141412020736	964608	512	5.583917
39958010368	39957316096	694272	512	9.364248
242370736128	242370074112	662016	512	3.996271
33221327872	33220496896	830976	512	8.241246
242166532608	242165596672	935936	512	8.173807
166570199552	166569456128	743424	512	7.416999
686721536	685749760	971776	512	7.433717
50772195328	50771660288	535040	512	2.353658
70904930816	70904189952	740864	512	8.757835
24831652864	24830951936	700928	512	9.421985
240180542976	240179541504	1001472	512	8.575690
83502337024	83501779968	557056	512	1.984398
226095919104	226094981632	937472	512	2.632971
31844832256	31843840000	992256	512	6.860733
28065695744	28064912384	783360	512	8.619479
158791030784	158790494720	536064	512	9.656159
11546400256	11545366528	1033728	512	6.735821
57696906240	57695911424	994816	512	6.677485
224553773568	224552768000	1005568	512	8.609634
1541536768	1540638720	898048	512	8.018495
202872108032	202871438336	669696	512	7.179447
165407357952	165406354432	1003520	512	4.655389
7335068160	7334022656	1045504	512	6.866108
239156516864	239155758080	758784	512	3.904278
155572267008	155571341312	925696	512	5.721759
13909139968	13908481536	658432	512	9.776352
231697036288	231696493056	543232	512	7.581426
170761316864	170760510976	805888	512	6.625700
220605273088	220604355072	918016	512	2.047709
68127227904	68126580736	647168	512	9.664393
181144361984	181143389184	972800	512	4.476077
78620660736	78619719680	941056	512	6.801725
126401943552	126401395712	547840	512	3.031583
124288538112	124287928832	609280	512	9.320932
170729028608	170728234496	794112	512	6.699068
160204707328	160203903488	803840	512	6.963551
219273262080	219272365568	896512	512	3.711626
162691318784	162690478592	840192	512	6.402637
208973771264	208972813312	957952	512	1.877565
236567268864	236566448640	820224	512	2.340682
150498633216	150497946624	686592	512	8.143543
50125694976	50125109760	585216	512	3.250132
224269836288	224269126656	709632	512	5.664393
155100020736	155099390464	630272	512	8.718436
218663784960	218662917120	867840	512	2.703890
40785167360	40784502784	664576	512	9.616204
37017528320	37016921088	607232	512	3.211962
156390172672	156389382144	790528	512	7.112877
249102340608	249101785088	555520	512	6.484610
183412250624	183411402240	848384	512	5.704273
121906652160	121905969152	683008	512	1.761293
34639734272	34638924800	809472	512	8.383213
79893777408	79892815360	962048	512	6.688145
19212280832	19211635200	645632	512	1.952342
90378402304	90377432064	970240	512	6.408761
208366558720	208365969408	589312	512	7.796985
83579452928	83578905088	547840	512	3.396462
24111711744	24111099392	612352	512	1.915524
115383518720	115382672896	845824	512	8.627176
58027715584	58026897920	817664	512	16.453958
41051022848	41050236416	786432	512	8.575961
29549207552	29548425216	782336	512	8.650158
234640648704	234639782400	866304	512	3.119737
172278583808	172277711872	871936	512	5.827664
231072146944	231071614464	532480	512	7.747410
65321292288	65320366592	925696	512	7.168466
53341611520	53341069824	541696	512	3.662012
138109104128	138108188160	915968	512	6.274580
13425032704	13424429056	603648	512	3.376296
1755945984	1755001344	944640	512	7.682440
195583171072	195582219264	951808	512	4.048499
54519875072	54519154688	720384	512	9.037777
99386461184	99385559040	902144	512	7.021584
98390907904	98390299136	608768	512	9.649351
20463625216	20462674432	950784	512	7.416795
79748674048	79748093440	580608	512	2.099568
172229857792	172229182976	674816	512	7.953700
103943328768	103942459392	869376	512	7.054604
11611186688	11610615808	570880	512	2.237592
158552839680	158552179712	659968	512	8.443135
99659395072	99658654720	740352	512	8.471896
176573703168	176572993024	710144	512	7.552576
49030397952	49029373440	1024512	512	6.421981
23575769600	23574909440	860160	512	8.043760
45598811648	45597941760	869888	512	7.903823
204710333440	204709644800	688640	512	6.866026
69746864640	69745961984	902656	512	7.361239
86426649600	86425828352	821248	512	7.878617
231369167360	231368596480	570880	512	7.275951
179438512640	179437544960	967680	512	4.423031
249058163200	249057138176	1025024	512	6.130491
166108057088	166107219456	837632	512	6.406208
213374326784	213373794304	532480	512	8.546441
40837013504	40836218880	794624	512	8.509853
100208138752	100207239168	899584	512	7.041114
41906950144	41906401280	548864	512	2.347393
223045932032	223045276160	655872	512	6.402467
70740028928	70739171840	857088	512	7.738190
121497358848	121496668672	690176	512	8.576493
124545903104	124544866816	1036288	512	5.320437
232855717376	232854743552	973824	512	8.510230
1030009856	1029476864	532992	512	4.069651
204388786176	204387962880	823296	512	5.172647
127117253632	127116231680	1021952	512	5.422001
207535944192	207534948864	995328	512	1.950940
223890796544	223889762816	1033728	512	8.247314
154483574784	154483030528	544256	512	9.575055
75865400320	75864861184	539136	512	2.115028
99745625088	99744610304	1014784	512	6.022040
101463238144	101462286848	951296	512	6.552581
163225183744	163224641536	542208	512	9.496488
100881187840	100880257024	930816	512	6.764775
1399123456	1398451712	671744	512	1.898498
249182613504	249182033408	580096	512	6.132658
238065744896	238065157120	587776	512	6.535133
105707437056	105706518016	919040	512	6.576826
136787640320	136786985984	654336	512	8.776939
176265475072	176264604160	870912	512	5.778281
222327842816	222326999040	843776	512	3.863044
157790718464	157790181376	537088	512	2.882165
33586030592	33585296896	733696	512	8.908917
145124584960	145123778048	806912	512	7.129793
122901040640	122900352000	688640	512	8.596887
11864044032	11863178240	865792	512	8.094883
222475274240	222474332160	942080	512	2.548075
146644156928	146643210752	946176	512	4.409709
67981740544	67981061632	678912	512	2.378196
13027618816	13026729472	889344	512	7.923568
144440918016	144440261120	656896	512	8.616689
118825470976	118824674304	796672	512	7.568707
59627355648	59626377216	978432	512	6.829683
227842540544	227841506816	1033728	512	8.229143
232878501888	232877673472	828416	512	3.644341
36695198720	36694413824	784896	512	8.601828
212227827712	212226994176	833536	512	4.778664
202112987648	202112310784	676864	512	6.989431
151532172800	151531207168	965632	512	3.965878
219016021504	219015209984	811520	512	4.778195
84431841792	84431040000	801792	512	8.064850
213675521536	213674884608	636928	512	7.258109
146546710016	146545871872	838144	512	6.804574
150810785280	150810137088	648192	512	8.554500
142325949952	142324903424	1046528	512	4.784408
8218120704	8217435136	685568	512	9.702216
51368610816	51367737856	872960	512	7.735446
137385000448	137384017920	982528	512	5.623767
111731750400	111730936320	814080	512	7.552596
57780061696	57779075072	986624	512	6.830945
32172816384	32171844608	971776	512	7.069385
108943711232	108943174144	537088	512	1.883446
229865095168	229864302080	793088	512	4.550324
171997343744	171996427264	916480	512	5.342530
50248687104	50247913984	773120	512	8.571233
11070772224	11069986816	785408	512	8.737624
182104326144	182103310848	1015296	512	2.547252
160387920896	160387018752	902144	512	5.739471
108815710720	108815006720	704000	512	8.547492
122074767872	122074186240	581632	512	9.602533
248428820480	248428092416	728064	512	3.832446
58776727040	58776144384	582656	512	1.958906
44729658880	44728862208	796672	512	8.478419
226069284864	226068540416	744448	512	5.218707
225347758080	225347008000	750080	512	3.670569
94619918336	94618878976	1039360	512	5.780059
226802440704	226801880576	560128	512	6.126958
248483898368	248482984448	913920	512	9.258113
182299553792	182298832384	721408	512	7.178247
143616862208	143615867392	994816	512	5.303035
67246627840	67246077440	550400	512	2.131885
62864349696	62863621120	728576	512	8.900298
227032772096	227031835648	936448	512	9.535685
96560867328	96560255488	611840	512	9.634737
223163545088	223163005952	539136	512	7.947747
134780052992	134779306496	746496	512	7.908841
84325049344	84324015104	1034240	512	5.991464
176660824064	176659851264	972800	512	3.403143
201050089472	201049268736	820736	512	5.563716
72222501376	72221632512	868864	512	7.559075
190027969024	190027051008	918016	512	4.686512
207692820480	207691889664	930816	512	3.934278
22404542976	22403639296	903680	512	7.784316
247996105728	247995369984	735744	512	3.751855
137627375616	137626625536	750080	512	7.866564
22368466944	22367818240	648704	512	1.920131
228278727168	228277905920	821248	512	2.817124
23684585472	23683944448	641024	512	3.047653
44175340544	44174776320	564224	512	3.591986
3993540096	3992724480	815616	512	8.599695
241822264320	241821658624	605696	512	6.175185
139483619840	139482870272	749568	512	7.859236
141016991744	141016205824	785920	512	7.519292
106279619584	106278811136	808448	512	7.615127
181766224896	181765279744	945152	512	4.690943
64506405888	64505836544	569344	512	3.336893
176980472832	176979680256	792576	512	5.009603
126086986240	126086064128	922112	512	6.392697
75547296256	75546341376	954880	512	6.718372
56863694336	56862774272	920064	512	7.346269
236748584960	236747836928	748032	512	4.743968
65440095744	65439430144	665600	512	9.423581
52867285504	52866748416	537088	512	3.662814
104915054080	104914399744	654336	512	9.052564
185830347264	185829661696	685568	512	7.543946
12515032064	12514437120	594944	512	2.031867
18301351936	18300317184	1034752	512	6.716562
173069678080	173068825088	852992	512	4.665525
137019794432	137018894848	899584	512	6.419980
244977250304	244976506368	743936	512	4.155281
180697589248	180696550400	1038848	512	2.292552
574895616	574131712	763904	512	9.205311
43716906496	43716139008	767488	512	8.738510
139437201920	139436187648	1014272	512	5.311800
131921456128	131920873984	582144	512	2.607818
109967625728	109966814208	811520	512	7.611545
33745710592	33744994816	715776	512	9.202772
122227637760	122226724352	913408	512	6.451740
200424884224	200423876096	1008128	512	2.036870
124266421248	124265784832	636416	512	9.092814
15196514304	15195607040	907264	512	7.761584
226758359040	226757490688	868352	512	3.539914
58521099264	58520190976	908288	512	7.448799
144297075200	144296149504	925696	512	5.997357
8995592192	8995002880	589312	512	3.572811
131700746752	131700097536	649216	512	1.919137
18134943744	18133973504	970240	512	7.262717
203637243904	203636316672	927232	512	2.612095
172381798400	172381217280	581120	512	8.950394
175026418688	175025474560	944128	512	3.677207
24603560960	24602857984	702976	512	9.439750
215512536576	215511995392	541184	512	8.243252
145054965248	145054181888	783360	512	7.396543
182530651136	182529651200	999936	512	4.084760
128437102080	128436439552	662528	512	8.790590
247561495040	247560514048	980992	512	6.837953
142698763776	142697796096	967680	512	5.548622
185902345728	185901759488	586240	512	8.673805
222472919552	222472036864	882688	512	3.356602
122655778304	122654810624	967680	512	5.935699
76519351296	76518447104	904192	512	7.156305
68500364800	68499316736	1048064	512	6.111373
204588745728	204588136448	609280	512	7.820865
187832599040	187832063488	535552	512	2.147345
187312695296	187311676416	1018880	512	2.188245
145096213504	145095238656	974848	512	4.114574
145087636480	145086712832	923648	512	6.014519
246585718272	246584691712	1026560	512	6.113870
107461846528	107461288448	558080	512	1.687298
182144525312	182143994368	530944	512	2.356271
158729772544	158728830976	941568	512	5.564298
125141925888	125140893184	1032704	512	3.963893
98245974528	98244977664	996864	512	4.783747
41445669376	41444740096	929280	512	7.364295
196032499200	196031803904	695296	512	7.026554
156098519552	156097933312	586240	512	2.243190
72730142208	72729609728	532480	512	2.356878
78212851712	78211960320	891392	512	7.248137
54180591104	54179980288	610816	512	3.122385
88966421504	88965521920	899584	512	7.013274
184608918016	184608147456	770560	512	6.612841
192976268800	192975294464	974336	512	4.002302
184387253760	184386663936	589824	512	8.617843
111507680768	111506985984	694784	512	8.680300
77000033792	76999469056	564736	512	1.913471
94510279680	94509592576	687104	512	8.945596
11874880512	11874083840	796672	512	1.778566
55164474880	55163683328	791552	512	9.784256
90404730880	90404128768	602112	512	2.833732
117466955776	117466238464	717312	512	9.737890
175337150976	175336542720	608256	512	1.732381
103802852864	103802286080	566784	512	2.949427
84697596416	84696679936	916480	512	7.036417
61982665728	61981961216	704512	512	2.177515
80106635264	80106053632	581632	512	1.736911
93715467776	93714497024	970752	512	6.449105
117350564864	117349942272	622592	512	9.216244
168330645504	168329701888	943616	512	5.347923
241054039552	241053289984	749568	512	4.066418
172698402304	172697807872	594432	512	8.892162
50801319424	50800779264	540160	512	3.631980
28797151744	28796339712	812032	512	1.742505
228475539968	228474918912	621056	512	6.865300
34867217408	34866304512	912896	512	7.543041
195925184000	195924482560	701440	512	6.918292
240266542080	240265543680	998400	512	8.647835
93407535104	93406914048	621056	512	9.557163
46499832832	46499054080	778752	512	8.668368
101721921024	101720913408	1007616	512	6.040443
50493728256	50493110784	617472	512	2.982915
189076751360	189076098560	652800	512	7.716696
50772056064	50771307008	749056	512	1.858464
208530470400	208529501696	968704	512	2.114128
124715313152	124714300416	1012736	512	5.523585
99026796032	99025786368	1009664	512	6.027527
129643496960	129642509312	987648	512	5.759850
153166433792	153165817856	615936	512	8.856514
182613680640	182612642816	1037824	512	3.697988
193196634624	193195827200	807424	512	5.949208
127489059328	127488317952	741376	512	8.084508
46313004032	46312103424	900608	512	7.676871
225473090048	225472365056	724992	512	5.439272
187427126272	187426129408	996864	512	3.807197
187088930816	187088232960	697856	512	7.486975
122975658496	122974983168	675328	512	8.748498
130638797312	130637772800	1024512	512	3.853828
105498082816	105497390080	692736	512	1.816298
136459582464	136458561536	1020928	512	5.246570
25306275840	25305385472	890368	512	7.742237
206194563584	206193643008	920576	512	4.073624
4140488704	4139905024	583680	512	2.269538
49029596672	49028901888	694784	512	9.210993
26882528256	26881998336	529920	512	2.515078
198225891328	198225314304	577024	512	8.348684
106642991104	106642420736	570368	512	1.964701
241964780032	241964109824	670208	512	5.233808
129157874176	129156936192	937984	512	6.221315
227332734976	227331790336	944640	512	2.550140
93181415424	93180597760	817664	512	7.811258
90506183680	90505335296	848384	512	7.493744
178096178688	178095211520	967168	512	4.426918
209029711360	209028835328	876032	512	2.923979
14351093760	14350391296	702464	512	9.437970
114329703936	114329097216	606720	512	9.483310
43431993856	43431212544	781312	512	8.638929
89525174784	89524246528	928256	512	6.734924
179071109120	179070327296	781824	512	6.431905
83944431104	83943797760	633344	512	9.549019
55648064512	55647126528	937984	512	7.188791
55380121600	55379380224	741376	512	8.852508
7613773312	7612815360	957952	512	7.529743
42111041536	42110473216	568320	512	3.532487
181734203392	181733258752	944640	512	4.696073
242839315456	242838574592	740864	512	4.156744
78526012928	78525274112	738816	512	8.567189
175607822336	175606985216	837120	512	4.810251
30196539904	30195835904	704000	512	9.305530
122549938176	122549240832	697344	512	1.943035
39059921920	39059240448	681472	512	2.559070
117861533696	117860716544	817152	512	7.405079
199209368064	199208332800	1035264	512	3.045487
218520011776	218518974976	1036800	512	1.907077
61406687232	61405737472	949760	512	6.936181
33982000640	33981197312	803328	512	1.852727
245343562752	245342641152	921600	512	7.754551
23088986112	23088111616	874496	512	8.028760
78073445888	78072786432	659456	512	9.303737
89960279552	89959712768	566784	512	1.774728
153195049984	153194522112	527872	512	9.759968
175135293952	175134263808	1030144	512	4.089323
146948235776	146947475456	760320	512	7.587713
160610649088	160609722880	926208	512	5.502921
46039331840	46038396928	934912	512	7.366852
83675661312	83675042816	618496	512	2.781409
173447503360	173446611456	891904	512	5.599204
159161315840	159160318976	996864	512	3.635259
102016338944	102015474176	864768	512	7.152882
59250589184	59249605632	983552	512	6.780880
190630007296	190629444608	562688	512	8.783115
227822515712	227821835264	680448	512	4.663290
183328046080	183327040512	1005568	512	2.676434
3799821824	3798844416	977408	512	7.402287
117071674368	117070688768	985600	512	5.837510
207999718400	207999183872	534528	512	8.490199
2365522432	2364787200	735232	512	2.414624
132674172416	132673407488	764928	512	7.738120
77098769920	77098150400	619520	512	9.685513
125158737920	125158146560	591360	512	9.545425
104271470592	104270860288	610304	512	2.584155
50330408448	50329374720	1033728	512	6.360895
89481205760	89480396800	808960	512	7.833758
38748779520	38748026880	752640	512	8.876669
226425533952	226424870400	663552	512	6.162976
169467743744	169466713600	1030144	512	4.130058
85902993920	85902324736	669184	512	9.214033
128448894976	128447974912	920064	512	6.426102
167421772800	167420844544	928256	512	5.463635
190912749056	190912092672	656384	512	7.712309
240961991168	240961103872	887296	512	8.928003
5806879232	5805883392	995840	512	7.237983
166811797504	166810885632	911872	512	5.638130
130312438784	130311446016	992768	512	5.693916
214151902208	214150929408	972800	512	2.092230
114731811840	114731192832	619008	512	2.478679
198081872896	198080962560	910336	512	4.544947
58437788160	58436763648	1024512	512	5.070507
235229637632	235228810752	826880	512	3.657895
136834600448	136833729536	870912	512	6.668045
191832446976	191831884288	562688	512	8.739029
142513543168	142512496640	1046528	512	4.786798
184076016128	184075140096	876032	512	5.456221
15124680704	15123813888	866816	512	8.067571
244012516352	244011565568	950784	512	7.877188
28956083200	28955254784	828416	512	8.244842
92501991936	92501364224	627712	512	2.572282
204784797696	204783764480	1033216	512	9.645658
105864250880	105863323648	927232	512	6.514394
108664982016	108664315904	666112	512	2.077637
173775142912	173774109696	1033216	512	3.993528
81368168448	81367421440	747008	512	8.519714
121004204032	121003548672	655360	512	2.045791
40602887680	40602033664	854016	512	8.113617
129198904832	129197959680	945152	512	6.178388
178671452160	178670886912	565248	512	8.863963
16826651136	16825695232	955904	512	7.340004
80324122624	80323090944	1031680	512	6.034762
49170785280	49170257920	527360	512	3.758660
239741583360	239740931584	651776	512	4.137842
35218708992	35217897472	811520	512	8.400405
190831469568	190830499328	970240	512	4.072029
39033989120	39033127424	861696	512	9.340915
157866849792	157865940992	908800	512	5.882810
28404751360	28403708928	1042432	512	6.398302
117880014336	117879050752	963584	512	6.012882
42389619712	42388818944	800768	512	8.481054
220983460864	220982747648	713216	512	6.106265
123321349120	123320454656	894464	512	6.637125
126680006656	126679223296	783360	512	7.700060
124290807808	124289775104	1032704	512	5.369634
246102772224	246102019072	753152	512	2.091244
115638346752	115637684224	662528	512	2.071382
213125190144	213124596736	593408	512	7.767096
158771373056	158770700288	672768	512	8.282327
173716645888	173715715584	930304	512	5.237685
62398261760	62397358080	903680	512	7.377371
119504149504	119503592960	556544	512	1.977140
166749398528	166748726784	671744	512	8.141085
158950980608	158950095872	884736	512	6.150964
45460367872	45459765248	602624	512	1.863852
92891388928	92890682368	706560	512	8.761921
5315707392	5315038720	668672	512	2.972839
48954877952	48953967104	910848	512	7.402491
118430547968	118429969920	578048	512	9.645053
129692193792	129691642368	551424	512	2.003135
238820807680	238819849216	958464	512	7.837392
19139062784	19138021376	1041408	512	6.659332
15769472512	15768871936	600576	512	3.359518
59476198400	59475550208	648192	512	2.739038
92053986304	92053198848	787456	512	8.034091
191236286464	191235501568	784896	512	6.214538
133032669696	133031835136	834560	512	7.116302
142067632640	142066864640	768000	512	7.535340
13196074496	13195099648	974848	512	7.195447
112015440384	112014741504	698880	512	8.575166
79496162816	79495506432	656384	512	9.342751
71452182528	71451239936	942592	512	5.616504
197922706944	197921939456	767488	512	6.111793
137560957952	137560142336	815616	512	7.255001
84472390656	84471635456	755200	512	8.445545
55624416768	55623473152	943616	512	7.072657
175842477568	175841493504	984064	512	4.612194
203414128128	203413353472	774656	512	5.878140
179345731072	179344698368	1032704	512	3.744943
170246515712	170245974016	541696	512	9.416040
34632134144	34631524864	609280	512	3.194129
233136078848	233135470080	608768	512	6.691144
18826277376	18825412096	865280	512	8.075979
143055303168	143054486016	817152	512	7.052242
192394079232	192393355776	723456	512	6.948855
30592438272	30591693824	744448	512	8.949185
226497596416	226496785408	811008	512	4.313717
209097936384	209097181184	755200	512	5.758873
36904296960	36903723008	573952	512	3.442584
184936438272	184935486464	951808	512	3.256480
12661579264	12660546048	1033216	512	6.715485
15391605248	15390692864	912384	512	7.683470
120098115584	120097529344	586240	512	2.690676
235114747904	235113877504	870400	512	3.065146
88400373760	88399464448	909312	512	6.991633
237509299712	237508764672	535040	512	7.175254
70104765952	70104103936	662016	512	9.430903
50004815872	50003889664	926208	512	7.342180
109990021632	109989156352	865280	512	7.090740
62247104512	62246137344	967168	512	6.782676
152113680896	152112715264	965632	512	5.345753
34788187648	34787559424	628224	512	3.052423
246698516992	246697582592	934400	512	8.963543
97706740736	97705810432	930304	512	6.771458
241473054720	241472049664	1005056	512	7.133603
199943071232	199942145024	926208	512	4.307397
126897754624	126896998912	755712	512	8.031520
139476950528	139476231168	719360	512	9.403531
122529182720	122528631808	550912	512	9.902704
249442533888	249441991680	542208	512	6.673476
64780376576	64779621376	755200	512	8.636407
136216716800	136216087552	629248	512	9.050167
25289504256	25288688640	815616	512	8.488300
171415746560	171415057408	689152	512	7.765407
155027061248	155026357248	704000	512	7.967710
188702009344	188701447680	561664	512	8.740920
50236248576	50235333632	914944	512	7.363750
84999890432	84999278080	612352	512	8.085028
94230589440	94229562368	1027072	512	5.885894
190529404928	190528723968	680960	512	7.368835
185105359872	185104478720	881152	512	4.048870
48777669120	48777061376	607744	512	3.073480
162511298048	162510326272	971776	512	5.019372
249931321344	249930695168	626176	512	5.417403
60984487424	60983871488	615936	512	1.845372
70655206912	70654499328	707584	512	9.044928
123490509824	123489546240	963584	512	5.859894
205603584000	205603022848	561152	512	9.760543
198756028416	198755483136	545280	512	8.751694
189792475136	189791923200	551936	512	8.912825
233512468480	233511694848	773632	512	3.035092
103286978048	103286196736	781312	512	7.884241
37197219840	37196648448	571392	512	2.153347
124287411200	124286452224	958976	512	6.025022
162625353216	162624787968	565248	512	9.236645
238063889920	238062964224	925696	512	8.324836
15320143872	15319286784	857088	512	8.156552
36745766400	36745114624	651776	512	9.687802
247871881728	247871117824	763904	512	3.317915
196306910208	196305883136	1027072	512	2.169991
229667373056	229666591744	781312	512	4.727029
245089566720	245088593408	973312	512	7.641008
45891028480	45890148864	879616	512	7.801497
237102113280	237101519360	593920	512	6.323253
78757642240	78756873728	768512	512	8.374559
7765504000	7764595712	908288	512	7.942380
247250173952	247249492480	681472	512	3.237461
128829103616	128828264960	838656	512	7.178660
164539430912	164538578944	851968	512	6.262824
84196080128	84195067392	1012736	512	6.196635
10206811136	10206083584	727552	512	9.184646
21909361152	21908615168	745984	512	2.160573
175568266752	175567595008	671744	512	9.344272
176147864064	176147198976	665088	512	8.028597
193215815168	193215027200	787968	512	6.156068
203354045952	203353173504	872448	512	4.695432
166526995456	166526211072	784384	512	6.969574
104364880384	104364327424	552960	512	1.728468
203435581440	203434817024	764416	512	5.966289
121806520832	121805925376	595456	512	2.586707
188178589696	188177759744	829952	512	5.641482
86896418816	86895709184	709632	512	1.948731
61650925568	61650235904	689664	512	9.184485
141568105984	141567109120	996864	512	5.262422
216546901504	216546192384	709120	512	6.114944
233845139456	233844103680	1035776	512	7.681260
210147076096	210146216960	859136	512	4.503388
201407762432	201406833152	929280	512	2.927562
95698323968	95697737216	586752	512	2.938595
67750536704	67749626880	909824	512	7.282971
73358471680	73357821952	649728	512	9.542804
178873260544	178872572928	687616	512	7.534336
102710177280	102709420032	757248	512	8.081908
191375055872	191374167552	888320	512	5.013727
16297963520	16297345024	618496	512	1.837001
114060876800	114060310016	566784	512	2.967698
202239371776	202238380544	991232	512	1.871411
54876243968	54875239424	1004544	512	6.620818
2265597952	2264930304	667648	512	1.908522
249263158272	249262558720	599552	512	5.815185
171800550400	171799621632	928768	512	5.225705
228845448704	228844551680	897024	512	3.128294
6503872000	6502912000	960000	512	7.542319
92314953216	92314265088	688128	512	2.096456
195744728576	195744126464	602112	512	9.488374
89022564864	89021703168	861696	512	7.318593
12518489088	12517615104	873984	512	8.011373
116833349120	116832746496	602624	512	9.423745
163806529536	163805699072	830464	512	6.573530
115992657408	115991726592	930816	512	6.448090
14529075712	14528109056	966656	512	7.283076
67464571904	67463933952	637952	512	9.642485
82030559744	82029830656	729088	512	8.749395
42581142016	42580266496	875520	512	7.865243
40659783680	40659169280	614400	512	1.806065
119368082432	119367386112	696320	512	8.534906
91307406336	91306681856	724480	512	8.610466
183920765952	183919907328	858624	512	5.633775
215913044992	215912014336	1030656	512	2.005139
190169362944	190168815104	547840	512	2.000369
79918767104	79917787136	979968	512	6.492545
49289831936	49288786944	1044992	512	4.900361
61460185088	61459641344	543744	512	2.272092
154407966720	154406955008	1011712	512	4.816137
113116601344	113115728384	872960	512	7.031465
132407941120	132407260672	680448	512	8.536141
167047281664	167046522368	759296	512	7.164349
237074347520	237073799680	547840	512	7.009132
190008840704	190008011264	829440	512	5.695822
2247098880	2246514176	584704	512	2.364317
235644809216	235644278784	530432	512	7.765448
123691452928	123690559488	893440	512	6.668629
50463654400	50463033856	620544	512	1.956175
149096292864	149095634432	658432	512	8.612909
100675271168	100674725376	545792	512	2.029385
231763605504	231762704896	900608	512	2.641508
9688811520	9688009216	802304	512	1.898634
238976170496	238975235072	935424	512	9.568035
216057388032	216056550400	837632	512	3.097260
146344770560	146343905280	865280	512	6.533875
83080332800	83079448576	884224	512	7.324691
41900517888	41899725312	792576	512	1.815437
245705168384	245704516096	652288	512	3.646422
51777549824	51776991744	558080	512	3.480157
178472254464	178471224320	1030144	512	2.353376
134177919488	134177000960	918528	512	6.275550
209959471104	209958923776	547328	512	8.324892
222619699712	222618771456	928256	512	2.736447
50911119360	50910240768	878592	512	7.702380
219925925888	219925236224	689664	512	6.339953
98733617152	98732931584	685568	512	2.068627
105347609600	105347041792	567808	512	2.967697
40581491712	40580635136	856576	512	7.994060
198747694592	198747161600	532992	512	1.994739
77733588992	77732619264	969728	512	5.200564
127390684672	127389996032	688640	512	1.693629
87910385664	87909520384	865280	512	7.442792
172222100480	172221488640	611840	512	8.589246
166486018048	166484979200	1038848	512	2.966434
5389234176	5388697088	537088	512	2.631767
191282265088	191281589248	675840	512	7.430390
134331996672	134331168256	828416	512	7.094567
53293291008	53292758016	532992	512	2.381632
199938089472	199937549824	539648	512	8.822929
65005258752	65004676608	582144	512	3.244996
42082514432	42081955328	559104	512	3.529526
221204626944	221203831808	795136	512	3.616782
23542745600	23541886464	859136	512	8.223636
49184156160	49183407104	749056	512	8.793195
219961043456	219960419328	624128	512	7.185817
144871652352	144870974464	677888	512	8.395130
226106878464	226106266624	611840	512	5.350673
144467477504	144466530816	946688	512	5.769314
190001780224	190000986624	793600	512	6.058338
198575591936	198574721024	870912	512	4.962180
40359248384	40358631424	616960	512	3.114289
182187381760	182186567168	814592	512	6.107833
148995889664	148995313152	576512	512	2.537886
155393670656	155393051648	619008	512	8.850588
180771950592	180771175424	775168	512	6.574310
77380795904	77379885568	910336	512	7.068272
104304620544	104304091648	528896	512	1.960123
102031467520	102030462976	1004544	512	5.788351
119783749120	119783153152	595968	512	2.572619
97568325120	97567714304	610816	512	9.630717
27828168192	27827483648	684544	512	9.443901
122814005248	122812994048	1011200	512	5.519851
176498422784	176497393664	1029120	512	2.785867
112092108288	112091110912	997376	512	5.869364
115618287616	115617342976	944640	512	6.355486
242694738432	242694066688	671744	512	3.858478
48243173888	48242639360	534528	512	3.701207
247195330048	247194406912	923136	512	7.714206
80449180160	80448230912	949248	512	6.773113
76764208640	76763272192	936448	512	6.910363
192434485248	192433635840	849408	512	5.452116
52264446976	52263763456	683520	512	9.366664
140595513856	140594521088	992768	512	4.156942
155121434624	155120513536	921088	512	5.757837
151219665920	151218840064	825856	512	6.744212
192378087936	192377121792	966144	512	2.747658
33143405568	33142691328	714240	512	9.209460
36586641920	36585984000	657920	512	9.630706
173350778880	173349888000	890880	512	5.614052
8472485888	8471468544	1017344	512	7.112889
171811914240	171811241984	672256	512	7.942083
106914360320	106913394176	966144	512	6.112042
61148883968	61148331008	552960	512	2.202329
215684705792	215683966976	738816	512	5.781421
211129229824	211128462848	766976	512	5.600003
42746140160	42745178624	961536	512	7.133209
22907344384	22906320896	1023488	512	6.800715
180654142464	180653192704	949760	512	3.281438
180368325120	180367292928	1032192	512	3.709898
1292072448	1291527680	544768	512	3.997131
178759752192	178759119872	632320	512	8.185227
165250052096	165249024000	1028096	512	4.328635
242234165248	242233320960	844288	512	2.654617
77742476800	77741547520	929280	512	6.916654
5001237504	5000515072	722432	512	2.547532
108115534848	108114921984	612864	512	2.590422
232677682688	232676789760	892928	512	9.596756
197652528640	197651691520	837120	512	4.000582
169045861376	169045321216	540160	512	9.333462
141051801088	141050884096	916992	512	6.266411
129619855872	129619301888	553984	512	9.863691
222327768576	222326813184	955392	512	9.275110
106918555136	106917912064	643072	512	9.160188
131460067840	131459406336	661504	512	8.725899
10248937472	10247896576	1040896	512	6.727746
238494114816	238493452288	662528	512	5.364636
7619268096	7618467328	800768	512	8.780459
181225696256	181224898560	797696	512	6.342991
3252980736	3252037120	943616	512	7.672246
111363283456	111362637312	646144	512	2.198610
52439361024	52438576128	784896	512	1.930660
197743312384	197742740992	571392	512	8.450150
40903274496	40902715904	558592	512	3.613268
245268416512	245267739648	676864	512	4.612853
59856492032	59855863808	628224	512	2.929497
76394219520	76393286656	932864	512	6.904044
31088822784	31087988224	834560	512	9.565919
129628057088	129627138560	918528	512	6.479147
96668532224	96667645440	886784	512	7.137453
135260825600	135260220928	604672	512	9.285740
122721730048	122720842240	887808	512	6.714717
231315687936	231314807808	880128	512	2.928011
223892954112	223892408320	545792	512	9.205306
69062983680	69062316032	667648	512	9.396077
147367782400	147366770176	1012224	512	5.119115
217894698496	217893842432	856064	512	4.177674
969118208	968563200	555008	512	2.552183
105859059712	105858429440	630272	512	9.272389
19613215232	19612497408	717824	512	9.304768
203245996544	203245379584	616960	512	7.744543
28408012800	28407458816	553984	512	3.659910
66785589248	66785063936	525312	512	2.341314
246641500672	246640809472	691200	512	2.940399
90131803136	90130820608	982528	512	6.279878
195417007104	195416037888	969216	512	3.814535
229111912448	229111002112	910336	512	2.031984
115713340416	115712505344	835072	512	7.425367
222745610240	222744674304	935936	512	9.530697
70628818944	70627903488	915456	512	7.250017
158033874432	158033105408	769024	512	8.662575
236063333376	236062807040	526336	512	7.818690
214729767424	214729125376	642048	512	7.252654
229446874112	229445924352	949760	512	9.361568
152557853696	152557195264	658432	512	8.442353
159187024896	159186047488	977408	512	5.221634
118009832448	118008912896	919552	512	6.398321
139483848704	139483137024	711680	512	8.240523
14736596992	14735723520	873472	512	8.048504
160298512896	160297471488	1041408	512	4.261565
173958317056	173957432832	884224	512	5.571810
33229161472	33228534272	627200	512	3.037319
128624238080	128623708160	529920	512	1.843280
221558473216	221557721600	751616	512	5.086885
102302686720	102301725696	961024	512	6.165340
15291604480	15291005952	598528	512	1.998368
226548421120	226547844096	577024	512	7.463421
229817264128	229816730624	533504	512	8.026513
239935073792	239934283264	790528	512	3.441332
130073284608	130072495616	788992	512	7.671106
193863032320	193862376448	655872	512	7.657341
97938851328	97938300416	550912	512	1.917415
225960522752	225959855104	667648	512	4.875832
47608633856	47607926784	707072	512	9.140395
141060424192	141059495424	928768	512	6.132160
173955177472	173954340864	836608	512	6.221209
115754759168	115753872896	886272	512	6.896646
125829274112	125828494848	779264	512	7.748436
149705464832	149704429056	1035776	512	4.893760
181052966912	181052198400	768512	512	6.636583
42180135424	42179572736	562688	512	2.280092
132899304448	132898397696	906752	512	4.987087
180864019968	180863009792	1010176	512	3.982568
49678699520	49677927424	772096	512	8.575969
52054128640	52053481984	646656	512	9.623124
182131565568	182130836480	729088	512	7.065502
200601581568	200600828416	753152	512	6.328819
194946181120	194945300992	880128	512	3.765304
39131323904	39130677248	646656	512	2.857938
127996676608	127996004352	672256	512	8.739574
174504196608	174503636480	560128	512	9.119190
20725865472	20725133312	732160	512	9.192609
118515006464	118514148864	857600	512	6.991916
93497485824	93496585728	900096	512	6.972265
39076926464	39076201472	724992	512	9.252467
222400292352	222399668736	623616	512	6.804993
218063360000	218062702592	657408	512	6.756794
249433235456	249432707072	528384	512	6.949833
209237566464	209236547072	1019392	512	9.403692
245621139456	245620421632	717824	512	3.986552
248165735424	248165001728	733696	512	3.786541
120784932352	120784294400	637952	512	9.073363
151058598912	151057909760	689152	512	8.156632
94418149888	94417495552	654336	512	9.233970
229597577216	229596589056	988160	512	1.953495
34525516800	34524779520	737280	512	9.001958
219535337984	219534522368	815616	512	4.748594
176092787712	176091797504	990208	512	4.553446
38247013376	38246214656	798720	512	8.505128
43112214528	43111223808	990720	512	6.971891
165987500544	165986461696	1038848	512	2.984261
97279925248	97279346176	579072	512	1.736476
197929577984	197928725504	852480	512	5.183363
227048515072	227047608832	906240	512	3.031690
194137657344	194136790528	866816	512	5.261584
152075934720	152075039744	894976	512	6.028826
160299710464	160298789376	921088	512	5.592478
175647552000	175646511104	1040896	512	4.046330
25332086272	25331229696	856576	512	8.161614
145651201024	145650541056	659968	512	8.605344
172624435712	172623529984	905728	512	4.076909
244418180608	244417408512	772096	512	3.715181
23801582592	23800541696	1040896	512	6.649718
187443774464	187442950144	824320	512	5.752038
173120115712	173119276032	839680	512	6.154579
233119674368	233119148544	525824	512	7.801276
229325359104	229324692480	666624	512	6.236321
15229422080	15228393984	1028096	512	6.777349
114317386752	114316369408	1017344	512	5.678476
158899855872	158899258368	597504	512	9.067708
72183756288	72183072768	683520	512	9.226611
196431857664	196430947328	910336	512	4.497572
27779468288	27778783232	685056	512	9.414791
126558071808	126557183488	888320	512	6.672666
77615757312	77614895104	862208	512	8.832681
38974807552	38973779456	1028096	512	6.588579
72177708032	72177046016	662016	512	9.401434
139016048128	139015272448	775680	512	7.602908
61524415488	61523835392	580096	512	1.862997
140267981824	140267354112	627712	512	2.178779
80954704384	80953985536	718848	512	8.757390
131249039360	131248353280	686080	512	8.506460
119734134784	119733608960	525824	512	3.248303
66250420224	66249498112	922112	512	7.138733
168573161984	168572142080	1019904	512	4.243852
43310471168	43309557248	913920	512	7.533677
173131428352	173130828288	600064	512	1.835049
4026977280	4025951232	1026048	512	7.009776
19344340992	19343398912	942080	512	7.451139
99707461632	99706756096	705536	512	1.897367
200069534720	200068698112	836608	512	5.345800
71147978752	71147399680	579072	512	1.899431
220168844800	220167802368	1042432	512	8.722037
196970889216	196970140160	749056	512	6.333757
118257241600	118256366592	875008	512	6.813263
235846069248	235845144576	924672	512	2.244990
73193728512	73193029632	698880	512	2.283044
100637349376	100636533760	815616	512	9.154996
237911457280	237910579200	878080	512	2.112031
92487282176	92486365696	916480	512	6.875645
39537866752	39537268224	598528	512	3.287804
106445211136	106444667392	543744	512	1.818015
105087264256	105086646784	617472	512	2.518032
159164385792	159163405824	979968	512	5.178502
26132970496	26132195328	775168	512	8.806045
149089766400	149089143808	622592	512	9.004882
17327695360	17326652416	1042944	512	6.641483
138504960512	138504074752	885760	512	6.559649
217909573632	217908705792	867840	512	4.081968
172542920704	172542228992	691712	512	7.734365
101559229952	101558221824	1008128	512	6.048166
106481026048	106480359424	666624	512	2.041867
26347989504	26347210752	778752	512	8.803111
