base_offset	offset	absdelta	probe_length	millis
11944063488	11939236352	4827136	512	54.341440
55659976192	55651966976	8009216	512	2.352502
26053846528	26048388608	5457920	512	6.601776
107042636800	107034700800	7936000	512	4.803626
232793085952	232788211712	4874240	512	2.621367
116274726400	116267625472	7100928	512	4.295699
238982477312	238974171136	8306176	512	5.334508
70331715072	70325044224	6670848	512	5.719802
37057933824	37049662976	8270848	512	2.968406
174710426112	174702875136	7550976	512	4.752091
116267170816	116260973568	6197248	512	5.960840
187562527744	187555944448	6583296	512	3.632974
19566264832	19559342080	6922752	512	8.412497
166148293632	166143226880	5066752	512	3.530754
189747058176	189739506688	7551488	512	7.723191
149923717120	149915616768	8100352	512	10.046043
21744052224	21739388416	4663808	512	4.830853
29866865152	29858663936	8201216	512	3.534909
161888995328	161880918016	8077312	512	9.647926
23308036608	23301369344	6667264	512	3.646521
44974203904	44968220160	5983744	512	8.165980
169950173184	169945900544	4272640	512	5.334671
231610813952	231603006976	7806976	512	6.038803
127127497216	127120987136	6510080	512	9.871816
129681118208	129674791424	6326784	512	4.722960
194693657088	194687760384	5896704	512	3.208580
171883333632	171876428800	6904832	512	4.777775
177831452672	177823790080	7662592	512	9.016460
62839159296	62833039360	6119936	512	3.767202
158386913792	158382327296	4586496	512	2.997775
38117923328	38112782848	5140480	512	8.286292
47295957504	47289994752	5962752	512	8.326831
13999904256	13994901504	5002752	512	8.664969
162901362176	162896662016	4700160	512	8.954187
183292444672	183285571584	6873088	512	9.408974
229898996224	229893358592	5637632	512	9.958667
6363154432	6355559936	7594496	512	4.698742
33779032576	33772892672	6139904	512	6.896274
52602534912	52594594304	7940608	512	4.266940
196456291840	196449571840	6720000	512	6.957185
165836000768	165831115776	4884992	512	5.687294
201018700288	201014087680	4612608	512	10.819186
145384951296	145376706048	8245248	512	3.793788
162853759488	162848710656	5048832	512	3.977089
160256191488	160250372096	5819392	512	5.633169
44783900672	44779292672	4608000	512	5.878394
127053624832	127045937152	7687680	512	5.616605
209924868608	209920411136	4457472	512	9.542942
158045887488	158039913472	5974016	512	4.067212
109579760128	109573864448	5895680	512	1.709472
53299212800	53292911104	6301696	512	3.058850
109931806720	109926303744	5502976	512	6.700520
175837217792	175831836160	5381632	512	7.207448
211353715712	211349400576	4315136	512	4.400732
27412358144	27408107520	4250624	512	7.423497
147374377984	147366684160	7693824	512	2.376559
165999116800	165990978048	8138752	512	9.014828
123077257728	123069101568	8156160	512	9.441501
28331625472	28325863424	5762048	512	1.749552
108300028928	108293028864	7000064	512	6.621698
121029579776	121023428608	6151168	512	6.305880
136794285568	136789154816	5130752	512	8.077959
215861135360	215854724096	6411264	512	3.805097
145990607872	145982828544	7779328	512	9.765486
238042766336	238035319296	7447040	512	4.274960
217012565504	217004841472	7724032	512	9.144985
114066496512	114060264448	6232064	512	6.848335
158426705920	158420966912	5739008	512	6.453836
230993876992	230985880576	7996416	512	9.975563
209531436544	209524119040	7317504	512	10.019804
80636658688	80631270912	5387776	512	2.012779
165966467072	165961491968	4975104	512	6.082994
39018458112	39010626560	7831552	512	4.972665
229098306048	229090167808	8138240	512	4.446823
98368438272	98360332800	8105472	512	5.560904
18605877248	18600487424	5389824	512	7.200752
24269083648	24262229504	6854144	512	9.041432
239017053184	239010766336	6286848	512	6.268726
140683727872	140678091264	5636608	512	8.468020
79688733696	79681325056	7408640	512	6.180936
75838534144	75833306112	5228032	512	4.797566
109248401920	109242673664	5728256	512	3.288325
65252736000	65245940736	6795264	512	6.232007
72852919808	72846443008	6476800	512	8.996933
98650170880	98643121664	7049216	512	9.540622
191196655616	191190159872	6495744	512	4.666470
241515010560	241507983872	7026688	512	10.504883
1329909248	1323087360	6821888	512	3.883590
201871519232	201863624704	7894528	512	4.409352
98381054464	98376627200	4427264	512	2.851077
53666450944	53659825152	6625792	512	8.539365
79138101760	79133689344	4412416	512	10.548130
214421212160	214413022720	8189440	512	4.666051
40837114368	40829300736	7813632	512	6.748791
221343094784	221337600000	5494784	512	1.993099
196679278080	196671869440	7408640	512	7.164326
22986866688	22979162112	7704576	512	2.106850
245721114112	245716879360	4234752	512	5.921167
161644443136	161636713984	7729152	512	4.933449
25397130752	25389414400	7716352	512	8.644901
70310644224	70304171008	6473216	512	9.007927
6994909696	6988733440	6176256	512	8.917695
114252827136	114247723008	5104128	512	3.542452
27545862656	27540755968	5106688	512	8.573516
213430503424	213426106880	4396544	512	2.009143
196510990848	196505709056	5281792	512	9.705659
130205160448	130199381504	5778944	512	1.674777
96788669952	96780669952	8000000	512	6.500875
107763727360	107757895168	5832192	512	2.331940
223261638656	223255860224	5778432	512	9.633235
65297453568	65291598848	5854720	512	7.413488
194061385216	194053343744	8041472	512	9.048716
154903684608	154897195520	6489088	512	5.706786
235658670592	235651102208	7568384	512	10.692789
37028063232	37022961664	5101568	512	8.597895
214934809600	214929545728	5263872	512	6.424019
21479753216	21473223680	6529536	512	4.777094
156175972864	156169483264	6489600	512	4.051407
41032176128	41024560640	7615488	512	8.456258
190411182080	190403094528	8087552	512	7.139936
216998148608	216992554496	5594112	512	7.311836
175109913088	175103143936	6769152	512	6.244187
135880634880	135875201024	5433856	512	3.757574
108488599552	108480704000	7895552	512	5.264567
97041442304	97033270784	8171520	512	5.061040
141220588544	141216343040	4245504	512	8.939972
67261089280	67254503936	6585344	512	8.040853
153738835456	153733853184	4982272	512	7.282993
46489281536	46483506688	5774848	512	2.997268
114859251200	114852041728	7209472	512	9.898748
219426803712	219419764736	7038976	512	2.702735
131246430720	131238792704	7638016	512	3.106193
102138706432	102131749376	6957056	512	7.024697
83047224320	83039789056	7435264	512	4.539414
249861804032	249855107584	6696448	512	9.185419
77523620864	77516244992	7375872	512	6.501316
159303353856	159296060416	7293440	512	4.396565
115926624768	115921930240	4694528	512	5.915053
100738180608	100732459008	5721600	512	6.349735
188904154112	188899924992	4229120	512	9.731584
130683872768	130677054976	6817792	512	5.591190
231491883520	231484474880	7408640	512	4.665922
48839283200	48831203328	8079872	512	9.985176
90908600320	90901850624	6749696	512	9.434248
119257283584	119251589632	5693952	512	3.835583
95909147136	95901795328	7351808	512	5.444561
165187908096	165182493184	5414912	512	8.402116
88862491136	88856171520	6319616	512	9.207562
83900179968	83892163072	8016896	512	7.730783
191169799680	191165241856	4557824	512	5.996163
230849628160	230843348992	6279168	512	5.137182
71517172224	71509875200	7297024	512	8.742611
59034003456	59028702720	5300736	512	5.985854
69230957056	69223771648	7185408	512	2.916603
230055859200	230049479168	6380032	512	4.372882
2687211008	2681952256	5258752	512	9.368251
55808916992	55802819584	6097408	512	4.713363
33622904832	33616026112	6878720	512	7.684604
165855188480	165849437696	5750784	512	4.953241
53325443072	53320749568	4693504	512	2.909684
13548980736	13542866432	6114304	512	8.142762
128902899200	128894902784	7996416	512	2.690404
185548188672	185543896064	4292608	512	2.163739
199695761408	199690258432	5502976	512	8.748820
22067718656	22062334464	5384192	512	7.193799
58714411008	58708034560	6376448	512	2.423814
183641593856	183635230208	6363648	512	7.949458
12771108352	12763518976	7589376	512	9.976264
3015336448	3007332864	8003584	512	8.215740
223865909248	223859925504	5983744	512	4.182823
42461428224	42453756928	7671296	512	9.292142
23776125440	23769204224	6921216	512	8.486893
99826593280	99820715008	5878272	512	4.959947
216631805440	216624823296	6982144	512	4.808599
13247762432	13239513600	8248832	512	4.604900
119074550272	119067085824	7464448	512	9.079746
229322756096	229315719680	7036416	512	6.703111
14638625280	14633545728	5079552	512	9.609701
237738073600	237730207232	7866368	512	4.995005
182441900032	182436711936	5188096	512	7.419558
110188791808	110181212672	7579136	512	6.688036
123911025152	123906523136	4502016	512	8.242540
203107958784	203101139968	6818816	512	3.539168
109122302976	109117983232	4319744	512	2.600227
135081563136	135074417664	7145472	512	2.431807
211672827904	211667413504	5414400	512	4.582264
52518868480	52513729536	5138944	512	7.440780
209462297600	209457668608	4628992	512	7.383567
36247672320	36241641984	6030336	512	7.747175
207674471424	207666884096	7587328	512	9.475340
84661756928	84654833664	6923264	512	3.618576
182852487680	182845944832	6542848	512	6.251819
200962502144	200958104576	4397568	512	6.490357
68888974848	68882116608	6858240	512	5.695195
33041049088	33033302016	7747072	512	7.290902
69170415104	69165040128	5374976	512	3.221296
209675779072	209669829120	5949952	512	3.412726
217024752640	217017166336	7586304	512	2.635995
90546601472	90538563584	8037888	512	6.236442
194582796288	194577050112	5746176	512	4.819596
80791428608	80784508928	6919680	512	3.643250
118962788352	118957441024	5347328	512	7.120090
201016118272	201008553472	7564800	512	10.757747
99459161600	99451866112	7295488	512	5.952075
68645418496	68638472704	6945792	512	5.010021
143338510848	143334142464	4368384	512	7.707645
213898571776	213892341760	6230016	512	8.247405
96423033856	96416910848	6123008	512	2.707254
99712623616	99706300416	6323200	512	7.829258
181121053184	181116108288	4944896	512	9.841201
40475387904	40467126784	8261120	512	3.008347
63212457472	63206262272	6195200	512	3.273681
223216945152	223211991040	4954112	512	5.581389
170573757952	170567042048	6715904	512	6.786941
146556646912	146551214080	5432832	512	9.330845
2985350144	2977675776	7674368	512	10.881946
50751955456	50744890880	7064576	512	3.366001
94086119424	94080468480	5650944	512	5.557141
56580618752	56574582784	6035968	512	6.630398
59950641664	59944372736	6268928	512	3.336968
72590143488	72581911552	8231936	512	7.669674
343144448	337167360	5977088	512	2.308872
84301730304	84295822336	5907968	512	5.674012
60941018112	60934812672	6205440	512	5.187055
91271894016	91267206144	4687872	512	8.738550
43224311296	43216583680	7727616	512	5.988623
131065545216	131060462592	5082624	512	8.629860
165766753280	165759367680	7385600	512	1.735760
123030301696	123025973248	4328448	512	2.039016
159783380992	159776903168	6477824	512	4.363590
169578358272	169570702848	7655424	512	5.032764
245366401536	245360622592	5778944	512	2.762625
167775517696	167767805952	7711744	512	5.186270
138886012928	138879426048	6586880	512	9.194915
55502298624	55497027584	5271040	512	4.875125
179541203968	179535459840	5744128	512	8.162447
64848396288	64842570240	5826048	512	6.065889
126583655936	126575437312	8218624	512	8.829911
38855462400	38849112576	6349824	512	3.785016
118684435968	118677646848	6789120	512	7.271992
51776010752	51768393728	7617024	512	7.017641
229779919360	229773233152	6686208	512	3.117554
21881975296	21875375104	6600192	512	4.202578
166277137408	166272122880	5014528	512	5.667412
233106663424	233102327296	4336128	512	3.211743
57836759552	57830017536	6742016	512	7.540535
127665392640	127659338240	6054400	512	5.687191
190941353472	190936706048	4647424	512	4.956050
119951085056	119946419200	4665856	512	5.353480
216400410624	216392254464	8156160	512	10.536511
26119199744	26114322944	4876800	512	9.668570
56435834880	56430244864	5590016	512	2.177178
39598204928	39589958144	8246784	512	3.089453
141486021632	141479385600	6636032	512	5.956384
114487058944	114479896576	7162368	512	5.117559
90700996096	90693121536	7874560	512	8.995498
239973652480	239966667264	6985216	512	4.206989
122623260160	122616719872	6540288	512	9.597718
142291557376	142287132160	4425216	512	7.118516
62324756992	62317286400	7470592	512	7.402435
30498995712	30494019584	4976128	512	7.997809
54578381824	54570742784	7639040	512	5.212910
71676029952	71670812672	5217280	512	4.683635
203123727360	203115514880	8212480	512	8.852598
178769844224	178763527680	6316544	512	8.769093
245389199360	245383297536	5901824	512	9.144519
10567111168	10561995776	5115392	512	9.313917
51734493696	51728424960	6068736	512	6.372465
62789609472	62782765056	6844416	512	5.808145
33059783168	33054227456	5555712	512	3.530138
44639751168	44635337728	4413440	512	7.505008
47427702272	47422303744	5398528	512	5.194274
72312385024	72305530368	6854656	512	5.701637
235473400320	235466766336	6633984	512	8.502215
17399881216	17392803840	7077376	512	7.247609
197365143552	197359040512	6103040	512	8.644176
76489796096	76483809280	5986816	512	4.939361
152923584000	152918740992	4843008	512	8.659770
65243087872	65238468096	4619776	512	2.666428
116680226816	116672142336	8084480	512	8.730831
152135031296	152130626048	4405248	512	6.230365
191778254848	191773975040	4279808	512	9.156125
213483569152	213477713408	5855744	512	4.579758
77663374848	77656194560	7180288	512	9.624810
149642190848	149636116480	6074368	512	4.615298
216114905088	216109796864	5108224	512	8.002923
226733813760	226727584256	6229504	512	10.616931
204448872448	204441253888	7618560	512	9.085603
104986983424	104979757568	7225856	512	4.477755
210344633856	210337404928	7228928	512	4.123361
149138789888	149133015040	5774848	512	7.533870
53273139200	53267901440	5237760	512	6.577301
192794070528	192786570752	7499776	512	8.303972
164868014080	164861401600	6612480	512	9.741065
101175333376	101170547200	4786176	512	7.875153
159977025024	159968697856	8327168	512	9.077656
107751585280	107744394752	7190528	512	4.851366
165271547904	165264324608	7223296	512	3.386300
184899257344	184892160000	7097344	512	5.565275
89050281984	89045813248	4468736	512	2.475019
170371215872	170365409280	5806592	512	9.625919
15228335616	15223173632	5161984	512	8.996416
233033640960	233029156864	4484096	512	9.432925
68861433856	68855287296	6146560	512	1.980624
76706505728	76698275328	8230400	512	4.234257
197816119808	197811856896	4262912	512	7.901728
152756881408	152751514112	5367296	512	1.993379
9726799360	9721925632	4873728	512	4.148651
64881175040	64875724288	5450752	512	2.618527
66292630016	66287809536	4820480	512	9.438382
154706074112	154700750848	5323264	512	2.408026
67164371456	67159363072	5008384	512	7.834329
103186573312	103180290560	6282752	512	6.380995
206439172096	206432435712	6736384	512	4.521116
188041421312	188036774400	4646912	512	4.977268
134125616128	134119163392	6452736	512	9.277760
86528293376	86522253312	6040064	512	9.824283
203105952768	203100234752	5718016	512	2.924690
214049890304	214042455552	7434752	512	8.545921
213978272256	213973096448	5175808	512	7.528510
178275639808	178270228992	5410816	512	3.490638
131774919680	131768795648	6124032	512	5.440643
55634579968	55629380608	5199360	512	6.863783
169827253760	169822111232	5142528	512	2.934838
240152845824	240144747520	8098304	512	8.453864
117874310144	117866455040	7855104	512	3.998689
83911793152	83905299968	6493184	512	7.397089
220523307008	220516790272	6516736	512	2.493858
199213888000	199208011264	5876736	512	8.481036
129162074112	129155454464	6619648	512	8.835124
153356244992	153349221376	7023616	512	8.525218
114414466560	114409591296	4875264	512	5.664871
179949574656	179942668288	6906368	512	2.249299
47626414592	47619638784	6775808	512	8.641597
156264417792	156257724928	6692864	512	2.271740
61652623872	61647785984	4837888	512	9.311919
136970655744	136963236864	7418880	512	8.036080
245005332480	244996977152	8355328	512	4.659399
213352813568	213347149312	5664256	512	8.374342
95965692928	95959779840	5913088	512	3.249359
191561853952	191554801152	7052800	512	5.147870
160514649600	160507582976	7066624	512	5.011931
19801666048	19793632256	8033792	512	4.727880
11406990336	11402788864	4201472	512	8.271732
232948790272	232942817280	5972992	512	10.766787
127604588544	127597583360	7005184	512	5.169179
247433929728	247428353024	5576704	512	7.255639
35197765632	35189640704	8124928	512	4.168563
190667993600	190659849728	8143872	512	5.083981
103359244288	103350909440	8334848	512	9.308352
154739543552	154733090816	6452736	512	6.080930
137618549760	137613679104	4870656	512	3.788903
79254242816	79248508928	5733888	512	7.209955
16109282304	16102387712	6894592	512	8.684790
156714388480	156707757568	6630912	512	2.809556
22103696384	22096510976	7185408	512	6.409278
42736308224	42729798656	6509568	512	2.499072
180895668224	180888888320	6779904	512	2.014836
206523105280	206516961280	6144000	512	4.754321
6456283136	6449700352	6582784	512	5.832589
213274004992	213267434496	6570496	512	4.059134
74404700160	74396807680	7892480	512	8.777653
95186700800	95181938176	4762624	512	8.080476
79103751168	79096200192	7550976	512	4.935427
126775919104	126770099712	5819392	512	9.511073
151134158336	151127825408	6332928	512	7.312455
99660171776	99653326336	6845440	512	1.760651
152707804160	152702398976	5405184	512	2.941654
125995854848	125991303680	4551168	512	6.436392
205634547712	205628612096	5935616	512	7.267482
187990310400	187982080000	8230400	512	5.559176
69208586752	69203821568	4765184	512	1.684473
43288439808	43281972224	6467584	512	4.165923
152617138688	152610144256	6994432	512	7.477572
216974559232	216970065408	4493824	512	7.560595
76123733504	76118331392	5402112	512	3.246966
182219719168	182211917824	7801344	512	7.515973
22110509056	22105160192	5348864	512	6.157626
112364685312	112360235008	4450304	512	8.195600
21040780800	21033433088	7347712	512	5.030515
102565399552	102557208064	8191488	512	2.408133
118283193344	118278360576	4832768	512	5.119036
84114635776	84107026944	7608832	512	4.363843
249827591680	249821019136	6572544	512	5.643715
241497811968	241489747968	8064000	512	8.954644
114997449728	114991709696	5740032	512	4.557083
222117431296	222111425024	6006272	512	5.289264
246129666560	246122493952	7172608	512	3.222046
155173109760	155166051328	7058432	512	6.791149
58215052288	58207078912	7973376	512	3.990365
133990754304	133982952448	7801856	512	2.981861
65288929792	65284206592	4723200	512	2.056552
472787968	467448832	5339136	512	8.717503
238040795136	238033555456	7239680	512	7.358257
41365961728	41361321984	4639744	512	4.182181
236268442112	236260533248	7908864	512	4.587513
101097524224	101090653696	6870528	512	2.865191
69994918400	69987021312	7897088	512	2.287619
205251889152	205246947328	4941824	512	5.411434
86399170048	86390796800	8373248	512	4.599944
189012894208	189005009920	7884288	512	2.551038
213149003776	213143219200	5784576	512	8.230725
218462341120	218457926656	4414464	512	8.543256
154582806528	154576919552	5886976	512	4.920405
88445316096	88437295616	8020480	512	7.675910
137178375680	137173378048	4997632	512	9.312285
56740666880	56733380608	7286272	512	9.831938
207364497408	207359820288	4677120	512	1.948998
135599066624	135591493120	7573504	512	6.542067
50925867008	50920297984	5569024	512	3.746084
61392652800	61387321856	5330944	512	5.078366
166259606528	166254829568	4776960	512	8.146806
79693636608	79687584768	6051840	512	4.414715
199867715584	199860315136	7400448	512	4.460141
122800770048	122794061312	6708736	512	7.993616
21413388288	21407038464	6349824	512	6.235071
192936292352	192927954432	8337920	512	5.760690
21461640192	21455178240	6461952	512	2.235475
175825789440	175818401280	7388160	512	7.895886
111196590080	111191618048	4972032	512	3.386843
106839552512	106834131968	5420544	512	7.458400
30092832768	30085984256	6848512	512	6.248801
646950400	639547392	7403008	512	6.186208
62561104896	62556234240	4870656	512	9.012465
12785977344	12779862528	6114816	512	8.155254
198682677248	198678277120	4400128	512	5.123682
191646281728	191639626752	6654976	512	2.794317
6091206656	6084865536	6341120	512	7.705972
155880911872	155875046400	5865472	512	3.751122
205559760384	205552223744	7536640	512	8.431901
99012191744	99007147008	5044736	512	5.589973
93144080384	93139252224	4828160	512	6.064947
186888508928	186883410432	5098496	512	8.416895
120311754752	120304114176	7640576	512	6.016269
163011433472	163004502016	6931456	512	7.790977
219941553664	219936863744	4689920	512	3.687246
32287624704	32280107520	7517184	512	2.346148
109754847232	109749839872	5007360	512	3.085524
90948056576	90940165632	7890944	512	7.455527
164530602496	164524773888	5828608	512	9.375507
179739089408	179733931520	5157888	512	7.795253
52836403200	52828345344	8057856	512	3.286458
85264215552	85255865856	8349696	512	4.790719
23050326528	23046113792	4212736	512	1.912076
246335060992	246329011200	6049792	512	5.497532
152905372160	152897329152	8043008	512	10.559693
93704755712	93696809472	7946240	512	6.962310
28856858624	28848856064	8002560	512	3.811517
141865579520	141859154944	6424576	512	8.041751
50510099456	50504841216	5258240	512	4.718086
102556630016	102549915648	6714368	512	2.376833
52263171072	52258261504	4909568	512	9.312572
49590370816	49584450048	5920768	512	7.641142
85616192000	85608067584	8124416	512	6.775910
231526396928	231521448448	4948480	512	2.957295
97075389952	97068102144	7287808	512	6.022116
174832109056	174827274752	4834304	512	6.243488
244170790912	244162898432	7892480	512	4.563611
61094085120	61087602176	6482944	512	9.749336
236923858432	236917078016	6780416	512	6.470192
86621117952	86614250496	6867456	512	10.713535
165100976128	165096118784	4857344	512	7.338210
176378775040	176371488768	7286272	512	5.967685
195567102464	195559486976	7615488	512	3.431873
102609595392	102605275648	4319744	512	2.525081
152066314240	152058742272	7571968	512	9.848197
31426493952	31419232768	7261184	512	4.383731
101681232896	101675470848	5762048	512	5.972973
37736320512	37731362816	4957696	512	1.849392
153480059904	153472773120	7286784	512	3.061820
218591742976	218585303040	6439936	512	10.126972
96294446080	96289391616	5054464	512	5.458874
183578183680	183573302784	4880896	512	3.995200
237534625280	237526265344	8359936	512	4.581726
231830892544	231825905664	4986880	512	2.391097
238174871552	238169215488	5656064	512	8.660325
42219312640	42211126272	8186368	512	3.642684
127649396224	127642766336	6629888	512	8.749172
116662200832	116655203840	6996992	512	3.622481
54550024704	54542163456	7861248	512	4.866930
78809840128	78803059712	6780416	512	3.521261
86869992448	86863930880	6061568	512	4.292637
119335737344	119327558656	8178688	512	7.811380
246785505792	246778651136	6854656	512	6.534372
249560977920	249556613120	4364800	512	10.644054
64336717312	64329766912	6950400	512	4.887163
7072439296	7067938304	4500992	512	8.483912
172841424896	172834038784	7386112	512	7.914492
64169886208	64164325376	5560832	512	8.206178
199971913216	199966909952	5003264	512	4.686045
101782935040	101778680320	4254720	512	3.186304
58066496512	58061332480	5164032	512	7.199383
126672496128	126666682880	5813248	512	9.592272
190044376064	190039797248	4578816	512	5.749435
154513826816	154506486272	7340544	512	3.936967
34485392384	34477045248	8347136	512	9.223062
211863838720	211858290688	5548032	512	2.944228
199722242048	199717057536	5184512	512	2.964350
145737345536	145731810816	5534720	512	3.062848
235991355904	235986839552	4516352	512	8.961799
51382022144	51377617408	4404736	512	6.701776
154236700672	154229453312	7247360	512	4.870397
114160485376	114153358336	7127040	512	5.453902
18544845824	18538558464	6287360	512	6.804149
69749412864	69742670848	6742016	512	6.707378
184414533120	184407927808	6605312	512	5.567531
50308166144	50300079104	8087040	512	9.931027
140496571904	140491398144	5173760	512	6.366732
233061436928	233053301248	8135680	512	6.700544
241601583616	241594491392	7092224	512	9.508616
91589171200	91580985344	8185856	512	4.893169
98730306560	98725035520	5271040	512	2.119811
34582134272	34577185792	4948480	512	1.948966
85830046720	85825106432	4940288	512	7.367185
9251246592	9243659776	7586816	512	4.690797
12396322816	12389448704	6874112	512	7.474920
64236938240	64231991296	4946944	512	8.473572
114985632256	114977455104	8177152	512	2.555278
173915185664	173908994048	6191616	512	5.496067
167647267328	167641708032	5559296	512	6.911317
211755089408	211750858240	4231168	512	5.461414
215405438464	215401054720	4383744	512	8.951870
120729593856	120721235456	8358400	512	6.148046
4738975744	4733421568	5554176	512	7.015739
160201264640	160194367488	6897152	512	9.756756
167135125504	167129080832	6044672	512	8.748919
103065773056	103060303360	5469696	512	7.038223
27350629888	27343607808	7022080	512	4.790608
178965722112	178961001984	4720128	512	4.350902
26012807168	26007740928	5066240	512	9.646320
140319421440	140313475072	5946368	512	7.148776
31415150592	31409611264	5539328	512	3.594533
197288005632	197282015232	5990400	512	1.989901
45907432448	45902149632	5282816	512	7.123100
89749690880	89743932928	5757952	512	6.018223
95526430208	95520965632	5464576	512	8.627528
31782912512	31776365568	6546944	512	3.489780
236357922304	236351064576	6857728	512	4.033765
105731266048	105726459904	4806144	512	4.954036
174444239872	174437672448	6567424	512	9.749401
75540326400	75534166528	6159872	512	3.472138
65176567296	65170806272	5761024	512	8.244190
163927852544	163920534016	7318528	512	2.379456
122335626752	122330546176	5080576	512	9.666283
201108857856	201103733760	5124096	512	4.993883
11749901312	11744206848	5694464	512	4.760066
218852347392	218847539712	4807680	512	3.576387
83034449408	83029743104	4706304	512	9.412054
192360166400	192352630272	7536128	512	7.935969
192621895168	192614810112	7085056	512	4.785476
226648205824	226642379776	5826048	512	7.623161
233746643968	233740903936	5740032	512	7.145479
90448772096	90443732992	5039104	512	5.604955
234913959424	234908319744	5639680	512	7.140904
235086666240	235080585216	6081024	512	9.246676
64565609984	64557396480	8213504	512	7.789813
5386123264	5380329984	5793280	512	3.835212
229878862848	229873146368	5716480	512	9.183506
84136927744	84131321856	5605888	512	8.349569
162914519040	162906814976	7704064	512	6.649065
66213014016	66206983680	6030336	512	5.917516
232576118784	232569294336	6824448	512	4.249263
116935376384	116931074560	4301824	512	1.863464
90004807168	90000431616	4375552	512	3.319561
191442644992	191437256192	5388800	512	2.117506
120332165120	120326839296	5325824	512	7.320791
97925083136	97918687232	6395904	512	5.722815
4312320000	4305671680	6648320	512	5.248221
68374457856	68366098944	8358912	512	4.911811
49392928256	49387742720	5185536	512	6.994193
220820322304	220812464640	7857664	512	7.462226
157233785344	157227748864	6036480	512	2.039329
234359463936	234353403904	6060032	512	9.522015
115236717056	115230542848	6174208	512	7.394764
185415775744	185411511808	4263936	512	2.560915
118217793536	118211026944	6766592	512	6.034851
207204476928	207196908032	7568896	512	8.307476
207328138240	207323614720	4523520	512	2.219702
40115365888	40111068160	4297728	512	8.341565
90887269376	90882592256	4677120	512	7.608404
175870518784	175862449664	8069120	512	6.083500
84519442944	84511180800	8262144	512	5.508937
119018500096	119010901504	7598592	512	6.425622
4641123840	4633065472	8058368	512	9.283927
146959841280	146951855616	7985664	512	7.750898
156383622656	156378521088	5101568	512	4.583266
50399047168	50393105408	5941760	512	7.454295
171175314432	171170953728	4360704	512	2.767284
22516391936	22509563904	6828032	512	9.248639
201065195520	201057930752	7264768	512	8.850005
35621920768	35614171648	7749120	512	5.877382
217730396160	217724065792	6330368	512	3.226421
239859957248	239854673408	5283840	512	8.642020
193556656128	193549868032	6788096	512	9.535070
25166219776	25161555456	4664320	512	4.816148
246891745792	246886265344	5480448	512	8.746706
131954340352	131947283968	7056384	512	3.289740
15718517760	15711011328	7506432	512	3.722939
58849257472	58844148736	5108736	512	5.938100
192809085440	192803309568	5775872	512	4.480615
107100699136	107092584448	8114688	512	10.039393
241863179776	241857790976	5388800	512	5.784410
99894107136	99889579520	4527616	512	1.883848
91140708352	91133196288	7512064	512	2.381866
123332327424	123324098048	8229376	512	8.709376
97082435072	97077641728	4793344	512	4.996047
187133699072	187126157312	7541760	512	10.371680
106940832256	106934305280	6526976	512	2.746611
67711314944	67703488512	7826432	512	4.267406
143014085632	143008725504	5360128	512	4.773704
36257915392	36252252160	5663232	512	3.933992
137104167424	137097512960	6654464	512	7.296487
204293920256	204287374848	6545408	512	5.167046
49436718592	49429466112	7252480	512	3.210818
142003770880	141996587008	7183872	512	7.478787
64836214784	64828025344	8189440	512	9.393477
138043274752	138038724096	4550656	512	5.534989
47180504576	47174195712	6308864	512	2.642576
126077648896	126069708288	7940608	512	3.229954
36135559680	36128588800	6970880	512	6.852748
164313164288	164307357696	5806592	512	2.996785
41022462976	41015575552	6887424	512	7.582257
204721061888	204713094656	7967232	512	2.202982
1502272000	1495308800	6963200	512	9.626419
44656342016	44649666048	6675968	512	9.306692
41778982912	41774549504	4433408	512	7.291407
173436720128	173429555712	7164416	512	2.015537
205747890176	205743623168	4267008	512	6.646026
42003075584	41996538880	6536704	512	2.177834
4769323008	4761823232	7499776	512	5.453914
178369986048	178364288512	5697536	512	8.728046
70476860416	70469818368	7042048	512	10.862741
119066388480	119060705280	5683200	512	3.937946
26748679680	26740687360	7992320	512	6.662968
182041312768	182033782784	7529984	512	10.502517
161329128960	161322066432	7062528	512	5.017941
146640335360	146632123904	8211456	512	4.123939
156627724800	156622435840	5288960	512	2.678758
74776850944	74772282368	4568576	512	2.335451
125055562752	125047399424	8163328	512	9.343367
133785645568	133779617792	6027776	512	6.368670
86794170880	86785836544	8334336	512	4.936301
88304049664	88298945536	5104128	512	5.028923
18219333632	18212758016	6575616	512	4.358513
99480847872	99473818624	7029248	512	9.686717
110065922560	110061605376	4317184	512	2.631825
160474103296	160469390848	4712448	512	8.811018
211770585600	211764189696	6395904	512	7.559964
27654697472	27647249408	7448064	512	2.900892
33421092352	33415370752	5721600	512	2.025053
49006416896	48998664704	7752192	512	5.953168
99206070272	99198676480	7393792	512	3.665430
195756134912	195749211648	6923264	512	3.214089
128722350080	128718027264	4322816	512	1.662175
117383314944	117377317376	5997568	512	9.219618
39988159488	39982488576	5670912	512	2.534047
113470326784	113464445952	5880832	512	1.834286
100645023232	100640805888	4217344	512	4.807274
30242061824	30234584064	7477760	512	8.066933
186251959808	186246636544	5323264	512	5.936370
151008244736	151000220672	8024064	512	3.956106
44703212544	44697644032	5568512	512	4.717682
128809448960	128805219328	4229632	512	3.970473
174629801472	174623549952	6251520	512	3.613549
214314144768	214308755456	5389312	512	4.910081
339234304	331087360	8146944	512	8.611072
163870236672	163865954816	4281856	512	5.008887
19482030592	19477735424	4295168	512	7.796582
213070948864	213064812032	6136832	512	2.534584
156659625472	156651572224	8053248	512	3.630767
8559411712	8551614464	7797248	512	1.724597
143788355072	143780480000	7875072	512	8.788174
77637129728	77630893568	6236160	512	2.791903
167629349376	167624422400	4926976	512	6.569026
105793722368	105787170304	6552064	512	2.277199
71279107584	71274666496	4441088	512	4.552132
46380447744	46374990848	5456896	512	5.688990
101156351488	101148899328	7452160	512	4.515646
94991877120	94987628544	4248576	512	4.458764
233287336448	233280727552	6608896	512	8.851567
92439645696	92431487488	8158208	512	6.411970
74535423488	74528413184	7010304	512	2.867811
150680086016	150674578432	5507584	512	8.795004
143290686976	143284794880	5892096	512	6.471146
188277045760	188271193088	5852672	512	5.021913
99210437632	99202346496	8091136	512	5.689024
171825094144	171819058688	6035456	512	7.119040
138889285120	138882898944	6386176	512	2.938552
87031921664	87024828928	7092736	512	2.180682
184186170880	184179900928	6269952	512	9.287609
102792227328	102786361344	5865984	512	3.349499
115019699200	115011313152	8386048	512	8.913830
228698567680	228690981376	7586304	512	4.662766
59893616640	59888103936	5512704	512	2.769409
2028129280	2023228928	4900352	512	5.310932
135789678592	135782210560	7468032	512	6.204274
7255867392	7248633344	7234048	512	7.521895
114746861056	114740354048	6507008	512	4.368665
215996015616	215988780544	7235072	512	8.449270
73273614336	73265623552	7990784	512	9.721887
171263812608	171257742848	6069760	512	6.809494
49646449152	49642013184	4435968	512	5.079072
41795317760	41790542336	4775424	512	3.040300
93114042368	93108643328	5399040	512	9.245851
62461205504	62456817664	4387840	512	6.283258
214122631680	214114648064	7983616	512	8.582364
139324568576	139318755840	5812736	512	8.535761
7578715136	7574270976	4444160	512	8.933518
243915515904	243909493248	6022656	512	3.290384
235453516288	235449179136	4337152	512	3.203223
243357912064	243351989248	5922816	512	3.289368
191235945472	191231310336	4635136	512	5.062347
109160565760	109153622528	6943232	512	7.152203
185879369216	185872994816	6374400	512	8.062490
144456792064	144451390976	5401088	512	3.000413
176510843904	176504578048	6265856	512	3.358549
133751104512	133744053248	7051264	512	10.232517
53951256576	53945779200	5477376	512	3.139785
159389907968	159381565440	8342528	512	8.893965
149156091904	149151047168	5044736	512	7.920581
191912251904	191905872384	6379520	512	5.920231
58858925568	58852920832	6004736	512	6.908196
145756230656	145749969408	6261248	512	9.621919
11179944448	11174746112	5198336	512	8.706219
167124333568	167119372800	4960768	512	6.226851
142367652864	142359795712	7857152	512	9.000161
82151375360	82143666176	7709184	512	3.562037
152705683968	152699055104	6628864	512	4.267683
242963377664	242956355072	7022592	512	9.104909
171625414144	171618671104	6743040	512	7.868667
117278705152	117270573568	8131584	512	9.625266
118675246592	118670072832	5173760	512	8.830546
9876290560	9868018688	8271872	512	6.209277
25393149440	25385997824	7151616	512	6.621783
177023361024	177015275008	8086016	512	2.973870
161228071424	161222879232	5192192	512	3.868381
146736422912	146731744768	4678144	512	4.671216
109984875008	109980347904	4527104	512	8.894872
170490686976	170483475456	7211520	512	8.410957
234935691264	234929368064	6323200	512	5.928191
91115289088	91110887936	4401152	512	3.073528
230566667776	230559113728	7554048	512	2.616139
114130973184	114125432320	5540864	512	4.746421
41162040832	41157110784	4930048	512	1.767683
21653112832	21645508608	7604224	512	2.955474
202675076608	202667462656	7613952	512	9.123085
9506761728	9499329536	7432192	512	5.951520
167265548800	167260833792	4715008	512	8.764143
129987767296	129981835776	5931520	512	8.470380
207039998464	207034996736	5001728	512	3.277658
188842859008	188838590976	4268032	512	9.276167
34742936064	34737225728	5710336	512	2.182876
225383654912	225375981568	7673344	512	10.566393
35900100096	35892222976	7877120	512	7.583675
212368556032	212364086784	4469248	512	2.501046
230645547008	230637334528	8212480	512	7.337916
73224132096	73219789312	4342784	512	6.666551
137293792768	137286040064	7752704	512	10.341254
115614775808	115606445056	8330752	512	8.048229
32342152192	32334355968	7796224	512	6.891481
25146710528	25142086656	4623872	512	5.118448
180529878528	180524824064	5054464	512	1.954323
69671102976	69664130560	6972416	512	4.714538
116042693632	116038067200	4626432	512	8.043860
201721353216	201713066496	8286720	512	7.932411
180066285568	180058606080	7679488	512	8.736537
15426301440	15421286400	5015040	512	2.058600
157184154112	157177292288	6861824	512	8.814407
101505778688	101498803200	6975488	512	1.916410
231232868864	231225334272	7534592	512	9.774239
139992942592	139986388480	6554112	512	8.160597
141113470464	141107061760	6408704	512	7.935530
157966658048	157961740288	4917760	512	7.940841
178553823232	178549302784	4520448	512	7.932664
6575314944	6568017920	7297024	512	7.001272
225024391168	225017290240	7100928	512	5.872761
113946403840	113940064256	6339584	512	4.497968
96058582528	96051523072	7059456	512	8.061323
212648680960	212641404416	7276544	512	10.445374
118961903616	118956864000	5039616	512	1.767997
207331382784	207324433408	6949376	512	10.240263
204320833024	204314168320	6664704	512	5.190563
9427417600	9420891648	6525952	512	4.623898
417352704	412901376	4451328	512	8.880567
132510333952	132503422976	6910976	512	3.081367
118038703616	118031010304	7693312	512	5.503106
47265704448	47260758016	4946432	512	1.865939
26186708480	26181601792	5106688	512	9.468081
78632465920	78626471936	5993984	512	4.932879
51974894080	51969040384	5853696	512	8.219799
75582763008	75575866880	6896128	512	2.474807
91912336896	91905298432	7038464	512	9.685472
194924472320	194920109056	4363264	512	8.201438
66692344832	66686972416	5372416	512	3.373356
214123031552	214115080192	7951360	512	8.976988
131355920896	131349835264	6085632	512	5.810055
247549095424	247542850048	6245376	512	10.426598
135651982336	135645700096	6282240	512	2.420123
17969085440	17960808960	8276480	512	4.375090
134154474496	134147868672	6605824	512	7.649869
174176373248	174169156608	7216640	512	9.731006
64019071488	64010717184	8354304	512	5.136174
28579824640	28571789824	8034816	512	4.919904
234932777984	234924408320	8369664	512	5.117792
37075417600	37067845120	7572480	512	8.750509
39822334976	39814646272	7688704	512	9.186988
159308718080	159301852160	6865920	512	1.891764
102067390976	102060043776	7347200	512	2.008182
207806923264	207799840768	7082496	512	8.624796
107979844608	107971463168	8381440	512	7.582066
128306377216	128301312512	5064704	512	2.964630
28397172224	28389538816	7633408	512	9.619418
112390651392	112384739840	5911552	512	2.978735
181026836992	181020566016	6270976	512	2.368446
197787883520	197781286912	6596608	512	9.786768
196975957504	196970889728	5067776	512	4.144753
234924593152	234916438016	8155136	512	8.065208
163920539136	163915085312	5453824	512	6.590925
36294554624	36287123968	7430656	512	3.033500
76069063680	76060992512	8071168	512	7.252239
58400356352	58394898432	5457920	512	10.108753
243769802240	243763971584	5830656	512	7.451834
127232215040	127224615424	7599616	512	7.794319
134499120640	134490963456	8157184	512	7.735850
79117243392	79111002624	6240768	512	9.627219
112333358080	112325529600	7828480	512	5.836346
248773324288	248766581248	6743040	512	17.913783
56027682816	56022063104	5619712	512	3.328308
127423088128	127416877056	6211072	512	4.458115
53701419008	53694657536	6761472	512	7.412568
170163940352	170158652928	5287424	512	8.234657
124239826432	124231469568	8356864	512	7.529556
133747838464	133742436864	5401600	512	5.536822
136697475584	136690357760	7117824	512	2.703288
86503210496	86495751680	7458816	512	5.786517
178970860032	178962585600	8274432	512	9.189072
61943106560	61935067136	8039424	512	2.386060
126546040832	126541434880	4605952	512	7.285921
55434995200	55430616576	4378624	512	6.939350
104719309824	104713904128	5405696	512	7.709696
57774644736	57768875520	5769216	512	8.920088
22677050368	22669403648	7646720	512	2.594699
194749948928	194745089024	4859904	512	9.444497
218573156864	218565116416	8040448	512	5.130512
178230175232	178223163392	7011840	512	7.979919
162802460160	162794706944	7753216	512	4.748809
189214373888	189209762816	4611072	512	5.397812
93930512384	93922558464	7953920	512	8.289180
45137781760	45130438144	7343616	512	3.729419
69609164288	69603943424	5220864	512	6.027273
78406967296	78399109120	7858176	512	9.131446
86745219584	86740302848	4916736	512	6.186348
187934742528	187927682560	7059968	512	5.086878
40303053312	40294976000	8077312	512	4.530432
190943370752	190937255424	6115328	512	1.998891
234716338176	234708987904	7350272	512	4.119082
147935133696	147929202688	5931008	512	6.009771
40332213248	40324115456	8097792	512	2.735137
43543515648	43535842816	7672832	512	7.915862
117901993472	117894963200	7030272	512	3.355248
67747536896	67739222528	8314368	512	6.935908
193408328704	193403013632	5315072	512	4.335805
229080521216	229076085248	4435968	512	5.561953
39290169344	39282117120	8052224	512	4.785403
63872881664	63867156992	5724672	512	6.943485
128391062016	128383173120	7888896	512	3.685508
54536075776	54531379712	4696064	512	2.891425
11947393024	11941269504	6123520	512	8.083594
77009730560	77003279872	6450688	512	7.719158
165136012288	165128156672	7855616	512	10.456768
229515390464	229507167232	8223232	512	4.663805
235528760832	235523027456	5733376	512	5.833843
246470573056	246463979008	6594048	512	3.939132
198298041344	198293316608	4724736	512	9.587414
165591954944	165585030656	6924288	512	6.475368
60989001728	60982479872	6521856	512	9.430042
21266731008	21260806144	5924864	512	9.707867
152154544640	152147102720	7441920	512	9.719585
27483002368	27478239232	4763136	512	3.142977
157981551104	157977224192	4326912	512	6.997695
128025762304	128021286400	4475904	512	8.491144
134774132224	134767006208	7126016	512	9.496196
244893829632	244887730688	6098944	512	10.434801
39747770368	39739807232	7963136	512	5.454930
118952753152	118946278400	6474752	512	1.968371
6036387328	6028382208	8005120	512	8.323406
61382390784	61375621120	6769664	512	3.670296
225844066816	225839710720	4356096	512	6.662748
172654636544	172646877696	7758848	512	2.575531
4654052352	4647741952	6310400	512	7.914680
162465559552	162459013120	6546432	512	9.005312
107651650560	107645135360	6515200	512	11.015608
182125205504	182116843520	8361984	512	6.849431
58161145856	58155270144	5875712	512	8.003351
214716779008	214711186944	5592064	512	2.376890
141674938880	141669379072	5559808	512	9.698707
36057135104	36049080320	8054784	512	4.746275
153723900416	153717166080	6734336	512	3.197262
223762461696	223754327040	8134656	512	4.494206
109089261056	109083150848	6110208	512	7.977959
190083182080	190076182016	7000064	512	7.116768
189057355776	189052631552	4724224	512	4.118095
163749237760	163743550976	5686784	512	5.596797
214006456320	213998518784	7937536	512	9.128112
89897228288	89891865600	5362688	512	9.581928
155535262720	155526995968	8266752	512	9.664741
55652526592	55645725184	6801408	512	7.056552
105765727744	105758848512	6879232	512	7.625645
34594134016	34587158016	6976000	512	6.830345
8982564352	8977752576	4811776	512	4.655713
110958105600	110951051776	7053824	512	6.118686
87696962048	87689667584	7294464	512	7.227417
192312765952	192304825344	7940608	512	10.170947
184047431168	184040586752	6844416	512	2.925391
92072875520	92066397696	6477824	512	6.418349
30932995072	30928236032	4759040	512	3.110583
215545027072	215536999936	8027136	512	5.318595
21759255040	21753116160	6138880	512	7.953187
29266676736	29261308928	5367808	512	5.021568
45955472384	45947646464	7825920	512	6.639884
102792215040	102784684032	7531008	512	9.937018
109770132480	109763471360	6661120	512	9.747153
192826046464	192818619392	7427072	512	9.154831
49370702336	49362826240	7876096	512	3.389334
149566427136	149560204800	6222336	512	3.120519
237629516800	237625136128	4380672	512	5.252712
192006952960	192002260992	4691968	512	4.465001
130256821248	130251484672	5336576	512	7.220769
177521376256	177513048064	8328192	512	8.584630
200568504832	200560918016	7586816	512	3.677502
148392160768	148386706944	5453824	512	3.842719
31361494016	31353258496	8235520	512	8.709143
132523040256	132517547008	5493248	512	4.654258
118089542656	118081617920	7924736	512	3.374491
30438857216	30433568768	5288448	512	5.682880
93018149376	93009933312	8216064	512	4.528616
248504882176	248498743808	6138368	512	4.101170
220860484608	220855057920	5426688	512	2.549515
49814109184	49809618432	4490752	512	4.331289
186899123200	186893811200	5312000	512	5.954423
158955651584	158949680640	5970944	512	4.040401
31944204800	31939753984	4450816	512	5.749109
225757950976	225750793728	7157248	512	5.126029
60604423168	60596478976	7944192	512	2.877818
85128365056	85123341312	5023744	512	6.592119
158035397632	158030760448	4637184	512	3.857193
211291463680	211286663168	4800512	512	5.297198
101083955712	101076198912	7756800	512	1.902933
113866119680	113858595840	7523840	512	8.373526
203582057984	203575777792	6280192	512	3.112661
63474065920	63468092928	5972992	512	5.079701
195990584832	195985802240	4782592	512	8.895884
90737920000	90732804096	5115904	512	3.521396
152621048832	152616092672	4956160	512	7.498302
46219024896	46212773888	6251008	512	2.958348
19629559808	19622116352	7443456	512	4.188273
116648274432	116642053632	6220800	512	5.752729
54969790464	54964898304	4892160	512	9.456323
3234063872	3228264960	5798912	512	5.104986
48755406336	48748416512	6989824	512	5.449919
44235760128	44229214208	6545920	512	2.145179
228697837568	228691453952	6383616	512	5.547224
108960451072	108955671040	4780032	512	6.567083
9052254720	9044212736	8041984	512	6.661859
84500442624	84494449152	5993472	512	3.495248
45843359744	45838484992	4874752	512	2.230736
203049599488	203042571264	7028224	512	9.258531
160553624576	160547448320	6176256	512	7.368241
194611180032	194606453760	4726272	512	2.688697
161698944000	161694219264	4724736	512	1.797901
55936602112	55932152320	4449792	512	4.954375
56072366592	56066615296	5751296	512	7.460035
84901849600	84894877184	6972416	512	3.144548
170913707520	170907741184	5966336	512	7.915751
217782374912	217777170432	5204480	512	5.414329
187006936576	187000268288	6668288	512	4.896006
952449024	948204032	4244992	512	2.215974
179192482816	179188045824	4436992	512	8.869063
184459307520	184454177280	5130240	512	8.077539
228082382848	228077748224	4634624	512	2.953943
156246096896	156241132544	4964352	512	7.434536
237831633408	237823336448	8296960	512	4.064796
242586835456	242582313472	4521984	512	4.803093
241834328064	241826125312	8202752	512	8.264884
113987900416	113982930432	4969984	512	4.772717
163917667328	163912540672	5126656	512	4.515184
225704025088	225696942592	7082496	512	6.135659
74734910464	74730218496	4691968	512	9.522243
106355876352	106347518976	8357376	512	7.772227
152914228224	152906555392	7672832	512	8.809316
157981988352	157977007616	4980736	512	5.874204
205931819008	205925101568	6717440	512	4.791045
5126088192	5119317504	6770688	512	2.947009
67361292288	67354105344	7186944	512	2.872488
51064054784	51057810432	6244352	512	4.890373
203574458368	203568535040	5923328	512	8.789096
90681384960	90676947456	4437504	512	2.833188
106812212224	106804185600	8026624	512	3.915157
199635052544	199628471808	6580736	512	9.944149
4682773504	4676236288	6537216	512	6.171551
97400008192	97394424320	5583872	512	7.579523
249290546176	249284515840	6030336	512	4.137304
246080987648	246074571776	6415872	512	6.480066
55682091008	55673762304	8328704	512	9.246289
88021946880	88016028672	5918208	512	5.607593
225013058048	225007501824	5556224	512	4.437413
43886473728	43881214976	5258752	512	4.297137
105735524352	105728256000	7268352	512	2.747204
41265212416	41259608064	5604352	512	4.448278
114357709824	114351334400	6375424	512	4.125514
10825053696	10817324544	7729152	512	8.872241
9504173568	9496459776	7713792	512	2.370033
141584006144	141579594240	4411904	512	7.310605
134654084608	134649759232	4325376	512	9.178041
52882731008	52877521920	5209088	512	6.751536
140105105920	140099864064	5241856	512	7.083126
8885354496	8878654464	6700032	512	3.497038
78624953344	78617255424	7697920	512	3.664157
44181299200	44175310336	5988864	512	8.127193
141868149248	141859875840	8273408	512	3.536144
43315895296	43307588608	8306688	512	2.671986
39205877760	39197742080	8135680	512	4.123927
51576308736	51570270208	6038528	512	5.270961
216615307776	216611049984	4257792	512	2.326866
31811382272	31806443008	4939264	512	1.709102
136137396224	136131462144	5934080	512	7.273294
223312199680	223306678272	5521408	512	4.867573
219338972672	219333160448	5812224	512	4.500922
158502137856	158497249792	4888064	512	8.190854
193506967552	193501908992	5058560	512	7.161890
9850318848	9842047488	8271360	512	6.243268
66313831936	66309252608	4579328	512	3.288066
197389609984	197385355776	4254208	512	8.160400
218139329536	218133919232	5410304	512	2.788626
48747025408	48740830720	6194688	512	3.921604
125521561088	125517036032	4525056	512	8.008133
36345109504	36338107392	7002112	512	6.622406
116720115200	116712962048	7153152	512	3.766767
115348639744	115341057536	7582208	512	8.037937
218673920512	218667976704	5943808	512	2.873047
50201567744	50196791808	4775936	512	2.205674
138378398720	138372272640	6126080	512	3.913939
13929955328	13921946112	8009216	512	7.832296
214077596672	214073053696	4542976	512	8.470687
28781984768	28775987200	5997568	512	8.052455
175746798080	175740504576	6293504	512	2.786206
10091283968	10083380736	7903232	512	7.392442
142409524224	142405105664	4418560	512	7.161980
215370976768	215364471808	6504960	512	2.623891
35742829568	35734879232	7950336	512	5.621167
194770829824	194763927552	6902272	512	5.209087
105863346176	105857742336	5603840	512	5.819401
183374238720	183368038912	6199808	512	8.603207
94451170304	94444366336	6803968	512	3.507356
234471240704	234466069504	5171200	512	6.747454
99388711424	99380580352	8131072	512	5.330646
170304253952	170299139072	5114880	512	3.238781
178253873152	178247184384	6688768	512	4.626458
206875646464	206868579328	7067136	512	8.793526
100734304768	100726334976	7969792	512	5.329409
5627732480	5620255232	7477248	512	5.619715
201260071936	201251910656	8161280	512	3.895330
57790862848	57782957056	7905792	512	4.574397
14152726528	14147966976	4759552	512	4.002987
183637248000	183632185344	5062656	512	8.556704
167058467840	167051670016	6797824	512	7.793659
163137521664	163129278976	8242688	512	7.912560
226992874496	226985690112	7184384	512	3.124036
70492070912	70486172160	5898752	512	7.080306
230899249152	230892554752	6694400	512	7.672533
186629254656	186621536768	7717888	512	8.438204
111221007360	111214381568	6625792	512	3.203387
135068005888	135061919744	6086144	512	4.436475
143449345024	143441330176	8014848	512	6.076358
42900433920	42894069248	6364672	512	5.006536
165004114432	164996541440	7572992	512	8.004204
59935145472	59929749504	5395968	512	3.810511
49314282496	49307815424	6467072	512	1.838041
4508392960	4504046592	4346368	512	9.705865
175403566592	175397963776	5602816	512	4.832676
242068806144	242060489728	8316416	512	5.260229
209351361536	209345083904	6277632	512	9.061349
22844089856	22838330368	5759488	512	2.766544
143215674880	143210602496	5072384	512	7.582703
29224233984	29218003456	6230528	512	6.124152
205319355904	205312138240	7217664	512	7.017382
32945897984	32939587584	6310400	512	5.454589
193257331712	193251578368	5753344	512	6.161134
111582196736	111574637056	7559680	512	8.273528
145425608704	145420090880	5517824	512	1.863883
118138147840	118131852800	6295040	512	3.645717
114501437440	114493628416	7809024	512	6.066784
43360080384	43352070144	8010240	512	5.117579
215328192000	215323047936	5144064	512	6.158004
196414790656	196409307136	5483520	512	7.601967
120337459712	120330512384	6947328	512	5.724575
61748208640	61740330496	7878144	512	3.786709
144791221248	144785092608	6128640	512	4.099067
106296867328	106288763904	8103424	512	3.284182
50497004032	50489478656	7525376	512	7.787492
73966120448	73959055872	7064576	512	9.252584
83825099776	83816726528	8373248	512	4.560240
104132398592	104126731776	5666816	512	5.212632
160826461696	160821210112	5251584	512	1.868262
24826539008	24821198848	5340160	512	4.747940
161635060736	161627212800	7847936	512	3.761747
148827715072	148820987904	6727168	512	5.026009
114652000256	114647647744	4352512	512	3.646299
58648174080	58641110528	7063552	512	3.456634
212382836736	212378382848	4453888	512	9.583033
120624329728	120617207296	7122432	512	4.046306
49632995328	49628264960	4730368	512	2.570409
64617293824	64609221632	8072192	512	9.028149
215850473984	215843992576	6481408	512	2.930585
208196577280	208189953536	6623744	512	3.413635
177717892096	177711343616	6548480	512	6.209569
130570946048	130562677248	8268800	512	5.368850
19295199744	19289362944	5836800	512	2.168241
99449606144	99444212224	5393920	512	9.282783
226381739520	226376356864	5382656	512	6.724829
40670747136	40662929920	7817216	512	6.725120
194351276032	194344922112	6353920	512	6.074631
105724448768	105716656640	7792128	512	6.141444
60974927360	60969203712	5723648	512	9.308499
20314530304	20308043264	6487040	512	5.152376
146475127296	146466799104	8328192	512	9.605069
92292744192	92287675392	5068800	512	5.311528
162118212608	162111003136	7209472	512	3.536385
179796222464	179791648256	4574208	512	7.389487
239973448192	239965981696	7466496	512	9.246069
120953720320	120947943424	5776896	512	3.058290
94739480576	94733538816	5941760	512	2.990519
229418980864	229413068800	5912064	512	6.437905
106793416704	106785551360	7865344	512	3.881152
23214263296	23208378368	5884928	512	1.772157
133841393664	133835377664	6016000	512	6.607912
179598565376	179591964160	6601216	512	5.345778
102709046272	102703421952	5624320	512	2.590512
53914116096	53909082624	5033472	512	6.891942
91751409152	91743944192	7464960	512	2.995766
132171505664	132164962304	6543360	512	8.269911
181905708032	181901129728	4578304	512	7.287624
221627853824	221620011520	7842304	512	8.113588
214427543552	214421547520	5996032	512	4.247207
137876206592	137870565888	5640704	512	1.866408
218572239360	218567479808	4759552	512	2.806613
182714198528	182708766720	5431808	512	3.368171
224733446656	224727478784	5967872	512	7.204450
37341609472	37333227520	8381952	512	8.885174
246643385856	246637053952	6331904	512	9.380159
82259189760	82252574208	6615552	512	6.329210
78128893952	78121743360	7150592	512	1.927161
69176884736	69170866688	6018048	512	4.649877
30320635904	30315501568	5134336	512	8.329652
217796045312	217788943360	7101952	512	8.536707
87354586112	87349072384	5513728	512	9.149761
59009455104	59002484224	6970880	512	5.569297
51879013888	51873751552	5262336	512	4.937660
20422412800	20415620608	6792192	512	2.661951
31928299008	31923014656	5284352	512	5.739663
183937777152	183930436608	7340544	512	4.334963
219414282752	219407534080	6748672	512	6.335886
25434595328	25428876288	5719040	512	3.119354
228545035264	228538670592	6364672	512	7.334218
108831129088	108824100352	7028736	512	6.268852
106160180224	106154879488	5300736	512	8.625119
172204411904	172196301824	8110080	512	5.424268
229304173056	229299580416	4592640	512	3.473602
158312010752	158306204672	5806080	512	5.182618
29784738816	29779462144	5276672	512	5.521146
7642516480	7637038592	5477888	512	7.630304
54012214272	54008018944	4195328	512	8.499411
232586739712	232578708992	8030720	512	9.769498
114369658880	114363080192	6578688	512	2.262959
101335458304	101329083392	6374912	512	5.728945
35474647552	35469441536	5206016	512	6.363673
6985515008	6980036608	5478400	512	7.645816
6895954432	6890909696	5044736	512	2.779028
173166611968	173160234496	6377472	512	3.519077
109186732032	109179337728	7394304	512	2.935914
33956304896	33950128128	6176768	512	5.207249
12047436288	12042533888	4902400	512	2.832075
139128131072	139122481152	5649920	512	3.107954
1695386112	1688524288	6861824	512	2.224892
108831581184	108825354752	6226432	512	5.460125
227590160384	227584239104	5921280	512	7.805249
37589149184	37584793600	4355584	512	7.895016
147214113280	147206409216	7704064	512	2.240276
5875500032	5870101504	5398528	512	6.891847
216575412736	216571209728	4203008	512	4.261783
62717358592	62711030272	6328320	512	2.011293
236773793792	236768164864	5628928	512	7.298326
163416325120	163408143872	8181248	512	7.199291
175289190912	175281022464	8168448	512	6.446989
207588766208	207581097472	7668736	512	5.478822
93344233984	93339502592	4731392	512	8.373230
74211608576	74205650944	5957632	512	5.206977
179666780160	179661905920	4874240	512	2.640557
156364302848	156356154880	8147968	512	9.517977
247850085376	247844646912	5438464	512	7.980263
46600890880	46593741824	7149056	512	5.373972
245116365824	245109036032	7329792	512	6.024445
114107553280	114099623936	7929344	512	4.881335
129960120832	129952862208	7258624	512	9.656023
35931398144	35923805184	7592960	512	8.563242
25951284224	25944498688	6785536	512	9.600587
190767781888	190760736256	7045632	512	5.260558
105104419840	105097997312	6422528	512	3.678094
16241413632	16234090496	7323136	512	5.203191
103037223424	103029623808	7599616	512	7.934620
216635478016	216630341632	5136384	512	6.270661
141503831552	141496935424	6896128	512	3.371450
160689655808	160683415040	6240768	512	6.708784
121281326592	121275847168	5479424	512	5.861439
209965522432	209958700032	6822400	512	7.819802
27773297664	27768911360	4386304	512	6.298530
158540441600	158536062976	4378624	512	6.475350
200494559232	200489776128	4783104	512	8.865097
150556082176	150548140544	7941632	512	4.720050
143539183616	143531607040	7576576	512	10.339840
188087989760	188082025472	5964288	512	3.777326
79280023040	79274610176	5412864	512	8.411652
17184675840	17176673280	8002560	512	6.583050
161701212672	161693363712	7848960	512	3.773706
209182087168	209175251968	6835200	512	8.973834
36582306304	36574905344	7400960	512	8.537097
96598246912	96590684672	7562240	512	2.180414
125444085760	125438849024	5236736	512	8.202134
193053585408	193046560256	7025152	512	5.499889
121763042304	121756587008	6455296	512	10.378904
190968973312	190962712576	6260736	512	8.661734
63207052288	63198891520	8160768	512	9.661757
236720512512	236714207744	6304768	512	6.242179
218753010688	218745946624	7064064	512	10.680278
63097799168	63089474560	8324608	512	8.220843
70756009472	70747744256	8265216	512	8.743933
50972836352	50967868416	4967936	512	8.812326
78350112768	78345439232	4673536	512	9.664981
12250001408	12244472320	5529088	512	4.665316
9677442560	9671859712	5582848	512	5.425684
134434273792	134427293184	6980608	512	3.982042
74699446784	74691611136	7835648	512	2.366894
168298836992	168292803584	6033408	512	2.061189
67759279104	67751005696	8273408	512	8.666100
23663945728	23655633920	8311808	512	4.071041
228785082880	228776888320	8194560	512	3.603701
142813965312	142808026624	5938688	512	4.336115
29062241792	29053868032	8373760	512	2.090252
82764442624	82759773696	4668928	512	9.751031
108890251264	108884729856	5521408	512	6.565805
68345797120	68340651008	5146112	512	6.674369
88071144960	88065752576	5392384	512	1.971214
81657677312	81653335040	4342272	512	4.353816
190793966080	190789530112	4435968	512	7.371945
208707001856	208699381248	7620608	512	4.810795
242234090496	242226077696	8012800	512	2.800121
73263887360	73256260096	7627264	512	4.332874
176545004032	176540295168	4708864	512	7.561694
102335862784	102330594304	5268480	512	8.936178
97988949504	97981200896	7748608	512	1.874936
128234945024	128229039616	5905408	512	1.770489
216616765440	216610654720	6110720	512	8.997602
74194700288	74188319744	6380544	512	8.409602
143703735808	143698972672	4763136	512	2.455456
39361786880	39354057728	7729152	512	7.431058
107427637760	107422895616	4742144	512	6.921798
233644444672	233637781504	6663168	512	6.721852
98405669888	98398585344	7084544	512	7.844825
154836312576	154831962624	4349952	512	6.737033
222464091136	222459260416	4830720	512	7.263641
200597931520	200591649792	6281728	512	5.164235
96823193600	96816442880	6750720	512	2.591205
224124332032	224119619072	4712960	512	1.891250
122235367936	122229221376	6146560	512	6.415241
16867759616	16862885376	4874240	512	3.078051
164780544	156923904	7856640	512	9.215059
182557131264	182548804608	8326656	512	7.221056
16154318336	16149789696	4528640	512	7.268461
174973016576	174965823488	7193088	512	9.888809
120854829056	120848980480	5848576	512	9.263812
188961526272	188954560000	6966272	512	6.076007
107934248448	107929914368	4334080	512	2.383696
217379337728	217374849536	4488192	512	7.622077
116419365888	116414019584	5346304	512	7.146392
240548091392	240543232512	4858880	512	8.082873
127166668288	127161071616	5596672	512	4.767412
49749501440	49744319488	5181952	512	5.669370
195341940224	195335819264	6120960	512	7.043734
160558805504	160552442368	6363136	512	3.800234
245053514240	245045427712	8086528	512	9.936577
66024164352	66019051520	5112832	512	5.322406
65074992128	65066787328	8204800	512	9.261358
120372822528	120365767680	7054848	512	4.727380
120034819072	120027176960	7642112	512	4.416975
165184726528	165180282880	4443648	512	3.345126
66532689920	66525123072	7566848	512	6.512038
204492580864	204485745152	6835712	512	3.337911
84109699584	84105140736	4558848	512	2.479973
67204257280	67197248000	7009280	512	2.986159
152587727360	152579553792	8173568	512	10.625664
205698622464	205692621312	6001152	512	4.830358
31832920064	31826055680	6864384	512	7.720940
5374287360	5369440768	4846592	512	4.370339
107778134528	107772141568	5992960	512	9.059091
133923992576	133919540736	4451840	512	6.460815
36591462912	36585128960	6333952	512	3.932147
175111395328	175105542144	5853184	512	2.245522
194020722176	194015731200	4990976	512	7.964413
100682439168	100676154368	6284800	512	6.521228
236264856064	236257530368	7325696	512	5.788558
25370814976	25364555264	6259712	512	6.969234
87227937280	87222344192	5593088	512	8.462017
210163168768	210155830272	7338496	512	9.663535
10672922112	10667767808	5154304	512	9.079095
1213435904	1207467008	5968896	512	2.428688
121872126464	121864687616	7438848	512	7.956485
63395555328	63388041728	7513600	512	6.925983
76801858048	76797287936	4570112	512	8.967497
202449218560	202444467712	4750848	512	7.717613
217797281280	217790914560	6366720	512	2.770904
72360676864	72353570816	7106048	512	2.249445
208666765824	208661421056	5344768	512	5.434238
184204066304	184196971008	7095296	512	7.065538
10351604224	10344999936	6604288	512	4.185885
6948702720	6942685696	6017024	512	2.012298
246831345664	246824096768	7248896	512	8.947736
201480685056	201476170752	4514304	512	3.778977
153838825984	153830511104	8314880	512	9.188066
56822455296	56814243840	8211456	512	8.855079
159828691456	159822178304	6513152	512	5.460798
66160509440	66155210240	5299200	512	5.325755
154941589504	154934514688	7074816	512	6.657873
176910132224	176904667136	5465088	512	4.374272
93393124352	93386151936	6972416	512	1.957151
212248925184	212243506176	5419008	512	4.538167
5941441536	5934330368	7111168	512	8.498270
145997152256	145990953984	6198272	512	2.024681
147198001664	147193405952	4595712	512	2.708238
41118874624	41114229760	4644864	512	5.473308
242666099712	242661574656	4525056	512	4.752414
64675550208	64669299712	6250496	512	2.675496
125336296960	125328492544	7804416	512	4.516306
122538711040	122531246080	7464960	512	7.755145
102322752512	102315539456	7213056	512	4.643210
46715362304	46709970432	5391872	512	4.811225
249012809216	249004566016	8243200	512	7.352861
149170121728	149164859392	5262336	512	5.764769
110545852416	110538639872	7212544	512	3.279672
190223710208	190215598080	8112128	512	6.827141
26714453504	26708771328	5682176	512	4.786086
56215352320	56208894464	6457856	512	3.060104
113668315136	113663889408	4425728	512	1.894903
95763426304	95757633536	5792768	512	5.708008
25410810368	25406330880	4479488	512	6.307432
194453581824	194446560256	7021568	512	13.774417
127754964992	127747954176	7010816	512	5.136759
72754541568	72747555328	6986240	512	54.097513
172378964992	172374297088	4667904	512	7.994305
153968485376	153961762304	6723072	512	3.354954
95194618880	95187743744	6875136	512	9.742984
217749008896	217741608960	7399936	512	5.017610
96769018368	96762737664	6280704	512	8.189453
202102017024	202096289792	5727232	512	2.878725
61081861632	61073747456	8114176	512	9.622638
80339493888	80332427264	7066624	512	9.228247
52934871040	52929977856	4893184	512	9.482805
185859672576	185851543040	8129536	512	2.513545
195407459840	195401155072	6304768	512	6.327320
35635678720	35629659136	6019584	512	6.563197
232088795648	232083931136	4864512	512	10.738380
15135538688	15129964544	5574144	512	5.647416
237567476224	237561541120	5935104	512	5.956745
235640335360	235631981056	8354304	512	3.874943
198218121728	198211763200	6358528	512	4.274897
71818299392	71811816448	6482944	512	8.955983
143341388800	143334349824	7038976	512	8.746558
28242247680	28236532736	5714944	512	3.490011
167150935552	167146116096	4819456	512	6.299757
37733344768	37726650880	6693888	512	2.254132
21057313792	21052121600	5192192	512	8.752101
78149462528	78142939136	6523392	512	7.120709
210705338368	210700731904	4606464	512	9.000129
14015126016	14009017344	6108672	512	8.195327
67403794944	67399172608	4622336	512	2.910088
104258258944	104251641344	6617600	512	1.907423
100402821632	100396807680	6013952	512	8.905732
75195180032	75190419968	4760064	512	8.935838
58571042304	58565549568	5492736	512	4.381927
30178491392	30172592128	5899264	512	8.944820
124766475776	124762250752	4225024	512	2.620559
29168525824	29161650176	6875648	512	7.626097
6184863232	6177158656	7704576	512	3.826571
106815563264	106811031040	4532224	512	8.871543
158027082240	158018896384	8185856	512	10.494756
6158063616	6149901312	8162304	512	6.994203
232940319744	232933484032	6835712	512	12.329344
191941445120	191934963712	6481408	512	4.776770
75816866304	75811782656	5083648	512	6.104814
207487959552	207483369984	4589568	512	9.590905
167272413184	167264908288	7504896	512	7.363936
163975125504	163967277568	7847936	512	3.792199
7270576640	7263173632	7403008	512	6.178330
157224395264	157219947520	4447744	512	5.769339
109056782336	109051361792	5420544	512	5.844256
219121206272	219112935424	8270848	512	7.459494
199612204032	199605284864	6919168	512	3.032467
38973240832	38965601792	7639040	512	9.564190
43312872960	43308325888	4547072	512	4.950346
46977688576	46969643520	8045056	512	3.410983
109928345088	109920485376	7859712	512	5.536735
150807748608	150801679360	6069248	512	3.013266
104702870016	104697821696	5048320	512	9.328843
68134869504	68127796736	7072768	512	3.832717
60884421632	60878621696	5799936	512	7.234608
60595273728	60587507200	7766528	512	5.885171
9835781120	9828955136	6825984	512	3.876236
131683730432	131678475776	5254656	512	6.957320
6204645376	6199415296	5230080	512	9.624495
111583901184	111579264000	4637184	512	6.462325
8181468160	8175618048	5850112	512	3.344515
99699951104	99693001216	6949888	512	8.999149
18559330816	18553541120	5789696	512	2.260581
75745903104	75740931072	4972032	512	7.045720
107478142976	107471926784	6216192	512	6.999085
129377147904	129369282048	7865856	512	3.911435
61785303552	61777399808	7903744	512	2.226538
207177859584	207173512704	4346880	512	5.667941
43832453632	43824496640	7956992	512	4.157871
150862611968	150854577664	8034304	512	5.145652
228214423040	228207273472	7149568	512	3.850966
233429571584	233422189568	7382016	512	3.665714
195642251776	195635471872	6779904	512	4.624542
226081138688	226073649664	7489024	512	6.124633
17671727104	17664104448	7622656	512	2.806372
135297336320	135292007936	5328384	512	4.876811
27569413632	27562501120	6912512	512	7.344123
91611364864	91605102592	6262272	512	6.781344
7744481280	7739057664	5423616	512	8.056991
67732366336	67725627392	6738944	512	6.717019
98753525760	98749201920	4323840	512	3.770376
38167931392	38159612416	8318976	512	2.547331
40679390720	40675003904	4386816	512	7.643052
211059072000	211051489280	7582720	512	6.657952
176975423488	176968250368	7173120	512	6.257186
195500780032	195495345152	5434880	512	7.914511
59869079552	59864272896	4806656	512	1.926167
73579489280	73572121088	7368192	512	8.162428
7141510656	7134405632	7105024	512	1.660313
40240554496	40234524160	6030336	512	7.832204
42518317056	42511732224	6584832	512	8.621345
199541025280	199534372864	6652416	512	7.494848
127094712320	127090429952	4282368	512	2.123358
172659756544	172653811712	5944832	512	9.535376
60965150208	60959721472	5428736	512	4.908789
190545747968	190540672512	5075456	512	6.992498
129847147008	129840150528	6996480	512	3.823954
111555973120	111550893568	5079552	512	2.410972
72704420352	72698723328	5697024	512	8.832608
151727213568	151720349696	6863872	512	8.790535
218861486080	218854726144	6759936	512	6.279651
6271133696	6263602688	7531008	512	3.830389
130974714368	130967424000	7290368	512	7.932918
17585999872	17577881600	8118272	512	5.659377
70593714688	70585783296	7931392	512	3.509377
180044993536	180039788544	5204992	512	7.251286
217379495936	217373578752	5917184	512	3.215857
201776440832	201768093696	8347136	512	7.215982
124791057408	124784709120	6348288	512	4.471138
69290554880	69284294144	6260736	512	3.936030
206040624128	206034688512	5935616	512	7.267442
75567633408	75559656448	7976960	512	8.115731
72393232896	72387256320	5976576	512	5.021233
103464455680	103457918976	6536704	512	4.004974
82372275712	82364898304	7377408	512	6.435297
143593117184	143586208768	6908416	512	3.259311
188921581056	188914600960	6980096	512	7.354808
33431706624	33425772032	5934592	512	8.561194
39977288704	39971337728	5950976	512	7.005066
166720851456	166715937792	4913664	512	5.369044
195870121984	195864925696	5196288	512	2.688553
57930595840	57925846016	4749824	512	3.768104
195594203136	195588320256	5882880	512	9.927866
47050300416	47043820032	6480384	512	2.678858
160197502464	160192780288	4722176	512	9.873065
236276930048	236269852160	7077888	512	7.602974
143525507584	143518301696	7205888	512	8.527201
122578132992	122570816000	7316992	512	9.118471
191431984128	191426394112	5590016	512	8.021049
52627440640	52623139840	4300800	512	6.224667
52138011136	52132514304	5496832	512	2.959336
64936835072	64929510912	7324160	512	8.561852
5434996224	5427163648	7832576	512	8.254451
201778882560	201773911040	4971520	512	5.060668
75827639808	75822526464	5113344	512	4.459965
92908717568	92902050304	6667264	512	4.754484
127110560768	127103403520	7157248	512	3.808203
89952256000	89947328000	4928000	512	5.245665
207372244992	207366025728	6219264	512	3.849437
93431171584	93426187264	4984320	512	3.263968
179896277504	179888485888	7791616	512	6.140725
189902934016	189894667776	8266240	512	6.637286
145046040576	145041518592	4521984	512	6.246956
89935143424	89928116224	7027200	512	9.747326
63975271424	63969566720	5704704	512	7.070908
162408477696	162401716224	6761472	512	8.202229
185557122560	185548941312	8181248	512	10.207303
71972123136	71963750400	8372736	512	7.810959
179944141824	179939280384	4861440	512	2.804766
163586132992	163581754368	4378624	512	4.055650
67005956096	67001048064	4908032	512	8.706432
244816647680	244812182016	4465664	512	5.622963
101998457344	101993031680	5425664	512	7.429652
135355497472	135349890048	5607424	512	2.166901
58167531520	58160212480	7319040	512	9.558552
166281555456	166277303296	4252160	512	6.692167
226632311808	226625012224	7299584	512	10.104141
181195431936	181189408256	6023680	512	5.086581
239382169088	239375503872	6665216	512	9.012037
60961684992	60954314240	7370752	512	9.102229
110939958784	110933637632	6321152	512	6.047445
867736064	862206976	5529088	512	5.877395
85289691648	85282256896	7434752	512	4.416192
149876236800	149870639104	5597696	512	7.709157
192099511296	192092924928	6586368	512	3.563896
110671931392	110667512320	4419072	512	1.675613
226858410496	226853074432	5336064	512	7.352789
229938486272	229931263488	7222784	512	2.870066
949952000	941692928	8259072	512	7.682958
226277314048	226270525440	6788608	512	10.036818
57295409152	57290944512	4464640	512	4.850431
243469749248	243461664256	8084992	512	9.998849
63770216448	63762907136	7309312	512	8.684461
47427127296	47418781184	8346112	512	7.622349
54613013504	54608029184	4984320	512	8.817303
144331493888	144323277824	8216064	512	4.060687
75441464832	75434025472	7439360	512	5.941152
142475474944	142470544896	4930048	512	7.435031
19705638400	19698578944	7059456	512	7.369659
102786788352	102779138560	7649792	512	7.462169
89892215296	89887465472	4749824	512	8.203615
66595347968	66590387200	4960768	512	6.834106
102368181248	102362046464	6134784	512	7.787910
199285677056	199279389696	6287360	512	3.709087
45335479296	45327816704	7662592	512	8.023781
160736573440	160732295680	4277760	512	5.118262
17373315072	17366877696	6437376	512	5.601859
54220440064	54212083712	8356352	512	8.996837
102648562176	102640741376	7820800	512	5.874098
233241405440	233234428928	6976512	512	10.364468
141830838784	141822576640	8262144	512	5.050608
193512578048	193507078144	5499904	512	7.483881
194757621248	194752756224	4865024	512	9.377255
103633186304	103628354048	4832256	512	6.056280
194652539392	194645353472	7185920	512	3.660889
135868378624	135862369280	6009344	512	6.543138
237607952384	237600343040	7609344	512	7.338983
26040445440	26034440704	6004736	512	9.050290
74798108160	74790673408	7434752	512	4.342219
232634831872	232628978176	5853696	512	10.802720
209710718976	209703151616	7567360	512	5.202656
154404051456	154397588992	6462464	512	5.959928
227499280384	227494431744	4848640	512	6.686356
174988676608	174983872512	4804096	512	5.191835
158670321152	158665812480	4508672	512	5.161797
22640246784	22634007552	6239232	512	7.191952
133031434240	133023586816	7847424	512	7.789751
128577306624	128570088960	7217664	512	10.074324
165871869952	165864752128	7117824	512	4.519969
83271777280	83266541056	5236224	512	4.625636
6680796672	6672983040	7813632	512	2.983371
241508312576	241503441920	4870656	512	4.913085
90578132992	90571225088	6907904	512	9.242262
134726798848	134719248896	7549952	512	3.975695
194508429312	194503386624	5042688	512	7.349023
100965048832	100959258112	5790720	512	2.740084
248109544960	248101571072	7973888	512	4.621214
38433838080	38428751872	5086208	512	8.725424
75963000832	75955045376	7955456	512	9.625672
83338089472	83332010496	6078976	512	4.185448
215644192768	215638037504	6155264	512	5.660912
17337405952	17331401728	6004224	512	9.060515
9835679232	9827876352	7802880	512	3.050227
203704466432	203698830336	5636096	512	3.935898
84484423680	84478745088	5678592	512	7.707120
113187603456	113181460992	6142464	512	7.690933
170609068032	170604187648	4880384	512	4.375830
21330991104	21326757376	4233728	512	9.644513
30756828672	30750383104	6445568	512	4.359408
95848024576	95842621952	5402624	512	2.322655
235347835392	235340357632	7477760	512	10.544391
28469930496	28463438848	6491648	512	2.312903
169932136960	169927580160	4556800	512	9.187299
148150003712	148141729280	8274432	512	3.517450
149083127808	149075888640	7239168	512	6.818237
215366472192	215358617088	7855104	512	7.444144
141459866624	141451694592	8172032	512	4.520697
81643477504	81637207040	6270464	512	9.375554
69715311616	69707051008	8260608	512	7.436002
225513803264	225509509120	4294144	512	7.474244
161754036736	161749427200	4609536	512	1.849028
24516166144	24508616192	7549952	512	10.210645
212186172416	212179529216	6643200	512	3.121403
82181825024	82177595392	4229632	512	6.721269
141276415488	141269668352	6747136	512	4.865243
119993777664	119985694720	8082944	512	7.284846
7719040000	7712820224	6219776	512	8.650043
3229190656	3221627392	7563264	512	4.917964
166184191488	166178224640	5966848	512	2.689312
120125182464	120117280768	7901696	512	8.852055
85492240384	85485084672	7155712	512	9.829500
209756735488	209750796288	5939200	512	4.974830
104273231360	104266604032	6627328	512	3.165029
20777900544	20770861568	7038976	512	7.516607
39290585600	39285297664	5287936	512	7.047580
94134024704	94126245376	7779328	512	8.182467
127616469504	127612165120	4304384	512	1.894219
26789206016	26783940608	5265408	512	8.148911
23982983168	23978270208	4712960	512	4.392551
212497433088	212492836864	4596224	512	7.809362
160606202880	160598652416	7550464	512	5.432036
141112372224	141105302016	7070208	512	8.266451
234668246528	234662782464	5464064	512	9.517249
205607485440	205602412032	5073408	512	3.808796
70530851840	70522972672	7879168	512	2.364530
186876113920	186868083712	8030208	512	3.508177
142904129536	142896556032	7573504	512	1.936704
142044378112	142039721984	4656128	512	4.871974
84230270976	84224817664	5453312	512	9.726728
50044187136	50035878400	8308736	512	8.028741
242223177728	242216297984	6879744	512	4.335896
388980224	381277184	7703040	512	3.766079
179488625664	179484255744	4369920	512	9.593916
222985692672	222977885184	7807488	512	8.765041
166286195712	166278847488	7348224	512	2.077839
44520610816	44514884096	5726720	512	3.415665
136057916416	136053255168	4661248	512	4.438084
11775913984	11769485312	6428672	512	4.184190
162896613376	162891403264	5210112	512	2.278247
68641845248	68634696704	7148544	512	1.809820
192575256576	192569027072	6229504	512	8.972778
114062454272	114057988096	4466176	512	9.459195
161488852992	161484422656	4430336	512	3.528558
120623798784	120615860736	7938048	512	3.249777
40886123520	40881211392	4912128	512	1.892148
181058454016	181052436992	6017024	512	5.188492
194083067392	194078287872	4779520	512	2.111818
197181413888	197173547520	7866368	512	8.701432
92711670784	92706602496	5068288	512	5.315866
147791023104	147784365568	6657536	512	4.262888
131842754560	131836070400	6684160	512	6.968432
126140345856	126133249024	7096832	512	4.335573
222911349248	222905012224	6337024	512	7.786452
162314734592	162308184064	6550528	512	3.474313
68493865472	68488276480	5588992	512	2.768942
75077122048	75071459840	5662208	512	7.854040
146814191104	146809240576	4950528	512	8.599886
76875726848	76869997056	5729792	512	7.269509
46231384064	46225531904	5852160	512	9.253451
91347908608	91340250112	7658496	512	2.668689
28341476864	28336603648	4873216	512	2.226673
248658340864	248650050048	8290816	512	6.626740
119662699520	119655324160	7375360	512	1.676410
48049794048	48045194752	4599296	512	5.061833
3780136448	3773999104	6137344	512	7.669769
40346135552	40340126720	6008832	512	7.944737
176857943040	176851683840	6259200	512	9.396748
92442941440	92437904896	5036544	512	5.673356
100440052224	100435469312	4582912	512	9.717220
150147268608	150140225536	7043072	512	6.954281
131285789696	131279451648	6338048	512	2.067460
143339788288	143335110656	4677632	512	3.289647
43971136000	43966831616	4304384	512	8.328978
31867636736	31860273152	7363584	512	8.995051
174870003712	174862228480	7775232	512	10.593024
212092922880	212085173248	7749632	512	3.224320
130994199040	130988732416	5466624	512	3.605492
201937636352	201930633728	7002624	512	9.584807
107180567040	107174026240	6540800	512	3.997631
180723111936	180717083648	6028288	512	5.050135
196797939200	196790099456	7839744	512	7.395666
230260703744	230254841856	5861888	512	4.069311
35517032448	35510695936	6336512	512	3.850689
15050807296	15043266048	7541248	512	2.077985
30013945856	30006552576	7393280	512	3.371590
107878992896	107870955008	8037888	512	2.240682
89017261568	89009541120	7720448	512	2.132737
40057703936	40053509120	4194816	512	9.246161
126993254400	126984900096	8354304	512	6.196568
196035997184	196030560768	5436416	512	9.550164
66191722496	66185585152	6137344	512	3.686064
167006321152	167001910784	4410368	512	5.071968
20526803968	20520504320	6299648	512	5.024179
131863208960	131856992256	6216704	512	4.536245
115821381120	115815435776	5945344	512	9.501451
57247243264	57239284224	7959040	512	4.122390
58251404800	58245555712	5849088	512	8.259284
19791695872	19785478656	6217216	512	5.970977
59077557248	59070379520	7177728	512	2.506178
16103387648	16096903680	6483968	512	5.140622
145647744512	145641102336	6642176	512	5.871621
115597496832	115592026112	5470720	512	7.043393
158388372992	158383093760	5279232	512	4.189999
470220288	466006528	4213760	512	2.497678
248713763840	248709246464	4517376	512	8.538701
145211181056	145202976256	8204800	512	5.579900
17335085056	17330083840	5001216	512	2.044262
135606198272	135600562176	5636096	512	1.882661
231306819584	231298923008	7896576	512	4.760553
167317984256	167312052224	5932032	512	9.872128
92286934016	92280950784	5983232	512	2.631699
136508102144	136502035968	6066176	512	4.342183
216229292032	216224931840	4360192	512	9.379127
166891279872	166884075008	7204864	512	3.534376
109438273536	109430015488	8258048	512	1.795657
101127914496	101122116608	5797888	512	5.672410
62537920000	62531658240	6261760	512	3.956535
169830862336	169823262208	7600128	512	4.270209
62596409344	62588613632	7795712	512	4.522890
214729319936	214724454912	4865024	512	4.479424
18303789568	18298412544	5377024	512	7.118746
111462668800	111455387648	7281152	512	10.809905
85614321664	85609955328	4366336	512	4.130263
12812172288	12804808704	7363584	512	3.394549
179806689792	179800888832	5800960	512	7.562181
97975671808	97969391616	6280192	512	8.193792
12714846720	12708323840	6522880	512	4.852486
198997895680	198992958976	4936704	512	5.664783
245200658432	245193091072	7567360	512	9.415051
71474410496	71470041088	4369408	512	6.458745
62725377024	62719599616	5777408	512	8.059301
166035155968	166029280256	5875712	512	2.206573
123672771584	123666257408	6514176	512	8.202464
161068188160	161062282752	5905408	512	1.997449
238122754560	238116265472	6489088	512	3.268261
36345684992	36339666432	6018560	512	7.863160
112688614912	112681876992	6737920	512	2.161786
203440096256	203433237504	6858752	512	3.043623
162516610560	162512376832	4233728	512	5.529993
43802825216	43797426688	5398528	512	4.758527
246079084032	246074876928	4207104	512	6.452429
217354903040	217347903488	6999552	512	3.238997
122783428608	122775733760	7694848	512	5.531929
208077739520	208069366784	8372736	512	9.033828
201282269696	201275187712	7081984	512	2.718974
220302527488	220296166912	6360576	512	4.520712
194443782144	194435658240	8123904	512	8.161565
68498812416	68492619264	6193152	512	3.096249
193359438848	193352169984	7268864	512	2.696806
99496586752	99491611648	4975104	512	6.179074
44407780352	44402096128	5684224	512	2.380604
234827103232	234819429376	7673856	512	7.866598
229043014656	229038477312	4537344	512	4.174880
177190029312	177182960128	7069184	512	7.318503
208254432768	208249829888	4602880	512	7.724938
153548480512	153540219904	8260608	512	9.747155
135922386944	135915077120	7309824	512	7.761918
234947122688	234938771456	8351232	512	3.721718
120252157440	120247113728	5043712	512	3.055289
140505585664	140497338368	8247296	512	3.918647
189341202944	189333972992	7229952	512	3.168622
149946423808	149941764096	4659712	512	2.252901
95262178304	95255400960	6777344	512	2.369197
4014442496	4007168000	7274496	512	7.227402
148616462848	148612132352	4330496	512	8.105214
239801717248	239797302272	4414976	512	6.416171
155700977152	155695596544	5380608	512	3.175869
227901697024	227896191488	5505536	512	6.439622
14050238464	14043205632	7032832	512	6.156377
111252931072	111245280256	7650816	512	8.799863
112487233024	112481497600	5735424	512	3.221598
3382707712	3375277568	7430144	512	5.985366
132228723200	132222003712	6719488	512	6.552322
200140383744	200134372864	6010880	512	9.696292
147787547648	147780459008	7088640	512	9.712343
58392990720	58388692480	4298240	512	6.219739
45257989120	45250109952	7879168	512	4.771746
160989249536	160981595136	7654400	512	7.052757
83118409728	83112607744	5801984	512	6.611641
187643615232	187639083008	4532224	512	6.408082
22393666048	22387577856	6088192	512	6.750447
170475294720	170470938112	4356608	512	3.097251
219535540224	219529698816	5841408	512	4.178014
41333461504	41325166080	8295424	512	2.785300
23473744896	23467909120	5835776	512	2.092979
163157537792	163152867328	4670464	512	2.332559
232548584960	232541476864	7108096	512	8.796394
10774315520	10767214080	7101440	512	7.028934
184762234368	184755472384	6761984	512	10.729900
213672504832	213664138752	8366080	512	10.721920
163352064512	163346492928	5571584	512	5.362670
73938536448	73933360128	5176320	512	2.238133
229698393088	229693557248	4835840	512	7.111213
101895495168	101888538624	6956544	512	5.359730
126386801664	126381342208	5459456	512	6.089716
115234447872	115227830784	6617088	512	3.282478
140033533952	140029249536	4284416	512	9.455047
175714624512	175709692928	4931584	512	3.878437
87427389952	87420717056	6672896	512	5.928224
79474299392	79467037696	7261696	512	7.237426
70914454016	70909444608	5009408	512	4.800707
18415803904	18409417216	6386688	512	5.947408
227546799616	227541880320	4919296	512	6.025408
244092557312	244085283328	7273984	512	6.856725
169233551360	169226245120	7306240	512	8.725720
224110095872	224103066624	7029248	512	6.790054
82116515840	82111827968	4687872	512	9.488001
176490025984	176483600896	6425088	512	9.886198
137782822400	137776333824	6488576	512	1.882053
18470712320	18463820288	6892032	512	8.711012
235209484288	235203866112	5618176	512	8.774064
130840421376	130835543040	4878336	512	2.334107
165520740352	165513563648	7176704	512	3.865061
136098443264	136092435456	6007808	512	6.567798
125626575872	125618701312	7874560	512	2.129698
2331683328	2324822528	6860800	512	3.596674
134479195648	134474248192	4947456	512	1.862555
199103725568	199099315712	4409856	512	4.717837
226374059520	226366633472	7426048	512	8.428737
165153515008	165145435136	8079872	512	8.166806
12166423552	12158202368	8221184	512	4.822573
61914654720	61908461056	6193664	512	9.733946
204177053184	204168684032	8369152	512	6.966741
14369502720	14365259264	4243456	512	9.568679
64281021952	64276442112	4579840	512	3.285101
107740873728	107733544960	7328768	512	10.373442
128868883456	128862473216	6410240	512	9.397725
24095227392	24087129600	8097792	512	5.819489
182450998784	182444622336	6376448	512	9.475968
238049391616	238041805312	7586304	512	10.475524
103887795712	103882280448	5515264	512	4.986931
33558452736	33551622144	6830592	512	9.363136
13593052160	13587796480	5255680	512	8.244204
133477325824	133470196736	7129088	512	9.327064
242595579392	242589207552	6371840	512	6.363221
127644740096	127639677952	5062144	512	1.856519
206582894080	206577319424	5574656	512	4.699231
20619122688	20613131776	5990912	512	9.158219
92626283520	92617926144	8357376	512	3.251665
114833084928	114826458112	6626816	512	3.114463
69930618880	69923382784	7236096	512	9.351362
54908586496	54900449792	8136704	512	2.608110
22143191040	22135618048	7572992	512	1.827084
196655312384	196647949824	7362560	512	6.121707
196103316480	196097369088	5947392	512	9.080374
155651518464	155646046720	5471744	512	2.245253
20819335168	20811220992	8114176	512	5.689653
200164753408	200157189120	7564288	512	3.987978
210836451328	210830254592	6196736	512	1.787498
173396905472	173390618112	6287360	512	4.523672
155762261504	155756573184	5688320	512	5.321293
93227288576	93220417024	6871552	512	2.896475
244037677568	244030052864	7624704	512	8.453389
162582454272	162576163840	6290432	512	6.268158
23569570304	23564916736	4653568	512	4.800639
186282345984	186276897280	5448704	512	4.490917
55396214784	55390014464	6200320	512	3.898748
15877203968	15871821312	5382656	512	7.218312
117124254720	117119211520	5043200	512	1.944450
161488123904	161480732672	7391232	512	1.980589
247536161792	247529880064	6281728	512	10.136409
202039731712	202031677952	8053760	512	3.808044
157556494848	157549736960	6757888	512	2.921840
94563639296	94559296000	4343296	512	3.577792
144125228544	144117720064	7508480	512	4.209827
138636679168	138630863360	5815808	512	6.960050
130957053440	130951547392	5506048	512	4.563659
52621278720	52616421376	4857344	512	9.751258
67135540224	67129427456	6112768	512	5.200556
86425092096	86418131968	6960128	512	3.272872
240224436224	240218659328	5776896	512	6.842680
462114816	457473536	4641280	512	7.362806
227533608960	227527812096	5796864	512	6.698774
244176616960	244169160704	7456256	512	2.767956
168296294400	168288954368	7340032	512	2.151405
82512435712	82504645120	7790592	512	2.817698
207665043968	207658057216	6986752	512	6.779229
49427419648	49420345856	7073792	512	4.747945
85817623552	85811719680	5903872	512	4.337422
225244452864	225238372352	6080512	512	4.272919
75506823680	75501564928	5258752	512	4.535034
119229618688	119223641088	5977600	512	8.032612
171820561920	171814604800	5957120	512	8.014989
128154855936	128147054592	7801344	512	3.090684
230349119488	230344147968	4971520	512	9.542875
112867596288	112859333120	8263168	512	8.350347
171866414592	171859013120	7401472	512	7.733496
30742041600	30737574912	4466688	512	5.622138
59483570688	59477544448	6026240	512	6.739453
247454919680	247449213952	5705728	512	3.910918
28462627840	28456683008	5944832	512	8.472307
242003579392	241998950912	4628480	512	3.226153
142691490304	142683165696	8324608	512	9.842038
69577291264	69570826752	6464512	512	9.070812
30552223232	30546540544	5682688	512	2.424062
43773478400	43765289984	8188416	512	3.644422
180075612160	180067775488	7836672	512	5.746394
175234937856	175228297216	6640640	512	7.614286
17930974720	17923933696	7041024	512	7.508015
18635853824	18628932096	6921728	512	8.495169
178119420416	178115088384	4332032	512	3.126669
38045444608	38039440384	6004224	512	7.984637
26822841344	26817507328	5334016	512	5.219784
183981821952	183977028096	4793856	512	3.490084
228521935360	228515309056	6626304	512	5.255403
5396337664	5391880704	4456960	512	7.431562
20341712384	20336660992	5051392	512	1.654053
51413705728	51407674880	6030848	512	5.194959
98726719488	98720880640	5838848	512	3.865149
75823501824	75817013248	6488576	512	7.471635
3243077632	3236983808	6093824	512	9.576478
179980414464	179973679616	6734848	512	2.507520
103599387648	103592797184	6590464	512	3.510358
154443597824	154435791872	7805952	512	6.091971
117761748480	117757447680	4300800	512	1.926117
115503320576	115496645632	6674944	512	2.741309
27162922496	27158466048	4456448	512	5.737213
18669007360	18660696576	8310784	512	4.067045
211255304704	211247342080	7962624	512	8.834746
27972059648	27966305792	5753856	512	1.824163
195001900032	194994171904	7728128	512	5.752434
157675205120	157667169280	8035840	512	3.785774
148654795264	148650136064	4659200	512	4.817700
134005149184	133996951552	8197632	512	6.014073
183458029568	183449849344	8180224	512	10.229143
192475145728	192468131840	7013888	512	5.312864
112401484288	112394608128	6876160	512	9.112962
90387181056	90381529088	5651968	512	6.981774
205104494592	205098648576	5846016	512	8.336184
37882294784	37877016576	5278208	512	7.132818
31543524864	31537267712	6257152	512	4.524269
54991021056	54984222208	6798848	512	7.048066
245183571968	245178619904	4952064	512	3.904829
192839881216	192832825856	7055360	512	6.488991
232699398144	232692368896	7029248	512	8.208670
25996029440	25989076480	6952960	512	7.307321
131199650816	131194513408	5137408	512	6.474700
158624909312	158616987648	7921664	512	4.860778
66487625216	66482855936	4769280	512	1.844885
110966337024	110959796224	6540800	512	2.617723
237092111872	237085282304	6829568	512	5.083493
34711114752	34703073280	8041472	512	4.861021
179620256768	179612096512	8160256	512	10.415765
102199346176	102194013696	5332480	512	8.230468
225129911808	225124177408	5734400	512	7.487346
61631525888	61623948288	7577600	512	6.356817
119428433408	119423912448	4520960	512	8.049153
135936798720	135929243136	7555584	512	5.328707
115210254848	115204436992	5817856	512	2.343194
222572882432	222566711808	6170624	512	9.733763
216054048256	216047581184	6467072	512	3.127837
160487420416	160482698240	4722176	512	8.721271
216638658048	216631283712	7374336	512	3.920069
149717333504	149709023744	8309760	512	3.159640
100640201216	100634689024	5512192	512	6.775155
232000694272	231995308544	5385728	512	3.753264
54294865408	54288754176	6111232	512	6.007822
73518913536	73513537536	5376000	512	4.641763
39392839168	39386825728	6013440	512	7.932275
9508615168	9503362048	5253120	512	9.404810
42390899200	42384774656	6124544	512	5.595007
196456394240	196450340352	6053888	512	7.792685
45285762560	45278151168	7611392	512	8.327994
166326334976	166321846272	4488704	512	4.378386
15006336512	14998888960	7447552	512	4.222665
237765573120	237759653888	5919232	512	4.800285
126736104448	126729566720	6537728	512	9.488944
103898017280	103890829824	7187456	512	4.864194
131144676864	131138758656	5918208	512	7.417216
34082814976	34077810176	5004800	512	9.403080
43602978304	43596221952	6756352	512	8.656619
163961534976	163956802560	4732416	512	6.983356
84647885824	84641991168	5894656	512	5.804342
64789132288	64781594112	7538176	512	6.772868
152196466688	152188165632	8301056	512	7.653937
234393320448	234387382784	5937664	512	9.641511
65122285568	65115269120	7016448	512	4.350017
141501915136	141496752640	5162496	512	6.734398
2226601472	2219591680	7009792	512	2.422878
234664023040	234657643008	6380032	512	3.742286
192954165248	192948911616	5253632	512	4.974166
133427119104	133420950016	6169088	512	3.611470
179655363072	179648384512	6978560	512	9.699137
36532338688	36526378496	5960192	512	6.922861
214257856512	214252892672	4963840	512	1.913814
31821667328	31815139840	6527488	512	3.654985
129655106048	129650797568	4308480	512	1.805680
103840867328	103836024320	4843008	512	4.550046
172817542144	172811624448	5917696	512	9.800522
184878991360	184872984064	6007296	512	5.257541
133854757376	133847730176	7027200	512	10.414219
185915284480	185908291584	6992896	512	9.532695
226327034880	226318755328	8279552	512	10.817553
142596115456	142591342080	4773376	512	2.319886
217805696512	217798786560	6909952	512	4.367200
41892554752	41888107008	4447744	512	7.105530
62613111808	62605224960	7886848	512	3.744068
197659935744	197652883456	7052288	512	3.075352
144512339968	144504156160	8183808	512	4.391219
7862864896	7857630208	5234688	512	9.551899
248957386752	248952875520	4511232	512	8.647384
73107313152	73103087104	4226048	512	7.662797
113067943424	113061517824	6425600	512	5.082660
84841964544	84836771328	5193216	512	3.664363
131869700608	131862995968	6704640	512	6.693045
164066923520	164061945344	4978176	512	6.093575
206663422976	206657168384	6254592	512	3.418242
126523716096	126519229440	4486656	512	8.403328
151770659328	151764547584	6111744	512	2.639738
236608777728	236603892224	4885504	512	10.660435
205339031040	205331719680	7311360	512	4.539617
78747923968	78740712448	7211520	512	9.336723
181267854848	181261158400	6696448	512	4.566630
160845257728	160836952064	8305664	512	4.461367
141232475136	141226909696	5565440	512	9.647862
164276121600	164271110656	5010944	512	5.711282
164228638720	164223947264	4691456	512	8.945787
142167531520	142160779776	6751744	512	4.769556
42995595776	42990352896	5242880	512	5.954207
31223324160	31217147904	6176256	512	5.216781
13532418048	13524293120	8124928	512	4.146944
151274813952	151270362624	4451328	512	4.370789
61140016128	61133900800	6115328	512	5.922496
41000280576	40993604096	6676480	512	9.313921
166259396096	166254950400	4445696	512	4.695153
68558202880	68552571904	5630976	512	2.480759
83506411008	83498064896	8346112	512	4.840703
189191609344	189185196032	6413312	512	5.551693
231793295872	231787025408	6270464	512	5.314544
179442478080	179436480000	5998080	512	3.741763
51373343232	51365700608	7642624	512	6.798799
92574435840	92569146880	5288960	512	3.346932
130754824704	130749450752	5373952	512	4.415838
2830534144	2824948736	5585408	512	6.780969
75484710400	75480410112	4300288	512	4.711848
198122713088	198115052032	7661056	512	2.856906
31551973376	31546252288	5721088	512	2.055828
45989254656	45984828928	4425728	512	6.034666
69681978880	69675632128	6346752	512	3.192691
117191780864	117186607104	5173760	512	7.199516
70258686976	70251342336	7344640	512	8.363732
179814504960	179807758336	6746624	512	4.024095
39872638464	39867081216	5557248	512	3.420123
91014731776	91008614400	6117376	512	9.596437
116610745344	116604530688	6214656	512	5.787006
136777651200	136769265152	8386048	512	4.201617
211453759488	211447600640	6158848	512	2.249807
113886133760	113879933952	6199808	512	7.142360
198789014016	198782718464	6295552	512	5.010756
70832686080	70827765760	4920320	512	8.545372
149585365504	149577311744	8053760	512	5.668453
213057951744	213052367360	5584384	512	9.374731
151467636224	151459753984	7882240	512	5.282090
72527292928	72522390528	4902400	512	8.699016
129420433408	129413353984	7079424	512	4.488412
162218944512	162210577408	8367104	512	3.778589
38928351232	38921669120	6682112	512	9.172576
103866418176	103862117376	4300800	512	2.760310
194742885376	194735290368	7595008	512	7.154771
153849294336	153843102208	6192128	512	1.826057
246525067264	246518275584	6791680	512	9.147317
222898648576	222891698176	6950400	512	7.865282
199045412352	199040235520	5176832	512	2.955258
3382290944	3374809600	7481344	512	5.562664
218479260672	218471148544	8112128	512	4.196379
70035463168	70030705664	4757504	512	8.436111
199354992128	199346746880	8245248	512	4.283646
141269391872	141261319168	8072704	512	6.863113
170185883136	170179270144	6612992	512	9.255055
211375306240	211369294848	6011392	512	10.869060
160001829376	159997578240	4251136	512	7.758970
119921549312	119913681408	7867904	512	3.876912
227754737152	227748215808	6521344	512	6.665288
197159938048	197153386496	6551552	512	8.656860
167197492224	167191682560	5809664	512	2.647594
5113666560	5106635776	7030784	512	7.696657
29136990720	29129382400	7608320	512	9.831736
6329863680	6323584512	6279168	512	8.194137
6050747392	6046051328	4696064	512	5.560151
46729972736	46724640256	5332480	512	5.325784
76099869696	76093764608	6105088	512	2.549209
998091264	992864256	5227008	512	9.587206
45407246848	45402502144	4744704	512	3.297376
139363554304	139356554752	6999552	512	3.831432
142533516288	142527670784	5845504	512	6.793139
27249048064	27241556480	7491584	512	2.527192
111856710656	111850460672	6249984	512	5.322166
223882424320	223874553856	7870464	512	10.739091
33341526528	33334663680	6862848	512	6.110050
71596982784	71591873536	5109248	512	6.969748
63307203584	63302415360	4788224	512	9.713732
209970954752	209962714624	8240128	512	4.042025
69718367232	69713372672	4994560	512	7.916395
161912733184	161906755072	5978112	512	9.423445
30118840832	30114123264	4717568	512	3.523835
168492132352	168484514816	7617536	512	4.573127
107119443456	107114843648	4599808	512	6.868332
181975486464	181969418752	6067712	512	4.610538
147277407744	147271467520	5940224	512	5.921193
41236120576	41229823488	6297088	512	5.557651
27282912256	27277332480	5579776	512	3.275758
214391355392	214385945600	5409792	512	4.635946
69581338112	69576913408	4424704	512	5.938872
53427885568	53423442944	4442624	512	6.418557
153720757760	153712921088	7836672	512	5.779831
138584921088	138576557568	8363520	512	4.390386
127720029184	127711697920	8331264	512	6.260268
11476057600	11470169600	5888000	512	1.749108
194266710016	194259502080	7207936	512	3.421184
189477389824	189471210496	6179328	512	8.108523
175120398336	175115157504	5240832	512	7.130774
241619631104	241613158912	6472192	512	10.171710
71982036480	71974245888	7790592	512	4.548063
54800289280	54792748544	7540736	512	7.664723
140356372992	140348736000	7636992	512	4.484843
13058256384	13051897856	6358528	512	6.085993
122044989952	122039304704	5685248	512	3.954979
146381024256	146373000192	8024064	512	6.002234
80403484672	80396188672	7296000	512	8.579564
22423623168	22418174464	5448704	512	5.303880
64917734400	64912878592	4855808	512	9.157689
10967612928	10959688192	7924736	512	7.209994
2986707968	2978525696	8182272	512	5.499623
224043299840	224035198976	8100864	512	6.283947
162910706176	162905107968	5598208	512	4.848477
644425216	637412352	7012864	512	7.837090
247482916352	247476519936	6396416	512	8.431665
2660526080	2654828544	5697536	512	5.834645
161935321088	161927900672	7420416	512	9.583923
49343595520	49338274304	5321216	512	4.439604
193497105920	193491464192	5641728	512	7.421844
233773322240	233766532096	6790144	512	6.342050
235571956224	235565533184	6423040	512	3.163124
94810478592	94803401216	7077376	512	7.905731
72664252928	72657778176	6474752	512	9.002910
178133626368	178126538752	7087616	512	8.491422
168815788032	168808954880	6833152	512	5.556304
235546181632	235538062336	8119296	512	8.310268
17784665088	17780324352	4340736	512	8.779091
188238610944	188231858688	6752256	512	1.981668
34200006144	34195647488	4358656	512	5.090234
105590685696	105582337024	8348672	512	7.862646
63807093760	63799170560	7923200	512	3.416684
200840858112	200835302400	5555712	512	6.692554
19866890240	19859338752	7551488	512	1.985086
135953216512	135945418240	7798272	512	2.984990
180547836416	180543426048	4410368	512	7.719521
192460237312	192452382208	7855104	512	2.932817
119953745920	119945952256	7793664	512	4.600175
184390646784	184384145920	6500864	512	8.116088
205338553344	205332136448	6416896	512	9.718099
102306971136	102301937664	5033472	512	4.224223
86424720896	86419602944	5117952	512	4.388298
118213786624	118209296896	4489728	512	5.568982
68385977344	68380519936	5457408	512	2.609506
247256794624	247251020288	5774336	512	2.878385
27870951424	27862874112	8077312	512	4.642992
246197694464	246191703040	5991424	512	7.751114
11844022784	11838134272	5888512	512	1.741110
86520374784	86514590720	5784064	512	6.821930
187168354304	187160169984	8184320	512	10.125489
77084064256	77077481984	6582272	512	4.987864
188014028288	188006415872	7612416	512	7.034015
241211906560	241206810112	5096448	512	3.189957
39236206080	39230734336	5471744	512	4.165167
144149690368	144143263744	6426624	512	8.001193
4510141952	4503542784	6599168	512	4.318502
63026504704	63018697728	7806976	512	4.400806
144470147584	144461917184	8230400	512	3.915823
34392321536	34386634240	5687296	512	2.373649
217566350336	217559406080	6944256	512	10.745714
90013516800	90007956480	5560320	512	7.802574
14357052416	14348948992	8103424	512	5.754358
101758130176	101749799936	8330240	512	9.542805
112755171328	112750947328	4224000	512	4.852021
149394913792	149388136960	6776832	512	4.433055
159266621952	159261628416	4993536	512	7.121430
9507846144	9501846528	5999616	512	2.143521
157349243392	157341989888	7253504	512	4.763203
155109852160	155102687232	7164928	512	5.730383
176375057920	176367343104	7714816	512	3.052849
33026518528	33019533824	6984704	512	6.694244
209740015616	209732601344	7414272	512	7.247571
173131826176	173125069312	6756864	512	6.378475
74461734912	74454347264	7387648	512	4.952915
56507824128	56500436992	7387136	512	8.992571
68351294464	68346686464	4608000	512	3.022045
14066563584	14060846592	5716992	512	3.109092
119952750080	119948313088	4436992	512	8.928181
210815711232	210808734208	6977024	512	7.235914
203026597376	203019079168	7518208	512	10.268349
230716646400	230708637184	8009216	512	3.189802
211895958016	211889197056	6760960	512	8.548873
153817517568	153811730432	5787136	512	5.938925
214741263872	214733867520	7396352	512	7.319113
121361753600	121356343808	5409792	512	6.523426
89556456448	89550060032	6396416	512	5.623193
70167034368	70158989312	8045056	512	2.369883
83235002880	83230466560	4536320	512	9.444889
225669970944	225663631360	6339584	512	7.493354
230105883648	230098574848	7308800	512	4.633938
40210004480	40204610560	5393920	512	6.173111
139721376768	139714277888	7098880	512	9.487307
159122826752	159116320256	6506496	512	5.524728
122560915968	122555579904	5336064	512	7.235691
16828256256	16822000128	6256128	512	6.967865
80846185472	80839196672	6988800	512	9.879101
141412493312	141406682112	5811200	512	5.823022
191526224896	191521389056	4835840	512	9.755976
182776626176	182770418688	6207488	512	3.008918
200404441088	200396269568	8171520	512	2.203590
33104682496	33100263936	4418560	512	6.005801
17197536256	17191955968	5580288	512	5.622240
83682483712	83677071360	5412352	512	1.819800
200830444544	200823958528	6486016	512	2.805293
180388407808	180382114816	6292992	512	2.100104
152206227968	152198496256	7731712	512	8.227529
145205285888	145197057536	8228352	512	4.029522
210094474240	210088315392	6158848	512	2.280645
121654414336	121646747648	7666688	512	5.830586
21649806336	21642938880	6867456	512	8.984357
232457355776	232451449344	5906432	512	3.452856
93273635328	93266674176	6961152	512	8.932521
205018711040	205010532864	8178176	512	9.272615
4518118400	4510642176	7476224	512	5.655601
194204328960	194197198848	7130112	512	4.272598
32841761792	32836638208	5123584	512	7.064713
33007153152	32999160832	7992320	512	5.264246
137503672832	137498407424	5265408	512	5.406648
105114892800	105107417088	7475712	512	9.008241
192402220544	192397608448	4612096	512	3.713828
13649359360	13642349056	7010304	512	7.768406
106026731008	106022400000	4331008	512	2.473957
106689931264	106682692608	7238656	512	4.476596
116568873984	116563415040	5458944	512	4.672238
73476966912	73471702016	5264896	512	4.250584
210189686272	210184848896	4837376	512	4.808309
110643284480	110637095424	6189056	512	5.836625
32880773120	32873207296	7565824	512	7.301307
12690568704	12683585024	6983680	512	8.005013
103141244416	103134689792	6554624	512	2.488949
55288087040	55283727360	4359680	512	7.098978
77472073728	77465170944	6902784	512	2.419589
60865747456	60857873920	7873536	512	4.828178
1025767936	1020315648	5452288	512	7.839907
81658105344	81652127232	5978112	512	5.027890
85076516864	85068951552	7565312	512	4.824740
29172756992	29164658688	8098304	512	4.396084
143179213312	143173455872	5757440	512	7.737083
109638660608	109631778304	6882304	512	7.702565
4596059136	4590798336	5260800	512	9.340795
203490435072	203482875392	7559680	512	8.360497
185425973760	185418601472	7372288	512	5.353290
130362919424	130355945472	6973952	512	5.586801
94451478016	94446999552	4478464	512	3.710818
182689677824	182683386880	6290944	512	9.050267
135721291264	135715156480	6134784	512	3.694326
39106557952	39100141056	6416896	512	4.622176
58799244288	58794386432	4857856	512	8.362316
165223275008	165214887424	8387584	512	6.406594
127911223296	127904951296	6272000	512	5.232593
26224237568	26219386880	4850688	512	9.883343
212027257344	212020562944	6694400	512	9.365027
103699744768	103694119936	5624832	512	5.597134
204275255296	204267569152	7686144	512	8.270247
167658501120	167651473920	7027200	512	5.421990
197597860864	197592034816	5826048	512	3.615913
16694660096	16688498176	6161920	512	6.108109
241083884544	241077669888	6214656	512	8.659656
223634981376	223626721280	8260096	512	2.816681
108621597696	108615510528	6087168	512	8.187866
233260770816	233254670848	6099968	512	8.990439
166427711488	166421494784	6216704	512	5.509655
62880392704	62875742720	4649984	512	2.651765
9991919616	9984147968	7771648	512	1.895598
177237472256	177232263168	5209088	512	7.267121
28789481472	28781888000	7593472	512	8.578805
32580558848	32576202240	4356608	512	6.529979
149835037696	149828449792	6587904	512	6.319244
83024107520	83016391168	7716352	512	3.489192
196638768128	196632846336	5921792	512	9.399079
211240898048	211233224192	7673856	512	10.947029
219973907456	219967144960	6762496	512	7.612904
45446615552	45441349632	5265920	512	7.248290
63834509312	63828819456	5689856	512	8.840830
86074814976	86068830208	5984768	512	3.652810
101245624832	101237427712	8197120	512	3.067904
212142760448	212136349696	6410752	512	6.032557
106547427328	106540495872	6931456	512	7.237267
77712755712	77705044992	7710720	512	3.542621
149216953344	149210091520	6861824	512	3.694850
180544603648	180538008064	6595584	512	5.660875
97359418880	97354196480	5222400	512	9.424227
105725639680	105721275904	4363776	512	3.505925
47888547328	47881695232	6852096	512	6.647947
23479508992	23473262592	6246400	512	5.649774
87921101312	87916311040	4790272	512	8.653883
181933801472	181929172992	4628480	512	6.738430
206535748608	206527547904	8200704	512	8.987392
115170144256	115165141504	5002752	512	4.426100
200671482368	200665815040	5667328	512	5.448043
180818770944	180810496000	8274944	512	7.548576
219563700224	219557085184	6615040	512	9.533750
90044363776	90037140480	7223296	512	6.594862
106155921920	106147905024	8016896	512	10.670202
28211874816	28204927488	6947328	512	7.031742
121382217728	121375764480	6453248	512	2.109529
165290487808	165285936128	4551680	512	2.230617
123963049472	123955632640	7416832	512	9.481753
191504527360	191499654144	4873216	512	9.259032
181271304192	181263686656	7617536	512	7.863673
88811167744	88806020608	5147136	512	4.597453
101405052416	101396828672	8223744	512	4.469185
118403902464	118397492736	6409728	512	3.959953
69626248192	69620302336	5945856	512	6.651227
169152578560	169147337216	5241344	512	8.744584
94958579200	94952302080	6277120	512	9.579657
137151667200	137144664064	7003136	512	3.804892
31667951104	31662285312	5665792	512	2.527235
245034188800	245029845504	4343296	512	7.447052
123657372160	123651961856	5410304	512	6.538958
176688800256	176681983488	6816768	512	5.728048
97557668864	97550990848	6678016	512	4.619030
19874197504	19867124736	7072768	512	7.330735
100072524800	100066475520	6049280	512	10.201245
138240982016	138234967040	6014976	512	6.485892
138258524160	138253702144	4822016	512	4.267115
139669362176	139664550400	4811776	512	4.330124
123060161536	123052065792	8095744	512	8.613030
236123385344	236119017472	4367872	512	9.570513
21785084928	21780629504	4455424	512	7.862751
79557136896	79551155200	5981696	512	5.017186
215951155200	215944028672	7126528	512	9.861997
117427729408	117421495808	6233600	512	5.590910
95577018880	95571801088	5217792	512	2.623681
173916218368	173909796864	6421504	512	9.922648
60811708928	60804078592	7630336	512	6.861601
182392811520	182385491968	7319552	512	4.552579
57924786176	57917381632	7404544	512	1.945670
238156311040	238150410240	5900800	512	5.109319
180884761088	180879446528	5314560	512	6.026174
120928641536	120921114112	7527424	512	7.113152
130906493440	130899770880	6722560	512	6.495160
207637677568	207632830464	4847104	512	6.530601
158512988160	158508712960	4275200	512	6.154848
218075867136	218068714496	7152640	512	9.490649
146365318144	146357919232	7398912	512	5.237196
170160281600	170153188864	7092736	512	2.764433
202123971584	202119426048	4545536	512	1.908630
1719985152	1714019840	5965312	512	2.406457
93612984320	93607843328	5140992	512	3.291606
241612267008	241607721984	4545024	512	4.423328
141147196416	141140907520	6288896	512	9.366331
39724938752	39716746240	8192512	512	10.230241
93704283136	93699845120	4438016	512	2.741273
10240384000	10235021824	5362176	512	7.387943
1830699520	1825617920	5081600	512	2.531884
99491798528	99486319616	5478912	512	8.485251
47754220544	47749290496	4930048	512	9.228296
138886999552	138881615360	5384192	512	5.748593
133747723776	133742572544	5151232	512	7.974478
112396425728	112390180352	6245376	512	6.736354
242095856640	242089076224	6780416	512	7.244190
87100421120	87095647744	4773376	512	7.147469
131999297024	131992636416	6660608	512	7.119582
166693686272	166687486976	6199296	512	8.490220
198960813568	198955116544	5697024	512	3.468801
19162296832	19154801664	7495168	512	3.831902
226306073600	226300755456	5318144	512	7.658015
102246331392	102240826880	5504512	512	6.698891
149084375040	149078338048	6036992	512	4.973400
144685523968	144680198656	5325312	512	3.489396
204358799360	204353580032	5219328	512	2.063204
141113168384	141105042432	8125952	512	3.335661
52818398720	52810564608	7834112	512	5.236100
180549733376	180543179776	6553600	512	4.712668
90429600256	90423071744	6528512	512	5.974289
180389626880	180383787520	5839360	512	7.113662
66832173568	66825509376	6664192	512	7.363181
56087153152	56080134144	7019008	512	5.197869
242878106112	242873022976	5083136	512	3.371237
28478082560	28471016960	7065600	512	4.699163
142247246848	142240361472	6885376	512	2.086431
225898216960	225891463680	6753280	512	10.495574
132961080832	132956231680	4849152	512	2.607466
246139415552	246132034560	7380992	512	6.584632
176939074560	176930805760	8268800	512	9.238447
157899474432	157893815296	5659136	512	7.153392
154894809088	154888818688	5990400	512	3.863755
167970749952	167963800064	6949888	512	4.740998
108069609472	108062563840	7045632	512	6.192025
146446042112	146437816832	8225280	512	3.994322
40141590528	40137377280	4213248	512	9.123357
176523175936	176517240832	5935104	512	8.288066
239706395136	239699214336	7180800	512	8.192953
113404499968	113398796800	5703168	512	10.138784
79656320000	79648248832	8071168	512	7.236592
31455266304	31446963712	8302592	512	2.701500
228111735296	228107484672	4250624	512	8.023235
53647622144	53640977920	6644224	512	8.371803
56014126592	56009244160	4882432	512	9.533219
108987177472	108981480960	5696512	512	4.916123
199013111808	199006042112	7069696	512	2.859515
139858821120	139852064256	6756864	512	6.213518
80069817856	80062555136	7262720	512	8.843033
104487363072	104480825856	6537216	512	4.014629
6169209344	6162319872	6889472	512	2.012428
242139427840	242133354496	6073344	512	3.906510
77798294528	77791569408	6725120	512	5.285083
208464929280	208458265088	6664192	512	4.217487
67215921664	67207854080	8067584	512	9.071696
64913767936	64909009920	4758016	512	10.007846
165070562816	165063065600	7497216	512	8.760849
182654326272	182648347648	5978624	512	5.527128
27809542144	27803230208	6311936	512	4.016066
69299977216	69293071360	6905856	512	3.848700
196015833088	196010285056	5548032	512	6.861652
230405824512	230401311232	4513280	512	8.999052
91902673920	91896563200	6110720	512	9.675242
58822127616	58813902336	8225280	512	1.876210
240484003328	240479029760	4973568	512	5.033613
175919071232	175912575488	6495744	512	2.246476
186182798336	186175693824	7104512	512	6.945853
118702660096	118697974784	4685312	512	4.885763
78831497216	78825952768	5544448	512	8.885712
163395589120	163387825664	7763456	512	4.432406
213681564160	213676301824	5262336	512	6.467176
194615876096	194611299328	4576768	512	5.743067
79969896960	79962340864	7556096	512	3.536897
145832934912	145824584704	8350208	512	9.669229
169480486400	169475675136	4811264	512	5.035927
243813625856	243805825536	7800320	512	4.532664
223523805184	223517089792	6715392	512	9.314571
38470368768	38462342656	8026112	512	3.631276
147560302592	147554649088	5653504	512	8.769467
191877921280	191871789056	6132224	512	1.864552
244036901888	244029783552	7118336	512	10.490110
61903213568	61896258048	6955520	512	3.474376
184941528576	184933576192	7952384	512	5.841922
118138124800	118130262528	7862272	512	3.943338
212353324544	212348590080	4734464	512	6.083805
108756106752	108750804992	5301760	512	8.606703
199055399424	199048115200	7284224	512	7.240956
243690311680	243685676544	4635136	512	3.138379
10924491776	10916375040	8116736	512	5.654922
191120612864	191113583104	7029760	512	6.771993
134722208768	134714201600	8007168	512	6.442967
57642335232	57637464064	4871168	512	9.638454
236253678080	236245293568	8384512	512	3.505609
100595930112	100587952128	7977984	512	8.029672
197403845632	197398016512	5829120	512	3.553739
116367350784	116362940928	4409856	512	9.111169
102844826624	102838993920	5832704	512	10.491057
134737371136	134729323008	8048128	512	7.493281
50785171456	50780064256	5107200	512	7.635909
32297972224	32290625536	7346688	512	2.366668
205188051456	205183362560	4688896	512	8.438725
52099997696	52092462080	7535616	512	6.080456
50536710656	50530966528	5744128	512	9.141855
233566297600	233560840704	5456896	512	2.825714
173753456640	173748733952	4722688	512	7.385585
53248956416	53242745856	6210560	512	5.146697
160838640128	160831129600	7510528	512	8.619441
49595112960	49588212736	6900224	512	6.193929
240276353536	240269992448	6361088	512	6.513388
118912730112	118904430080	8300032	512	6.693805
35576731648	35570094592	6637056	512	2.692765
215197963776	215190449152	7514624	512	7.518255
90689749504	90684700672	5048832	512	5.518200
74658644992	74653196288	5448704	512	9.727936
161644945920	161637987328	6958592	512	7.486210
88728642048	88721178112	7463936	512	4.429487
176604309504	176599296000	5013504	512	4.310903
131029859328	131023781888	6077440	512	4.276116
27745624576	27741049344	4575232	512	4.715248
94343766528	94337116672	6649856	512	4.864642
92057887232	92051468800	6418432	512	6.985039
132256385024	132250360832	6024192	512	6.395007
194581444608	194573929472	7515136	512	8.149656
12424518144	12419412480	5105664	512	9.441982
8571589120	8566618624	4970496	512	3.389757
243769723392	243764662272	5061120	512	3.713271
63694988288	63687172096	7816192	512	4.329258
222838777344	222831850496	6926848	512	8.174964
174969772032	174965004800	4767232	512	6.928544
73162752	65617920	7544832	512	3.713008
91249992704	91244875264	5117440	512	3.588447
64498083840	64490000896	8082944	512	8.946152
105205756928	105199785984	5970944	512	7.860442
235693198848	235688078336	5120512	512	8.821051
245418580480	245410478080	8102400	512	9.501543
30840717312	30836435968	4281344	512	8.488501
237171205632	237166915584	4290048	512	8.212739
188973748224	188967539200	6209024	512	9.210223
99259418112	99251265024	8153088	512	5.207582
136087277056	136079269888	8007168	512	9.137147
158774938624	158766793216	8145408	512	2.644911
52418775040	52412257280	6517760	512	2.547172
86166652928	86161350144	5302784	512	2.783681
91864166400	91857325568	6840832	512	1.899473
214982338560	214977482752	4855808	512	4.644237
25965843968	25959895040	5948928	512	8.070714
51688095232	51679992320	8102912	512	9.690979
224263571456	224258693120	4878336	512	6.406314
158797494784	158790195712	7299072	512	4.469098
146747709440	146742913024	4796416	512	2.042554
135266609664	135258673152	7936512	512	8.539442
219994502656	219988024832	6477824	512	2.967684
173571555328	173564697600	6857728	512	5.277353
121265164288	121258138112	7026176	512	4.985026
211380374528	211375276032	5098496	512	8.481207
155876538368	155869322240	7216128	512	5.211676
165015755776	165008128512	7627264	512	4.365908
184774213120	184769930752	4282368	512	2.276312
248778171392	248770686464	7484928	512	5.275312
114674233856	114666977280	7256576	512	2.574381
239083572736	239077864448	5708288	512	6.452255
3547873792	3543019520	4854272	512	4.423915
82654367744	82647102464	7265280	512	7.463059
132037492736	132030860800	6631936	512	8.737574
57186719232	57181653504	5065728	512	7.993910
85541444096	85536469504	4974592	512	7.032208
108446749184	108442539520	4209664	512	3.629470
238284874240	238279761408	5112832	512	2.973631
193236775936	193230912000	5863936	512	4.914739
244699547648	244691202048	8345600	512	11.399212
175969626624	175963018240	6608384	512	7.923223
161864875008	161857686016	7188992	512	3.730215
132691789312	132684047360	7741952	512	3.418850
102772861952	102766119424	6742528	512	2.118187
246500161024	246493923840	6237184	512	4.031900
146211072512	146202767360	8305152	512	3.192312
187487563264	187480500736	7062528	512	5.045844
119393355264	119388962816	4392448	512	9.276044
121247013376	121239821824	7191552	512	3.411877
129027337728	129022775808	4561920	512	7.702416
13524118528	13516589568	7528960	512	3.563148
49433670656	49428147712	5522944	512	4.092153
80470389248	80465210368	5178880	512	10.680831
107418322944	107414073344	4249600	512	3.209967
97618542080	97613301248	5240832	512	3.764496
188320684544	188314712576	5971968	512	3.675401
127808618496	127804061184	4557312	512	6.372170
123271378944	123263977472	7401472	512	9.705146
87617693184	87613398016	4295168	512	4.768780
194103366656	194097856512	5510144	512	7.279588
80220586496	80215226368	5360128	512	2.359116
151339179008	151333648896	5530112	512	8.549392
87296893952	87292300800	4593152	512	2.122651
717464064	713031168	4432896	512	9.010181
238151138304	238143781376	7356928	512	5.590984
207978272256	207970953216	7319040	512	8.460941
101751961600	101745662464	6299136	512	8.015079
155745306624	155738601984	6704640	512	2.105547
165541857792	165535208448	6649344	512	9.258113
81123829248	81115615744	8213504	512	5.992913
146993872896	146988753408	5119488	512	7.141817
200913953280	200905658368	8294912	512	8.949155
216297106944	216289773568	7333376	512	7.190484
28207786496	28199408640	8377856	512	8.932417
75213119488	75207706112	5413376	512	3.140248
91429794304	91424883200	4911104	512	6.738792
121486730752	121481877504	4853248	512	3.555970
92532409856	92524697088	7712768	512	9.090373
89875936256	89869116416	6819840	512	1.954345
92047545856	92042571264	4974592	512	4.776480
89681286656	89673131008	8155648	512	5.090611
223876650496	223870397952	6252544	512	10.248502
17949998080	17944427008	5571072	512	5.652696
28479189504	28474865152	4324352	512	6.808813
101673564672	101669136896	4427776	512	4.179318
218337049600	218328695808	8353792	512	8.049613
49197399040	49191636480	5762560	512	8.966385
128053912064	128046856192	7055872	512	4.696629
53463970816	53457685504	6285312	512	4.533425
105874617856	105869218304	5399552	512	7.722266
134537498624	134530465280	7033344	512	3.549373
43997571072	43992757760	4813312	512	4.095935
189549879808	189544769024	5110784	512	6.600215
176871441920	176865500672	5941248	512	6.018359
19531667968	19526051328	5616640	512	3.927827
155249271808	155243253248	6018560	512	3.646305
59086694400	59081432576	5261824	512	6.322779
106951674880	106945856512	5818368	512	2.420367
165111814656	165106338816	5475840	512	7.779265
93765628928	93759119872	6509056	512	6.113470
64535298560	64528265216	7033344	512	4.176968
118132721664	118127789056	4932608	512	4.159883
25716223488	25709447680	6775808	512	2.775288
147082230272	147076042752	6187520	512	2.094734
46671974912	46666235392	5739520	512	8.721438
59038210560	59030831616	7378944	512	2.150211
199447550464	199442458112	5092352	512	5.268213
215418418688	215413200896	5217792	512	5.209512
105334502912	105328632832	5870080	512	3.309014
42114007040	42109073408	4933632	512	1.732086
221288675840	221283892224	4783616	512	3.859647
178729887744	178722323968	7563776	512	10.116255
59473007104	59465681408	7325696	512	2.618816
19013188608	19007302144	5886464	512	10.007364
130657209856	130651327488	5882368	512	7.761818
71658196480	71653194752	5001728	512	7.902923
112592151040	112586336256	5814784	512	9.094368
195022753280	195016676864	6076416	512	2.493489
123561835008	123553675264	8159744	512	9.214617
202801007104	202795054592	5952512	512	8.438026
39729031168	39723335680	5695488	512	3.679246
72191071232	72185536000	5535232	512	8.553262
197666036224	197658189312	7846912	512	7.294300
217026452480	217020328960	6123520	512	7.441875
208207340032	208200340480	6999552	512	7.010753
137926898176	137922601472	4296704	512	9.335476
209911803904	209907220480	4583424	512	6.435648
106829923328	106824506368	5416960	512	7.527113
39434933248	39429497856	5435392	512	4.462258
7539688448	7533232128	6456320	512	6.783362
75995249664	75988459008	6790656	512	4.770447
232809758720	232801437696	8321024	512	5.744715
21930580480	21925350912	5229568	512	8.426468
233222040576	233214056448	7984128	512	10.392621
191731514368	191725401088	6113280	512	2.077071
186788869120	186782650368	6218752	512	9.827300
85104547328	85098132480	6414848	512	8.092127
36828653568	36824198144	4455424	512	7.066876
33645302784	33638393856	6908928	512	7.368164
217785351168	217777819648	7531520	512	3.345201
112224183808	112219615744	4568064	512	8.534886
77697227264	77692934656	4292608	512	4.817758
88761212928	88756590080	4622848	512	9.322092
85454460928	85446364160	8096768	512	7.051885
159810391552	159802019328	8372224	512	8.594612
230375924736	230368265728	7659008	512	8.051079
53866520576	53858450432	8070144	512	1.816541
20581755904	20573807616	7948288	512	5.592619
28292164096	28287149056	5015040	512	9.237008
200471609344	200465672192	5937152	512	9.185548
197116794880	197112226304	4568576	512	3.141110
136663503872	136656516608	6987264	512	3.940901
121471613952	121464239616	7374336	512	8.563286
62581068800	62573259264	7809536	512	4.388591
96407897088	96401555456	6341632	512	7.615857
57254130176	57248883712	5246464	512	6.457923
122636689920	122629988352	6701568	512	8.025344
122773543936	122768753664	4790272	512	5.457015
168149755392	168144329216	5426176	512	9.676865
1753162752	1746209792	6952960	512	9.738875
217893436928	217885952000	7484928	512	5.048941
132245559808	132240521728	5038080	512	7.426545
115070033408	115064245760	5787648	512	2.720105
221096889856	221088813056	8076800	512	3.273689
113771721216	113766157312	5563904	512	4.523925
188911496704	188906842624	4654080	512	4.881745
91834542592	91826822656	7719936	512	9.066835
102868610048	102860221952	8388096	512	8.851887
220681263104	220676490752	4772352	512	4.043687
156887799808	156880066560	7733248	512	6.841993
231581248512	231574710272	6538240	512	9.803482
184584568832	184576780288	7788544	512	6.109067
246422828544	246417424384	5404160	512	9.942266
143518569984	143512911360	5658624	512	8.714684
181529035776	181522304000	6731776	512	4.148989
20082059776	20075617280	6442496	512	5.507217
165599406080	165592044032	7362048	512	1.929253
3980700160	3973455872	7244288	512	7.450779
41319027200	41310694912	8332288	512	9.349680
10611992576	10607479296	4513280	512	6.008365
184529695232	184523211264	6483968	512	8.300460
232308593664	232300658176	7935488	512	4.223002
180337522176	180330473984	7048192	512	8.901802
244444871680	244438905856	5965824	512	4.162567
223976549888	223969683968	6865920	512	8.989324
51308171776	51300275200	7896576	512	11.268594
221487205888	221480099840	7106048	512	4.406463
45310076416	45303437824	6638592	512	2.738065
51214230016	51209752064	4477952	512	4.660921
181714634752	181707343872	7290880	512	6.232932
155040013312	155035668992	4344320	512	5.419080
79467144704	79460711424	6433280	512	7.906053
159563467264	159555857408	7609856	512	8.059359
243176223232	243170465280	5757952	512	7.104785
181877735424	181870551040	7184384	512	7.400334
175168215552	175162570240	5645312	512	4.441146
13044353024	13036447232	7905792	512	7.275392
175925694464	175918038528	7655936	512	3.657150
31118317568	31111308800	7008768	512	6.541409
181250696192	181242326016	8370176	512	6.730787
169000492032	168995093504	5398528	512	7.082803
156910806528	156906177024	4629504	512	3.909918
174280959488	174272653312	8306176	512	4.989411
172526330880	172520340992	5989888	512	7.670136
214489900544	214481521664	8378880	512	10.594179
194501439488	194496339968	5099520	512	6.668362
221360007680	221353354752	6652928	512	8.978359
9064659456	9057602048	7057408	512	8.942812
10754614272	10750318592	4295680	512	9.206538
17656893440	17652120064	4773376	512	5.306889
44893316096	44886908928	6407168	512	4.643672
5066662912	5059252736	7410176	512	6.128845
206815860736	206810095104	5765632	512	9.311200
319145472	311398400	7747072	512	3.498470
172676043776	172668441600	7602176	512	4.085682
105373500928	105366550016	6950912	512	7.040093
77015163392	77010730496	4432896	512	3.548140
49209717248	49203789824	5927424	512	7.569599
8697296896	8691614208	5682688	512	4.672379
180245126144	180239282688	5843456	512	7.025126
124584387072	124580125696	4261376	512	2.256650
236433314304	236425710080	7604224	512	10.193954
80402960896	80397691904	5268992	512	3.042878
204066629120	204058577408	8051712	512	2.515309
199349638656	199344091648	5547008	512	6.799452
60669274112	60664983552	4290560	512	7.678233
203364139008	203357876224	6262784	512	3.332375
185744820224	185739337216	5483008	512	4.177109
42829094912	42820772864	8322048	512	2.516636
11460023296	11455615488	4407808	512	6.816792
175367890432	175363518464	4371968	512	4.275414
152548695552	152542530560	6164992	512	9.004386
58582392832	58574361088	8031744	512	3.486249
82985554944	82977565696	7989248	512	9.329073
101754224640	101746338304	7886336	512	8.905214
77329943040	77323744768	6198272	512	1.728356
172272252416	172267149824	5102592	512	1.986849
5738163200	5731615744	6547456	512	6.072681
154187845632	154183327744	4517888	512	2.048769
127780178432	127774693376	5485056	512	5.818422
179574685696	179567123456	7562240	512	10.131554
91886409728	91881969152	4440576	512	2.693401
103193761280	103187140608	6620672	512	1.840408
183194329600	183186078208	8251392	512	9.424184
60797542400	60790356480	7185920	512	3.767515
243528620544	243522987008	5633536	512	8.962444
125842051072	125836213248	5837824	512	9.392226
174510345728	174504334336	6011392	512	7.409756
211577067008	211568997376	8069632	512	6.061483
169839931392	169833835008	6096384	512	6.529887
188927623680	188921095168	6528512	512	2.588260
143879581696	143872395264	7186432	512	5.964937
208158958080	208152774656	6183424	512	8.841812
148112137216	148106144768	5992448	512	4.083385
140961179648	140956911104	4268544	512	9.610617
58846554112	58839071232	7482880	512	8.161818
196273422848	196267669504	5753344	512	4.456839
29020962304	29016001024	4961280	512	9.742680
160580633088	160573153280	7479808	512	8.935467
228948882432	228941554688	7327744	512	9.725442
43803932672	43797381120	6551552	512	2.068645
7324767744	7317406720	7361024	512	6.532848
28335387648	28327451136	7936512	512	5.765062
30568289792	30562060800	6228992	512	6.106381
147394667520	147390121472	4546048	512	5.935293
172237153280	172232185856	4967424	512	3.434774
166463592960	166458051584	5541376	512	7.078956
237603032576	237598682112	4350464	512	5.870044
152822572544	152814675968	7896576	512	3.766841
231162242560	231156434432	5808128	512	6.180664
27460089344	27455698944	4390400	512	6.236915
41186712576	41180662272	6050304	512	7.589904
42312850432	42308403712	4446720	512	5.699394
48367320576	48361205760	6114816	512	4.603409
152128219136	152123441664	4777472	512	9.281060
82809896448	82802991104	6905344	512	2.147793
190555826176	190549407744	6418432	512	3.775824
198332951552	198327555584	5395968	512	8.640610
37709966848	37703623680	6343168	512	3.815006
24920839680	24913891840	6947840	512	9.609139
86881798656	86876211712	5586944	512	8.510481
129029713408	129021441024	8272384	512	6.906309
32592382976	32587326464	5056512	512	8.970170
102431892480	102425550848	6341632	512	5.826945
29697802752	29691753984	6048768	512	7.611273
21654071296	21647684096	6387200	512	5.932698
192313187840	192308043264	5144576	512	6.150696
126319806464	126314817536	4988928	512	2.228386
183854706176	183846870016	7836160	512	7.114740
188716586496	188708947456	7639040	512	5.339981
49559602176	49552962048	6640128	512	8.404319
65149763584	65142778368	6985216	512	2.988646
195598331904	195591413248	6918656	512	5.986055
11419941376	11411683328	8258048	512	4.529033
186227720704	186222469632	5251072	512	6.725888
233515995136	233507695104	8300032	512	4.640664
190080878592	190073748480	7130112	512	4.282819
190427886080	190419739136	8146944	512	6.420021
232843760640	232838556672	5203968	512	6.258067
42673000960	42668360192	4640768	512	5.497137
33295128064	33290425344	4702720	512	5.021883
201306349568	201299012096	7337472	512	6.566054
156160015360	156153483776	6531584	512	5.207690
118959582208	118955022336	4559872	512	7.727561
110062336000	110054672384	7663616	512	7.355303
163096020480	163090287616	5732864	512	5.128160
227095812608	227090871296	4941312	512	5.729547
7768914944	7761217536	7697408	512	3.860851
155916136448	155908346880	7789568	512	6.276659
205167910400	205160482816	7427584	512	3.107698
159369448448	159364787712	4660736	512	2.282167
174422532096	174416572928	5959168	512	9.445450
13865778688	13860666880	5111808	512	9.468256
243755511296	243751313920	4197376	512	8.150424
225468920832	225463067648	5853184	512	8.720143
45905213952	45897578496	7635456	512	8.242833
26921140736	26913219584	7921152	512	5.857339
45598757376	45594162176	4595200	512	4.533401
228552913408	228544624128	8289280	512	10.679770
239658657792	239654155776	4502016	512	5.102446
127345580544	127337587200	7993344	512	2.719414
18429496320	18421236224	8260096	512	3.161260
19422307840	19414368768	7939072	512	7.087320
187791830528	187787113472	4717056	512	4.158191
133770807296	133765708800	5098496	512	8.477068
57607879680	57600780800	7098880	512	3.091989
150607663104	150602959872	4703232	512	1.830800
184896448512	184888134144	8314368	512	7.332731
176032123904	176024334336	7789568	512	10.520037
164351787520	164346580992	5206528	512	3.674790
206409551360	206402547200	7004160	512	8.176982
130353010688	130345941504	7069184	512	4.577618
216484128256	216476549632	7578624	512	2.755017
137890413568	137883733504	6680064	512	8.313018
80785555968	80779201536	6354432	512	8.722297
226414468608	226409392128	5076480	512	3.918696
123084395520	123079896064	4499456	512	8.281080
203172162560	203164805120	7357440	512	3.691334
232491076608	232483832832	7243776	512	6.912893
204765184	198462976	6302208	512	7.987643
120031500288	120024527360	6972928	512	3.858720
248292168192	248284896256	7271936	512	8.584166
230211856896	230206740480	5116416	512	7.520884
230325020672	230318043136	6977536	512	10.645365
32654782976	32648008704	6774272	512	9.863699
26595978240	26589522944	6455296	512	5.373841
68939210240	68934878720	4331520	512	5.402829
126364052992	126357179904	6873088	512	6.451116
145105453568	145097715712	7737856	512	8.830445
134979444224	134974371840	5072384	512	8.656468
70645131264	70640078848	5052416	512	6.111648
2902338048	2896184832	6153216	512	9.109523
18013505024	18007672320	5832704	512	2.213461
163597214720	163590389248	6825472	512	7.482629
83784837120	83777786880	7050240	512	2.589199
166532971008	166528514560	4456448	512	3.254253
109182205952	109176788992	5416960	512	7.518111
13404937728	13396859904	8077824	512	5.969302
85565808128	85559645184	6162944	512	3.436761
134921109504	134914836480	6273024	512	3.886790
107186434048	107180172800	6261248	512	6.602961
246283341824	246279068160	4273664	512	5.421997
187286775808	187280158720	6617088	512	3.224635
151554522112	151547211776	7310336	512	4.230555
54154540032	54150336000	4204032	512	7.045664
215617484288	215609454592	8029696	512	10.513831
189994682368	189990429696	4252672	512	8.015173
203476520448	203468789248	7731200	512	7.724504
78489235456	78481437184	7798272	512	9.675039
39666037248	39658979840	7057408	512	6.040262
94177811968	94170453504	7358464	512	5.370241
6013817856	6006641664	7176192	512	8.008899
229939347456	229935116288	4231168	512	8.301361
173626287104	173621227008	5060096	512	3.788126
114433296384	114425585664	7710720	512	8.276653
1803760128	1797820416	5939712	512	3.987436
71050814976	71044564992	6249984	512	2.694046
173378874368	173372217344	6657024	512	8.800501
98077173760	98071963136	5210624	512	4.048583
122271105536	122262856704	8248832	512	8.536157
56012644352	56007146496	5497856	512	2.946355
82500036608	82492480000	7556608	512	4.924721
195056934400	195048785920	8148480	512	7.917450
166599862784	166594246144	5616640	512	6.214363
135834743296	135828802560	5940736	512	7.219879
223903840768	223896311808	7528960	512	5.412520
113772177920	113763878400	8299520	512	6.674650
146595932160	146589729280	6202880	512	1.941873
188593690624	188585948672	7741952	512	4.155622
142880875008	142874006016	6868992	512	3.624599
151921502720	151915936768	5565952	512	8.175611
62220990976	62214752256	6238720	512	2.792885
236655506432	236648635392	6871040	512	3.835402
111917350400	111911871488	5478912	512	6.945669
136533942784	136529637376	4305408	512	9.257654
15213724160	15208229376	5494784	512	6.297147
60926854144	60919691776	7162368	512	3.985382
207352435200	207344980992	7454208	512	2.787822
56464150016	56455798272	8351744	512	7.660852
21205818880	21197620224	8198656	512	3.553795
211627576320	211622860288	4716032	512	6.319979
6841866752	6837296640	4570112	512	7.901091
234296471040	234290923008	5548032	512	9.771319
218412225024	218406362112	5862912	512	4.036379
168582621184	168574929920	7691264	512	3.309981
148916254720	148911399936	4854784	512	1.972325
240426591744	240418343424	8248320	512	4.652251
188409543168	188402503168	7040000	512	3.656488
151824013824	151816019456	7994368	512	2.730679
69605247488	69600576000	4671488	512	2.484501
106258182656	106250217472	7965184	512	4.512110
195951220736	195943783424	7437312	512	6.824568
147837501440	147832236544	5264896	512	4.019305
231189099008	231181114368	7984640	512	3.532177
36070896640	36066034176	4862464	512	2.209726
51819383808	51812296192	7087616	512	4.642508
73063751168	73055695360	8055808	512	9.179377
151959818240	151953773056	6045184	512	1.940071
203279551488	203272189440	7362048	512	3.789163
101018579968	101012555776	6024192	512	3.620510
170848096256	170839954432	8141824	512	5.194328
55875789824	55867991040	7798784	512	3.880366
246817003520	246809896448	7107072	512	2.782786
167356977664	167348635136	8342528	512	6.876055
94063335424	94058041344	5294080	512	1.957306
197871758848	197867261952	4496896	512	3.931686
33067211776	33059148288	8063488	512	4.673915
219684693504	219679006720	5686784	512	4.659892
179470857216	179462793216	8064000	512	3.177927
103902366720	103897675264	4691456	512	7.360285
150235042816	150228842496	6200320	512	9.985805
1983229952	1976620032	6609920	512	5.574283
136944273408	136936307712	7965696	512	7.987893
135223091200	135214807040	8284160	512	6.549925
203455324160	203449579008	5745152	512	9.291082
100125822464	100119266304	6556160	512	4.344977
92487561216	92482660864	4900352	512	5.387958
229395515904	229388596736	6919168	512	6.611793
171242537984	171236070400	6467584	512	2.541457
169320604160	169314651648	5952512	512	6.657994
132245507584	132238087168	7420416	512	6.375085
101060446208	101055622144	4824064	512	7.495693
181923806208	181919336960	4469248	512	7.055309
92021763072	92017193472	4569600	512	9.844311
15272607744	15265437184	7170560	512	6.417588
55666761216	55660535808	6225408	512	3.672594
60749187584	60741147136	8040448	512	3.427887
78181780480	78175147008	6633472	512	4.693854
152206912000	152198665728	8246272	512	9.848471
158053885952	158047186432	6699520	512	3.519701
179903032832	179898533888	4498944	512	8.104215
103424950272	103417097728	7852544	512	5.546211
17682393088	17676038144	6354944	512	3.392259
6148704256	6142031872	6672384	512	5.076942
81375028736	81368567296	6461440	512	9.043395
158500547584	158492288512	8259072	512	8.116521
118028983296	118022997504	5985792	512	7.932071
86484294656	86478641664	5652992	512	7.895737
134781776896	134776074240	5702656	512	9.471939
201522407936	201514391040	8016896	512	4.133312
15705302016	15698523648	6778368	512	2.768511
217613420032	217605289984	8130048	512	2.588177
97206040576	97199984128	6056448	512	3.340291
39641661440	39634502144	7159296	512	3.904162
160558384128	160553550336	4833792	512	5.905598
44173797376	44167918592	5878784	512	9.093683
79062225408	79054145536	8079872	512	7.180933
165965851648	165960526848	5324800	512	2.428825
139756419072	139748108288	8310784	512	6.267059
161883470848	161876674560	6796288	512	7.785146
8506663424	8499706880	6956544	512	9.786242
204791032832	204784029184	7003648	512	9.571642
40542609408	40537687552	4921856	512	1.818413
66127611904	66120628224	6983680	512	9.864062
18480473600	18473167360	7306240	512	5.396600
183142097408	183134194176	7903232	512	3.554350
70315687936	70308668416	7019520	512	4.299257
246862153728	246855549440	6604288	512	3.773521
227422240768	227417404416	4836352	512	7.118452
42531941376	42523755008	8186368	512	3.631615
70045930496	70039812608	6117888	512	3.807714
151221575168	151216277504	5297664	512	4.008304
104823869440	104816032256	7837184	512	5.754388
43420487168	43412993536	7493632	512	2.527472
52267663360	52260957696	6705664	512	7.840480
143865096704	143857543680	7553024	512	3.748460
175158588416	175150503936	8084480	512	5.898464
249175999488	249169748992	6250496	512	10.619877
44421611008	44417251840	4359168	512	7.871832
57111006208	57106253312	4752896	512	9.245235
10123939328	10118590976	5348352	512	7.435036
144337399808	144329108992	8290816	512	3.355029
199327462400	199319831040	7631360	512	2.934649
4605698560	4600249344	5449216	512	7.894016
151235198464	151227017216	8181248	512	10.541823
38979596800	38974075904	5520896	512	3.744336
103424482816	103416448000	8034816	512	2.453057
123279339008	123273858560	5480448	512	5.863912
23868900352	23860673024	8227328	512	4.777490
23360956416	23354855936	6100480	512	8.162441
186667565056	186661962752	5602304	512	2.865532
62182141952	62177655808	4486144	512	5.421793
113586126848	113580869120	5257728	512	7.373935
89732617216	89726618624	5998592	512	3.862499
205188183040	205183753216	4429824	512	4.609577
29499598336	29492511232	7087104	512	5.913083
226082762752	226074676224	8086528	512	5.113922
105352107520	105347121664	4985856	512	4.619614
176094003200	176089321984	4681216	512	7.857014
18009773056	18004846592	4926464	512	2.651394
107547702784	107539738112	7964672	512	5.889932
133972626944	133964943872	7683072	512	4.102318
42622271488	42616012800	6258688	512	5.898983
216340010496	216334107648	5902848	512	10.044809
93151605248	93146679808	4925440	512	3.833609
123257321984	123252112384	5209600	512	8.460525
38855751168	38850882048	4869120	512	2.259637
40070114304	40063736832	6377472	512	4.905752
112396124672	112388735488	7389184	512	2.996956
224847780864	224841531904	6248960	512	8.674348
232120541696	232115539456	5002240	512	9.038450
9805150720	9799159808	5990912	512	2.224823
163862005760	163854873600	7132160	512	4.300100
148612174848	148605666304	6508544	512	7.227754
39346578432	39340281856	6296576	512	4.233977
211736124416	211731349504	4774912	512	5.599357
86531867648	86523617792	8249856	512	12.283296
4011524608	4005372416	6152192	512	9.188715
27305081344	27300227584	4853760	512	2.385838
60232258560	60225169920	7088640	512	4.626497
204677649920	204671330816	6319104	512	9.408140
95373657088	95368837120	4819968	512	7.607142
137023063552	137018294272	4769280	512	3.437117
101289935360	101285490176	4445184	512	9.490887
230168067584	230162239488	5828096	512	4.523907
214405094912	214398094336	7000576	512	5.547769
37731264512	37725188608	6075904	512	7.398482
87712327168	87707193344	5133824	512	5.618752
236232464896	236225785344	6679552	512	7.882787
163597568512	163593361408	4207104	512	5.749428
75080515584	75076034048	4481536	512	3.110401
186967440896	186962184704	5256192	512	6.678244
45550603264	45545891328	4711936	512	4.962849
204272422400	204267429888	4992512	512	4.765599
34026646528	34022433792	4212736	512	9.074840
147409095680	147404513280	4582400	512	2.582930
209727336960	209719122432	8214528	512	5.720294
170869114880	170864182784	4932096	512	5.154515
233378246144	233372943872	5302272	512	4.940047
48965685248	48958345216	7340032	512	2.481342
185022001152	185017231872	4769280	512	5.178975
120726025728	120717640704	8385024	512	5.965594
15934195200	15926543360	7651840	512	9.427950
60796839936	60791798784	5041152	512	8.209382
38127444480	38120715264	6729216	512	8.857795
213436955136	213430221824	6733312	512	10.259344
141682856960	141675625472	7231488	512	6.944729
130187859968	130181620736	6239232	512	5.556882
144276515328	144270514688	6000640	512	5.341046
7064949248	7060484096	4465152	512	8.754105
72850822656	72842686464	8136192	512	8.474369
53021785088	53015012864	6772224	512	7.321264
110839801856	110833253376	6548480	512	3.956385
145657864704	145652318208	5546496	512	9.842382
83204148736	83197943296	6205440	512	1.683179
46032967168	46026555904	6411264	512	3.256797
235547310592	235539035648	8274944	512	4.757253
196221322752	196215376384	5946368	512	8.838211
133587794944	133582259712	5535232	512	4.237497
28033713152	28028393984	5319168	512	5.410215
70501147648	70493736448	7411200	512	7.800694
247534985216	247529418752	5566464	512	6.071831
51152699392	51146279936	6419456	512	3.456896
23193085952	23185230848	7855104	512	9.140455
128458752512	128450961408	7791104	512	4.609157
143206862848	143202291712	4571136	512	5.694171
100726249472	100721945088	4304384	512	5.324158
146700517888	146695379456	5138432	512	6.973282
123354117120	123348864000	5253120	512	8.023338
65733145600	65726352384	6793216	512	4.601604
91857659392	91850048512	7610880	512	10.006039
81763291648	81757176320	6115328	512	9.140039
243565436416	243557086208	8350208	512	4.698771
148728671744	148720337408	8334336	512	9.748353
137591007744	137582631424	8376320	512	2.865291
243380811776	243374581760	6230016	512	8.464799
166876814336	166872413696	4400640	512	5.157651
169209118208	169204216832	4901376	512	5.522701
196837229568	196831250944	5978624	512	7.272487
217196712448	217191196160	5516288	512	9.693772
106723774464	106717754368	6020096	512	2.031557
168748352512	168743305216	5047296	512	2.571418
28640539136	28635501568	5037568	512	9.123025
55019438592	55015170048	4268544	512	7.774325
48440596992	48436005888	4591104	512	3.738906
137090645504	137086428672	4216832	512	1.766272
47202276864	47196822016	5454848	512	4.302562
71746086912	71739896832	6190080	512	10.017030
46746015744	46741413888	4601856	512	4.457841
74865561088	74858530816	7030272	512	9.532923
121275887616	121268624384	7263232	512	7.992448
24996798976	24989287424	7511552	512	3.672773
138928991744	138923036672	5955072	512	7.123779
12223583232	12218844672	4738560	512	4.177413
194285887488	194279716864	6170624	512	9.659481
136784794624	136776658944	8135680	512	8.002468
230161119232	230156630528	4488704	512	9.346772
222357073920	222350917632	6156288	512	3.323630
11693310976	11686776832	6534144	512	3.400259
140499565056	140491601408	7963648	512	9.649820
200369255936	200364825600	4430336	512	4.711025
234541654016	234535186944	6467072	512	10.818356
176855924224	176847798784	8125440	512	9.182819
145776326144	145769297920	7028224	512	2.043597
18531421184	18525740544	5680640	512	3.431608
246018975744	246012748288	6227456	512	4.106373
206639844864	206633061888	6782976	512	3.964400
20002915840	19997553152	5362688	512	7.371291
143964501504	143956359168	8142336	512	3.385424
82898280960	82893072896	5208064	512	3.607300
77269292032	77262428160	6863872	512	4.122761
223041268736	223034206208	7062528	512	6.440897
46320834048	46312918528	7915520	512	4.280805
143017284608	143009648128	7636480	512	2.898761
86525259264	86516988416	8270848	512	6.859464
89609595392	89601498112	8097280	512	5.614876
75908385792	75903614464	4771328	512	8.841033
24374393856	24369368576	5025280	512	1.971589
213312495104	213305653248	6841856	512	7.287845
213107038720	213098801152	8237568	512	3.791776
78264858112	78257727488	7130624	512	8.636566
93452154880	93446227968	5926912	512	3.128528
135575061504	135568257536	6803968	512	5.731954
160918929920	160911282176	7647744	512	5.844758
132105057792	132098289664	6768128	512	6.095746
59345799680	59339750912	6048768	512	4.885677
245964537856	245956478464	8059392	512	3.304587
201596616192	201590125056	6491136	512	7.857497
19403353088	19395702784	7650304	512	2.553596
146900160512	146894605824	5554688	512	8.129500
232268238848	232261792768	6446080	512	2.810413
92556529664	92552122368	4407296	512	3.063469
169180608512	169174863360	5745152	512	3.360087
157305163264	157296884224	8279040	512	8.183812
236144432640	236138241536	6191104	512	7.786606
167036286976	167030401536	5885440	512	10.111933
226157836800	226152818176	5018624	512	4.687074
97672306688	97666048000	6258688	512	8.361197
201107239424	201099781120	7458304	512	5.226530
111136077312	111129574912	6502400	512	2.950531
105591009280	105585113088	5896192	512	1.919852
150015649792	150008128000	7521792	512	2.107000
41313641472	41308079104	5562368	512	4.776414
244154058752	244147637248	6421504	512	4.239994
45583588352	45575702016	7886336	512	6.152955
224154453504	224146284032	8169472	512	3.707136
3636767232	3631644672	5122560	512	2.209915
164967976960	164962432512	5544448	512	7.039451
151182204416	151175114752	7089664	512	6.484518
53778323456	53770352128	7971328	512	3.989991
144402195968	144396154368	6041600	512	4.944121
139119939072	139111840768	8098304	512	5.369687
194665411584	194657808896	7602688	512	5.769860
27247542272	27240581120	6961152	512	6.836917
173586610176	173582321152	4289024	512	5.187100
226017984512	226012256768	5727744	512	8.961290
223885901824	223880638464	5263360	512	9.685356
181701877248	181696574464	5302784	512	6.209934
75937299968	75929408000	7891968	512	1.940975
44976228864	44969375232	6853632	512	7.819970
243115508224	243111078400	4429824	512	6.165244
68861096448	68854005248	7091200	512	10.317313
93850696704	93846133248	4563456	512	1.960241
156207097856	156199914496	7183360	512	5.536241
221173496320	221168754688	4741632	512	2.934019
123505916416	123497881600	8034816	512	10.387838
163140480512	163133824000	6656512	512	2.407941
235072174592	235065424896	6749696	512	5.537600
178445412352	178438787072	6625280	512	5.347340
207608821760	207600524800	8296960	512	7.834375
79196591616	79190776320	5815296	512	6.480306
141832127488	141826541568	5585920	512	9.438108
133252737536	133247343104	5394432	512	5.624695
164377177088	164369397760	7779328	512	5.821861
160089043456	160082513920	6529536	512	5.492858
102736347648	102728560128	7787520	512	7.540701
25078268416	25072599040	5669376	512	4.822845
3556734464	3550088192	6646272	512	3.942900
2592605696	2588361728	4243968	512	2.249359
118341563904	118336434176	5129728	512	9.250377
242357522432	242350301184	7221248	512	7.625457
151438275584	151433739264	4536320	512	3.502175
86634343936	86626832896	7511040	512	5.283202
75086471168	75080699392	5771776	512	5.238535
196095848960	196089830400	6018560	512	9.617750
2328103424	2322163712	5939712	512	2.603794
173527985152	173520010240	7974912	512	8.497992
31451971584	31446156800	5814784	512	9.572924
183066790400	183060632064	6158336	512	10.422000
98741826048	98735262720	6563328	512	5.620242
88971296256	88965758464	5537792	512	7.985986
93286421504	93281261568	5159936	512	3.074806
98215286784	98207745024	7541760	512	3.743813
221956674048	221950102528	6571520	512	6.004331
162371143680	162366586880	4556800	512	2.191778
8223055360	8215283200	7772160	512	3.249554
47439297536	47433158656	6138880	512	5.781306
30015064064	30009329664	5734400	512	3.330638
194203461120	194198657536	4803584	512	1.813527
118363561472	118358003712	5557760	512	3.746536
27697550336	27691636736	5913600	512	8.766009
14814032384	14805753344	8279040	512	4.308901
218211523072	218205081088	6441984	512	3.412910
240928338432	240921530880	6807552	512	6.827336
47611233280	47603940352	7292928	512	9.780068
33173017088	33167036416	5980672	512	8.214790
237519430144	237514251776	5178368	512	8.660656
169142197760	169135100928	7096832	512	2.751855
23297984512	23292262400	5722112	512	3.107267
148761069056	148753939456	7129600	512	8.101676
135759897088	135754525184	5371904	512	5.790789
230641122816	230634269696	6853120	512	5.439663
142175444992	142170017792	5427200	512	9.591155
38263099904	38255666176	7433728	512	3.007608
72874931712	72868139008	6792704	512	4.615648
108571489280	108565774848	5714432	512	4.765329
235075891200	235069449216	6441984	512	2.907007
104650650112	104643593728	7056384	512	6.051831
175988449280	175983038976	5410304	512	5.319928
204023012864	204014972928	8039936	512	2.647585
42982593536	42977989120	4604416	512	4.492445
233676875776	233671107584	5768192	512	5.367137
44081102336	44075650048	5452288	512	5.692468
50052070912	50046467072	5603840	512	2.037364
173852102144	173847829504	4272640	512	3.968494
87915000832	87906810880	8189952	512	4.782145
192480629760	192473940992	6688768	512	9.028475
79713047552	79706742784	6304768	512	9.015265
202994081280	202988864000	5217280	512	2.090552
243038376960	243032935936	5441024	512	4.991419
49352261120	49347040768	5220352	512	5.332438
118709559296	118703055360	6503936	512	2.998897
41042084352	41034612736	7471616	512	2.686962
175040449024	175034244096	6204928	512	3.746529
228170432000	228165551104	4880896	512	6.541761
235766071808	235760230400	5841408	512	4.382267
246677052928	246670179328	6873600	512	6.228084
140498834944	140492645888	6189056	512	4.802572
100476006912	100469910016	6096896	512	2.919782
178042066944	178037716480	4350464	512	9.788690
180996378112	180988727808	7650304	512	9.149786
77484513280	77478956032	5557248	512	8.764986
83426393600	83421949952	4443648	512	10.201647
186495992832	186489473024	6519808	512	5.091891
82215277056	82209767936	5509120	512	9.188201
164069928448	164061784576	8143872	512	8.974047
132403469824	132395257344	8212480	512	5.979498
247991043584	247983379456	7664128	512	9.402111
236766809600	236762000896	4808704	512	4.899154
84424530432	84418544640	5985792	512	4.896461
227953587200	227948733952	4853248	512	6.898374
178325208064	178316999680	8208384	512	9.885374
141883719168	141878268928	5450240	512	2.468386
170307189760	170300078592	7111168	512	9.222081
235318812160	235311569408	7242752	512	6.903092
120594827776	120586772480	8055296	512	2.129098
84136453120	84128986624	7466496	512	5.691386
37520831488	37513210368	7621120	512	8.368589
142853357568	142846593536	6764032	512	4.691582
166325218304	166318243328	6974976	512	5.965863
144796131328	144789697536	6433792	512	7.943020
46085062656	46077777408	7285248	512	4.229026
93172692480	93165179904	7512576	512	3.989583
109780165632	109774902784	5262848	512	7.343786
81142362112	81135520256	6841856	512	9.759659
10248266752	10241998336	6268416	512	6.922031
196572275200	196566686208	5588992	512	6.373567
75000262656	74993248768	7013888	512	9.688802
128126858752	128122330112	4528640	512	8.006346
150570424832	150566083584	4341248	512	6.813788
39484645888	39479818240	4827648	512	2.651263
147568112128	147560175616	7936512	512	8.226512
94838583808	94830930432	7653376	512	8.117334
150841600000	150835476992	6123008	512	9.408434
2506594304	2501202432	5391872	512	5.282389
228285508608	228277314560	8194048	512	10.547495
234020660224	234012668416	7991808	512	3.428020
180790717440	180783788544	6928896	512	1.964862
112842638848	112835062272	7576576	512	8.134703
174942533632	174934976000	7557632	512	4.709022
104937245696	104931932160	5313536	512	1.894699
38591259648	38584206336	7053312	512	6.233139
234163226112	234156661248	6564864	512	9.471749
42381982720	42375792640	6190080	512	5.096258
152150657024	152142353920	8303104	512	7.947232
214098792960	214092395008	6397952	512	6.171810
20778262016	20771153408	7108608	512	6.959409
37652296704	37648040448	4256256	512	7.358415
163489020416	163480678400	8342016	512	6.827386
202017805312	202012809216	4996096	512	4.802299
214730050048	214725266944	4783104	512	5.484593
176632414720	176626825216	5589504	512	5.065879
199279936000	199274341376	5594624	512	6.334773
74135440896	74128367104	7073792	512	7.517027
230462844416	230454964736	7879680	512	3.631411
81942431232	81936140288	6290944	512	2.319375
89612713472	89608426496	4286976	512	4.141241
46590606336	46582266880	8339456	512	2.390984
78489879552	78481705984	8173568	512	7.689526
7918149632	7912019456	6130176	512	9.367352
101381689344	101373304320	8385024	512	9.839395
195094274048	195089643008	4631040	512	3.785230
13786427904	13780731392	5696512	512	4.629260
99161591296	99156450304	5140992	512	3.300355
27743229952	27737760256	5469696	512	5.564550
248092203520	248087702016	4501504	512	8.510485
152504275968	152499730432	4545536	512	3.419809
192887796224	192879984128	7812096	512	3.341527
169186178560	169178153984	8024576	512	7.994893
182432647168	182424926208	7720960	512	8.235649
237449072128	237444450304	4621824	512	3.337514
81749814272	81744550912	5263360	512	4.471781
105549777408	105541951488	7825920	512	5.737997
102853659648	102847726080	5933568	512	2.742592
161147206144	161141116928	6089216	512	9.658237
185415703040	185409393152	6309888	512	8.845704
135724085760	135719310848	4774912	512	3.123490
172995356160	172987664384	7691776	512	9.902059
247870660096	247865873408	4786688	512	4.374935
184683626496	184676836864	6789632	512	3.535451
19663810560	19656517632	7292928	512	4.123785
116707538432	116703029760	4508672	512	8.151674
205749548544	205744738816	4809728	512	6.955995
195451828736	195445617664	6211072	512	5.992445
182706193408	182699300352	6893056	512	2.407986
134711081472	134706406400	4675072	512	4.320862
146208154624	146202094592	6060032	512	4.737664
118339651584	118334651392	5000192	512	2.185820
858745856	850942976	7802880	512	9.821423
13598536704	13590182400	8354304	512	3.717405
180842047488	180837409280	4638208	512	6.657883
10996338176	10989084672	7253504	512	4.142373
64350136832	64344145408	5991424	512	6.255179
156663251968	156656192512	7059456	512	8.156739
144620904960	144616526336	4378624	512	6.247446
17331316736	17326833152	4483584	512	6.258066
189775437312	189770013696	5423616	512	9.826914
19193309696	19188291584	5018112	512	3.269628
83345117184	83339542016	5575168	512	8.632512
58294573056	58289199104	5373952	512	5.447354
12930713600	12924450304	6263296	512	6.946336
95509701632	95503375872	6325760	512	9.171486
169282892800	169274761728	8131072	512	5.238194
8473411072	8468172288	5238784	512	9.519400
65802380800	65794099200	8281600	512	7.224993
45346321920	45339370496	6951424	512	6.974832
132441009664	132433257472	7752192	512	3.442583
218340555264	218336181760	4373504	512	9.060189
73364257792	73356548096	7709696	512	3.632499
21886753280	21879823872	6929408	512	8.389029
131393699328	131389096448	4602880	512	6.327949
113376315904	113369180160	7135744	512	5.343758
13820405248	13812154880	8250368	512	3.208903
230775297536	230769137664	6159872	512	8.193655
219470168576	219463194624	6973952	512	3.579697
212601901056	212597124608	4776448	512	4.258259
52250878976	52244874240	6004736	512	6.932549
156968019968	156963605504	4414464	512	4.729795
210871933952	210865424896	6509056	512	6.238038
80902908928	80896929792	5979136	512	10.325407
35468302848	35463104000	5198848	512	7.690806
129378749952	129372568064	6181888	512	6.099926
56855235584	56847931392	7304192	512	9.674107
131833027584	131826706944	6320640	512	2.149674
164339860480	164334256128	5604352	512	6.429213
210816641536	210809340928	7300608	512	10.080884
34612154880	34606825472	5329408	512	6.698170
151286129664	151280165376	5964288	512	9.375337
61544342528	61536957952	7384576	512	9.400926
86355769856	86348097024	7672832	512	3.936306
133609155584	133604475392	4680192	512	5.613939
134275620864	134270678016	4942848	512	9.948456
54785251840	54778873344	6378496	512	2.282328
170853278208	170846078976	7199232	512	8.474180
147400391680	147395133440	5258240	512	5.884493
117033406976	117026316800	7090176	512	4.365570
206908089344	206901408256	6681088	512	5.307574
51068416	45154816	5913600	512	4.180517
63481266688	63474039296	7227392	512	9.137809
44303759360	44299184128	4575232	512	6.042851
176093636096	176085309952	8326144	512	3.376026
64275681280	64267507200	8174080	512	8.155421
22083640832	22077214208	6426624	512	3.982720
197605151744	197599726080	5425664	512	8.263647
784448512	777296896	7151616	512	8.187911
16644470784	16638846976	5623808	512	10.714189
153327939072	153320988160	6950912	512	7.977036
111157134848	111151654912	5479936	512	6.960605
120018200064	120010946048	7254016	512	9.703505
226427630592	226421469696	6160896	512	9.895370
133460251648	133455611392	4640256	512	3.041380
195022843392	195018072576	4770816	512	3.576695
163890423808	163885952512	4471296	512	3.077953
84849165824	84842887168	6278656	512	9.258374
192037310464	192029395968	7914496	512	8.926727
77674400768	77666874880	7525888	512	5.166377
38171876864	38164521472	7355392	512	3.666963
122080226816	122074741248	5485568	512	4.508898
41418154496	41409998336	8156160	512	3.888404
81999330816	81994073088	5257728	512	3.155990
28676344320	28668923392	7420928	512	8.364333
45518547968	45510408192	8139776	512	4.065796
74004711424	73999050752	5660672	512	7.863220
13358450176	13351800320	6649856	512	2.419442
14736108544	14731540480	4568064	512	6.944560
124577234432	124571348480	5885952	512	8.874461
10695623680	10690969088	4654592	512	6.215643
102920717312	102913700864	7016448	512	6.431959
171217232384	171210144256	7088128	512	9.641365
82967463424	82960449536	7013888	512	9.666145
49088034304	49083256320	4777984	512	2.173877
217585366528	217578582528	6784000	512	7.347742
248354467840	248347449856	7017984	512	5.643974
43062912000	43055549952	7362048	512	3.682163
13078666752	13072342016	6324736	512	6.444160
106806910976	106801057280	5853696	512	2.118116
229263577600	229255517184	8060416	512	5.282075
124807944192	124800849408	7094784	512	4.320432
24503138816	24498135552	5003264	512	2.026718
124519513600	124511323136	8190464	512	7.656010
234739271680	234732955648	6316032	512	4.637545
247675232256	247669250048	5982208	512	7.906319
24527694848	24522654720	5040128	512	1.744319
160271618560	160265917952	5700608	512	6.821045
31941514752	31935371264	6143488	512	6.826129
48267665408	48259282944	8382464	512	8.744461
46552159232	46545822208	6337024	512	3.925596
224650557952	224643883008	6674944	512	4.661784
41281796096	41274745344	7050752	512	6.192941
204236091904	204230414336	5677568	512	2.091955
39025922560	39021058560	4864000	512	2.294916
153891297280	153884608512	6688768	512	3.680054
88609787904	88604649472	5138432	512	3.336603
40054242304	40047560192	6682112	512	9.181453
27355522048	27350674432	4847616	512	2.447199
214442987008	214436817408	6169600	512	2.109754
240712121856	240707488256	4633600	512	3.162021
246481632256	246475052544	6579712	512	4.188750
86664940544	86659013120	5927424	512	5.619486
69079692800	69074937344	4755456	512	10.014629
13632815104	13627376640	5438464	512	6.717637
167567781888	167561854976	5926912	512	1.673097
189493635584	189489431552	4204032	512	2.029681
169571055104	169564118528	6936576	512	4.481848
221035001856	221027285504	7716352	512	9.214893
8812378624	8807884288	4494336	512	8.550218
62820392448	62812162560	8229888	512	7.679156
246186895872	246178607616	8288256	512	6.614647
60299789824	60292746240	7043584	512	3.616842
116914944000	116908303360	6640640	512	1.738001
88223057408	88217995264	5062144	512	5.392110
191601775616	191597125632	4649984	512	3.565978
159075600896	159067953152	7647744	512	7.437582
178462510592	178454700544	7810048	512	6.111212
241720648704	241713201664	7447040	512	2.912081
47659643904	47655069696	4574208	512	3.895274
97106322432	97100825088	5497344	512	8.377734
162578225152	162569926656	8298496	512	7.317334
6471538688	6464509440	7029248	512	9.159507
212294224384	212286393856	7830528	512	8.837601
59513893376	59509203968	4689408	512	2.930566
170684119040	170676111360	8007680	512	6.792854
237624074752	237616302080	7772672	512	6.316271
171799270400	171793206272	6064128	512	6.906289
62584927744	62579802624	5125120	512	5.470553
30184050176	30176949760	7100416	512	5.766998
169229983744	169224204800	5778944	512	9.921661
130159891456	130151933440	7958016	512	3.050860
109519269888	109512301056	6968832	512	6.923738
170117314560	170111966208	5348352	512	7.606520
231920382976	231915108352	5274624	512	5.319915
105290590720	105285958144	4632576	512	7.897826
14678638080	14672711168	5926912	512	2.808559
174095431680	174088453632	6978048	512	2.355092
221764222464	221758323200	5899264	512	8.077938
12364518400	12359617024	4901376	512	4.218103
65477435904	65471077376	6358528	512	1.734924
176548515328	176540556288	7959040	512	8.663562
18899581952	18891502592	8079360	512	5.965872
224229185024	224224712192	4472832	512	3.715902
196965006336	196957103616	7902720	512	8.280619
67212491264	67204297728	8193536	512	9.339911
35073626624	35066366976	7259648	512	4.480923
56922500096	56915057664	7442432	512	8.514705
195400518656	195393726976	6791680	512	6.115018
131841989120	131834406912	7582208	512	5.066148
50234579968	50226781696	7798272	512	5.496886
43909002752	43903547904	5454848	512	5.654215
120302293504	120295303680	6989824	512	3.679446
65200107520	65193817600	6289920	512	2.334593
49265089536	49259686912	5402624	512	5.102611
18075711488	18068781056	6930432	512	8.457571
105277991936	105273787392	4204544	512	3.637531
5869657088	5861375488	8281600	512	6.081375
34520453120	34515891200	4561920	512	4.809750
143888412160	143880834560	7577600	512	3.482003
98199878656	98192759296	7119360	512	7.591917
25615080960	25609487360	5593600	512	4.136082
79075023872	79070107648	4916224	512	7.557874
15333030400	15325470720	7559680	512	1.922958
45735878656	45728762368	7116288	512	5.670224
112818820096	112812696064	6124032	512	6.402199
174045322240	174038693376	6628864	512	7.737884
184056216576	184049568768	6647808	512	3.652667
76386966528	76382606848	4359680	512	4.112074
225718141440	225712168448	5972992	512	5.730489
167269880320	167264341504	5538816	512	7.118496
227158488064	227153483264	5004800	512	4.884735
227380423680	227373415424	7008256	512	7.110655
186954392064	186949349888	5042176	512	7.623663
195403308032	195397566976	5741056	512	3.228670
231101472768	231094482944	6989824	512	10.440559
107098305024	107091467776	6837248	512	8.135197
11055061504	11047371776	7689728	512	2.259911
74475052544	74467783168	7269376	512	7.450451
137430491648	137422444032	8047616	512	7.487736
147739192832	147731119104	8073728	512	5.497628
115063130112	115057963008	5167104	512	9.775195
183117263872	183111302144	5961728	512	5.769869
223968745984	223964466688	4279296	512	7.651939
18908503552	18902209024	6294528	512	6.726029
97134979584	97128691200	6288384	512	8.041237
12866404352	12860359168	6045184	512	8.702286
65662608896	65654571520	8037376	512	9.385761
136122615296	136116495872	6119424	512	4.110397
136994718208	136988219392	6498816	512	8.697114
245909217280	245901795328	7421952	512	6.252313
80579815936	80572912128	6903808	512	3.738073
104231723520	104224535552	7187968	512	4.850862
86592957952	86586864128	6093824	512	2.651404
54390888448	54384958464	5929984	512	7.579254
50272666112	50267560960	5105152	512	7.639347
198544200192	198538861568	5338624	512	9.261625
128536670720	128531827200	4843520	512	3.651426
72965293056	72959365632	5927424	512	6.798485
86455898112	86449422848	6475264	512	7.574481
227783662080	227778863104	4798976	512	6.191740
127446665728	127439690752	6974976	512	4.040948
237367215616	237360030720	7184896	512	8.148427
139713270272	139706023936	7246336	512	8.337017
18526500352	18520768000	5732352	512	2.996065
165593790464	165589527040	4263424	512	6.685955
234974731264	234969190400	5540864	512	9.901165
99516533248	99509082624	7450624	512	3.016626
16123209728	16115431424	7778304	512	6.977197
21295971328	21290972160	4999168	512	2.044856
240515369472	240510015488	5353984	512	6.274711
233311508480	233304911872	6596608	512	9.016457
174361972736	174354803712	7169024	512	1.976562
179821106176	179816216064	4890112	512	3.806582
93640371200	93633976832	6394368	512	7.173760
90476755968	90471514624	5241344	512	2.395701
15778573312	15770704896	7868416	512	9.033557
78252515840	78244221952	8293888	512	5.262435
101224621056	101220120064	4500992	512	2.193249
135137949184	135130861056	7088128	512	9.900943
138380943360	138375227392	5715968	512	9.409669
131196823040	131190099456	6723584	512	6.537631
9794301952	9785945600	8356352	512	5.548546
211371844608	211363476480	8368128	512	10.616956
237876709376	237871771136	4938240	512	5.506852
239034810368	239030272512	4537856	512	4.491686
48501363712	48496345600	5018112	512	8.432155
139008010240	139003352576	4657664	512	5.834181
132706911232	132701473792	5437440	512	3.731799
243638554112	243632984576	5569536	512	3.059948
132489096192	132481863680	7232512	512	1.979268
230934667776	230930420736	4247040	512	4.182143
81031550976	81024174592	7376384	512	6.464219
194502054400	194496134144	5920256	512	4.198984
97643346432	97636571648	6774784	512	10.557798
59646595072	59639163392	7431680	512	6.976384
83515998208	83509665792	6332416	512	8.821492
24830757888	24825135104	5622784	512	3.882218
32613252096	32605903872	7348224	512	2.341618
86862935552	86857211392	5724160	512	5.869383
203457928704	203451133952	6794752	512	3.827148
78524447744	78519869952	4577792	512	3.631904
249862075904	249856760832	5315072	512	9.904900
62021480448	62014196736	7283712	512	8.901995
229491134976	229486927360	4207616	512	8.624362
159957983232	159951232000	6751232	512	3.022941
41550119936	41545610752	4509184	512	3.661348
75636424704	75628213760	8210944	512	6.017360
244903459328	244896203776	7255552	512	7.050475
212831681536	212823307264	8374272	512	3.713351
90965403648	90960178176	5225472	512	2.609058
101474722816	101466445824	8276992	512	10.819933
218607065088	218599482880	7582208	512	4.054278
86968986112	86964093952	4892160	512	7.757054
220173991936	220167019520	6972416	512	3.442901
82133630464	82125985280	7645184	512	4.113109
30594534400	30589576192	4958208	512	9.785105
101239263232	101234274304	4988928	512	4.693337
55692791296	55686678016	6113280	512	6.006343
82804068352	82797720064	6348288	512	8.692339
88677062144	88669257216	7804928	512	9.614574
226515086336	226510846464	4239872	512	9.547398
196230632448	196224019968	6612480	512	8.243790
198379082752	198370731520	8351232	512	9.948611
109145732608	109137965568	7767040	512	6.075217
36248697856	36241693696	7004160	512	6.591495
127021378560	127013006336	8372224	512	5.988028
172976656384	172971226624	5429760	512	6.722327
229509138944	229504131072	5007872	512	4.842111
72421532160	72416737280	4794880	512	9.661645
108921355264	108914125312	7229952	512	3.115837
175240552448	175234416640	6135808	512	6.139286
106544862208	106537175552	7686656	512	8.441633
157641104384	157635072000	6032384	512	3.436366
141499121664	141491576832	7544832	512	10.655599
19230033408	19224249856	5783552	512	9.358946
48603231232	48595652608	7578624	512	7.351642
150299274752	150292849664	6425088	512	6.318205
22758464512	22753571840	4892672	512	4.279982
131093078528	131088148480	4930048	512	1.839140
190484318208	190479601152	4717056	512	4.189758
155270878208	155264610816	6267392	512	7.945122
113463052800	113455226880	7825920	512	5.743774
216207365120	216199955456	7409664	512	4.618293
196580323840	196573194240	7129600	512	8.815485
235285999616	235280800768	5198848	512	6.365684
57727037440	57719048192	7989248	512	3.859646
229478775296	229473909248	4866048	512	6.706064
167921455616	167914601984	6853632	512	8.637055
16276496896	16268788224	7708672	512	8.913428
19714861568	19709708800	5152768	512	9.086756
61132797440	61126814720	5982720	512	5.470116
121755117568	121747132416	7985152	512	2.774581
48981157888	48976109568	5048320	512	8.136844
60217842176	60209973248	7868928	512	4.945741
71308421120	71302347264	6073856	512	3.916804
163872920576	163866688512	6232064	512	6.828440
54801736704	54795835904	5900800	512	7.804702
94803050496	94795137536	7912960	512	7.265874
154081496576	154075930624	5565952	512	8.159047
99632378880	99626689024	5689856	512	6.567953
189188986368	189182881792	6104576	512	2.136559
203138235392	203133310464	4924928	512	4.208198
249843092480	249838732800	4359680	512	4.098862
113699121664	113692468224	6653440	512	2.913586
15392660992	15387099136	5561856	512	5.772743
198292352000	198284764672	7587328	512	5.087199
131907624448	131901071872	6552576	512	8.156021
166836696576	166831996928	4699648	512	8.951150
73241000448	73232632320	8368128	512	6.472002
204990616064	204983332864	7283200	512	4.862497
14614692864	14606711296	7981568	512	6.779875
237353686528	237345437696	8248832	512	12.793965
9710939136	9704771584	6167552	512	9.077288
248762494464	248758187008	4307456	512	4.918037
195301327360	195296972288	4355072	512	6.993134
248690101248	248685349376	4751872	512	3.284966
246209049600	246201537024	7512576	512	4.876610
173097910272	173091354112	6556160	512	9.871206
9207829504	9203604992	4224512	512	2.419398
11098896384	11092072448	6823936	512	9.023082
50915144192	50906902528	8241664	512	9.969886
205291537920	205285339136	6198784	512	4.092146
156128427008	156120802816	7624192	512	9.263939
77882882560	77876772864	6109696	512	3.903468
151792698368	151784703488	7994880	512	4.204925
245156094464	245148763648	7330816	512	4.361783
180513643008	180507577344	6065664	512	9.844625
205629730816	205623157248	6573568	512	4.870153
92353359360	92346292736	7066624	512	9.368869
123137913856	123132647424	5266432	512	7.893700
44477500928	44469530112	7970816	512	5.567024
96213237248	96208790528	4446720	512	2.650661
438667776	433309184	5358592	512	8.569812
23627512832	23622755328	4757504	512	4.100137
101846193664	101841471488	4722176	512	5.648881
100278419456	100270922752	7496704	512	4.122024
135935606272	135928507904	7098368	512	2.877043
50254903296	50249329152	5574144	512	2.272046
6528979968	6523977216	5002752	512	3.104349
26562008576	26554118144	7890432	512	8.892994
207099856896	207091733504	8123392	512	8.283398
169697069568	169689451520	7618048	512	4.004661
248275322880	248270671360	4651520	512	6.475355
91791098880	91785568256	5530624	512	8.045843
2507146752	2498810368	8336384	512	12.330937
104246727168	104239868416	6858752	512	7.931327
205609185280	205601552896	7632384	512	8.936522
16476595712	16472214016	4381696	512	8.455827
233533012480	233525242368	7770112	512	6.461987
198815494144	198807970304	7523840	512	4.219930
72209018880	72203297280	5721600	512	9.924571
155268824576	155264217088	4607488	512	4.137677
131625828864	131619241472	6587392	512	7.828510
201256280576	201250960896	5319680	512	2.638520
223481381888	223474041856	7340032	512	2.522595
29596912640	29590671872	6240768	512	6.027793
240862585344	240858025472	4559872	512	4.254704
145743563264	145739219968	4343296	512	7.967368
193936157696	193928093184	8064512	512	8.774279
193678020096	193673030656	4989440	512	7.957344
157500904960	157494990848	5914112	512	9.916032
70758451200	70753561600	4889600	512	8.778838
33204603904	33196546048	8057856	512	4.716796
225202505728	225197425664	5080064	512	3.864597
177490403328	177483783680	6619648	512	5.405408
18111011840	18104414720	6597120	512	2.815189
171426701312	171419478528	7222784	512	9.594465
162583565824	162577020416	6545408	512	1.904383
148684193792	148677615104	6578688	512	4.949935
104066868224	104061300736	5567488	512	6.132973
212352395776	212346673152	5722624	512	8.954174
45061830656	45056737792	5092864	512	8.699984
5979419648	5973727744	5691904	512	5.946899
97277624832	97271728640	5896192	512	4.824471
24143694336	24136040448	7653888	512	2.523858
29102682624	29097732608	4950016	512	9.762687
216477302272	216468983808	8318464	512	6.832592
247419016704	247411531776	7484928	512	5.310808
40787099648	40782439936	4659712	512	3.996333
684564480	678284288	6280192	512	8.201328
209573780992	209567809536	5971456	512	2.890722
142595710976	142589538304	6172672	512	2.254177
39993297408	39988265984	5031424	512	9.181446
65429095424	65424435712	4659712	512	3.948399
78248154112	78240951808	7202304	512	8.015726
77572857344	77566540288	6317056	512	8.960222
245781326336	245776588288	4738048	512	3.703380
40909118976	40904671744	4447232	512	7.140388
109273333248	109265875968	7457280	512	2.358650
8783606272	8775655424	7950848	512	1.847645
193480859648	193472983552	7876096	512	2.597738
138487917568	138482505216	5412352	512	5.434402
37966118400	37959087616	7030784	512	6.434774
97198537728	97192018432	6519296	512	5.934613
187294198272	187288109568	6088704	512	2.352857
52233671168	52225689088	7982080	512	3.907816
62374491136	62368666624	5824512	512	7.689738
138032225280	138025713152	6512128	512	8.534373
173747121152	173739453952	7667200	512	3.533825
106463586816	106456116736	7470080	512	9.059220
188010700800	188002504192	8196608	512	7.281761
186698371072	186690541056	7830016	512	5.824509
85226693120	85222437888	4255232	512	6.482582
54048209408	54039843328	8366080	512	8.854383
149468209152	149462810624	5398528	512	3.045749
28022716928	28016535552	6181376	512	5.142330
24556801536	24552396288	4405248	512	8.264107
225673093120	225666585600	6507520	512	6.863765
32856954880	32850710528	6244352	512	6.070534
3203160576	3197236224	5924352	512	2.796606
27034897920	27027009536	7888384	512	6.113927
22237641216	22231780864	5860352	512	8.764187
185223414272	185217234944	6179328	512	3.360164
185753645056	185746554368	7090688	512	7.101490
91320550400	91314071040	6479360	512	6.378008
241541827072	241535239168	6587904	512	10.049938
101797110784	101791480832	5629952	512	4.163427
223855049216	223849660416	5388800	512	6.650109
211537629184	211533223936	4405248	512	1.923517
179564384256	179559855104	4529152	512	7.833542
78858427392	78850259968	8167424	512	6.379540
248513501696	248508456448	5045248	512	7.304846
242833560064	242827798016	5762048	512	8.499108
195376736768	195368631808	8104960	512	5.910500
82705131520	82699171328	5960192	512	5.228142
237530353664	237524260864	6092800	512	10.508030
172090870272	172084612608	6257664	512	4.792709
176236124672	176231753216	4371456	512	4.313478
190820616704	190813449216	7167488	512	3.862726
154781842432	154773539840	8302592	512	9.288652
52474066432	52468142080	5924352	512	7.602810
97069334528	97062995456	6339072	512	7.595161
222855692288	222848064512	7627776	512	2.934194
61204446208	61196671488	7774720	512	5.663858
7094302720	7089376768	4925952	512	3.770280
246845103104	246839714816	5388288	512	7.192682
22015995392	22008752128	7243264	512	4.505496
179506156032	179501745152	4410880	512	9.154397
66688462848	66681104384	7358464	512	8.256807
196901203456	196895325184	5878272	512	3.052264
65761210368	65755033088	6177280	512	3.318378
149061099008	149054466560	6632448	512	7.337595
154133585408	154128718848	4866560	512	8.410187
38354727936	38347017728	7710208	512	6.171330
52940736512	52936404992	4331520	512	4.529987
156650635264	156644682240	5953024	512	4.302250
108450717696	108444846592	5871104	512	3.305488
17823641600	17817050112	6591488	512	2.924393
118960141824	118954077184	6064640	512	7.230295
200140297728	200133830144	6467584	512	3.004558
191252330496	191246251008	6079488	512	2.489981
70688039424	70681159168	6880256	512	5.487265
87022704640	87015883776	6820864	512	3.146018
34391597568	34387188736	4408832	512	7.478823
151370843648	151365319168	5524480	512	6.991943
242899699712	242895415296	4284416	512	8.336224
222071721984	222064694784	7027200	512	5.195464
9045165056	9037491200	7673856	512	4.072371
229300791296	229296551936	4239360	512	8.152428
174751990784	174744765952	7224832	512	8.262623
122299342336	122293019136	6323200	512	10.209278
76949666304	76941498368	8167936	512	6.378491
115859685888	115853366272	6319616	512	6.034805
10827658752	10820444160	7214592	512	6.104917
85866308096	85861305344	5002752	512	5.368129
161309984768	161304190976	5793792	512	4.462530
194790486016	194782882304	7603712	512	7.124034
174512045568	174507365888	4679680	512	7.865353
239206300160	239199268352	7031808	512	3.567879
232193665536	232188887552	4777984	512	5.260245
147433124352	147424737792	8386560	512	9.237084
24192760832	24185374208	7386624	512	4.631636
202766215168	202757835776	8379392	512	6.903224
168505410048	168500387840	5022208	512	4.241307
49237806080	49229628928	8177152	512	2.229071
106468888064	106461646848	7241216	512	4.365099
174853327872	174848706048	4621824	512	8.467463
184303357440	184296666624	6690816	512	4.610692
68703574528	68696304640	7269888	512	9.048263
249972831744	249968424448	4407296	512	3.364056
226104329728	226099755520	4574208	512	2.358570
84697461248	84691839488	5621760	512	8.242774
88848391680	88842694144	5697536	512	5.113229
16450900480	16443855872	7044608	512	7.487579
83838735360	83831122432	7612928	512	4.402052
103508142592	103502493696	5648896	512	4.010440
199680374784	199672818688	7556096	512	2.445514
111688197632	111681270272	6927360	512	5.650911
213625092608	213619185152	5907456	512	6.711905
226951714816	226944385536	7329280	512	9.726941
160767289344	160762930176	4359168	512	4.251288
5231136256	5223245824	7890432	512	2.336818
244944179712	244936563200	7616512	512	8.653812
205077912064	205072065536	5846528	512	8.327988
214515895296	214511236608	4658688	512	7.077673
150823488512	150817323520	6164992	512	2.100465
85795332608	85790816768	4515840	512	2.830353
236591338496	236585518592	5819904	512	4.629039
48934651392	48926295040	8356352	512	7.645344
134807379968	134801532416	5847552	512	8.115301
125145999360	125141366272	4633088	512	7.035830
241098129920	241090977792	7152128	512	9.988664
126898845184	126891748864	7096320	512	4.297344
120524359680	120517651968	6707712	512	6.570966
144526631424	144518368256	8263168	512	3.617396
87665124864	87659443200	5681664	512	7.693981
109316938240	109311700992	5237248	512	9.206729
187697686528	187692708352	4978176	512	8.065927
73504125440	73497075200	7050240	512	4.032379
116555824640	116550190080	5634560	512	3.042006
221465261568	221458649088	6612480	512	8.140035
146564389888	146560028160	4361728	512	7.696340
189867742720	189862652416	5090304	512	6.797569
30894304768	30887653376	6651392	512	9.485070
232373667328	232366213632	7453696	512	2.608701
222736966656	222731814400	5152256	512	2.916677
128739824128	128733475328	6348800	512	4.450995
203178152448	203173058048	5094400	512	3.593862
101335935488	101328535040	7400448	512	3.440299
78774240256	78766987776	7252480	512	7.596396
54224396800	54217339904	7056896	512	4.859434
234056690688	234052024320	4666368	512	6.856098
249919882752	249913265664	6617088	512	3.615363
83218298880	83211667456	6631424	512	6.216760
231573792768	231566938624	6854144	512	4.026041
46062590464	46056927744	5662720	512	10.771763
143242139136	143237134848	5004288	512	6.666011
196415611392	196408488448	7122944	512	10.503541
123247420416	123241384448	6035968	512	7.463280
191297617920	191289502208	8115712	512	6.619981
236529884160	236522962432	6921728	512	3.129650
248488845824	248483756032	5089792	512	6.578014
47692952576	47688580096	4372480	512	5.617318
23607097856	23599496192	7601664	512	1.572072
79568386048	79560310784	8075264	512	5.441448
21483746816	21475448320	8298496	512	4.204541
193481759232	193475537408	6221824	512	9.043691
20793420288	20785072640	8347648	512	2.436125
240011454976	240007150592	4304384	512	8.025247
9783607808	9779147264	4460544	512	8.791992
179978483200	179971191808	7291392	512	3.253311
228404407808	228398084096	6323712	512	8.002865
219722690560	219714597888	8092672	512	4.482266
197538234880	197531912192	6322688	512	4.709086
102111987712	102104373760	7613952	512	7.902437
83978627584	83972871680	5755904	512	7.018935
248398695424	248391673344	7022080	512	5.644744
85275850240	85270583296	5266944	512	3.041397
204049845760	204042754048	7091712	512	5.716921
129860254208	129853838336	6415872	512	2.534733
135220559360	135215370752	5188608	512	7.614053
33875255808	33869603840	5651968	512	2.658948
49800620544	49794601472	6019072	512	6.803977
64468099072	64463825920	4273152	512	7.295235
75883086848	75876399616	6687232	512	5.719422
226819285504	226812037632	7247872	512	2.506103
32434584576	32426354688	8229888	512	3.259814
93644732928	93637246976	7485952	512	2.894438
123681055232	123673566720	7488512	512	8.813538
142575286272	142569131008	6155264	512	3.826069
132026991616	132021360640	5630976	512	8.769414
104700218368	104692125696	8092672	512	3.361188
136148382720	136140889088	7493632	512	5.948162
42929341440	42923133440	6208000	512	6.286342
56946089984	56939840512	6249472	512	4.891896
131393614336	131387881984	5732352	512	9.199748
209044323328	209037456384	6866944	512	7.251179
112974586880	112966885376	7701504	512	8.364820
36605875200	36599688192	6187008	512	6.383110
150295915520	150291152384	4763136	512	9.479404
160605313024	160599934976	5378048	512	1.902287
164680497664	164674155008	6342656	512	5.634862
101839280640	101833804288	5476352	512	6.986750
136304696832	136299478528	5218304	512	7.310080
65196730880	65189344768	7386112	512	6.603874
168827594240	168821235712	6358528	512	3.714784
160034551808	160026339328	8212480	512	8.817243
189116539904	189109803008	6736896	512	10.113545
41109524992	41104990208	4534784	512	5.033432
212680771584	212673120256	7651328	512	4.458581
243013094400	243007315968	5778432	512	6.883727
13429252608	13423570944	5681664	512	10.385086
177266298880	177261315072	4983808	512	9.687472
229820891136	229814832640	6058496	512	4.600778
81248326656	81241338368	6988288	512	3.025414
54867210752	54861324288	5886464	512	7.844134
102903522304	102898689536	4832768	512	6.081058
229230513152	229224573952	5939200	512	7.571950
78114009600	78106591232	7418368	512	6.192667
125477681664	125470297088	7384576	512	9.853393
221912026112	221904109568	7916544	512	7.323902
30198615552	30191552000	7063552	512	6.080136
200505943040	200498841088	7101952	512	10.736278
18720880128	18714735616	6144512	512	7.907183
246433950208	246427809280	6140928	512	4.024359
122724681216	122719279616	5401600	512	6.622558
91849108992	91843169280	5939712	512	4.358953
15661304320	15655171584	6132736	512	6.359588
150347161088	150339364352	7796736	512	7.573619
151607128576	151602079744	5048832	512	6.548174
241340869632	241332578816	8290816	512	3.955549
241387712512	241380332032	7380480	512	5.271211
134213289984	134208762880	4527104	512	7.124894
107764954112	107759047680	5906432	512	1.909603
229694316544	229688648704	5667840	512	2.939428
48528772608	48522783744	5988864	512	12.376963
4217914880	4213291520	4623360	512	6.125839
72539433984	72531163136	8270848	512	7.308497
131192056320	131185432576	6623744	512	7.480535
20604010496	20598218240	5792256	512	3.866739
59998026240	59989646336	8379904	512	7.459336
21151758848	21143910912	7847936	512	7.539558
29593815040	29587211776	6603264	512	9.916137
88421394432	88414440448	6953984	512	2.140530
228733879296	228726831104	7048192	512	3.779736
109168016896	109163476480	4540416	512	8.659989
5898091520	5892190208	5901312	512	4.295998
68309894656	68304451072	5443584	512	2.748671
201150251520	201145397248	4854272	512	9.414837
165401032192	165394394112	6638080	512	2.642664
53620639232	53616088576	4550656	512	4.084295
238137850368	238132754944	5095424	512	10.127006
111207495680	111201207296	6288384	512	6.335950
8233722880	8227806720	5916160	512	2.810194
52198843904	52192196608	6647296	512	6.713569
139589329408	139583256576	6072832	512	5.931115
215596868096	215590072832	6795264	512	5.849439
222470023168	222463421440	6601728	512	4.258661
150483352064	150475584000	7768064	512	6.502172
41957572608	41953358336	4214272	512	9.081204
188713074688	188706404864	6669824	512	2.623651
225509588992	225505186304	4402688	512	4.587539
100950860800	100942522368	8338432	512	3.446890
2657842176	2649769984	8072192	512	7.821013
68380726784	68375043584	5683200	512	8.917354
134586985984	134579246080	7739904	512	3.568484
75028284416	75020286464	7997952	512	7.896576
175755099648	175750264832	4834816	512	6.201771
164820811776	164812618752	8193024	512	8.367266
184219103744	184210715136	8388608	512	7.916476
160260553216	160253380096	7173120	512	6.999179
233180093440	233173238784	6854656	512	3.799111
201641738240	201635894784	5843456	512	8.381074
108814683136	108808694784	5988352	512	9.128508
203313882112	203308510208	5371904	512	6.861763
73999962112	73993660416	6301696	512	9.084616
208750589440	208743664640	6924800	512	7.921368
106416249344	106411351552	4897792	512	5.381332
47385437696	47378485248	6952448	512	4.604960
195644045824	195637037568	7008256	512	2.123582
189492609536	189485464576	7144960	512	5.542246
161907974144	161902693888	5280256	512	1.949980
28373735936	28365851648	7884288	512	6.161320
154643102208	154638157824	4944384	512	6.151306
89316893184	89310225920	6667264	512	3.271727
219576236544	219569330176	6906368	512	5.793245
185755952640	185747752448	8200192	512	9.983235
117350813184	117342543360	8269824	512	8.332900
38182975488	38177713152	5262336	512	5.953864
242250057728	242244180480	5877248	512	3.816139
241456384000	241448843776	7540224	512	9.787291
222837438464	222832742400	4696064	512	2.100407
81479615488	81472065024	7550464	512	5.018838
35404606976	35398581248	6025728	512	7.829211
123533204992	123527006208	6198784	512	5.885009
139280619520	139274173440	6446080	512	2.322827
115623240704	115618457600	4783104	512	6.534629
133800028160	133792642560	7385600	512	6.970474
26500319744	26492047872	8271872	512	4.388318
39373696512	39368140288	5556224	512	10.281100
183313292288	183307911168	5381120	512	5.289809
3586856960	3580800000	6056960	512	3.044492
168188291584	168182756352	5535232	512	7.167744
176079747072	176073754624	5992448	512	7.673024
233143158784	233137713664	5445120	512	2.899778
39295196672	39289060352	6136320	512	6.881803
150774309376	150768162304	6147072	512	9.194381
214740334592	214732678656	7655936	512	4.122181
178898733056	178894118400	4614656	512	6.859802
15733856256	15726331904	7524352	512	3.610120
187067461120	187061514240	5946880	512	4.314737
131325300224	131318652928	6647296	512	7.238318
130857295872	130850047488	7248384	512	6.668332
99037686272	99031756800	5929472	512	3.020323
219151650816	219146552320	5098496	512	5.290025
101482527232	101475726336	6800896	512	3.497133
104745561088	104740702208	4858880	512	4.470961
12672094208	12666253824	5840384	512	2.114570
196389791744	196382094848	7696896	512	10.701214
200483404288	200475124224	8280064	512	3.884408
39221456384	39215457792	5998592	512	6.433613
235462003200	235454974976	7028224	512	9.912321
54062650368	54057525248	5125120	512	7.455900
26165964800	26158910464	7054336	512	7.391466
20112016896	20105641984	6374912	512	4.391825
218895645696	218890314752	5330944	512	3.778828
109836146176	109829948928	6197248	512	7.181418
154350885888	154343797248	7088640	512	4.845927
73144947712	73138926592	6021120	512	5.986035
221020111360	221015005184	5106176	512	6.657851
63455366656	63448877056	6489600	512	8.854198
52998913536	52994561024	4352512	512	7.153230
12341818880	12336980480	4838400	512	2.130887
94075551232	94069425152	6126080	512	2.688372
158434311168	158428275712	6035456	512	2.037093
203375924224	203368787456	7136768	512	6.621078
39302147584	39294962688	7184896	512	5.110653
177565847552	177561619968	4227584	512	2.886986
62769348096	62764612608	4735488	512	1.923611
156505636864	156498682880	6953984	512	9.240946
246143638528	246139064832	4573696	512	9.026474
182486685184	182478721024	7964160	512	5.723538
192552482304	192545533440	6948864	512	4.699026
20243972608	20235809792	8162816	512	5.278195
141432217088	141426921472	5295616	512	4.053855
38307680768	38303026688	4654080	512	4.062399
191987844096	191983524864	4319232	512	8.667406
14090902016	14084301312	6600704	512	2.828316
214588094464	214582774784	5319680	512	5.739517
142490805248	142483892224	6913024	512	1.857238
94318086144	94313079808	5006336	512	4.407424
243323045376	243316680704	6364672	512	6.215941
68243703296	68239155712	4547584	512	4.869436
182615403520	182609149440	6254080	512	2.545978
232230453248	232225474048	4979200	512	9.406586
16158582784	16151226880	7355904	512	4.893769
152026991104	152019653632	7337472	512	3.987941
83975236096	83968331264	6904832	512	2.341259
80322654208	80314320384	8333824	512	4.946257
188215631872	188210087936	5543936	512	2.011399
236482937344	236477865472	5071872	512	8.099362
166902979584	166898276352	4703232	512	8.928853
190458810880	190452096512	6714368	512	2.093566
240370118144	240364961792	5156352	512	10.502013
242206920704	242200749568	6171136	512	9.336050
66614461440	66606390784	8070656	512	7.364309
60892310528	60887831552	4478976	512	6.078762
84143550464	84137456128	6094336	512	9.305885
229710820352	229704082944	6737408	512	9.135376
229989040640	229984714752	4325888	512	7.052178
42207534080	42201940992	5593088	512	4.523614
126632921088	126624661504	8259584	512	7.075845
207362977280	207356437504	6539776	512	8.239615
50305930240	50299582976	6347264	512	4.003901
232603729920	232597704192	6025728	512	8.634119
107220112896	107212360192	7752704	512	6.497203
113797357056	113791876096	5480960	512	6.989463
107237506048	107232251904	5254144	512	2.144321
136464103936	136458556416	5547520	512	10.857084
37349259776	37345046528	4213248	512	9.097547
210524430848	210516643840	7787008	512	9.310157
75976841728	75971174912	5666816	512	7.928312
178586462208	178581877248	4584960	512	7.200908
125819204096	125812878848	6325248	512	3.390388
67535256576	67530022400	5234176	512	4.527337
19523644928	19516288512	7356416	512	3.592738
38932172288	38925463040	6709248	512	9.008946
204295151616	204289550336	5601280	512	10.946214
198275648512	198269535744	6112768	512	5.853967
57279510528	57273219072	6291456	512	3.108688
113186416640	113178133504	8283136	512	7.033621
49223877632	49217608704	6268928	512	3.298135
8996622848	8990362624	6260224	512	8.361991
77433091584	77426653696	6437888	512	7.870267
197632948224	197628065280	4882944	512	7.725668
63887604736	63879375872	8228864	512	7.654400
136096312320	136090733056	5579264	512	2.450572
54242126336	54234036224	8090112	512	9.908276
58726907392	58721846272	5061120	512	6.659671
129329916928	129322596352	7320576	512	9.057152
184179719168	184175485952	4233216	512	4.180227
59108643840	59101949952	6693888	512	7.982247
81244567552	81240304128	4263424	512	5.051104
187732062208	187724422656	7639552	512	5.399023
174840685056	174834366464	6318592	512	2.718067
58112659968	58105922560	6737408	512	8.927246
162409818112	162402839552	6978560	512	5.911195
118114626048	118109470720	5155328	512	8.959497
185293077504	185285404672	7672832	512	7.547769
172538095104	172529840640	8254464	512	4.111071
59131063808	59126344192	4719616	512	2.686127
146644867072	146636577280	8289792	512	9.988114
21846945280	21838746624	8198656	512	4.992712
30532857856	30526167552	6690304	512	9.192830
41523161600	41517122048	6039552	512	7.693674
92904955392	92900594176	4361216	512	3.426677
109983101952	109975173632	7928320	512	6.236650
82883366912	82876702720	6664192	512	5.897534
22473710080	22467196416	6513664	512	13.153429
117648439296	117642454016	5985280	512	7.951140
50255621632	50248595456	7026176	512	5.153764
125030811136	125022994432	7816704	512	45.621066
242580439040	242574263296	6175744	512	17.436854
81341696000	81337020928	4675072	512	9.682146
166574727168	166569465344	5261824	512	3.119501
225102229504	225096112640	6116864	512	10.443693
148253522944	148248333312	5189632	512	6.470123
29628402688	29623613952	4788736	512	2.898418
212676044288	212669049856	6994432	512	5.649101
185654734848	185648943104	5791744	512	9.044532
205434449408	205426799104	7650304	512	8.703044
206784776192	206778547712	6228480	512	10.559939
189649273344	189641211392	8061952	512	8.831497
11831747584	11824873472	6874112	512	8.864879
110063989760	110058917888	5071872	512	3.839216
124007036928	124002204672	4832256	512	3.739364
222372672512	222364305920	8366592	512	2.793325
76249223168	76244020224	5202944	512	3.640749
53048783360	53042777088	6006272	512	5.546772
199272570368	199267742720	4827648	512	8.360750
118835739648	118827930624	7809024	512	3.033336
10829631488	10825019904	4611584	512	6.538728
42248544768	42242514944	6029824	512	7.737777
207840688128	207834703872	5984256	512	6.651793
130286934016	130280510976	6423040	512	10.617214
164651697664	164646171648	5526016	512	5.910757
243232066048	243226497536	5568512	512	3.112389
134308497920	134304094208	4403712	512	6.934823
70596315648	70591943680	4371968	512	5.068421
206886482432	206878634496	7847936	512	4.675131
213983471616	213975145984	8325632	512	4.422452
136098893824	136090518016	8375808	512	4.379358
82146349568	82140466176	5883392	512	4.510629
55499518464	55492364288	7154176	512	2.700526
13822040576	13815833600	6206976	512	7.358733
88760617984	88755267584	5350400	512	9.650154
102856781312	102850248704	6532608	512	2.776645
200710498816	200702565376	7933440	512	7.912510
226001789440	225994286592	7502848	512	7.368302
168978897920	168971085312	7812608	512	10.240152
59263738368	59257384960	6353408	512	3.966117
114216130048	114210236928	5893120	512	1.923037
227542834688	227534651392	8183296	512	5.172146
161497768960	161490362880	7406080	512	9.737988
143041317376	143035808256	5509120	512	1.946691
123763168768	123758170624	4998144	512	8.824555
91795026432	91787139072	7887360	512	8.859904
181064638464	181056280576	8357888	512	8.323184
720217600	711990784	8226816	512	7.886591
111172726272	111167182336	5543936	512	6.339215
204010363392	204003322368	7041024	512	9.226796
58215469568	58209094144	6375424	512	3.780023
232175696384	232169807360	5889024	512	3.716097
201233709568	201226146816	7562752	512	3.936356
72387491840	72382208000	5283840	512	4.090494
226059958272	226054141440	5816832	512	9.178926
33691877888	33684961280	6916608	512	5.864731
138312891392	138306260480	6630912	512	7.411995
86609193984	86602088960	7105024	512	2.036695
114151437824	114144853504	6584320	512	3.563840
68451770368	68444622336	7148032	512	3.199777
170546115584	170539139584	6976000	512	2.399641
94663980032	94655898624	8081408	512	5.777324
215159056384	215154540544	4515840	512	8.782281
163675493376	163668746240	6747136	512	8.249065
144564518912	144559952384	4566528	512	5.751281
210970038784	210961662464	8376320	512	9.239587
157615247360	157607345152	7902208	512	6.492086
213091524096	213085907968	5616128	512	2.046745
72999191552	72991628800	7562752	512	7.928249
202761700864	202753940480	7760384	512	7.364488
112448154624	112443700224	4454400	512	9.599128
55406287872	55398437376	7850496	512	5.104164
47977954304	47970214912	7739392	512	4.575030
197764509696	197757849600	6660096	512	9.004214
180034207744	180027811840	6395904	512	9.237239
242675945472	242670720000	5225472	512	8.133579
206348552192	206343422464	5129728	512	10.061216
39398010368	39393426944	4583424	512	6.017645
63238031360	63232529920	5501440	512	9.052569
121953589760	121947689472	5900288	512	1.911416
104013360128	104005206016	8154112	512	2.811969
104312685056	104306665984	6019072	512	8.844359
32840148480	32834150400	5998080	512	8.036209
4758468608	4752492544	5976064	512	2.350351
9436840960	9428645376	8195584	512	6.803285
47696145408	47689469440	6675968	512	8.091916
4399126528	4391469568	7656960	512	4.200903
183661022720	183655799808	5222912	512	7.001660
38933623296	38928205312	5417984	512	5.965977
215758703616	215752118272	6585344	512	9.863606
4385939456	4379361280	6578176	512	5.812840
151041087488	151033350656	7736832	512	6.547518
14409995776	14401754112	8241664	512	4.626974
109790740480	109785090560	5649920	512	5.363059
183303987200	183297129472	6857728	512	9.628860
208076011520	208070456320	5555200	512	9.448730
182538505728	182530456064	8049664	512	3.403062
93590400000	93582041600	8358400	512	3.360822
154242224640	154237890560	4334080	512	6.928257
54217174016	54210467328	6706688	512	7.832787
91113921536	91108785152	5136384	512	3.363095
122507749888	122501788160	5961728	512	8.150034
104639118336	104631689216	7429120	512	2.620399
12593354240	12586193920	7160320	512	6.505070
195619782656	195611990528	7792128	512	9.562698
244982259712	244975115776	7143936	512	7.128699
96068860416	96061336576	7523840	512	3.885925
72039773696	72032955904	6817792	512	4.615606
190512085504	190504555520	7529984	512	6.611257
52095945728	52088596480	7349248	512	9.298820
232738181120	232733398016	4783104	512	5.280519
188323245056	188317402112	5842944	512	5.145019
59420731904	59416348672	4383232	512	6.863940
170078292992	170071288320	7004672	512	3.658057
239685957632	239678460416	7497216	512	10.119566
102620452864	102612251648	8201216	512	9.026262
104933174784	104926270976	6903808	512	6.034604
12049744384	12043863552	5880832	512	3.170636
194170075136	194162503680	7571456	512	6.111188
237383284736	237377748480	5536256	512	3.524463
129993943040	129987469312	6473728	512	3.316521
226743733248	226735529472	8203776	512	3.285348
143136132096	143131485696	4646400	512	4.958299
109221785088	109215384576	6400512	512	5.281596
85541746688	85534295552	7451136	512	5.828491
201844002304	201838514688	5487616	512	5.742636
77425031168	77417757184	7273984	512	8.724697
165576677888	165570176512	6501376	512	2.376738
114664815616	114659402752	5412864	512	7.576190
103759717376	103753433088	6284288	512	6.429532
150400906752	150393939456	6967296	512	9.083783
25813138432	25807266304	5872128	512	8.487149
173926536704	173921689088	4847616	512	6.109179
212620275712	212614105600	6170112	512	10.363297
245680901120	245672685056	8216064	512	9.084459
63920345600	63915931648	4413952	512	3.321831
128481043968	128475517952	5526016	512	5.453887
164911271936	164905700864	5571072	512	6.755003
175492412928	175485947904	6465024	512	2.633661
235415485952	235409000960	6484992	512	10.438781
210021428224	210013815808	7612416	512	6.228603
145858889728	145850699264	8190464	512	4.343644
90592949760	90586877440	6072320	512	1.826907
104832532480	104824739840	7792640	512	6.113144
195778930688	195771855360	7075328	512	2.777038
96341996544	96336062464	5934080	512	4.385435
191021984768	191014782976	7201792	512	3.449158
85443139072	85434768896	8370176	512	4.598896
236855359488	236847872000	7487488	512	8.987875
217281779200	217274686976	7092224	512	10.296104
27693815808	27688647680	5168128	512	8.023993
39494427648	39486308864	8118784	512	4.330103
119816986112	119811643904	5342208	512	7.223951
39912664576	39905029632	7634944	512	8.229605
193160402944	193155812352	4590592	512	5.649789
40642061824	40634990592	7071232	512	4.334826
174582143488	174577800704	4342784	512	3.204945
27874155008	27866822656	7332352	512	3.860164
78399868416	78394234368	5634048	512	8.106316
190595447808	190590187520	5260288	512	3.508154
208097053184	208092270080	4783104	512	4.122506
216022506496	216016289280	6217216	512	6.302073
55884438016	55876762112	7675904	512	6.583945
29858998784	29851954176	7044608	512	4.866482
44779130880	44772564992	6565888	512	3.320031
197511459840	197506875392	4584448	512	4.328429
77083048960	77075971072	7077888	512	7.488413
143083514880	143075646464	7868416	512	8.898393
86959025152	86953496064	5529088	512	7.574933
168623251968	168617115136	6136832	512	6.078427
168991085056	168983410176	7674880	512	3.479080
234393093120	234384933888	8159232	512	7.735612
116534771200	116529001984	5769216	512	1.758601
68750451712	68743476224	6975488	512	4.573009
235774344704	235768908800	5435904	512	3.068121
244199944704	244192258560	7686144	512	8.991730
46658520064	46651070464	7449600	512	9.767618
211488971776	211481970176	7001600	512	6.964189
212587888640	212583431680	4456960	512	9.533721
209478145536	209471794176	6351360	512	8.117347
119037542912	119031265792	6277120	512	5.215416
96261581312	96255071232	6510080	512	6.116796
189315127296	189310093824	5033472	512	7.469028
69825302016	69820982784	4319232	512	5.525851
85826966528	85820617216	6349312	512	8.679195
219765902848	219760892928	5009920	512	7.867874
122540090368	122533154816	6935552	512	5.840327
24962358272	24956804096	5554176	512	5.828198
200235801088	200227972608	7828480	512	9.075609
103528654848	103521534464	7120384	512	3.867224
83865986560	83860115968	5870592	512	6.011814
193627226112	193620937728	6288384	512	6.974258
162341894144	162335602176	6291968	512	4.530169
215433696768	215425409024	8287744	512	10.212483
173348888064	173342822400	6065664	512	6.876067
212724848640	212718688256	6160384	512	10.456301
8106822144	8100462592	6359552	512	7.553663
40258542080	40253798400	4743680	512	3.317316
197712980992	197705164800	7816192	512	9.283769
182839306240	182834102272	5203968	512	5.787860
239783105024	239775565312	7539712	512	9.754030
15822893568	15818378240	4515328	512	7.419433
111749844480	111743278080	6566400	512	3.757625
47984069632	47976292864	7776768	512	5.670341
211719614464	211713681408	5933056	512	5.041210
45144867328	45137099776	7767552	512	8.487469
151941203456	151934396928	6806528	512	2.465008
127731360768	127725968384	5392384	512	6.542956
116882866688	116876968448	5898240	512	8.735385
160470427136	160464414208	6012928	512	2.184727
243361657856	243353350656	8307200	512	3.885996
92670186496	92663715328	6471168	512	6.467023
65883925504	65876982272	6943232	512	3.615776
186029629440	186021825536	7803904	512	7.504808
77989885952	77982980096	6905856	512	9.238216
219983886336	219977164800	6721536	512	5.111336
164911892992	164906724352	5168640	512	4.074412
125899255296	125894732288	4523008	512	8.046728
76628176896	76621346304	6830592	512	4.420629
21460791808	21454616064	6175744	512	5.929539
14906743808	14901942272	4801536	512	3.700863
64179074048	64174352384	4721664	512	2.042906
229422046720	229413670912	8375808	512	8.088216
69336580608	69331582464	4998144	512	7.929260
3635324416	3629580288	5744128	512	4.181792
185569144320	185560841728	8302592	512	8.864450
154507657728	154500933120	6724608	512	1.891069
3456559104	3449275392	7283712	512	7.109693
37900354560	37892325888	8028672	512	3.337459
236522610176	236515438080	7172096	512	6.309245
130817334272	130810705408	6628864	512	7.442507
196072727040	196068180480	4546560	512	4.778742
84939134976	84931641344	7493632	512	5.449528
3068199936	3063168000	5031936	512	2.885708
6544714240	6536855552	7858688	512	9.490118
143871537664	143866199040	5338624	512	5.006412
18532737536	18524370944	8366592	512	3.607946
175285247488	175278744064	6503424	512	2.110312
112116239872	112110118400	6121472	512	9.249348
96178321408	96172953600	5367808	512	9.492026
239160672256	239154449408	6222848	512	7.276886
205599608320	205592577024	7031296	512	7.865959
131320711168	131315066880	5644288	512	1.811824
183660212736	183655677952	4534784	512	7.736936
106973361152	106967808512	5552640	512	4.624716
16506819584	16499778048	7041536	512	7.509163
102200440832	102193718272	6722560	512	2.297740
60617262080	60610063360	7198720	512	2.298928
153154436608	153148179456	6257152	512	6.620732
25510129664	25504087040	6042624	512	1.824359
222172961792	222168030208	4931584	512	5.830435
175285684736	175280943616	4741120	512	7.203729
130704801280	130696562688	8238592	512	5.649510
44927623168	44923162112	4461056	512	5.648630
58505295360	58500926976	4368384	512	5.635342
22006253056	22000275968	5977088	512	8.868603
33452667904	33445333504	7334400	512	3.852164
146157594112	146151332864	6261248	512	2.761818
229136541184	229131344384	5196800	512	2.296262
86691763712	86685412864	6350848	512	8.648172
151648230912	151640458240	7772672	512	7.863583
152971338240	152963925504	7412736	512	3.201728
77071674368	77064225792	7448576	512	5.839579
88566381568	88560354304	6027264	512	2.276594
225309629952	225304369152	5260800	512	9.770007
189343028224	189335341568	7686656	512	6.236947
83030451712	83023750656	6701056	512	5.570043
88131549184	88126641664	4907520	512	6.261099
115732894720	115728607744	4286976	512	2.872045
242005203968	241997957632	7246336	512	7.221374
31998588416	31991145472	7442944	512	2.838687
63271545344	63264326656	7218688	512	9.469754
106838892032	106834269184	4622848	512	7.975932
106009270272	106003276800	5993472	512	9.074430
132006337536	132001086976	5250560	512	6.987521
219989725696	219985120256	4605440	512	6.136678
142877654528	142871484928	6169600	512	2.299005
219550059008	219541772800	8286208	512	7.447380
120770902016	120766550528	4351488	512	9.656592
195940838912	195935350272	5488640	512	7.540088
75153216512	75148188672	5027840	512	6.584920
199134793728	199129287168	5506560	512	7.360240
18258962432	18254053376	4909056	512	2.814147
33111785472	33106340864	5444608	512	5.737493
239200862208	239195699712	5162496	512	7.625228
179205041664	179198703104	6338560	512	8.511311
129393954304	129387129344	6824960	512	6.884310
56622991360	56618223104	4768256	512	2.224137
166667133440	166660526592	6606848	512	2.870578
134512648192	134506421248	6226944	512	4.456894
136658078208	136652271616	5806592	512	8.419063
149604132352	149596576256	7556096	512	10.578726
188284639232	188279309312	5329920	512	4.117140
4243015680	4237417984	5597696	512	6.692631
248586476032	248580263424	6212608	512	2.860924
98818537472	98813216768	5320704	512	1.642112
243877159936	243871863296	5296640	512	8.533184
236701803520	236693649408	8154112	512	6.433036
130895946240	130888002560	7943680	512	8.421771
70901432320	70894817792	6614528	512	7.755270
96843220480	96836549632	6670848	512	3.298978
195762845696	195756913152	5932544	512	2.363582
170410892800	170404184576	6708224	512	8.215665
145104674304	145097529344	7144960	512	7.752414
188430818304	188425788928	5029376	512	7.594654
72742166528	72735204352	6962176	512	4.885597
220665712640	220658848256	6864384	512	4.940868
16222367744	16215422464	6945280	512	8.300184
135668975616	135664114688	4860928	512	3.866550
21173313024	21165838336	7474688	512	2.622164
111765927424	111761677824	4249600	512	4.583536
102355868160	102350082560	5785600	512	4.160562
161391979008	161385911808	6067200	512	8.527075
84354445824	84347337216	7108608	512	2.030339
78677087232	78669932032	7155200	512	8.422602
96822941696	96814786560	8155136	512	5.096953
18631811584	18627456000	4355584	512	7.303785
58882742784	58876582912	6159872	512	4.241506
50593056256	50585962496	7093760	512	4.511625
74370820608	74365122560	5698048	512	6.083325
105340898816	105332750848	8147968	512	8.107788
234854758400	234846427648	8330752	512	4.150824
172608622080	172604392960	4229120	512	5.779307
37972816896	37966242816	6574080	512	3.240520
136253436416	136248411648	5024768	512	9.172042
75803200512	75797410816	5789696	512	5.339570
132920838656	132913855488	6983168	512	3.914506
237499699712	237492947456	6752256	512	7.750428
96153471488	96146131968	7339520	512	5.569706
30695331328	30688765952	6565376	512	1.940958
47622708736	47615840256	6868480	512	6.472987
202102810112	202096544768	6265344	512	3.328864
169869284864	169862547968	6736896	512	6.568944
134407943168	134401185792	6757376	512	6.199606
5949416960	5941304832	8112128	512	8.794385
167382208512	167377324544	4883968	512	7.030727
86328572416	86320867328	7705088	512	3.592930
19568510976	19562504704	6006272	512	8.987622
17861198848	17854646272	6552576	512	3.147872
142843998208	142837031424	6966784	512	2.648480
175322182144	175316622848	5559296	512	5.363169
70223843840	70219236864	4606976	512	4.405783
128589329920	128583174656	6155264	512	4.970397
174979949568	174971597824	8351744	512	4.548311
67843342336	67838423040	4919296	512	8.611711
186131993088	186125338624	6654464	512	5.012536
227636297728	227629214720	7083008	512	4.725077
217312923136	217308307968	4615168	512	5.991685
3845358592	3839802368	5556224	512	7.016664
75012311040	75004322816	7988224	512	7.986613
35132145152	35126707712	5437440	512	5.787070
249377738240	249373166592	4571648	512	9.078422
226881035264	226873533440	7501824	512	5.999044
245408952832	245400574464	8378368	512	5.202566
92706927104	92702005760	4921344	512	6.645961
29311877632	29304016384	7861248	512	6.361271
178612874240	178606147584	6726656	512	4.232297
185725800960	185717550080	8250880	512	8.077581
231775451648	231769623040	5828608	512	4.508670
100489588224	100483460608	6127616	512	2.722379
10103279616	10095952896	7326720	512	5.200117
47932147200	47925032960	7114240	512	9.578089
231220795904	231212733952	8061952	512	9.360709
221609504256	221601581056	7923200	512	10.064603
139305281536	139300404224	4877312	512	2.334018
194751738368	194746343424	5394944	512	1.978372
104767835648	104760376320	7459328	512	9.217354
118353682944	118348921856	4761088	512	5.810420
27348932608	27340869632	8062976	512	4.670594
140491813376	140484755968	7057408	512	3.279962
78222678016	78214561280	8116736	512	6.796456
102811323904	102806260736	5063168	512	2.640035
100423744512	100419542528	4201984	512	6.202208
185561720832	185553649664	8071168	512	3.147765
226170639872	226164635648	6004224	512	5.313654
22192549376	22188013568	4535808	512	7.205234
30902720000	30896809984	5910016	512	7.127017
136429539840	136421332480	8207360	512	5.929638
60133157888	60127940608	5217280	512	6.805273
128936043520	128928635904	7407616	512	8.215595
192268207616	192263376384	4831232	512	2.866723
188375766016	188368136704	7629312	512	5.509814
2892199424	2886541824	5657600	512	6.202010
90776121344	90770669056	5452288	512	8.830664
122049030656	122044099584	4931072	512	2.817978
76209039872	76202801152	6238720	512	9.539625
122856052224	122848563200	7489024	512	8.873713
189964218880	189957388800	6830080	512	6.065115
35437831680	35431327744	6503936	512	2.445711
189485250048	189481050624	4199424	512	3.154017
11241507328	11234825728	6681600	512	2.173203
227599550464	227592040960	7509504	512	7.281647
176623007232	176618012160	4995072	512	3.118509
27973490688	27967883264	5607424	512	3.041797
203098576384	203091508224	7068160	512	8.709041
88265700352	88258176000	7524352	512	2.530463
136610880000	136605855232	5024768	512	2.293198
9334803968	9328633344	6170624	512	9.057330
206876751360	206872262656	4488704	512	3.962680
60194166272	60187389952	6776320	512	7.275206
20082226688	20075731456	6495232	512	3.711014
48673503744	48667582464	5921280	512	6.205976
72286800896	72279175680	7625216	512	4.367680
44243119104	44237953024	5166080	512	8.041981
167160432128	167155580928	4851200	512	4.685728
187344108544	187338954240	5154304	512	6.100365
53863880192	53856019968	7860224	512	4.974285
235206941184	235199888384	7052800	512	9.596197
133337017344	133332173312	4844032	512	2.764746
28836451328	28828747264	7704064	512	7.670794
226566403584	226561176576	5227008	512	1.922049
227994663936	227986651648	8012288	512	7.505916
32227026944	32221044224	5982720	512	8.166551
176288047104	176282702336	5344768	512	9.039452
151130885632	151122739200	8146432	512	2.605023
137037976576	137033699840	4276736	512	9.541307
88510298112	88505931264	4366848	512	4.738661
190562918912	190556682240	6236672	512	7.537607
165927008256	165918876672	8131584	512	8.970485
136888582144	136880514560	8067584	512	8.600392
192303414784	192295258112	8156672	512	7.723173
34658171392	34651559936	6611456	512	2.930826
119759477248	119753999360	5477888	512	5.897611
230979748352	230972912640	6835712	512	4.328068
103185472000	103180408320	5063680	512	2.567038
125608839168	125602731520	6107648	512	6.750882
202394193920	202385980928	8212992	512	8.822086
67086645760	67081575936	5069824	512	7.301374
104300080128	104292638208	7441920	512	8.008927
227608677376	227603787264	4890112	512	6.409657
92380888576	92372776448	8112128	512	5.495349
6324881408	6318277120	6604288	512	5.612475
863785984	856851456	6934528	512	9.879846
35641451520	35634397184	7054336	512	6.150342
88055889408	88050812416	5076992	512	3.091641
54784617472	54777209856	7407616	512	8.678432
76714446848	76706677248	7769600	512	2.987285
245453148672	245448773120	4375552	512	3.880216
75021096448	75013435904	7660544	512	3.984039
52220158976	52212776448	7382528	512	2.104214
90491847168	90486062080	5785088	512	5.755116
236807615488	236802601984	5013504	512	8.946648
20240654848	20233279488	7375360	512	3.482333
96997454336	96990893056	6561280	512	5.671974
118908824064	118903615488	5208576	512	8.444411
955756032	950688256	5067776	512	2.628160
85778146304	85773892096	4254208	512	6.489357
33587246592	33582007296	5239296	512	7.453926
245399692800	245393882624	5810176	512	9.112766
236498263040	236489889792	8373248	512	5.054574
79615728640	79609010176	6718464	512	3.991074
61859573760	61852455424	7118336	512	3.450829
241942648832	241934764544	7884288	512	4.688409
221653393408	221646557184	6836224	512	9.349717
203647994368	203641713152	6281216	512	3.119054
206920801792	206912501760	8300032	512	7.810564
10758987776	10751979008	7008768	512	7.763941
198581311488	198576759808	4551680	512	4.706726
133586095104	133578925056	7170048	512	2.177598
248871830016	248867207680	4622336	512	6.931687
227594870272	227587330048	7540224	512	5.482277
131598419968	131592672256	5747712	512	2.173306
19170329600	19165106688	5222912	512	8.450426
230239607808	230235231744	4376064	512	9.465193
123526337024	123521018880	5318144	512	7.321394
75692698624	75686698496	6000128	512	4.863634
9242792448	9238125056	4667392	512	7.159291
197697653248	197690060288	7592960	512	3.581266
212258109952	212253803008	4306944	512	9.944680
104656430592	104650695680	5734912	512	10.031779
122710578688	122705305600	5273088	512	7.820476
24143056896	24137400832	5656064	512	3.617219
135552907264	135548236800	4670464	512	5.715653
245660972544	245656512000	4460544	512	9.394270
106203033088	106195566080	7467008	512	7.718519
101116701184	101109452800	7248384	512	6.370664
226392508928	226386198528	6310400	512	8.048198
57708435968	57701507072	6928896	512	4.543031
197436169216	197429475328	6693888	512	7.241870
37264250880	37256042496	8208384	512	3.459882
69281854464	69276526592	5327872	512	5.092757
125854028800	125845706240	8322560	512	5.036868
116918558720	116911246848	7311872	512	2.281880
134772997632	134764690432	8307200	512	4.669010
97331638784	97326213632	5425152	512	9.012753
168835752960	168830748672	5004288	512	3.018436
37796379136	37791350272	5028864	512	9.198661
137674364928	137666656768	7708160	512	3.858243
38138086912	38131058688	7028224	512	6.366327
45396077056	45391074304	5002752	512	9.406037
231763634176	231755368448	8265728	512	6.530252
851945472	845632512	6312960	512	6.550669
156457881600	156452168192	5713408	512	6.672043
208304047104	208299629056	4418048	512	3.126000
63615405056	63610932736	4472320	512	4.185479
141489573376	141485287936	4285440	512	8.546044
18729864704	18724156416	5708288	512	4.530736
109221598208	109214645248	6952960	512	7.045237
119101457920	119095193600	6264320	512	3.873161
156846942720	156841351680	5591040	512	7.976136
233190884352	233183708160	7176192	512	7.865360
114603776512	114598869504	4907008	512	5.351175
199018681856	199013527040	5154816	512	3.172155
27281644032	27275576320	6067712	512	7.466283
54029659648	54023966208	5693440	512	9.510879
185213474304	185207428096	6046208	512	4.863475
144168360448	144162857984	5502464	512	1.972454
143564414976	143558535680	5879296	512	6.504266
109550873600	109545254912	5618688	512	5.548068
71177332736	71170729984	6602752	512	7.907471
249413112832	249406035456	7077376	512	3.374724
242777873408	242772945920	4927488	512	7.077425
121643598336	121636876800	6721536	512	7.856225
63465664000	63459448320	6215680	512	2.982678
238182310912	238176461312	5849600	512	7.208546
222535052288	222527612416	7439872	512	8.258490
111146109952	111140875264	5234688	512	9.224106
3834595840	3829284864	5310976	512	7.492109
166238571008	166232787968	5783040	512	4.536048
78810297344	78805368320	4929024	512	7.408121
90225585152	90220855808	4729344	512	8.362870
180319189504	180311466496	7723008	512	6.927723
115576677376	115569372672	7304704	512	3.763719
105053917184	105047969792	5947392	512	9.402833
240937910784	240932016640	5894144	512	4.848978
34676761088	34671535104	5225984	512	7.551505
243108033536	243102174208	5859328	512	5.702005
5795684352	5789481984	6202368	512	8.804513
87180119040	87171751424	8367616	512	4.658723
241388699136	241382718976	5980160	512	5.270622
181845195264	181839390208	5805056	512	6.101532
194145839104	194140111872	5727232	512	7.829601
176905539072	176897680896	7858176	512	6.880470
114197368832	114191151616	6217216	512	7.023019
99303159296	99296115200	7044096	512	9.565938
202546717696	202542294528	4423168	512	3.376071
104029381632	104024851968	4529664	512	8.851139
135670633984	135665058304	5575680	512	3.873946
72298497536	72293083136	5414400	512	2.977303
310547968	304030720	6517248	512	6.254985
78362226176	78355423744	6802432	512	4.670279
211218011136	211213790720	4220416	512	4.244946
39172926464	39167652352	5274112	512	7.171888
24550530560	24542551552	7979008	512	6.775101
155868672000	155862481408	6190592	512	8.712102
234781640192	234775393280	6246912	512	6.979554
38191499264	38185105408	6393856	512	4.776393
45373725696	45369340416	4385280	512	7.638475
92524160512	92517239808	6920704	512	9.280512
142842531328	142834906624	7624704	512	3.051405
74055178752	74050566656	4612096	512	1.971290
31863795200	31859376128	4419072	512	4.470013
89522156032	89517324800	4831232	512	7.475579
53273422848	53265166848	8256000	512	9.867369
201297444864	201293157376	4287488	512	7.798316
162236012032	162228292096	7719936	512	6.482225
70101095424	70092882944	8212480	512	9.193228
39752433152	39744391680	8041472	512	4.860794
87928339456	87923149312	5190144	512	4.959632
93582873600	93576810496	6063104	512	3.251710
169776646656	169772131840	4514816	512	9.629696
165359814144	165352799232	7014912	512	5.550758
67792236032	67784882688	7353344	512	8.285421
164045039104	164037168640	7870464	512	2.212537
224955086336	224948601856	6484480	512	7.185785
65827333120	65821862400	5470720	512	9.120007
145556542976	145549666304	6876672	512	2.200228
97361596416	97356810752	4785664	512	6.465710
194091235328	194085600768	5634560	512	7.531025
128503166976	128496054784	7112192	512	2.802538
28740153856	28732427776	7726080	512	7.454691
102033083904	102027853824	5230080	512	9.282314
16808030208	16802100224	5929984	512	9.659760
103649656832	103641486336	8170496	512	2.610624
146300888064	146295279616	5608448	512	9.234598
209903018496	209898369536	4648960	512	7.168265
105131597312	105123931136	7666176	512	8.669968
171316682240	171308397056	8285184	512	3.870960
49048767488	49043885568	4881920	512	9.546262
78923352576	78915689472	7663104	512	3.982126
172400672768	172393991680	6681088	512	7.111606
115695669760	115687787520	7882240	512	5.302773
212263463424	212258014720	5448704	512	4.147289
23214000128	23208215552	5784576	512	2.486567
117291292672	117284484096	6808576	512	7.032586
30261427200	30254825984	6601216	512	3.030138
222442593280	222435252224	7341056	512	9.522676
214199278592	214191973376	7305216	512	8.437141
12035573248	12027229696	8343552	512	9.085337
214061612032	214057005568	4606464	512	6.066937
249197798400	249191269888	6528512	512	4.979151
203065370112	203057308160	8061952	512	9.206990
214938249216	214931124224	7124992	512	5.386345
240331632640	240325639168	5993472	512	3.722198
100651934208	100644958208	6976000	512	1.913950
8451401216	8443312640	8088576	512	7.681882
164948828160	164941710848	7117312	512	4.463783
178909960704	178903228928	6731776	512	10.819106
177853445632	177848923648	4521984	512	6.576838
67232250368	67224964608	7285760	512	8.886904
219772333568	219767912448	4421120	512	8.440748
184812943360	184806350848	6592512	512	7.053027
74018700800	74010981376	7719424	512	10.348057
56775697408	56769878528	5818880	512	8.485678
249313104384	249305908224	7196160	512	2.900861
100225658368	100219788288	5870080	512	4.975754
210385320960	210377240064	8080896	512	7.315569
60447024128	60439372800	7651328	512	6.780485
179117739008	179110653440	7085568	512	8.485790
39432796160	39424528896	8267264	512	3.010156
164821798912	164816421376	5377536	512	8.781786
203199969280	203195279360	4689920	512	8.446429
190515534336	190507216896	8317440	512	4.443623
237964187648	237958104064	6083584	512	10.668840
99815806976	99811578368	4228608	512	5.984548
160532980736	160527755264	5225472	512	3.486072
72972779008	72966049280	6729728	512	5.193674
87439870976	87432785920	7085056	512	9.082133
33020704768	33016299008	4405760	512	7.464015
246085313536	246080479744	4833792	512	3.635227
27179464704	27172914688	6550016	512	2.088622
221933647872	221926144000	7503872	512	7.354080
150199094272	150193284096	5810176	512	5.682197
49344780800	49336907264	7873536	512	4.840198
41613084160	41605536256	7547904	512	2.076956
235150555136	235143576064	6979072	512	3.698815
33160058368	33155646976	4411392	512	6.184374
189578691584	189572572672	6118912	512	2.079216
237205056000	237199230976	5825024	512	4.779686
53900594688	53894658048	5936640	512	7.525912
23599805440	23595368448	4436992	512	6.638114
25821635584	25813905408	7730176	512	1.926042
160524903424	160519426048	5477376	512	7.730795
95236233728	95228022784	8210944	512	4.613652
34516765184	34511108096	5657088	512	3.985706
149569428480	149565077504	4350976	512	7.885185
181820937216	181814531584	6405632	512	9.183195
210829548032	210823971840	5576192	512	8.003455
17123243008	17114876416	8366592	512	3.670440
159449810432	159445407232	4403200	512	3.417183
18083362816	18078913536	4449280	512	7.890577
97273606144	97267413504	6192640	512	8.886976
108625957888	108617816064	8141824	512	9.802204
118601877504	118593958912	7918592	512	3.395639
151013176320	151005147136	8029184	512	3.841871
125621353472	125615061504	6291968	512	5.031744
180684539904	180679524352	5015552	512	2.425358
92783361536	92776688128	6673408	512	4.657572
197649851392	197645387264	4464128	512	5.738138
180634066432	180628553728	5512704	512	2.477091
217934353408	217926812672	7540736	512	2.940991
138175703552	138171333632	4369920	512	8.648506
240512026624	240505263616	6763008	512	6.060014
226693264384	226684919296	8345088	512	3.066697
26501755904	26494657024	7098880	512	7.049934
231465528320	231459768320	5760000	512	5.540982
208750658560	208744743424	5915136	512	5.256258
137297379328	137291470848	5908480	512	7.525641
17372875264	17364695552	8179712	512	3.696748
50197382144	50191094272	6287872	512	3.139247
86088643584	86082103296	6540288	512	6.950977
36018700800	36011421184	7279616	512	2.926573
88657433600	88651075072	6358528	512	7.489194
145976184832	145970197504	5987328	512	4.033718
52361361920	52357147136	4214784	512	8.322166
225247525376	225239883264	7642112	512	4.193059
72948807168	72943074816	5732352	512	8.411889
239035175424	239030153728	5021696	512	4.315855
57775207936	57767716864	7491072	512	8.086887
55240222208	55232801280	7420928	512	1.769997
231524862976	231518267392	6595584	512	9.023516
202952231424	202944875008	7356416	512	5.334529
20472972800	20464958976	8013824	512	6.495458
224040512000	224034255360	6256640	512	10.240807
118895826944	118891302400	4524544	512	8.049416
122614183424	122609286656	4896768	512	4.535828
6476082688	6470529536	5553152	512	7.000303
110445429248	110440854528	4574720	512	7.013829
84756445184	84748372992	8072192	512	8.592526
126314338816	126308404736	5934080	512	8.446232
223982889472	223978422272	4467200	512	3.738448
121318419968	121312341504	6078464	512	5.744021
83663613952	83659057152	4556800	512	3.847339
74125816320	74119772160	6044160	512	4.479976
53196143104	53191353856	4789248	512	2.109104
1919603200	1912604160	6999040	512	9.213216
52606409728	52599946752	6462976	512	9.877382
206827896320	206822373888	5522432	512	5.317468
217608741376	217602321408	6419968	512	3.721971
26510141952	26503034880	7107072	512	6.955160
170729258496	170723692544	5565952	512	5.378181
104620704256	104616434688	4269568	512	4.404300
104911830528	104906631680	5198848	512	9.551732
244655265792	244648830464	6435328	512	5.418366
175636927488	175630834176	6093312	512	6.619682
81276918272	81270535680	6382592	512	8.348974
18371080192	18365727744	5352448	512	6.108398
155083356672	155078340096	5016576	512	6.882369
155389288960	155381343232	7945728	512	3.216319
125335201792	125327371264	7830528	512	4.247288
108461553664	108454770688	6782976	512	8.636983
191983711232	191976632832	7078400	512	4.870066
179819488256	179812656640	6831616	512	3.107896
245701954560	245693570560	8384000	512	4.695184
98862240768	98856912896	5327872	512	1.997938
1708532224	1704267776	4264448	512	2.093176
142171151360	142163911168	7240192	512	8.236781
37014865408	37006658048	8207360	512	10.361133
226654488576	226649142272	5346304	512	7.168555
90964411904	90959677952	4733952	512	6.932322
118178949120	118174333440	4615680	512	7.175122
48862843904	48855379968	7463936	512	8.283493
50311015936	50304538624	6477312	512	8.173803
139099512832	139095055872	4456960	512	6.402709
243588303872	243580661248	7642624	512	8.221993
67951704064	67946041856	5662208	512	9.087215
218968181760	218963097600	5084160	512	6.919284
201427815936	201420024832	7791104	512	9.607590
215696712704	215688879104	7833600	512	7.745316
52724142592	52716589056	7553536	512	7.567454
114464907264	114460169216	4738048	512	6.927671
169348633088	169342514688	6118400	512	6.281349
140592123904	140586902528	5221376	512	4.280538
75838636032	75834246656	4389376	512	5.309526
57323759616	57317895168	5864448	512	8.094472
169611512832	169603652608	7860224	512	9.649800
152678102016	152670005248	8096768	512	3.145149
204150539776	204145949184	4590592	512	9.591528
46020871680	46012505088	8366592	512	2.156629
207477750784	207473221120	4529664	512	3.467754
150315428864	150307456512	7972352	512	4.399566
234213621760	234209363968	4257792	512	10.921854
12562700800	12554750464	7950336	512	8.363096
196331610112	196326799360	4810752	512	2.031458
132496210944	132491067904	5143040	512	6.678952
61419663360	61412569600	7093760	512	3.697538
114677449216	114672668672	4780544	512	4.909155
4447091200	4442811904	4279296	512	1.975186
46793326080	46785558016	7768064	512	7.115426
143849419776	143844283392	5136384	512	6.985584
155819040768	155812024832	7015936	512	8.596111
154248792576	154241630208	7162368	512	5.795544
244254504960	244246881792	7623168	512	8.531776
131774926336	131768119808	6806528	512	5.698259
206573310976	206566879232	6431744	512	6.729925
106953306112	106948201472	5104640	512	2.102285
191609013760	191604404736	4609024	512	4.031061
158978055680	158970637312	7418368	512	3.182763
152746147328	152738892288	7255040	512	4.827697
99897887232	99891360768	6526464	512	5.968922
212836715520	212829567488	7148032	512	10.384960
148202923008	148195525120	7397888	512	5.322843
221319470592	221314276864	5193728	512	5.508305
203880340480	203873204224	7136256	512	7.897683
156287165440	156280412160	6753280	512	9.902123
81622925312	81616278016	6647296	512	6.031387
74433704448	74429230080	4474368	512	3.205474
62234206720	62227239936	6966784	512	4.763947
40993485824	40985703936	7781888	512	5.566621
1052880896	1047813120	5067776	512	2.619436
48767532032	48762402304	5129728	512	7.380020
210845121536	210839071744	6049792	512	3.613747
64996530176	64990587904	5942272	512	5.270965
163167827456	163160809984	7017472	512	6.865766
99137158144	99129965568	7192576	512	6.799149
20891979264	20887429120	4550144	512	4.289370
239698088448	239692627456	5460992	512	4.694940
74080981504	74072908800	8072704	512	7.192378
138580611072	138574371328	6239744	512	4.280601
181179610112	181173308928	6301184	512	8.861457
148673618432	148667247616	6370816	512	8.545274
136601485824	136597282304	4203520	512	1.978613
208204380672	208197620736	6759936	512	9.946991
170725199872	170717796352	7403520	512	6.319748
180797073408	180792824832	4248576	512	2.650963
20328253952	20320097792	8156160	512	5.313645
35837540864	35833342464	4198400	512	7.821597
171295350784	171287722496	7628288	512	3.889121
156600336896	156592559616	7777280	512	6.407040
19266668032	19259680768	6987264	512	7.950293
124681900032	124674398720	7501312	512	7.487750
156793702400	156786433024	7269376	512	4.514823
224757846528	224753570816	4275712	512	7.692628
238315288576	238310102528	5186048	512	8.493808
8617720832	8609933312	7787520	512	3.129420
104256447488	104250349056	6098432	512	8.105443
103981619200	103975259648	6359552	512	4.029531
184777522688	184770804736	6717952	512	4.322523
195610713088	195605491200	5221888	512	3.777023
231473419776	231465077760	8342016	512	5.468203
176942306304	176936763904	5542400	512	3.527531
231576443392	231568891392	7552000	512	8.087141
83293753856	83285528576	8225280	512	5.917977
201243909632	201238395904	5513728	512	7.280185
177321927680	177316008448	5919232	512	6.274651
66659675648	66651954688	7720960	512	3.716311
2195545088	2187233792	8311296	512	5.856556
23345232384	23338935808	6296576	512	6.678266
64299690496	64291773440	7917056	512	2.106380
108731274240	108724409856	6864384	512	7.865219
54662438400	54656795648	5642752	512	3.094605
194851490816	194845092864	6397952	512	5.702735
226740717056	226733867008	6850048	512	7.551664
48536097280	48530688512	5408768	512	5.008073
141391655936	141387339264	4316672	512	8.242183
130296796160	130291207680	5588480	512	4.844786
3424516096	3417178624	7337472	512	6.691257
107263190016	107255609856	7580160	512	9.458565
167781343232	167777108992	4234240	512	6.906889
180807037440	180798811136	8226304	512	9.701102
78512373248	78507547648	4825600	512	7.015965
165477460992	165472961024	4499968	512	2.788594
178735530496	178729970688	5559808	512	1.964679
232866186240	232860230144	5956096	512	2.754571
30871124480	30863389184	7735296	512	8.786384
16927918592	16922937344	4981248	512	2.205679
33982035968	33973841408	8194560	512	3.579424
71022767104	71015568384	7198720	512	2.766664
29529500672	29521527808	7972864	512	5.428580
240988265984	240983533568	4732416	512	8.565567
36337526272	36329418240	8108032	512	4.376226
41686608384	41679077888	7530496	512	2.217520
138892096512	138886787072	5309440	512	6.404785
73952986624	73945007104	7979520	512	9.399964
236357732352	236352661504	5070848	512	9.469447
80727334400	80720218624	7115776	512	8.805336
194791723008	194783557120	8165888	512	6.271720
234127197184	234120960512	6236672	512	7.159343
50091662848	50084158464	7504384	512	9.304571
144484091392	144477973504	6117888	512	2.809455
242349507072	242341320704	8186368	512	7.125382
172000188416	171992394240	7794176	512	10.448767
39887391744	39880207360	7184384	512	3.716785
64296494592	64292187648	4306944	512	6.906521
12606745088	12601341440	5403648	512	5.656032
3696312320	3691755008	4557312	512	8.031638
188902813184	188894606848	8206336	512	7.168785
60388153856	60382373376	5780480	512	7.398380
245169063936	245160955392	8108544	512	9.671553
121733079040	121728261632	4817408	512	3.874011
129728202240	129721924608	6277632	512	5.261730
21237719552	21231081984	6637568	512	3.859324
31863052800	31855108608	7944192	512	5.433198
38071497728	38063153152	8344576	512	2.339623
50937639936	50931752448	5887488	512	7.927562
33806623232	33799842304	6780928	512	8.405174
65025081856	65020137472	4944384	512	8.384300
25550035968	25542990336	7045632	512	6.162959
230205208064	230198532096	6675968	512	6.462825
17815688704	17809576960	6111744	512	8.159881
75109326848	75101796352	7530496	512	5.123673
155939806208	155934921728	4884480	512	8.214314
217527341056	217522860032	4481024	512	7.523232
20818354176	20813691392	4662784	512	6.184241
1501172736	1493958144	7214592	512	7.720571
48624168960	48617948672	6220288	512	2.029655
113763991040	113755873792	8117248	512	3.121240
54590807552	54584145920	6661632	512	8.215171
122814389248	122806164480	8224768	512	8.768409
189839063552	189832172544	6891008	512	8.364978
168251211776	168246701568	4510208	512	2.404174
169203594240	169195648512	7945728	512	5.821841
130022119936	130015589888	6530048	512	8.251252
234694621696	234687953920	6667776	512	8.046649
200184945152	200178275840	6669312	512	8.854281
221486071296	221481847808	4223488	512	8.408624
231166889472	231160925184	5964288	512	2.654666
217062551552	217056838144	5713408	512	5.779505
207134910464	207129196544	5713920	512	8.471017
170310622720	170302381056	8241664	512	2.679437
166745536512	166738713600	6822912	512	7.547592
32285145600	32276758528	8387072	512	8.867350
183139167232	183132902912	6264320	512	2.433026
186632139776	186624952832	7186944	512	6.051241
8255772160	8250828288	4943872	512	10.220223
42121394688	42115586560	5808128	512	9.602176
236620965376	236612873728	8091648	512	8.967582
